1.000000
0.664432
0.678228
0.586814
0.814220
0.769331
0.707457
0.724727
0.686957
0.686957
0.625419
0.478461
0.600212
0.509245
0.572257
0.683085
0.631826
0.651446
0.761170
0.761170
0.575208
0.754842
0.777848
0.782000
0.675356
0.668625
0.749690
0.766210
0.666602
0.666602
0.774625
0.797269
0.747765
0.807649
0.618318
0.812225
0.639947
0.687056
0.513433
0.513433
0.640563
0.730476
0.603419
0.655536
0.738710
0.629827
0.699889
0.685373
0.484368
0.484368
0.599034
0.741277
0.764107
0.770734
0.722672
0.640321
0.589472
0.741644
0.753798
0.753798
0.595482
0.556128
0.517599
0.481486
0.479194
0.614205
0.474804
0.615383
0.704408
0.704408
0.725533
0.614906
0.705282
0.641385
0.671166
0.631035
0.691315
0.683271
0.684180
0.684180
0.771903
0.712671
0.716817
0.714287
0.677254
0.633091
0.652599
0.536217
0.595308
0.595308
0.698842
0.542415
0.513939
0.693244
0.711737
0.621722
0.737028
0.730103
0.601321
