0.009000
0.044012
0.043504
0.045011
0.044502
0.034509
0.022505
0.028000
0.042011
0.000000
0.028505
0.023001
0.028506
0.029507
0.021504
0.020999
0.038146
0.043011
0.020001
0.000000
0.020505
0.030509
0.043507
0.029504
0.019509
0.022501
0.022003
0.038515
0.042014
0.001000
0.022998
0.022509
0.038009
0.045916
0.032617
0.022290
0.032824
0.041115
0.030100
0.000999
0.042506
0.034513
0.022001
0.035509
0.043009
0.034508
0.023000
0.040010
0.022507
0.000000
0.021999
0.027505
0.042506
0.047505
0.035017
0.042504
0.037510
0.020509
0.020506
0.000000
0.033000
0.045014
0.038508
0.023000
0.033018
0.042508
0.042508
0.021507
0.022506
0.000000
0.040509
0.039112
0.022507
0.021002
0.035511
0.043012
0.025000
0.021504
0.038014
0.000999
0.043503
0.032003
0.043015
0.035504
0.035509
0.041506
0.023286
0.022509
0.027506
0.001000
0.026000
0.026505
0.043215
0.030001
0.022505
0.022507
0.023508
0.023282
0.022334
0.000000
0.022506
0.023507
0.022000
0.022001
0.023018
0.040437
0.042506
0.023004
0.022014
0.000000
0.029664
0.023751
0.035508
0.042084
0.031516
0.042011
0.043505
0.025510
0.022504
0.000000
0.023000
0.023506
0.023004
0.021507
0.021004
0.022998
0.022508
0.023513
0.042003
0.000000
0.042507
0.023007
0.034000
0.045509
0.044509
0.040508
0.026508
0.042505
0.041506
0.000503
0.022513
0.022000
0.031509
0.043012
0.023002
0.022000
0.022509
0.045011
0.039505
0.000000
0.029507
0.022505
0.023000
0.023505
0.045512
0.042506
0.019507
0.021509
0.042506
0.000000
0.036505
0.029017
0.032999
0.022507
0.044514
0.043509
0.044019
0.024503
0.044506
0.000000
0.035511
0.031506
0.042505
0.028507
0.022506
0.022000
0.036508
0.023010
0.037998
0.000000
0.044010
0.038507
0.038509
0.021512
0.023508
0.023693
0.023128
0.023001
0.022554
0.000000
0.029001
0.022515
0.044207
0.043506
0.034509
0.025015
0.042505
0.037507
0.034511
0.000000
0.043504
0.021508
0.043506
0.034504
0.022507
0.022505
0.033998
0.043015
0.031508
0.000000
0.020002
0.031502
0.044015
0.043505
0.024508
0.022505
0.030000
0.044013
0.028507
0.000000
0.024001
0.022505
0.033012
0.042000
0.034005
0.022506
0.022504
0.022000
0.022508
0.000000
0.023504
0.024505
0.023000
0.023504
0.027695
0.033002
0.023000
0.044013
0.043509
0.001000
0.022503
0.022507
0.035505
0.043504
0.027012
0.023000
0.029002
0.045018
0.044508
0.000000
0.025505
0.021508
0.023503
0.034503
0.042506
0.023504
0.022000
0.030506
0.022510
0.000000
0.042503
0.033507
0.030020
0.024980
0.037390
0.042333
0.024015
0.020506
0.028507
0.000000
0.042009
0.021999
0.022505
0.023507
0.022505
0.023000
0.023504
0.031509
0.023506
0.000000
0.032001
0.043017
0.022505
0.023000
0.035506
0.023011
0.022999
0.022506
0.023999
0.000000
0.043011
0.042510
0.041507
0.042507
0.020507
0.022506
0.037505
0.023002
0.041681
0.000000
0.040508
0.022505
0.022778
0.040010
0.043506
0.023506
0.021509
0.021999
0.021999
0.000000
0.022506
0.043011
0.043504
0.024507
0.024504
0.044506
0.034784
0.040999
0.039509
0.000000
0.022510
0.024507
0.037505
0.043016
0.024998
0.022503
0.034510
0.024508
0.031001
0.000000
0.042019
0.028507
0.021999
0.023505
0.026508
0.033506
0.024505
0.036507
0.022509
0.000000
0.043508
0.022005
0.022472
0.021849
0.020604
0.037537
0.023534
0.042608
0.043018
0.000000
0.027504
0.023001
0.022507
0.040014
0.022000
0.021510
0.028003
0.022011
0.021000
0.000000
0.025999
0.020510
0.021506
0.035504
0.041507
0.042014
0.043502
0.020508
0.026505
0.000000
0.043508
0.043182
0.042505
0.035514
0.023005
0.022002
0.039505
0.039507
0.030505
0.000000
0.043512
0.035014
0.022001
0.027503
0.043015
0.034505
0.020002
0.023507
0.040504
0.000000
0.023506
0.023002
0.035009
0.023001
0.033505
0.037012
0.021000
0.026510
0.041512
0.000000
0.034504
0.033504
0.044016
0.033000
0.020003
0.020509
0.028509
0.042505
0.037302
0.000000
0.022506
0.033504
0.041011
0.043001
0.020505
0.023505
0.035509
0.041508
0.033107
0.000000
0.022817
0.036543
0.042114
0.027014
0.021999
0.032513
0.021507
0.029000
0.044508
0.000000
0.037012
0.021998
0.020507
0.019002
0.020507
0.024508
0.042508
0.042009
0.024000
0.000000
0.023506
0.029509
0.024003
0.022001
0.041828
0.044012
0.028505
0.023002
0.023013
0.000000
0.039978
0.022505
0.041012
0.043575
0.026131
0.022009
0.043506
0.037766
0.022704
0.000000
0.023006
0.044507
0.036009
0.022328
0.022505
0.040012
0.042000
0.025504
0.022507
0.000000
0.024504
0.022002
0.024505
0.021001
0.023011
0.034000
0.043510
0.029013
0.026002
0.000000
0.044282
0.043011
0.035508
0.021505
0.022504
0.039505
0.043510
0.021003
0.022001
0.000000
0.037508
0.043011
0.032501
0.044511
0.026507
0.022502
0.023351
0.023920
0.040263
0.000000
0.025547
0.022567
0.030270
0.021999
0.041509
0.040010
0.021502
0.040007
0.038530
0.000000
0.043506
0.030508
0.042507
0.036510
0.024012
0.043504
0.036003
0.042009
0.036505
0.000000
0.043012
0.040504
0.043508
0.033504
0.022506
0.024004
0.042012
0.026000
0.042019
0.000000
0.032506
0.023000
0.020506
0.024509
0.043506
0.042510
0.019011
0.043002
0.042511
0.001001
0.021007
0.022001
0.042504
0.043011
0.021003
0.021507
0.043013
0.042001
0.044014
0.000000
0.024504
0.027002
0.042509
0.022012
0.022000
0.034505
0.043725
0.020001
0.043507
0.001000
0.043015
0.019000
0.021510
0.034513
0.022506
0.035505
0.043012
0.029000
0.022002
0.000000
0.044659
0.028289
0.022040
0.044573
0.042009
0.022000
0.039015
0.043504
0.021506
0.000000
0.022003
0.022013
0.029997
0.029505
0.022002
0.021728
0.021002
0.043509
0.039012
0.000000
0.023000
0.022505
0.042740
0.041503
0.023005
0.024509
0.044504
0.041507
0.023012
0.000000
0.027001
0.034009
0.021004
0.043023
0.039509
0.020002
0.022010
0.022000
0.021507
0.000000
0.042515
0.041511
0.026507
0.022002
0.021507
0.022000
0.026739
0.044010
0.032000
0.000000
0.023504
0.024009
0.023011
0.021000
0.029508
0.044516
0.036507
0.024507
0.039014
0.000000
0.032000
0.023504
0.024009
0.023010
0.022997
0.022509
0.027000
0.047015
0.028506
0.000000
0.045013
0.042001
0.045725
0.025505
0.027999
0.046014
0.043509
0.042031
0.024654
0.000000
0.046355
0.036018
0.024009
0.030001
0.046009
0.031503
0.023999
0.038508
0.044010
0.000000
0.023505
0.022003
0.030009
0.024000
0.023505
0.023001
0.045011
0.039504
0.024512
0.000000
0.026507
0.044507
0.046014
0.026000
0.023504
0.046010
0.041000
0.033008
0.040009
0.000000
0.043507
0.022511
0.023507
0.045505
0.046024
0.023000
0.033505
0.041941
0.024000
0.000000
0.032507
0.045013
0.034608
0.024506
0.023511
0.023507
0.025002
0.044013
0.044504
0.000000
0.022505
0.037539
0.041998
0.023505
0.023004
0.037009
0.045505
0.024508
0.023505
0.000000
0.040506
0.045010
0.029000
0.024507
0.023667
0.039015
0.022000
0.041128
0.031509
0.000000
0.024932
0.042986
0.043019
0.029156
0.046015
0.036505
0.025004
0.024010
0.025001
0.000000
0.024505
0.032002
0.024012
0.025000
0.036507
0.024511
0.046503
0.031511
0.025009
0.001000
0.047505
0.046511
0.048504
0.033507
0.042010
0.045504
0.043021
0.028999
0.023507
0.000000
0.034509
0.032513
0.042507
0.023507
0.022506
0.025000
0.035007
0.022012
0.037000
0.001502
0.028004
0.043014
0.041507
0.022007
0.022011
0.022003
0.029504
0.044015
0.027005
0.000000
0.022505
0.041001
0.022010
0.021000
0.024505
0.021003
0.021505
0.030504
0.042506
0.000000
0.035019
0.043504
0.038507
0.022508
0.021997
0.032743
0.022506
0.036504
0.039506
0.000000
0.037994
0.024000
0.023502
0.024005
0.023759
0.024848
0.023274
0.027786
0.044030
0.000000
0.032171
0.023214
0.026150
0.044502
0.036004
0.022506
0.022582
0.027507
0.044016
0.000000
0.030000
0.021506
0.023001
0.042012
0.041507
0.022510
0.026512
0.042505
0.022004
0.000000
0.021013
0.023000
0.022000
0.035847
0.042505
0.025512
0.021004
0.034014
0.044506
0.000000
0.048021
0.043000
0.038011
0.043505
0.042518
0.033010
0.020999
0.023506
0.022001
0.000000
0.022015
0.043504
0.039005
0.028012
0.041503
0.024003
0.022521
0.023000
0.021508
0.000000
0.023000
0.021016
0.021999
0.022001
0.020505
0.026504
0.022507
0.023000
0.041506
0.000000
0.040009
0.042504
0.043010
0.023000
0.022000
0.025008
0.042021
0.037507
0.021003
0.000000
0.021016
0.043503
0.039003
0.023019
0.043780
0.033002
0.031557
0.041699
0.026006
0.000000
0.031011
0.043505
0.039010
0.021000
0.020000
0.020506
0.022513
0.042504
0.041507
0.000000
0.021010
0.022000
0.043507
0.041506
0.022000
0.023000
0.044011
0.040506
0.022510
0.000000
0.024002
0.044009
0.040507
0.019509
0.023006
0.042510
0.041504
0.024505
0.021002
0.000000
0.021507
0.033023
0.043500
0.024999
0.023011
0.039000
0.040509
0.043008
0.024000
0.000000
0.022505
0.040012
0.043505
0.044028
0.029998
0.023507
0.031000
0.044010
0.038504
0.000000
0.022004
0.022166
0.031999
0.043506
0.028010
0.022001
0.023508
0.023004
0.023013
0.000000
0.036001
0.029510
0.038017
0.022000
0.034505
0.045019
0.028503
0.022003
0.022509
0.000000
0.026940
0.043772
0.033042
0.020512
0.023006
0.019505
0.035017
0.043507
0.025001
0.000000
0.022001
0.038013
0.028488
0.022002
0.023017
0.042505
0.041005
0.022017
0.024999
0.000000
0.043507
0.036012
0.021000
0.022508
0.043010
0.036000
0.022505
0.022005
0.043512
0.000998
0.030508
0.022003
0.024025
0.042508
0.035511
0.042502
0.036505
0.021506
0.024505
0.000000
0.020000
0.021002
0.028511
0.044000
0.029507
0.027507
0.032506
0.042262
0.021509
0.000000
0.033505
0.025505
0.029004
0.028503
0.021000
0.027506
0.023002
0.023009
0.026001
0.000000
0.024504
0.024002
0.038009
0.046509
0.047015
0.045506
0.022002
0.024013
0.031997
0.000000
0.045510
0.024014
0.022998
0.030503
0.032030
0.023998
0.046507
0.047936
0.031538
0.000000
0.024727
0.024021
0.047517
0.036005
0.022015
0.021999
0.045506
0.044011
0.030510
0.000999
0.030003
0.022009
0.042012
0.023577
0.039012
0.045504
0.022002
0.024014
0.044504
0.000000
0.042509
0.022511
0.024001
0.035507
0.045020
0.029001
0.023504
0.044016
0.041504
0.000000
0.024003
0.026009
0.039507
0.023004
0.024520
0.043878
0.036512
0.024009
0.023999
0.000000
0.033504
0.023004
0.036012
0.025508
0.024002
0.044012
0.041505
0.023005
0.027009
0.000000
0.025000
0.023505
0.026508
0.041506
0.044513
0.033016
0.044507
0.030003
0.025012
0.001000
0.031000
0.039508
0.045623
0.029505
0.024002
0.045017
0.039506
0.033012
0.029002
0.000000
0.025511
0.030185
0.045864
0.033562
0.041572
0.025000
0.024506
0.026505
0.045506
0.000000
0.039511
0.028016
0.038507
0.045505
0.021510
0.025000
0.046507
0.043009
0.024504
0.000000
0.028005
0.025507
0.024000
0.029506
0.025001
0.035012
0.048502
0.029015
0.022997
0.000000
0.030503
0.042021
0.028998
0.021232
0.030908
0.043010
0.040504
0.043335
0.022000
0.001000
0.021507
0.030004
0.044630
0.028451
0.022002
0.033008
0.041504
0.022568
0.035673
0.000000
0.042504
0.024004
0.023011
0.025426
0.042515
0.035522
0.022999
0.024505
0.023003
0.000000
0.022015
0.028999
0.043509
0.034009
0.021000
0.022505
0.022002
0.023012
0.043266
0.001000
0.042011
0.021000
0.029505
0.024000
0.042012
0.045278
0.028996
0.024003
0.044021
0.000000
0.032242
0.021087
0.031510
0.043005
0.023015
0.021998
0.023504
0.042013
0.043504
0.000000
0.022001
0.023616
0.043998
0.036506
0.030011
0.022001
0.031503
0.043014
0.028004
0.000000
0.022505
0.031003
0.034504
0.019504
0.024001
0.025507
0.022505
0.033508
0.031004
0.000000
0.022008
0.022001
0.023504
0.023002
0.038014
0.043503
0.029003
0.022707
0.028000
0.000000
0.043507
0.040010
0.020505
0.020998
0.021002
0.022014
0.043504
0.033516
0.025509
0.000000
0.042508
0.033509
0.025504
0.024000
0.042507
0.034507
0.021506
0.022000
0.033014
0.000000
0.021999
0.021000
0.022506
0.043017
0.036506
0.022999
0.022012
0.041001
0.041511
0.000000
0.029014
0.024997
0.032512
0.042015
0.041511
0.042027
0.023189
0.021564
0.033014
0.000000
0.042570
0.023999
0.022505
0.028508
0.022505
0.022000
0.043507
0.037009
0.020507
0.000000
0.021000
0.033011
0.022001
0.028999
0.044011
0.035504
0.022505
0.024000
0.028511
0.000000
0.021999
0.023508
0.031002
0.031086
0.042504
0.032004
0.021529
0.037508
0.042008
0.000000
0.030999
0.020505
0.043004
0.042595
0.026502
0.022002
0.021009
0.022003
0.020507
0.000000
0.020997
0.030012
0.043504
0.039002
0.023009
0.022000
0.022504
0.023999
0.023010
0.000000
0.023001
0.022506
0.023004
0.036015
0.022000
0.022481
0.034025
0.042013
0.028508
0.000000
0.023002
0.036015
0.042504
0.029004
0.023020
0.021999
0.029505
0.042014
0.027998
0.000000
0.020507
0.022001
0.043013
0.032509
0.030001
0.039009
0.045668
0.030905
0.023010
0.000000
0.042688
0.039186
0.021001
0.022506
0.030005
0.042510
0.030507
0.020001
0.025012
0.000000
