1.000000
0.690346
0.667568
0.809412
0.738058
0.588159
0.747525
0.483638
0.246007
0.246007
0.550701
0.638018
0.672324
0.528946
0.429227
0.621085
0.543669
0.561130
0.648155
0.648155
0.578832
0.628610
0.634141
0.562163
0.665097
0.617528
0.583799
0.322094
0.369070
0.369070
0.546842
0.509197
0.479738
0.283106
0.489860
0.596474
0.697454
0.665230
0.517312
0.517312
0.472510
0.433506
0.300407
0.413947
0.511753
0.568654
0.437764
0.662222
0.518302
0.518302
0.478553
0.635278
0.577432
0.465757
0.301361
0.705345
0.581807
0.580424
0.450788
0.450788
0.567802
0.416579
0.356056
0.544161
0.791477
0.622792
0.585675
0.568769
0.585571
0.585571
0.741606
0.748788
0.743294
0.767779
0.602504
0.468100
0.653928
0.670362
0.643284
0.643284
0.609671
0.710225
0.675562
0.499779
0.682315
0.703055
0.702619
0.656858
0.711451
0.711451
0.541402
0.445538
0.457666
0.729782
0.611432
0.744383
0.465614
0.602380
0.693445
0.693445
0.653684
0.398763
0.530791
0.550086
0.567891
0.532085
0.524846
0.542720
0.593909
0.593909
0.601439
0.477573
0.621962
