118	57	82	98
116	50	87	109
113	51	87	109
113	52	86	108
112	52	86	109
113	52	85	109
113	50	85	110
112	51	86	109
113	52	85	108
113	52	85	108
113	52	85	107
113	52	85	107
113	52	85	107
112	52	85	107
112	52	85	106
112	52	84	107
112	51	84	107
112	51	84	107
112	50	84	109
112	50	84	109
111	50	84	108
111	50	84	108
111	49	84	108
111	48	83	109
111	47	84	111
111	48	84	111
111	48	83	111
111	49	84	109
111	50	85	108
111	50	85	108
111	51	85	106
111	51	84	107
110	50	84	107
109	50	85	106
109	50	84	106
107	50	85	106
107	50	84	106
106	49	84	106
107	49	83	106
107	49	83	106
106	49	83	107
107	49	83	107
104	52	84	104
103	51	84	106
101	51	86	106
101	50	86	107
101	51	85	106
100	50	86	107
100	51	85	105
100	51	85	105
99	52	87	104
100	50	86	106
102	50	85	105
103	49	85	105
104	50	84	105
104	51	84	103
105	50	83	105
105	50	83	105
105	49	83	105
105	49	83	105
106	48	83	106
107	48	82	107
108	49	82	105
111	49	82	105
113	51	83	103
115	51	83	103
116	51	83	103
117	51	83	101
118	43	83	103
118	43	83	103
123	48	83	108
122	50	84	108
123	50	84	107
122	51	85	104
123	52	84	101
123	53	86	100
124	53	85	97
120	48	84	95
120	49	84	92
120	49	84	92
121	46	82	91
120	46	83	89
119	48	83	84
118	50	83	80
120	51	81	79
119	52	81	78
119	52	81	77
119	52	80	81
118	51	81	86
118	51	81	86
117	48	82	98
116	52	81	103
116	51	82	108
114	52	82	109
113	52	82	108
114	52	82	108
114	52	82	106
114	52	81	105
115	53	81	103
115	53	81	103
116	52	81	103
116	53	80	102
117	52	79	102
117	51	79	104
118	52	80	103
118	53	80	103
119	52	80	104
119	52	81	105
119	54	81	102
119	54	81	102
119	53	81	103
119	53	81	105
119	53	81	104
118	54	82	102
118	54	82	102
118	53	81	106
116	53	83	105
115	53	84	102
115	54	84	102
115	54	84	102
115	54	84	103
115	53	84	106
114	53	84	107
112	54	85	104
108	54	90	102
108	53	91	103
112	54	86	100
115	55	82	99
118	54	81	100
118	54	81	100
118	54	82	105
116	56	82	95
118	48	82	95
120	48	81	93
119	48	82	96
119	49	81	93
118	49	84	96
119	56	82	103
117	51	81	89
117	51	81	89
119	50	82	90
119	49	82	92
119	48	83	95
120	48	81	92
119	48	83	95
119	48	82	96
120	49	80	91
119	48	83	93
120	49	80	90
120	49	80	90
120	50	82	89
120	49	82	93
118	49	83	94
119	49	82	93
118	55	85	107
113	57	84	106
112	57	84	104
112	57	85	105
112	58	85	106
112	58	85	106
112	58	86	105
112	58	85	103
113	57	86	106
113	58	85	105
112	57	85	104
113	58	84	104
114	57	85	104
113	57	84	103
113	58	86	103
113	58	86	103
113	58	86	103
113	58	84	99
115	57	84	103
114	57	84	106
113	57	84	101
116	57	83	98
118	57	82	101
118	49	81	93
118	49	82	96
118	49	82	96
119	47	81	97
119	47	80	91
118	49	81	96
118	53	81	103
116	54	82	104
113	54	85	100
112	53	86	104
111	54	87	102
112	54	85	102
112	54	85	102
115	54	82	104
116	54	81	103
117	54	81	103
116	53	81	103
117	54	81	103
117	54	81	103
117	53	81	103
117	53	81	103
117	53	82	104
117	53	82	104
116	54	81	103
117	53	82	104
116	54	82	102
117	53	82	102
116	53	81	103
116	53	82	103
116	53	80	103
115	52	81	103
116	52	80	103
116	52	80	103
116	51	81	104
116	52	81	105
117	52	82	105
117	53	83	104
117	52	83	106
122	53	83	105
123	53	83	105
124	52	83	105
125	53	82	105
125	53	82	105
124	52	84	104
125	53	82	103
125	53	82	103
125	52	82	103
125	52	83	104
124	52	83	104
125	52	82	104
125	51	82	104
124	52	83	103
124	52	83	103
118	51	84	103
118	53	83	101
119	52	83	101
119	53	82	100
120	52	81	101
119	52	82	101
119	53	83	100
118	50	84	103
116	49	83	106
116	49	83	106
115	48	83	108
115	49	81	106
116	46	79	111
115	46	78	111
116	46	76	110
117	48	75	108
118	41	73	110
118	42	73	110
118	42	71	107
118	42	71	107
117	44	70	105
116	44	70	104
116	46	69	102
116	47	66	101
115	46	66	101
115	47	66	99
114	48	64	100
114	47	64	99
114	48	64	98
114	48	64	98
114	47	62	98
114	49	61	97
113	47	63	99
114	47	61	98
114	49	61	97
114	48	61	98
113	47	62	100
113	48	61	99
113	50	62	96
113	50	62	96
114	48	62	99
113	48	64	99
114	47	65	100
114	48	66	99
114	47	67	102
114	48	67	101
114	47	68	102
115	46	69	104
115	50	71	108
115	50	71	108
115	44	76	106
115	49	78	106
115	49	80	107
114	49	81	108
114	51	80	104
116	51	81	104
116	51	81	103
116	51	80	104
117	50	81	105
117	50	81	105
116	53	82	105
116	53	82	103
117	54	81	103
118	54	81	101
118	53	80	103
118	55	80	101
117	53	81	102
117	53	80	103
116	53	79	102
116	53	79	102
114	53	79	103
114	52	78	103
113	53	78	102
113	52	77	102
113	52	77	102
112	52	78	103
113	52	77	103
113	52	77	104
113	51	78	104
113	51	78	104
112	51	78	105
111	50	77	107
111	50	77	107
109	50	77	107
106	51	78	105
104	51	81	105
100	52	83	103
95	50	88	107
89	50	86	106
89	50	86	106
86	53	88	103
84	53	87	103
80	55	89	101
77	55	90	102
75	55	90	102
74	54	91	102
74	54	90	100
73	54	91	102
71	52	92	105
71	52	92	105
72	55	90	101
73	55	90	101
73	56	89	98
71	51	91	104
70	54	92	99
71	55	89	97
61	54	91	98
60	53	92	99
61	54	90	97
61	54	90	97
60	55	88	97
59	56	88	96
58	56	88	95
57	56	89	96
58	56	87	95
56	55	90	94
57	56	88	95
56	56	88	93
56	56	90	93
56	56	90	93
57	57	90	91
57	51	90	89
58	51	89	89
64	55	91	93
60	55	89	93
61	56	90	91
65	55	92	93
60	56	90	91
60	50	90	90
60	50	90	90
66	49	89	90
67	48	90	92
69	49	90	91
71	48	90	94
73	53	93	100
77	47	90	95
80	47	88	93
90	55	89	97
95	56	86	97
95	56	86	97
88	54	97	109
77	55	104	116
93	57	94	103
95	56	92	98
96	56	93	98
101	57	90	96
102	57	91	100
107	55	88	100
109	57	87	96
109	57	87	96
122	57	87	96
125	57	87	95
126	56	86	96
126	57	85	95
125	59	86	92
115	56	89	98
119	56	85	94
109	56	89	98
101	57	91	99
101	57	91	99
83	46	91	96
79	48	92	93
75	48	91	92
71	50	89	90
67	49	90	92
60	56	90	95
60	56	89	96
62	57	85	95
60	57	85	94
60	57	85	94
63	58	80	94
67	59	80	92
68	59	79	92
67	59	78	91
67	60	77	91
68	59	76	92
59	54	76	89
69	54	73	89
73	55	69	91
73	55	69	91
77	61	66	93
75	60	65	91
94	70	49	80
74	54	59	49
74	54	59	49
61	54	64	51
54	54	75	49
68	54	63	56
70	57	69	82
70	57	69	82
88	68	54	82
64	56	71	79
91	68	57	86
84	62	66	91
72	60	68	92
71	60	72	94
67	61	78	92
66	61	78	91
60	60	78	93
60	60	78	93
57	60	82	92
55	60	84	92
51	60	89	93
51	59	91	94
52	59	93	96
50	58	95	95
50	59	94	96
50	58	94	96
50	59	93	93
50	59	93	93
52	59	92	94
53	60	91	94
57	60	85	92
58	61	81	92
58	61	78	91
59	62	77	90
64	61	79	94
61	61	76	92
59	61	77	91
59	61	77	91
66	61	77	93
69	62	74	90
74	62	70	89
73	62	70	92
75	62	69	92
78	63	65	90
82	63	62	89
90	71	59	81
72	57	69	90
72	57	69	90
93	72	54	82
79	61	58	78
85	63	56	88
89	67	52	86
86	58	55	81
28	57	96	66
84	63	56	91
86	62	57	92
86	62	57	92
86	62	57	92
84	55	58	95
88	64	60	90
91	67	55	87
89	60	53	78
87	57	52	70
88	57	44	43
89	55	44	45
91	57	46	46
89	57	44	47
89	57	44	47
88	58	46	45
90	57	48	49
88	58	49	47
90	58	47	47
89	59	47	46
91	59	45	46
91	58	43	48
92	60	43	45
93	60	45	48
93	60	45	48
90	60	35	42
92	60	35	37
93	60	33	35
93	59	32	36
93	60	32	35
93	58	37	38
92	59	37	37
90	59	37	34
91	58	38	33
91	58	38	33
87	57	45	34
101	57	37	37
85	56	48	35
97	57	41	35
77	54	52	37
78	55	54	37
77	57	56	34
74	55	61	38
74	55	61	43
74	55	61	43
74	55	61	43
68	58	78	91
67	60	84	97
64	60	80	98
62	59	82	98
69	58	83	100
60	58	89	104
60	57	88	103
61	57	89	102
61	57	89	102
58	57	93	100
58	57	94	101
60	56	93	102
60	56	93	100
62	54	93	101
62	55	94	101
69	54	95	103
71	54	94	106
73	55	91	105
73	55	91	105
76	55	91	105
79	55	89	105
83	56	86	103
86	56	84	103
87	57	84	101
87	59	84	101
86	58	86	101
88	57	86	99
93	56	88	102
93	56	88	102
95	58	87	100
94	57	89	102
94	57	90	101
95	57	89	102
96	57	89	101
96	58	88	100
95	57	89	102
96	57	88	102
96	59	89	101
96	59	89	101
99	59	86	102
100	59	87	101
103	59	85	102
105	61	84	101
106	56	85	105
107	53	84	109
108	52	82	109
108	52	85	110
114	19	118	134
114	19	118	134
108	19	110	129
110	19	105	132
114	20	98	132
115	20	96	129
113	34	97	129
98	28	104	123
101	36	100	116
107	37	97	113
114	45	95	117
114	45	95	117
106	49	98	115
107	54	97	110
113	53	98	111
113	56	98	108
113	59	98	104
107	60	95	103
107	60	95	103
108	57	95	107
108	58	94	106
108	58	94	106
108	52	94	110
108	49	94	114
108	49	94	112
107	49	95	114
108	51	95	112
107	50	97	114
106	49	98	115
106	50	99	116
107	52	98	112
107	52	98	112
105	54	101	111
104	53	102	112
103	48	103	116
103	49	105	114
104	51	103	114
103	49	103	113
103	50	104	115
103	51	105	114
103	50	104	117
103	50	104	117
104	55	102	112
105	55	101	113
106	54	99	110
105	56	99	108
105	54	98	110
105	53	99	111
106	55	97	109
108	56	95	108
108	55	96	109
108	55	96	109
108	55	97	106
107	59	97	106
105	58	100	106
106	57	98	106
99	54	107	109
103	51	104	113
97	48	109	119
102	65	103	128
114	66	96	128
114	66	96	128
115	68	95	127
115	68	94	129
117	68	92	122
118	68	91	118
119	59	90	107
117	65	93	124
120	57	88	110
120	57	89	112
121	57	89	109
121	57	89	109
116	55	95	112
118	56	93	112
117	56	94	112
120	57	91	111
119	57	91	114
119	57	91	111
117	58	94	110
115	58	96	111
113	65	98	131
113	65	98	131
102	51	104	115
103	57	102	107
110	59	90	105
111	60	89	105
110	59	90	103
111	58	89	106
111	60	89	105
111	60	90	106
111	59	91	107
111	59	91	107
109	60	91	105
110	61	90	104
110	60	90	105
110	60	90	105
110	60	90	105
110	60	90	105
110	59	91	105
110	59	91	106
110	59	93	110
110	59	93	110
112	58	91	112
118	59	90	111
111	58	92	110
111	59	91	110
109	58	93	110
110	59	92	109
110	59	91	108
109	58	92	109
110	59	91	110
110	59	91	110
109	58	91	110
110	59	90	109
109	59	91	108
109	59	92	108
109	59	92	107
109	58	92	107
108	58	92	108
109	59	92	108
109	58	91	107
109	58	91	107
109	58	92	105
109	58	92	105
110	59	91	103
110	59	92	107
111	60	90	107
111	60	89	104
110	60	90	102
111	60	90	108
111	60	90	112
111	60	90	112
110	60	89	108
110	60	89	105
110	60	90	100
109	59	89	92
113	63	87	81
114	62	87	91
114	62	86	87
114	60	87	90
113	61	87	92
113	61	87	92
113	62	86	87
114	61	87	95
113	62	86	85
114	54	85	78
113	62	86	94
113	62	87	92
114	62	86	92
113	62	87	87
114	61	86	89
114	61	86	89
113	61	86	87
114	53	86	81
114	62	86	89
113	61	87	93
113	55	86	76
114	55	85	79
114	55	85	78
113	62	86	90
114	54	85	80
114	54	85	80
115	55	84	79
115	54	84	77
114	53	85	80
115	53	85	80
114	54	85	79
113	63	87	89
114	60	87	90
114	61	87	90
113	62	88	93
113	62	88	93
113	62	88	99
110	61	88	108
109	61	89	100
109	61	89	100
109	61	89	95
111	63	88	96
111	63	89	95
111	63	88	96
111	62	89	96
111	62	89	96
110	60	89	101
108	60	91	104
108	60	91	104
109	60	89	104
110	60	89	105
110	60	90	106
110	60	89	106
111	60	89	104
110	60	89	106
110	60	89	106
110	60	90	105
110	60	89	105
111	60	89	105
111	60	89	105
110	59	90	106
110	59	90	106
111	59	89	106
112	59	89	106
112	58	89	109
112	58	89	109
111	58	91	108
111	58	91	108
111	59	91	108
112	59	91	108
111	59	91	109
110	58	92	109
110	57	91	110
110	57	91	110
111	58	90	110
111	58	90	110
110	56	89	112
110	56	90	111
110	56	90	111
110	57	89	111
110	56	90	111
110	57	90	112
110	55	90	114
110	55	91	112
110	55	91	113
110	55	91	113
109	55	92	113
110	56	92	112
109	56	92	112
109	55	92	113
109	57	92	111
109	55	92	113
109	54	91	114
109	53	91	116
109	53	90	116
109	53	90	116
108	54	90	114
108	55	91	112
107	54	91	112
108	57	90	110
107	55	91	112
107	56	91	111
107	57	91	110
107	57	90	110
107	57	91	110
107	57	91	110
107	56	90	111
107	57	91	111
107	57	91	112
107	58	90	111
107	58	91	110
107	58	90	110
107	56	91	113
107	57	90	113
107	58	90	111
107	58	90	111
106	57	90	112
106	57	90	112
