0.011002
0.045010
0.023998
0.028504
0.046013
0.030509
0.023998
0.032402
0.045506
0.000000
0.037508
0.023505
0.040504
0.045020
0.040507
0.042785
0.024618
0.041987
0.041168
0.000000
0.024511
0.023505
0.028999
0.046012
0.033505
0.023999
0.035011
0.046512
0.024505
0.000000
0.023504
0.039505
0.024999
0.040012
0.046507
0.034700
0.023999
0.025506
0.025005
0.000000
0.025016
0.024001
0.046003
0.045012
0.031506
0.024002
0.022011
0.024971
0.022477
0.000000
0.021999
0.021547
0.040505
0.035738
0.022628
0.028000
0.022505
0.025005
0.023011
0.000000
0.026231
0.044390
0.026012
0.031506
0.022001
0.044139
0.039507
0.021999
0.022506
0.000000
0.042699
0.041999
0.021508
0.022000
0.034510
0.043010
0.027000
0.022510
0.022002
0.000000
0.035013
0.042507
0.026002
0.022009
0.023000
0.028506
0.043752
0.031507
0.023001
0.000000
0.033011
0.031999
0.022510
0.026147
0.038506
0.040557
0.022550
0.022561
0.021177
0.000000
0.022506
0.042511
0.040004
0.021511
0.026997
0.043017
0.040505
0.022504
0.035506
0.000000
0.042505
0.029682
0.038507
0.032998
0.024012
0.043505
0.032002
0.022012
0.022000
0.001000
0.043504
0.044014
0.036503
0.024001
0.021013
0.022000
0.033504
0.043015
