1.000000
0.795325
0.814090
0.787917
0.781129
0.740139
0.666489
0.666140
0.695724
0.695724
0.579406
0.545951
0.547076
0.377401
0.477999
0.457783
0.559956
0.595951
0.501519
0.501519
0.485172
0.598007
0.668626
0.679072
0.623022
0.584891
0.614688
0.575818
0.607351
0.607351
0.650066
0.712404
0.615750
0.556265
0.643059
0.533520
0.541716
0.487657
0.371191
0.371191
0.484982
0.554000
0.593115
0.581773
0.562036
0.472005
0.450534
0.378864
0.542993
0.542993
0.504625
0.537931
0.500979
0.412527
0.403723
0.615595
0.449841
0.406785
0.513497
0.513497
0.666330
0.634407
0.616418
0.746821
0.687572
0.639170
0.139566
0.279560
0.230774
0.230774
0.565443
0.579994
0.546247
0.542378
0.423325
0.388835
0.420714
0.411202
0.484635
0.484635
0.299255
0.365168
0.368338
0.319728
0.299594
0.447730
0.654311
0.643085
0.598525
0.598525
0.573349
0.580011
0.350027
0.233543
0.191577
0.182169
0.307317
0.317340
0.298206
0.298206
0.538536
0.650302
0.696121
0.680464
0.640842
0.367887
0.154039
0.392467
0.236718
0.236718
0.465077
0.322522
0.308577
0.239119
0.303980
0.332013
0.666435
0.560931
0.305977
0.305977
0.300919
0.588502
0.688030
0.651135
0.540825
0.561813
0.656183
0.493970
0.529435
0.529435
0.474218
0.530793
0.587371
0.610784
0.580415
0.621538
0.500756
0.629611
0.647075
0.647075
0.386872
0.490665
0.523689
0.550606
0.561509
0.506458
0.455839
0.567626
0.405790
0.405790
0.346417
0.233581
0.475598
0.572753
0.690854
0.613520
0.716804
0.693121
0.706847
0.706847
0.705403
0.755792
0.702537
0.711119
0.744379
0.614583
0.537339
0.289330
0.489313
0.489313
0.639740
0.580400
0.605098
0.538691
0.567289
0.657564
0.591980
0.524258
0.692568
0.692568
0.580557
0.643588
0.523181
0.571954
0.581622
0.564280
0.628190
0.450672
0.367872
0.367872
0.271190
0.360312
0.482631
0.493735
0.506838
0.413446
0.427915
0.249134
0.363467
0.363467
0.324500
0.506937
0.699696
0.603587
0.440499
0.517286
0.554975
0.349797
0.493271
0.493271
0.595536
0.464411
0.466628
0.527209
0.514545
0.247225
0.614091
0.573821
0.357022
0.357022
0.477069
0.298145
0.357332
0.471254
0.215687
0.222754
0.344230
0.284810
0.294211
0.294211
0.286546
0.405832
0.331790
0.358826
0.445056
0.517381
0.278133
0.320273
0.188756
0.188756
0.189586
0.307008
0.354714
0.418101
0.301908
0.166425
0.471950
0.566148
0.405222
0.405222
0.429070
0.481216
0.362504
0.310849
0.400707
0.325640
0.434567
0.471392
0.446986
0.446986
0.334215
0.423498
0.325944
0.460399
0.292997
0.367053
0.711283
0.680473
0.623106
0.623106
0.314156
0.311415
0.466933
0.558141
0.456704
0.310492
0.471268
0.516194
0.393636
0.393636
0.472221
0.458047
0.585587
0.509372
0.464763
0.646349
0.668428
0.545569
0.484767
0.484767
0.538584
0.375409
0.454652
0.546182
0.424851
0.290909
0.318190
0.407510
0.354287
0.354287
0.556867
0.579019
0.492656
0.616914
0.606627
0.480084
0.654503
0.471984
0.596635
0.596635
0.449575
0.414886
0.385841
0.447672
0.429673
0.464944
0.453885
0.550085
0.454764
0.454764
0.438225
0.449189
0.544989
0.426484
0.336934
0.241443
0.318305
0.398260
0.414869
0.414869
0.437236
0.279010
0.389949
0.441895
0.572984
0.618689
0.277505
0.481460
0.304526
0.304526
0.259820
0.389248
0.381278
0.515204
0.641416
0.627744
0.550948
0.679876
0.572820
0.572820
0.738999
0.621206
0.489122
0.446205
0.605089
0.660332
0.547696
0.646197
0.558178
0.558178
0.662059
0.557889
0.490625
0.526235
0.384049
