1.000000
0.721907
0.724168
0.714836
0.677050
0.633363
0.707044
0.712942
0.641113
0.641113
0.578607
0.618197
0.727896
0.698240
0.664621
0.749711
0.626173
0.541931
0.644712
0.644712
0.705820
0.671317
0.614708
0.661700
0.689947
0.630949
0.603547
0.613536
0.536966
0.536966
0.330410
0.472817
0.557164
0.450200
0.367979
0.186369
0.350637
0.303125
0.516018
0.516018
0.605086
0.478945
0.475510
0.384577
0.283700
0.305574
0.376109
0.411153
0.496303
0.496303
0.656994
0.638180
0.611289
0.599412
0.473066
0.509043
0.629642
0.662872
0.615466
0.615466
0.562498
0.560195
0.496267
0.507748
0.545809
0.643758
0.612307
0.517547
0.555752
0.555752
0.486115
0.537071
0.590004
0.537323
0.524406
0.487871
0.595522
0.602908
0.623683
0.623683
0.657297
0.471202
0.157208
0.320056
0.411194
0.455416
0.379543
0.029261
0.178044
0.178044
0.291472
0.217236
0.266052
0.168876
0.097203
0.095066
0.185801
0.194806
0.233024
0.233024
0.321425
0.259854
0.162993
0.238011
0.360080
0.227480
0.134985
0.094409
0.141642
0.141642
0.219220
0.159061
0.139719
0.091485
0.134844
0.172450
0.192191
0.143367
0.193499
0.193499
0.206514
0.201098
0.313113
0.468347
0.383521
0.367648
0.346087
0.265885
0.194073
0.194073
0.170202
0.156483
0.223808
0.183885
0.151862
0.164932
0.198645
0.200710
0.302957
0.302957
0.427553
0.411525
0.154449
0.278965
0.410366
0.340189
0.315237
0.211701
0.313619
0.313619
0.404763
0.390004
0.192998
0.196370
0.165078
0.145827
0.165245
0.151966
0.204528
0.204528
0.093961
0.110738
0.111966
0.086982
0.156227
0.200541
0.150063
0.162206
0.167654
0.167654
0.194353
0.139351
0.136300
0.141573
0.158153
0.131800
0.155353
0.202099
0.251776
0.251776
0.405444
0.250536
0.211736
0.115296
0.061826
0.173717
0.080896
0.153705
0.260570
0.260570
0.076404
0.051817
0.059926
0.062270
0.104999
0.261844
0.457004
0.421479
0.396277
0.396277
0.362166
0.363561
0.409314
0.391377
0.308640
0.370370
0.343493
0.385397
0.384847
0.384847
0.344449
0.376908
0.368340
0.355501
0.353445
0.434135
0.391022
0.393960
0.375355
0.375355
0.394592
0.372434
0.378826
0.379996
0.363522
0.434779
0.348363
0.393172
0.368797
0.368797
0.368884
0.417816
0.327216
0.376402
0.325854
0.354735
0.353396
0.379551
0.382301
0.382301
0.314434
0.416712
0.422162
0.440752
0.396094
0.297278
0.323764
0.421942
0.403657
0.403657
0.396112
0.427428
0.514372
0.448974
0.469092
0.491859
0.481438
0.477122
0.480386
0.480386
0.423591
0.476127
0.471576
0.482156
0.483478
0.463579
0.468599
0.450922
0.468212
0.468212
0.411245
0.459365
0.419688
0.389452
0.373885
0.381397
0.360425
0.389440
0.378141
0.378141
0.390212
0.417271
0.366524
0.382504
0.468300
0.411762
0.390809
0.403620
0.438742
0.438742
0.417462
0.444103
0.487772
0.514422
0.439146
0.418597
0.477371
0.417041
0.494432
0.494432
0.414142
0.452793
0.411055
0.481726
0.432998
0.396747
0.433329
0.412577
0.450073
0.450073
0.330935
0.150185
0.346376
0.446630
0.402931
0.409054
0.485725
0.468699
0.434792
0.434792
0.436952
0.449591
0.508816
0.493934
0.511906
0.247445
0.145178
0.168346
0.187776
0.187776
0.179470
0.137326
0.185455
0.218344
0.226311
0.179770
0.242769
0.245105
0.259139
0.259139
0.386081
0.439794
0.476137
0.383069
0.481757
0.502937
0.484183
