1.000000
0.667625
0.822365
0.766620
0.647155
0.736521
0.723648
0.683910
0.760993
0.760993
0.744741
0.695420
0.733008
0.683484
0.668173
0.645373
0.624114
0.707305
0.686121
0.686121
0.685816
0.698921
0.708084
0.744704
0.684444
0.707902
0.713342
0.720709
0.635921
0.635921
0.578832
0.730927
0.736490
0.646326
0.702669
0.725471
0.740883
0.679313
0.680059
0.680059
0.645588
0.758618
0.763460
0.747946
0.692710
0.638095
0.716119
0.735587
0.754025
0.754025
0.619914
0.640326
0.739306
0.709120
0.734173
0.769161
0.764883
0.761234
0.755441
0.755441
0.746711
0.756163
0.750075
0.741804
0.717564
0.701339
0.701661
0.703552
0.630661
0.630661
0.666267
0.723935
0.742070
0.793674
0.778146
0.738032
0.795542
0.792839
0.797805
0.797805
0.756150
0.759799
0.783115
0.765866
0.709673
0.741221
0.750844
0.754484
0.770400
0.770400
0.713812
0.756138
0.714981
0.688024
0.675799
0.611672
0.636025
0.613753
0.682189
0.682189
0.754742
0.763786
0.779629
0.753497
0.678579
0.546683
0.663237
0.691705
0.685891
0.685891
0.547203
0.691914
0.662391
0.637413
0.649939
0.669416
0.732286
0.729201
0.746246
0.746246
0.631771
0.732606
0.734009
0.695653
0.688772
0.704390
0.752670
0.728441
0.724947
0.724947
0.659129
0.775449
0.690327
0.685621
0.637885
0.687080
0.689714
0.702133
0.683098
0.683098
0.732177
0.780422
0.811155
0.751731
0.664866
0.599991
0.613876
0.533436
0.603501
0.603501
0.607178
0.592273
0.543282
0.682348
0.576393
0.554285
0.654823
0.729991
0.688743
0.688743
0.748263
0.754028
0.702395
0.666396
0.622326
0.645401
0.658898
0.649512
0.685473
0.685473
0.721070
0.734445
0.737139
0.774572
0.766737
0.722852
0.760925
0.736028
0.738748
0.738748
0.665946
0.655783
0.657512
0.689678
0.696975
0.678206
0.756017
0.722217
0.658824
0.658824
0.723663
0.673751
0.659176
0.590999
0.615963
0.522098
0.540897
0.609944
0.643579
0.643579
0.670024
0.685216
0.646112
0.649462
0.732462
0.640676
0.675257
0.688706
0.667799
0.667799
0.622970
0.619361
0.553821
0.691948
0.537702
0.537100
0.544789
0.520660
0.562926
0.562926
0.637765
0.587762
0.505380
0.627637
0.488000
0.533604
0.484392
0.620516
0.524955
0.524955
0.505970
0.520935
0.584028
0.635098
0.687735
0.659126
0.578028
0.550352
0.660386
0.660386
0.697924
0.664695
0.679544
0.675100
0.646978
0.641254
0.662080
0.620322
0.600122
0.600122
0.599503
0.512590
0.477899
0.459789
0.433715
0.208431
0.175266
0.182731
0.226617
0.226617
0.150314
0.182092
0.220501
0.219211
0.247284
0.234886
0.350457
0.519699
0.489834
0.489834
0.439724
0.435888
0.421810
0.488410
0.495394
0.590939
0.596827
0.533891
0.537263
0.537263
0.652761
0.565482
0.629175
0.640869
0.645110
0.687083
0.605603
0.572421
0.614688
0.614688
0.587578
0.524529
0.536507
0.615761
0.525017
0.570710
0.518615
0.506155
0.509846
0.509846
0.387733
0.326001
0.517833
0.634424
0.544095
0.563872
0.590516
0.608437
0.654967
0.654967
0.631005
0.661147
0.673393
0.695357
0.618566
0.559823
0.530548
0.551300
0.570938
0.570938
0.503240
0.555379
0.554490
0.630037
0.693487
0.677613
0.613555
0.627139
0.651438
0.651438
0.634042
0.721896
0.723137
0.759779
0.761959
0.731906
0.736326
0.719257
0.655775
0.655775
0.604383
0.585250
0.588454
0.632936
0.617853
0.578337
0.607364
0.628461
0.597538
0.597538
0.497896
0.534725
0.517841
0.505156
0.544143
0.565373
0.579871
0.586175
0.518817
0.518817
0.472216
0.489754
0.454891
0.558522
0.534360
0.505208
0.396972
0.452941
0.531725
0.531725
0.552187
0.559976
0.564697
0.536320
0.486374
0.517126
0.589295
0.547511
0.488209
0.488209
0.446926
0.408153
0.452629
0.469053
0.453655
0.419565
0.572025
0.360018
0.286856
0.286856
0.487174
0.456702
0.545786
0.518452
0.503915
0.605869
0.582683
0.548707
0.552067
0.552067
0.586671
0.485516
0.507706
0.550841
0.559260
0.527782
0.473565
0.479908
0.366757
0.366757
0.510322
0.299652
0.194676
0.197597
0.211576
0.218250
0.222322
0.256368
0.333341
0.333341
0.335930
0.345860
0.510684
0.426236
0.465494
0.487807
0.403483
0.264299
0.410291
0.410291
0.427732
0.549845
0.486854
0.398905
0.419132
0.468770
0.499128
0.450586
0.332745
0.332745
0.428511
0.468093
0.474955
0.508417
0.498124
0.447432
0.478732
0.504508
0.558175
0.558175
0.364699
0.425884
0.428912
0.470215
0.345456
0.445182
0.373629
0.398867
0.353169
0.353169
0.409490
0.403608
0.482423
0.495902
0.513195
0.581822
0.550758
0.486787
0.515149
0.515149
0.531023
0.533260
0.525940
0.610549
0.585140
0.626556
0.628181
0.578264
0.598500
0.598500
0.538042
0.580539
0.592214
0.522810
0.582847
0.531726
0.614022
0.572946
0.569625
0.569625
0.586636
0.542382
0.480075
0.519075
0.426109
0.475178
0.457598
0.443988
0.427070
0.427070
0.414423
0.442188
0.479705
0.515586
0.489021
0.470904
0.483488
0.380294
0.391053
0.391053
0.502005
0.468467
0.517362
0.512791
0.399589
0.494829
0.362607
0.457003
0.511046
0.511046
0.336506
0.515220
0.449002
0.579570
0.479103
0.532344
0.386500
0.575112
0.492268
0.492268
0.512870
0.512960
0.499678
0.466613
0.488039
0.476159
0.503438
0.588340
0.623190
0.623190
0.556494
0.601429
0.597587
0.592133
0.555943
0.505911
0.545776
0.486361
0.622970
0.622970
0.562286
0.538160
0.508689
0.475663
0.548644
0.536427
0.515982
0.488801
0.515271
0.515271
0.517123
0.503179
0.498087
0.601874
0.602652
0.637013
0.649089
0.641427
0.642926
0.642926
0.635267
0.645388
0.633642
0.669825
0.644814
0.642208
0.662633
0.644270
0.610077
0.610077
0.613012
0.583680
0.496663
0.527277
0.474259
0.520169
0.609682
0.611940
0.561379
0.561379
0.568243
0.594226
0.567395
0.549160
0.513920
0.478520
0.511022
0.516795
0.425297
0.425297
0.490174
0.479600
0.512976
0.446608
0.538825
0.546759
0.420934
0.443589
0.488973
0.488973
0.487734
0.600166
0.567144
0.572524
0.620895
0.574514
0.576411
0.479258
0.528575
0.528575
0.494526
0.443142
0.467679
0.420262
0.384958
0.455460
0.459273
0.460902
0.548576
0.548576
0.602397
0.651297
0.660710
0.629824
0.565304
0.586587
0.464680
0.452689
0.392914
0.392914
0.342658
0.561374
0.427377
0.458227
0.436871
0.470138
0.445372
0.472158
0.451923
0.451923
0.365882
0.433722
0.431300
0.370326
0.418456
0.330840
0.337131
0.372354
0.417544
0.417544
0.434751
0.449712
0.392839
0.436829
0.437717
0.417305
0.361313
0.431681
0.448862
0.448862
0.415269
0.453743
0.549449
0.670843
0.690997
0.566818
0.666527
0.643606
0.574813
0.574813
0.582784
0.500435
0.412861
0.482651
0.445869
0.471495
0.405446
0.355951
0.415239
0.415239
0.266807
0.270763
0.229466
0.376828
0.515361
0.442505
0.382865
0.392455
0.479313
0.479313
0.401114
0.533712
0.503784
0.517620
0.519993
0.522171
0.446216
