110	111	37	116
112	111	40	112
113	113	39	108
113	115	38	106
112	115	39	106
113	115	37	105
113	113	37	103
112	113	37	102
113	113	37	100
113	113	37	100
115	115	36	98
118	117	37	100
120	114	36	105
123	120	35	102
124	117	35	100
124	119	34	97
124	122	35	93
123	123	34	92
121	125	34	89
121	125	34	89
111	124	34	92
110	119	33	94
108	123	34	90
106	123	34	90
105	124	33	89
104	127	33	87
103	127	32	86
103	126	31	87
102	125	32	85
102	125	32	85
100	117	31	84
98	116	31	87
97	115	30	87
95	112	32	86
96	108	29	86
99	110	28	81
99	110	30	81
98	104	30	84
95	99	32	87
95	99	32	87
87	101	29	84
77	101	30	85
75	99	31	83
75	99	30	80
74	106	30	81
73	114	30	78
59	112	33	83
71	110	32	79
69	98	30	79
69	98	30	79
72	84	28	77
75	83	25	75
83	89	28	80
84	107	26	80
94	127	26	75
104	130	29	82
105	134	28	76
115	120	29	77
126	101	28	75
126	101	28	75
126	108	34	75
125	121	34	78
126	134	33	75
115	148	33	76
95	150	31	78
103	132	30	73
93	109	28	78
92	108	27	76
92	110	26	75
92	110	26	75
91	129	25	75
104	134	27	76
108	121	26	76
121	103	28	77
132	89	29	84
141	85	28	73
134	88	28	74
131	100	29	71
129	118	27	71
129	118	27	71
96	127	28	70
97	111	28	72
86	100	27	72
90	103	26	81
93	112	25	79
93	116	25	77
110	126	26	75
121	128	24	71
122	117	25	74
122	117	25	74
138	108	27	71
138	108	26	71
136	115	27	72
139	132	25	70
132	139	27	69
120	126	27	72
121	115	26	77
118	112	26	76
116	112	26	76
116	112	26	76
113	115	26	76
115	122	25	73
122	129	25	73
120	130	25	72
113	127	27	72
113	115	25	70
115	112	25	71
114	114	24	71
113	119	24	66
113	119	24	66
105	130	25	65
89	119	26	65
96	98	27	71
75	88	26	67
69	81	24	68
66	90	25	65
66	99	24	64
76	107	25	65
105	118	25	65
105	118	25	65
131	110	24	69
159	99	27	70
180	103	25	67
181	116	24	64
188	127	25	66
182	137	25	64
177	139	23	63
149	141	24	66
140	127	25	69
140	127	25	69
123	119	25	67
121	120	24	66
118	122	24	64
118	128	25	65
126	135	24	66
129	134	23	65
136	113	25	72
137	104	24	67
149	95	25	64
149	95	25	64
150	95	23	62
150	106	23	63
132	116	23	64
116	114	24	66
115	109	23	64
113	96	24	64
111	88	24	65
119	95	26	64
123	102	23	62
123	102	23	62
138	111	22	65
143	118	23	65
145	120	23	64
154	103	24	67
158	99	23	60
155	99	23	59
150	105	22	61
147	113	22	64
136	126	23	63
136	126	23	63
116	114	23	64
108	106	23	64
107	98	22	62
119	96	22	66
126	106	22	61
142	114	24	63
150	116	24	64
158	124	24	63
166	112	24	63
166	112	24	63
187	90	24	63
178	97	23	61
176	102	22	60
174	111	22	62
150	114	22	63
145	116	22	62
129	107	22	59
113	94	25	63
115	92	23	65
115	92	23	65
122	109	22	60
133	116	23	64
151	123	24	65
160	117	23	60
168	108	23	61
184	98	22	61
183	99	22	63
173	107	23	59
170	116	22	59
170	116	22	59
140	125	20	58
126	122	21	62
108	104	23	61
99	95	22	59
98	95	23	60
100	95	23	62
107	97	22	62
115	105	23	62
125	106	22	58
125	106	22	58
150	75	23	63
157	76	22	57
157	72	22	60
152	78	20	60
145	93	22	59
129	110	22	57
105	119	21	59
103	118	22	57
87	108	22	59
87	108	22	59
77	107	24	61
77	109	23	61
89	117	22	59
95	117	23	57
100	116	25	56
115	100	24	57
135	80	21	58
149	75	22	56
148	81	21	59
148	81	21	59
139	104	22	54
115	107	21	54
105	106	21	56
83	92	22	57
75	91	22	55
66	91	22	57
65	94	22	58
67	104	21	57
85	113	21	53
85	113	21	53
104	105	21	55
126	95	23	54
146	83	22	57
153	80	21	55
147	94	20	57
134	112	20	50
124	118	20	54
97	124	20	54
93	119	18	55
93	119	18	55
80	100	18	60
88	101	19	54
95	101	18	53
102	108	19	54
118	108	18	56
119	100	18	55
124	96	18	54
134	83	18	56
141	77	17	56
141	77	17	56
