1.000000
0.678708
0.632862
0.695620
0.705808
0.772287
0.822165
0.822068
0.816760
0.816760
0.732584
0.793905
0.658144
0.581377
0.734272
0.798443
0.545562
0.603972
0.574961
0.574961
0.679120
0.786669
0.772647
0.687564
0.654081
0.561552
0.688301
0.492420
0.581408
0.581408
0.631354
0.719564
0.647672
0.468284
0.339629
0.676035
0.799429
0.768293
0.749855
0.749855
0.626299
0.433190
0.713610
0.751136
0.664771
0.714231
0.749912
0.703000
0.779878
0.779878
0.692860
0.561481
0.560429
0.743054
0.687910
0.563736
0.627581
0.661394
0.855533
0.855533
0.687745
0.691488
0.763722
0.678612
0.729874
0.699047
0.553824
0.450155
0.716615
0.716615
0.650322
0.708026
0.621333
0.299573
0.685725
0.692263
0.416704
0.458118
0.393834
0.393834
0.724716
0.650563
0.627895
0.553709
0.649939
0.663840
0.703635
0.400276
0.619687
0.619687
0.725309
0.794620
0.677128
0.686887
0.595660
0.681268
0.570370
0.499655
0.599528
0.599528
0.759944
0.644545
0.672000
0.678976
0.670971
0.635948
0.538816
0.643324
0.608046
0.608046
0.651027
0.629245
0.587031
0.545259
0.552940
0.815090
0.681161
0.650078
0.659307
0.659307
0.749759
0.677088
0.627075
0.608543
0.653102
0.743797
0.515213
0.673349
0.620622
0.620622
0.681127
0.760031
0.634227
0.583008
0.646873
0.568673
0.584683
0.668570
0.765849
0.765849
0.716126
0.714527
0.688844
0.573529
0.623489
0.624791
0.693318
0.568986
0.714216
0.714216
0.714734
0.627626
0.535355
0.417116
0.566892
0.647624
0.566976
0.648727
0.605725
0.605725
0.782805
0.552133
0.676317
0.655780
0.556103
0.667711
0.593864
0.640906
0.727116
0.727116
0.849560
0.673474
0.613041
0.673561
0.716612
0.496707
0.610255
0.650279
0.617736
0.617736
0.672559
0.746506
0.737277
0.607472
0.753433
0.628798
0.719193
0.783807
0.648812
0.648812
0.637509
0.688124
0.559757
0.474097
0.744118
0.480156
0.639953
0.727249
0.738226
0.738226
0.634304
0.539237
0.308778
0.548512
0.738608
0.581069
0.563353
0.754563
0.710108
0.710108
0.826048
0.787333
0.729528
0.764693
0.643575
0.443966
0.675271
0.738306
0.730889
0.730889
0.610029
0.678763
0.614741
0.599287
0.742017
0.645098
0.692893
0.712595
0.582089
0.582089
0.760922
0.746330
0.761747
0.703395
0.605620
0.672074
0.832707
0.806296
0.638035
0.638035
0.725807
0.572416
0.684509
0.697423
0.608783
0.698998
0.847055
0.693034
0.697241
0.697241
0.718617
0.654013
0.554853
0.713381
0.720398
0.725487
0.736808
0.538521
0.733085
0.733085
0.618953
0.643641
0.677587
0.655745
0.497109
0.680260
0.645792
0.702757
0.771192
0.771192
0.586663
0.635723
0.595992
0.540436
0.728779
0.679945
0.697195
0.772773
0.790701
0.790701
0.550129
0.537077
0.593466
0.745831
0.554689
0.726673
0.753222
0.669408
0.658035
0.658035
0.616682
0.687353
0.717212
0.504366
0.573326
0.741051
0.674844
0.667473
0.785963
0.785963
0.716227
0.664001
0.645967
0.653129
0.754679
0.831156
0.765218
0.630906
0.787921
0.787921
0.685709
0.692625
0.669100
