0.009000
0.033009
0.021504
0.035002
0.037010
0.041504
0.041008
0.025506
0.022001
0.000999
0.023005
0.035510
0.023504
0.024000
0.024012
0.031999
0.043999
0.023514
0.020503
0.000000
0.030000
0.044508
0.028504
0.022000
0.036010
0.043504
0.033504
0.023505
0.022504
0.000000
0.044002
0.036008
0.028504
0.027007
0.025015
0.024445
0.024249
0.023194
0.031668
0.000000
0.043052
0.029505
0.044009
0.022000
0.033010
0.043505
0.023000
0.024014
0.036503
0.000000
0.039656
0.022018
0.023000
0.040505
0.036009
0.022504
0.023000
0.045009
0.043504
0.000000
0.022002
0.022008
0.023000
0.035504
0.044008
0.025504
0.022000
0.023006
0.021000
0.000000
0.024504
0.031000
0.021014
0.032001
0.043513
0.037013
0.022505
0.036501
0.041505
0.000000
0.039000
0.022509
0.020000
0.033504
0.042010
0.025002
0.043502
0.043021
0.023001
0.000000
0.041002
0.044017
0.021506
0.023000
0.040009
0.037504
0.026505
0.023504
0.023000
0.001000
