1.000000
0.663151
0.509188
0.607870
0.614833
0.545827
0.248856
0.390953
0.381916
0.381916
0.435000
0.507547
0.536883
0.606512
0.587641
0.403891
0.439623
0.513309
0.517087
0.517087
0.374996
0.288554
0.404945
0.524394
0.454414
0.454125
0.241289
0.422802
0.470521
0.470521
0.195666
0.108875
0.136512
0.061372
0.271133
0.368255
0.105741
0.079661
0.260840
0.260840
0.314962
0.486608
0.588001
0.469961
0.485101
0.521222
0.183838
0.361697
0.480893
0.480893
0.400993
0.147365
0.341825
0.310143
0.226790
0.201731
0.232957
0.284876
0.178583
0.178583
0.133098
0.246615
0.343978
0.332278
0.295390
0.339778
0.345480
0.332861
0.229564
0.229564
0.132788
0.125753
0.125810
0.170215
0.259748
0.194379
0.263953
0.284388
0.184306
0.184306
0.136063
