1.119631
0.012063
0.013129
0.010007
0.009534
0.007634
0.009670
0.012016
0.011020
0.012532
0.013524
0.011507
0.026570
0.009015
0.014019
0.010524
0.012019
0.009062
0.012536
0.012023
0.012532
0.007507
0.011534
0.013015
0.012522
0.036054
0.012530
0.008020
0.011020
0.012029
0.014538
0.014017
0.011316
0.013525
0.013011
0.012034
0.029121
0.009023
0.013042
0.012043
0.014023
0.011015
0.013490
0.012050
0.012041
0.007743
0.011175
0.040160
0.014597
0.011056
0.012009
0.015131
0.024547
0.008035
0.010026
0.011534
0.011538
0.008480
0.046374
0.009252
0.011029
0.013525
0.011017
0.012538
0.012432
0.013273
0.010031
0.012011
0.013016
0.045161
0.016609
0.011950
0.013717
0.012063
0.013626
0.013020
0.022565
0.011610
0.013577
0.011071
0.033077
0.015034
0.010017
0.013572
0.011323
0.009455
0.013370
0.014549
0.011527
0.010009
0.016026
0.029081
0.016540
0.015034
0.013025
0.010019
0.014885
0.013022
0.011632
0.010263
0.015021
0.009014
0.026742
0.021613
0.018432
0.011919
0.012523
0.012513
0.013077
0.013345
0.013474
0.012019
0.010510
0.042617
0.015008
0.011549
0.010023
0.015022
0.013628
0.010532
0.012010
0.013011
0.013511
0.012524
0.043114
0.014015
0.013857
0.012526
0.012534
0.014094
0.011568
0.012556
0.017042
0.010653
0.010615
0.027482
0.014011
0.012580
0.010013
0.010013
0.013016
0.013025
0.013031
0.013530
0.012600
0.012640
0.025684
0.013564
0.013126
0.015033
0.011027
0.010533
0.015036
0.007004
0.009986
0.013024
0.013032
0.043124
0.012025
0.013531
0.010559
0.009530
0.011533
0.010025
0.010010
0.009346
0.012018
0.009583
0.040295
0.011531
0.009956
0.007507
0.009514
0.014192
0.013137
0.012102
0.012505
0.014094
0.014011
0.028062
0.014547
0.012176
0.013527
0.013029
0.015035
0.013032
0.014018
0.012636
0.015534
0.014028
0.027581
0.011016
0.013544
0.012453
0.013518
0.012022
0.012502
0.011404
0.013522
0.012005
0.014545
0.044099
0.014051
0.008020
0.012024
0.013534
0.012531
0.013018
0.013987
0.011522
0.013022
0.011025
0.044159
0.012019
0.014549
