1.549018
0.011018
0.009156
0.009025
0.016043
0.013036
0.013523
0.013155
0.013636
0.014094
0.012511
0.233469
0.014527
0.013022
0.009534
0.013721
0.009574
0.007012
0.012083
0.013062
0.011024
0.014016
0.047508
0.012548
0.015028
0.010538
0.009031
0.007509
0.008030
0.008030
0.010039
0.019566
0.013033
0.042551
0.009341
0.008551
0.010010
0.009005
0.013680
0.013521
0.013583
0.011020
0.009025
0.013536
0.030045
0.016049
0.013991
0.013016
0.014023
0.012523
0.013519
0.009013
0.008938
0.009015
0.013703
0.048146
0.021548
0.013027
0.012015
0.008905
0.008533
0.009565
0.009017
0.008106
0.009024
0.008015
0.031556
0.012927
0.014357
0.007507
0.008552
0.008000
0.014527
0.013519
0.012609
0.013238
0.014013
0.043215
0.015016
0.011027
0.008520
