1.000000
0.213895
0.181350
0.082936
0.073710
0.045156
0.268944
0.268944
0.313568
0.058981
0.218094
0.086078
0.120513
0.047122
0.030201
0.030201
0.031314
0.033444
0.028750
0.058683
0.049208
0.028368
0.175952
0.175952
0.029769
0.051792
0.053992
0.040422
0.060001
0.133971
0.040886
0.040886
0.048682
0.058004
0.062941
0.139506
0.098367
0.067306
0.122358
0.122358
0.174073
0.084107
0.047323
0.052128
0.091506
0.111984
0.107796
0.107796
0.070154
0.057323
0.065310
0.042404
0.057950
0.041903
0.074909
0.074909
0.069145
0.035051
0.030528
0.037117
0.049849
0.066534
0.036374
0.036374
0.052858
0.023739
0.035720
0.025155
0.029880
0.045375
0.029911
0.029911
0.031893
0.048698
0.041341
0.028861
0.048887
0.046559
0.043139
0.043139
0.042749
0.054475
0.067208
0.077916
0.037350
0.061046
0.057173
0.057173
0.046536
0.043319
0.104346
0.062098
0.044739
0.044236
0.065642
0.065642
0.038101
0.027569
0.034835
0.025638
0.049947
0.036675
0.032348
0.032348
0.029753
0.076702
0.031108
0.043928
0.033378
0.036014
0.039371
0.039371
0.026194
0.045050
0.027939
0.033504
0.031016
0.031390
0.037261
0.037261
0.099145
0.029550
0.030184
0.047880
0.034097
0.034427
0.022331
0.022331
0.028434
0.026449
0.068189
0.037118
0.021758
0.030124
0.028018
0.028018
0.036823
0.023661
0.026497
0.039128
0.041522
0.054696
0.053847
0.053847
0.046636
0.040577
0.049407
0.036147
0.050092
0.053935
0.034825
0.034825
0.045286
0.033147
0.034834
0.033919
0.027069
0.043973
0.053072
0.053072
0.035373
0.045774
0.050497
0.059524
0.053591
0.061703
0.074624
0.074624
0.054067
0.056390
0.086558
0.080940
0.050696
0.045184
0.048720
0.048720
0.048279
0.043889
0.066130
0.035427
0.055759
0.084801
0.044633
0.044633
0.039320
0.032963
0.031505
0.042510
0.089245
0.028321
0.087145
0.087145
0.047567
0.044385
0.048510
0.068962
0.110772
0.179956
0.100927
0.100927
0.102548
0.097735
0.082666
0.141750
0.124832
0.098362
0.079520
0.079520
0.110151
0.068646
0.081150
0.141967
0.076836
0.105720
0.103716
0.103716
0.061861
0.186152
0.094960
0.041208
0.064620
0.052370
0.117227
0.117227
0.096311
0.060148
0.040160
0.047028
0.066967
0.057781
0.069586
0.069586
0.054043
0.060871
0.081224
0.047925
0.144451
0.099168
0.186524
0.186524
0.048620
0.141632
0.108512
0.122105
0.251476
0.077955
0.143680
0.143680
0.049842
0.048561
0.158827
0.118883
0.234856
0.057625
0.172108
0.172108
0.070072
0.199977
0.068231
0.143856
0.052261
0.118440
0.123298
0.123298
0.228612
0.071834
0.209136
0.061815
0.053717
0.132996
0.127897
0.127897
0.128436
0.096121
0.108042
0.103598
0.067539
0.097513
0.062005
0.062005
0.088214
0.120758
0.063137
0.033696
0.088087
0.112385
0.204882
0.204882
0.168510
0.116696
0.136701
0.081314
0.101919
0.120686
0.096473
0.096473
0.175481
0.224982
0.311243
0.045046
0.086311
0.131405
0.147818
0.147818
0.103049
0.040859
0.094346
0.066737
0.062148
0.077099
0.100115
0.100115
0.126620
0.080061
0.187364
0.144261
0.205493
0.168072
0.295232
0.295232
0.093384
0.064715
0.215047
0.126986
0.073367
0.199896
0.228504
0.228504
0.163578
0.084264
0.072554
0.103844
0.161243
0.063746
0.124620
0.124620
0.067870
0.352144
0.143911
0.174810
0.245161
0.167379
0.138905
0.138905
0.141587
0.178899
0.096268
0.100433
0.046454
0.200004
0.144353
0.144353
0.097216
0.036726
0.096842
0.112748
0.159175
0.073829
0.051551
0.051551
0.046971
0.054834
0.041430
0.083227
0.035851
0.051956
0.075958
0.075958
0.039116
0.032423
0.055620
0.064582
0.060253
0.063783
0.051910
0.051910
0.035180
0.029027
0.074985
0.038632
0.030660
0.058162
0.037745
0.037745
0.034396
0.048079
0.035544
0.026269
0.036063
0.032393
0.029600
0.029600
0.037180
0.035997
0.036232
0.042867
0.127148
0.034891
0.193138
0.193138
0.065148
0.038080
0.024129
0.028250
0.061598
0.034541
0.072094
0.072094
