0.005504
0.038504
0.024507
0.020998
0.025008
0.041000
0.025504
0.000000
0.041011
0.036511
0.017997
0.018999
0.024008
0.040504
0.036506
0.000000
0.020503
0.020000
0.040504
0.040008
0.021000
0.030505
0.043007
0.001000
0.041505
0.029999
0.023010
0.041506
0.038007
0.025013
0.019002
0.000000
0.023505
0.040507
0.039506
0.026000
0.040007
0.021000
0.021504
0.000000
0.033000
0.042011
0.029507
0.019999
0.039009
0.042503
0.020002
0.000000
0.020008
0.030002
0.040505
0.030010
0.021200
0.025506
0.039999
0.000000
0.038507
0.022503
0.028001
0.026008
0.027000
0.040503
0.033016
0.000000
0.020994
0.041506
0.043900
0.041436
0.022999
0.019008
0.017534
0.000000
0.021002
0.041689
0.041010
0.024506
0.021000
0.017000
0.019608
0.001000
0.020000
0.025505
0.020000
0.024002
0.043220
0.032597
0.024503
0.000000
0.043007
0.021000
0.038007
0.021001
0.020000
0.023504
0.021002
0.000000
0.020007
0.021000
0.020504
0.025000
0.040007
0.035504
0.021000
0.000000
0.023007
0.040001
0.037504
0.020009
0.020999
0.039505
0.036072
0.000000
0.019000
0.018504
0.023000
0.040007
0.030000
0.021505
0.020999
0.000000
0.037011
0.040504
0.020000
0.020504
0.028505
0.026579
0.020000
0.000000
0.018002
0.027008
0.039505
0.039010
0.022999
0.020505
0.020000
0.000000
0.021000
0.025008
0.040503
0.027999
0.024012
0.022000
0.021506
0.000000
0.028999
0.041013
0.031503
0.018000
0.020504
0.039504
0.039504
0.000000
0.021519
0.019504
0.020000
0.022504
0.041010
0.031847
0.022505
0.000000
0.022004
0.030062
0.040009
0.026002
0.032009
0.035506
0.024003
0.001000
0.032007
0.040506
0.027001
0.036009
0.040504
0.024000
0.021002
0.001000
0.029010
0.037504
0.026000
0.040012
0.040503
0.022504
0.039504
0.001502
0.040003
0.026007
0.020004
0.037503
0.040504
0.026505
0.021504
0.000000
0.034000
0.040008
0.036504
0.020000
0.019505
0.026503
0.040505
0.001000
0.035009
0.020000
0.021506
0.041504
0.040510
0.018994
0.020505
0.000000
0.020002
0.027595
0.041504
0.030003
0.034013
0.036504
0.019000
0.000000
0.023010
0.022000
0.020502
0.030002
0.041008
0.036504
0.023000
0.001001
0.033010
0.040503
0.034002
0.021009
0.033000
0.039504
0.027010
0.001000
0.035507
0.021000
0.033011
0.033999
0.020504
0.026000
0.024306
0.000000
0.019861
0.030505
0.028033
0.027007
0.020505
0.020504
0.019000
0.000000
0.038008
0.039504
0.022000
0.020002
0.019008
0.028001
0.041502
0.000000
0.041008
0.029505
0.020000
0.038007
0.032504
0.040003
0.028011
0.000000
0.020000
0.022503
0.041007
0.035002
0.018504
0.020000
0.035007
0.000000
0.040504
0.023000
0.020505
0.023507
0.017998
0.021503
0.025000
0.000000
0.041008
0.023336
0.021144
0.021504
0.041008
0.037891
0.021007
0.000000
0.020504
0.035505
0.041504
0.030774
0.020619
0.033000
0.041011
0.000000
0.025340
0.020160
0.023504
0.041507
0.039505
0.022269
0.022505
0.000000
0.039504
0.038512
0.018511
0.019000
0.033504
0.039007
0.027502
0.000000
0.021001
0.032502
0.039504
0.029504
0.021000
0.027010
0.041301
0.000000
0.032000
0.021008
0.021003
0.019505
0.028000
0.041750
0.031507
0.001000
0.039034
0.037108
0.020507
0.020000
0.020001
0.020011
0.028504
0.000000
0.039999
0.031019
0.020999
0.020513
0.020997
0.025502
0.022505
0.000000
0.019504
0.021001
0.017999
0.020007
0.034504
0.039001
0.023505
0.000000
0.035504
0.036504
0.020002
0.029010
0.040507
0.031516
0.019507
0.000000
0.025506
0.020998
0.018000
0.026014
0.040000
0.035003
0.020009
0.000000
0.019999
0.029505
0.040504
0.027509
0.021506
0.039999
0.040010
0.001000
0.040505
0.036008
0.019002
0.021506
0.019000
0.020000
0.039008
0.000000
0.035504
0.022000
0.021525
0.021000
0.021502
0.021001
0.024154
0.000000
0.022008
0.021000
0.033504
0.020504
0.030505
0.040506
0.022006
0.000000
0.019024
0.020000
0.043504
0.043010
0.022001
0.031503
0.041008
0.000000
0.029520
0.021000
0.016996
0.019003
0.041013
0.040297
0.019649
0.000000
0.020511
0.035057
0.038009
0.021503
0.020504
0.021000
0.021000
0.000000
0.021014
0.026998
0.027505
0.040504
0.034504
0.018504
0.021000
0.000000
0.043007
0.030502
0.020000
0.019001
0.022010
0.036504
0.039001
0.000000
0.020015
0.022000
0.026503
0.040507
0.041504
0.023510
0.021000
0.000000
0.023009
0.042103
0.039510
0.030498
0.040504
0.034002
0.020013
0.000000
0.017000
0.036504
0.040009
0.040504
0.039503
0.022505
0.021503
0.000000
0.040000
0.033015
0.020000
0.021505
0.027999
0.040010
0.031505
0.000000
0.022000
0.022008
0.028084
0.021506
0.020999
0.021000
0.022009
0.000000
0.036425
0.020999
0.033008
0.040504
0.032000
0.021015
0.032000
0.000000
0.040505
0.031014
0.018998
0.025506
0.024000
0.019504
0.030504
0.000000
0.039505
0.025008
0.020017
0.020998
