1.000000
0.552176
0.267861
0.244778
0.282996
0.197935
0.207597
0.207597
0.311939
0.248462
0.198932
0.191369
0.173068
0.268738
0.285157
0.285157
0.197101
0.090446
0.165499
0.142331
0.266717
0.215562
0.182927
0.182927
0.212378
0.082624
0.051126
0.197747
0.028999
0.077124
0.089403
0.089403
0.099513
0.120477
0.090100
0.133511
0.035422
0.134133
0.053272
0.053272
0.142498
0.065580
0.073808
0.058712
0.046915
0.074375
0.043748
0.043748
0.106937
0.050423
0.060488
0.137935
0.101679
0.077958
0.032120
0.032120
0.115623
0.083168
0.137829
0.123837
0.193788
0.265569
0.113508
0.113508
0.094763
0.222092
0.133797
0.165791
0.133672
0.105584
0.177999
0.177999
0.147304
0.149854
0.091409
0.103940
0.208938
0.082598
0.199948
0.199948
0.177590
0.203661
0.182077
0.110752
0.165060
0.209881
0.119989
0.119989
0.104385
0.098157
0.067781
0.102311
0.101189
0.137081
0.090176
0.090176
0.147203
0.173667
0.121142
0.140097
0.153707
0.139521
0.236838
0.236838
0.194495
0.198428
0.193569
0.156549
0.127849
0.116304
0.140788
0.140788
0.072645
0.140571
0.082408
0.147263
0.163093
0.183205
0.222819
0.222819
0.137553
0.118634
0.125623
0.121807
0.127364
0.149321
0.160851
0.160851
0.250345
0.130521
0.195148
0.105236
0.107715
0.137596
0.126373
0.126373
0.157810
0.145987
0.123614
0.189924
0.152497
0.101487
0.141454
0.141454
0.137100
0.175197
0.117318
0.112671
0.210608
0.153527
0.141675
0.141675
0.117033
0.162262
0.125604
0.134398
0.126116
0.141877
0.164114
0.164114
0.164233
0.197465
0.148830
0.105823
0.151703
0.097800
0.101678
0.101678
0.159408
0.117364
0.118446
0.089338
0.156822
0.091869
0.099470
0.099470
0.186415
0.149946
0.140507
0.103861
0.130985
0.116890
0.163301
0.163301
0.104194
0.175834
0.116732
0.129593
0.139991
0.095129
0.144326
0.144326
0.144150
0.145271
0.104132
0.173281
0.132668
0.174331
0.105200
0.105200
0.105715
0.123417
0.133875
0.133101
0.101975
0.094334
0.095607
0.095607
0.087439
0.088747
0.139261
0.142307
0.108820
0.119700
0.078508
0.078508
0.091242
0.087422
0.095955
0.099498
0.097364
0.071069
0.087453
0.087453
0.112705
0.102930
0.114454
0.092538
0.140471
0.120910
0.111363
0.111363
0.146678
0.198781
0.137685
0.115677
0.109656
0.138930
0.096177
0.096177
0.132814
0.166553
0.167412
0.117199
0.149675
0.115352
0.121594
0.121594
0.089852
0.087271
0.083756
0.077882
0.097004
0.133997
0.081010
0.081010
0.085558
0.109803
0.092606
0.100966
0.115196
0.150829
0.124153
0.124153
0.109948
0.139336
0.167132
0.104743
0.159967
0.153708
0.103987
0.103987
0.100028
0.110516
0.103083
0.118717
0.057771
0.137702
0.116596
0.116596
0.106309
0.056176
0.092301
0.111787
0.162205
0.139735
0.110141
0.110141
0.143411
0.072577
0.110706
0.092811
0.100600
0.217128
0.136520
0.136520
0.129929
0.096437
0.139232
0.118965
0.107571
0.125949
0.092591
0.092591
0.126300
0.095183
0.089680
0.101479
0.161162
0.110874
0.106605
0.106605
0.099222
0.118930
0.131567
0.145128
0.097652
0.091976
0.101350
0.101350
0.106224
0.119936
0.112199
0.085594
0.075754
0.162658
0.087376
0.087376
0.116114
0.127834
0.100872
0.071798
0.102151
0.092468
0.186355
0.186355
0.117848
0.119285
0.096970
0.086281
0.158864
0.070454
0.126872
0.126872
0.114991
0.112352
0.086293
0.098050
0.149561
0.094025
0.113534
0.113534
0.125398
0.130803
0.111730
0.114787
0.118199
0.074782
0.070340
0.070340
0.107430
0.097720
0.141742
0.113918
0.112960
0.106352
0.080409
0.080409
0.267309
0.101581
0.209454
0.112034
0.098554
0.104521
0.107894
0.107894
0.146628
0.159111
0.168755
0.133727
0.130242
0.117967
0.121516
0.121516
0.094530
0.142483
0.123414
0.083600
0.083936
0.108086
0.157081
0.157081
0.116386
0.136773
0.105010
0.097734
0.130561
0.123088
0.143959
0.143959
0.135087
0.110218
0.113603
0.090894
0.115940
0.153049
0.129592
0.129592
0.071429
0.157957
0.089226
0.104279
0.108952
0.082585
0.084938
0.084938
0.087705
0.105007
0.078801
0.073802
0.101039
0.143281
0.078404
0.078404
0.100831
0.115732
0.144719
0.107296
0.094904
0.093984
0.125223
0.125223
0.094485
0.106607
0.082457
0.075759
0.118223
0.118266
0.097995
0.097995
0.099610
0.103368
0.135647
0.089483
0.147303
0.108285
0.127636
0.127636
0.190967
0.138341
0.126272
0.131325
0.112482
0.090675
0.131893
0.131893
0.130575
0.160205
0.208181
0.096187
0.091693
0.118697
0.099026
0.099026
0.100954
0.102275
0.084187
0.127141
0.134088
0.205758
0.186543
0.186543
0.134141
0.090568
0.146891
0.167089
0.181139
0.150791
0.204690
0.204690
0.142600
0.169524
0.131357
0.092241
0.134008
0.073305
0.107318
0.107318
0.145370
0.128703
0.161825
0.128369
0.103112
0.158673
0.086026
0.086026
0.109966
0.146748
0.167913
0.127251
0.174624
0.127356
0.099576
0.099576
0.076239
0.105343
0.152641
0.112912
0.084441
0.194405
0.036189
0.036189
0.115401
0.101072
0.089240
0.140369
0.140460
0.137368
0.190106
0.190106
0.102256
0.075986
0.112494
0.118926
0.107664
0.116527
0.143797
0.143797
0.108705
0.096498
0.091546
0.110458
0.132322
0.152694
0.123638
0.123638
0.103651
0.091660
0.074887
0.167413
0.100389
0.135793
0.079788
0.079788
0.117988
0.117258
0.105729
0.106169
0.075298
0.153081
0.094699
0.094699
0.179110
0.061089
0.104270
0.104214
0.124357
0.079987
0.157427
0.157427
0.130821
0.085701
0.098175
0.167188
0.122808
0.167079
0.105088
0.105088
0.113645
0.131971
0.080227
0.165620
0.151365
0.122780
0.135984
0.135984
0.128154
0.126406
0.152359
0.094962
0.143487
0.134853
0.075099
0.075099
0.145690
0.163833
0.098946
0.153286
0.138169
0.094868
0.137949
0.137949
0.136944
0.174300
0.145139
0.099425
0.116797
0.187325
0.128278
0.128278
0.144037
0.123883
0.134241
0.118063
0.112559
0.085623
0.127466
0.127466
0.108352
0.147354
0.142571
0.123142
0.109819
0.176755
0.145804
0.145804
0.116866
0.100987
0.102587
0.121589
0.150113
0.159876
0.115839
0.115839
0.063259
0.100676
0.080188
0.085590
0.148772
0.149365
0.138664
0.138664
0.105228
0.157269
0.147003
0.132939
0.133712
0.095347
0.130179
0.130179
0.074887
0.114197
0.145500
0.138446
0.119446
0.108462
0.094987
0.094987
0.113280
0.128000
0.138087
0.089114
0.176763
0.067150
0.154262
0.154262
0.153709
0.130268
0.097567
0.127560
0.153792
0.106276
0.099157
0.099157
0.149010
0.134261
0.114393
0.099726
0.183964
0.120139
0.159748
0.159748
0.114573
0.136836
0.129478
0.098905
0.123251
0.107469
0.087618
0.087618
0.139335
0.145801
0.141583
0.120577
0.133496
0.124349
0.123883
0.123883
0.110047
0.122679
0.131033
0.104147
0.124624
0.093064
0.100883
0.100883
0.136028
0.112938
0.089058
0.211749
0.129675
0.125999
0.100049
0.100049
0.102326
0.107297
0.160925
0.122187
0.126379
0.201305
0.099414
0.099414
0.120686
0.133303
0.132080
0.155752
0.136891
0.085090
0.137047
0.137047
0.144760
0.077353
0.095958
0.068148
0.108327
0.077843
0.143910
0.143910
0.181055
0.147799
0.095500
0.126518
0.144162
0.094324
0.131161
0.131161
0.120927
0.100673
0.115792
0.121312
0.141531
0.096206
0.127759
0.127759
0.141554
0.144809
0.132882
0.117886
0.089762
0.169410
0.117527
0.117527
0.117486
0.120224
0.140163
0.135114
0.136125
0.093863
0.219772
0.219772
0.090804
0.080346
0.067892
0.105425
0.119051
0.114087
0.121272
0.121272
0.079643
0.089795
0.128638
0.090261
0.118345
0.082679
0.135237
0.135237
0.126353
0.154448
0.133031
0.095892
0.098622
0.110094
0.167878
0.167878
0.084475
0.099780
0.093017
0.101394
0.123162
0.118544
0.114919
0.114919
0.096059
0.103242
0.087361
0.097939
0.175796
0.111549
0.066365
0.066365
0.130216
0.105151
0.101269
0.122980
0.121798
0.091763
0.159152
0.159152
0.111151
0.132684
0.116913
0.136451
0.143941
0.110016
0.115817
0.115817
0.137761
0.132348
0.157872
0.114762
0.132413
0.123492
0.099699
0.099699
0.103382
0.134681
0.124921
0.110332
0.176020
0.091887
0.141755
0.141755
0.150712
0.101882
0.127664
0.138425
0.119204
0.102424
0.118984
0.118984
0.081748
0.102660
0.152561
0.132680
0.077581
0.171647
0.103965
0.103965
0.143173
0.211288
0.099278
0.111167
0.092872
0.120769
0.103755
0.103755
0.175158
0.140682
0.109495
0.131895
0.155128
0.096720
0.101849
0.101849
0.133632
0.133290
0.115497
0.109908
0.104509
0.100313
0.102046
0.102046
0.103202
0.113780
0.170140
0.189333
0.106963
0.088799
0.125271
0.125271
0.123614
0.160742
0.089644
0.101379
0.104282
0.122979
0.184352
0.184352
0.150091
0.112172
0.150041
0.099918
0.142793
0.113313
0.114393
0.114393
0.109519
0.144613
0.102052
0.170577
0.099155
0.076660
0.114587
0.114587
0.097698
0.153676
0.130810
0.128689
0.114630
0.110333
0.120022
0.120022
0.091401
0.114344
0.108500
0.093702
0.121787
0.169619
0.175485
0.175485
0.145778
0.117556
0.107587
0.092069
0.149212
0.122075
0.096384
0.096384
0.112508
0.107339
0.094408
0.095286
0.113861
0.154907
0.103495
0.103495
0.127806
0.105489
0.130137
0.113772
0.085777
0.119263
0.099761
0.099761
0.093454
0.077714
0.122036
0.089468
0.151315
0.223899
0.141163
0.141163
0.094958
0.116554
0.144292
0.136466
0.099591
0.140603
0.097943
0.097943
0.196300
0.151524
0.124553
0.070755
0.166118
0.146003
0.145752
0.145752
0.096030
0.138190
0.092663
0.180759
0.145391
0.095106
0.095198
0.095198
0.088203
0.142539
0.099779
0.105712
0.095455
0.122910
0.134361
0.134361
0.079019
0.102040
0.092871
0.071913
0.118377
0.091333
0.115253
0.115253
0.109076
0.075964
0.097534
0.136335
0.081568
0.080346
0.107275
0.107275
0.183122
0.128644
0.175390
0.119075
0.108068
0.105667
0.134733
0.134733
0.135858
0.108217
0.141296
0.157288
0.098294
0.119215
0.098175
0.098175
0.137056
0.156567
0.133740
0.110527
0.130563
0.138377
0.120833
0.120833
0.094418
0.180784
0.160461
0.118257
0.164236
0.152652
0.152025
0.152025
0.093739
0.153486
0.104315
0.119840
0.126610
0.082564
0.074548
0.074548
0.126744
0.084143
0.112428
0.082198
0.106541
0.103968
0.125984
0.125984
0.149673
0.149568
0.106734
0.066788
0.096512
0.073186
0.098461
0.098461
0.088220
0.106865
0.102190
0.081120
0.088280
0.143566
0.164073
0.164073
0.097363
0.075073
0.112149
0.121861
0.112173
0.115857
0.195749
0.195749
0.126625
0.162038
0.107236
0.133253
0.123186
0.071229
0.113882
0.113882
0.180926
0.161247
0.118197
0.135846
0.102215
0.116576
0.131069
0.131069
0.119778
0.118461
0.146529
0.096260
0.155311
0.156407
0.111434
0.111434
0.113463
0.130744
0.071833
0.153794
0.139176
0.160261
0.122080
0.122080
0.182241
0.119035
0.095162
0.078636
0.101232
0.082656
0.225350
0.225350
0.261214
0.097884
0.107126
0.138499
0.089411
0.140810
0.132305
0.132305
0.140835
0.132949
0.149982
0.185611
0.112729
0.131434
0.149537
0.149537
