198	249	95	325
220	331	51	160
221	363	47	103
207	379	49	79
212	381	44	81
227	387	39	74
223	394	44	68
223	394	44	68
222	390	46	82
227	385	42	98
230	389	39	92
245	394	35	85
241	401	42	76
243	400	39	83
241	405	42	80
241	405	42	80
263	406	29	81
244	404	46	69
261	404	40	75
255	391	49	81
242	398	46	73
238	376	52	94
265	389	31	76
265	389	31	76
267	402	24	54
257	395	26	38
271	387	14	10
269	383	10	10
267	393	10	10
277	408	10	10
271	421	10	10
271	421	10	10
267	418	10	10
263	431	10	10
273	445	10	10
283	459	10	10
277	472	10	10
272	486	10	10
284	493	10	10
284	493	10	10
280	493	10	10
279	496	10	10
276	491	10	10
275	492	10	10
280	493	10	10
286	506	10	10
294	509	10	10
294	509	10	10
300	503	10	10
308	512	10	10
306	512	10	10
305	515	10	10
302	515	10	10
303	512	10	10
313	509	10	10
313	509	10	10
318	502	10	10
316	505	10	10
313	519	10	10
310	515	10	10
305	511	10	10
302	525	10	10
311	521	10	10
311	521	10	10
320	536	10	10
317	532	10	10
326	546	10	10
334	560	10	10
343	556	10	10
340	570	10	10
335	566	10	10
335	566	10	10
331	562	10	10
327	557	10	10
336	572	10	10
344	568	10	10
341	564	10	10
349	559	10	10
345	555	10	10
345	555	10	10
342	551	10	10
337	548	10	10
333	544	10	10
329	540	10	10
325	536	10	10
321	532	10	10
317	527	10	10
317	527	10	10
326	524	10	10
322	519	10	10
320	515	10	10
315	529	10	10
323	544	10	10
332	540	10	10
329	554	10	10
329	554	10	10
324	549	10	10
321	545	10	10
316	560	10	10
313	574	10	10
308	589	10	10
304	585	10	10
300	582	10	10
300	582	10	10
297	577	10	10
293	592	10	10
289	588	10	10
284	585	10	10
281	580	10	10
277	576	10	10
272	572	10	10
272	572	10	10
268	568	10	10
277	583	10	10
273	596	10	10
270	611	10	10
266	626	10	10
261	619	10	10
258	615	10	10
258	615	10	10
254	611	10	10
249	626	10	10
258	630	10	10
253	619	10	10
249	630	10	10
245	630	10	10
241	620	10	10
241	620	10	10
237	616	10	10
234	630	10	10
231	620	10	10
239	630	10	10
235	620	10	10
231	615	10	10
227	611	10	10
227	611	10	10
223	608	10	10
219	603	10	10
215	599	10	10
211	596	10	10
207	592	10	10
203	606	10	10
199	620	10	10
199	620	10	10
195	630	10	10
191	630	10	10
199	630	10	10
195	630	10	10
191	630	10	10
200	630	10	10
208	630	10	10
208	630	10	10
214	630	10	10
210	630	10	10
206	630	10	10
202	630	10	10
198	620	10	10
195	630	10	10
191	630	10	10
191	630	10	10
186	630	10	10
182	620	10	10
179	630	10	10
187	630	10	10
182	630	10	10
179	619	10	10
187	630	10	10
187	630	10	10
182	620	10	10
178	630	10	10
175	619	10	10
170	630	10	10
179	630	10	10
174	630	10	10
170	630	10	10
170	630	10	10
178	630	10	10
174	630	10	10
170	630	10	10
178	630	10	10
175	630	10	10
170	619	10	10
178	630	10	10
178	630	10	10
174	630	10	10
171	630	10	10
166	630	10	10
163	630	10	10
170	630	10	10
166	630	10	10
163	619	10	10
163	619	10	10
159	630	10	10
155	630	10	10
162	630	10	10
171	630	10	10
168	630	10	10
164	630	10	10
160	630	10	10
160	630	10	10
156	630	10	10
152	630	10	10
148	630	10	10
156	620	10	10
152	615	10	10
161	611	10	10
169	607	10	10
169	607	10	10
165	603	10	10
161	618	10	10
169	630	10	10
166	630	10	10
161	630	10	10
158	619	10	10
166	630	10	10
166	630	10	10
174	630	10	10
182	619	10	10
179	615	10	10
187	612	10	10
183	626	10	10
192	619	10	10
188	615	10	10
188	615	10	10
185	611	10	10
192	626	10	10
200	630	10	10
212	619	10	10
208	630	10	10
216	630	10	10
213	630	10	10
213	630	10	10
208	620	10	10
205	630	10	10
201	619	10	10
197	630	10	10
192	630	10	10
188	630	10	10
184	630	10	10
184	630	10	10
193	620	10	10
190	630	10	10
185	620	10	10
181	615	10	10
178	611	10	10
174	607	10	10
171	603	10	10
171	603	10	10
168	599	10	10
177	613	10	10
187	627	10	10
183	619	10	10
180	615	10	10
175	630	10	10
184	630	10	10
184	630	10	10
191	630	10	10
200	630	10	10
208	630	10	10
217	630	10	10
226	630	10	10
222	619	10	10
229	630	10	10
229	630	10	10
240	630	10	10
237	630	10	10
234	630	10	10
230	630	10	10
225	620	10	10
233	630	10	10
229	630	10	10
229	630	10	10
225	619	10	10
221	615	10	10
227	612	10	10
224	608	10	10
220	604	10	10
217	618	10	10
213	630	10	10
213	630	10	10
210	619	10	10
218	621	10	10
213	630	10	10
209	630	10	10
218	630	10	10
225	630	10	10
221	630	10	10
221	630	10	10
230	630	10	10
225	630	10	10
234	630	10	10
229	630	10	10
237	630	10	10
245	630	10	10
253	630	10	10
253	630	10	10
263	620	10	10
258	616	10	10
267	630	10	10
262	630	10	10
273	630	10	10
269	630	10	10
265	630	10	10
265	630	10	10
261	630	10	10
270	619	10	10
266	615	10	10
262	629	10	10
271	630	10	10
279	620	10	10
274	615	10	10
274	615	10	10
271	629	10	10
278	630	10	10
274	630	10	10
270	630	10	10
266	619	10	10
275	616	10	10
271	630	10	10
271	630	10	10
267	630	10	10
276	630	10	10
284	630	10	10
281	630	10	10
289	619	10	10
298	630	10	10
294	619	10	10
294	619	10	10
303	616	10	10
313	611	10	10
309	607	10	10
304	621	10	10
313	618	10	10
320	614	10	10
316	611	10	10
316	611	10	10
312	606	10	10
320	621	10	10
316	618	10	10
313	630	10	10
309	630	10	10
317	630	10	10
328	630	10	10
328	630	10	10
324	630	10	10
320	619	10	10
316	630	10	10
313	619	10	10
309	630	10	10
304	630	10	10
299	630	10	10
299	630	10	10
295	630	10	10
292	630	10	10
300	630	10	10
296	630	10	10
292	620	10	10
287	630	10	10
284	630	10	10
284	630	10	10
279	630	10	10
276	630	10	10
284	630	10	10
281	630	10	10
290	630	10	10
287	619	10	10
283	615	10	10
283	615	10	10
291	629	10	10
288	630	10	10
297	620	10	10
306	630	10	10
314	630	10	10
311	630	10	10
306	620	10	10
306	620	10	10
302	630	10	10
298	630	10	10
306	630	10	10
315	630	10	10
310	620	10	10
307	630	10	10
315	620	10	10
315	620	10	10
312	616	10	10
308	630	10	10
317	630	10	10
326	630	10	10
338	619	10	10
335	630	10	10
331	630	10	10
331	630	10	10
327	630	10	10
323	630	10	10
318	630	10	10
327	630	10	10
324	630	10	10
320	630	10	10
317	620	10	10
317	620	10	10
313	630	10	10
309	619	10	10
305	615	10	10
314	611	10	10
311	625	10	10
319	620	10	10
328	630	10	10
328	630	10	10
324	630	10	10
320	630	10	10
328	630	10	10
336	630	10	10
345	630	10	10
342	619	10	10
337	630	10	10
337	630	10	10
334	630	10	10
331	630	10	10
328	630	10	10
325	630	10	10
322	630	10	10
319	630	10	10
316	630	10	10
316	630	10	10
328	630	10	10
338	630	10	10
334	630	10	10
331	630	10	10
339	619	10	10
336	615	10	10
333	629	10	10
333	629	10	10
342	619	10	10
339	630	10	10
334	630	10	10
343	630	10	10
339	630	10	10
335	630	10	10
344	619	10	10
344	619	10	10
341	615	10	10
350	629	10	10
347	630	10	10
343	619	10	10
351	630	10	10
360	619	10	10
368	630	10	10
368	630	10	10
363	619	10	10
359	630	10	10
355	620	10	10
351	617	10	10
347	612	10	10
343	627	10	10
340	630	10	10
340	630	10	10
335	630	10	10
331	620	10	10
327	630	10	10
323	630	10	10
330	620	10	10
327	630	10	10
324	630	10	10
324	630	10	10
319	619	10	10
316	630	10	10
311	619	10	10
323	615	10	10
319	630	10	10
315	630	10	10
312	630	10	10
312	630	10	10
319	630	10	10
316	630	10	10
311	630	10	10
308	630	10	10
303	630	10	10
299	630	10	10
295	630	10	10
295	630	10	10
291	619	10	10
287	630	10	10
283	630	10	10
279	630	10	10
274	620	10	10
270	630	10	10
266	630	10	10
266	630	10	10
263	619	10	10
259	615	10	10
255	630	10	10
250	630	10	10
247	619	10	10
254	630	10	10
250	630	9	10
250	630	9	10
247	630	9	10
243	630	10	10
239	630	10	10
234	630	10	10
229	630	10	10
225	630	10	10
233	630	10	10
233	630	10	10
230	619	10	10
225	630	10	10
222	619	10	10
217	630	10	10
226	619	10	10
223	630	10	10
221	619	10	10
221	619	10	10
217	630	10	10
213	630	10	10
210	630	10	10
205	630	10	10
214	630	10	10
210	630	10	10
218	630	10	10
218	630	10	10
215	630	10	10
223	630	10	10
220	630	10	10
217	630	10	10
214	630	10	10
222	630	10	10
218	630	10	10
218	630	10	10
215	619	10	10
211	630	10	10
206	620	10	10
203	630	10	10
200	630	10	10
197	630	10	10
193	630	10	10
193	630	10	10
188	630	10	10
196	630	10	10
192	630	10	10
188	630	10	10
185	630	10	10
180	630	10	10
176	630	10	10
176	630	10	10
172	630	10	10
169	630	10	10
164	630	10	10
161	630	10	10
166	620	10	10
162	616	10	10
158	612	10	10
158	612	10	10
166	627	10	10
174	630	10	10
183	630	10	10
194	630	10	10
201	630	10	10
210	630	10	10
205	620	10	10
205	620	10	10
202	630	10	10
198	630	10	10
193	630	10	10
190	630	10	10
186	630	10	10
182	630	10	10
190	630	10	10
190	630	10	10
187	630	10	10
195	630	10	10
191	619	10	10
200	630	10	10
196	620	10	10
193	630	10	10
189	630	10	10
189	630	10	10
186	630	10	10
194	630	10	10
190	630	10	10
198	630	10	10
194	620	10	10
191	630	10	10
198	630	10	10
198	630	10	10
195	619	10	10
190	630	10	10
199	630	10	10
194	630	10	10
191	630	10	10
187	630	10	10
184	630	10	10
184	630	10	10
180	630	10	10
176	630	10	10
172	630	10	10
167	620	10	10
164	616	10	10
160	630	10	10
155	620	10	10
155	620	10	10
152	630	10	10
148	630	10	10
143	620	10	10
139	630	10	10
134	620	10	10
143	630	10	10
138	630	10	10
138	630	10	10
135	619	10	10
131	630	10	10
127	620	10	10
135	630	10	10
131	630	10	10
127	630	10	10
123	630	10	10
123	630	10	10
132	630	10	10
127	630	9	10
135	630	10	10
143	630	10	10
140	630	10	10
135	620	10	10
132	615	10	10
132	615	10	10
140	629	10	10
136	630	10	10
144	620	10	10
152	630	10	10
149	630	10	10
144	630	10	10
141	630	10	10
141	630	10	10
136	630	10	10
133	630	10	10
128	630	10	10
125	630	10	10
121	630	10	10
129	620	10	10
126	630	10	10
126	630	10	10
122	619	10	10
131	616	10	10
126	630	10	10
134	630	10	10
130	630	10	10
126	630	10	10
122	619	10	10
122	619	10	10
131	630	10	10
126	619	10	10
123	630	9	10
131	621	10	10
127	630	10	10
136	630	10	10
133	619	10	10
133	619	10	10
129	630	10	10
137	630	10	10
133	630	10	10
130	630	10	10
126	630	10	10
133	630	10	10
129	630	10	10
129	630	10	10
125	630	10	10
121	620	9	10
118	630	10	10
115	619	10	10
112	630	10	10
108	620	10	10
105	630	10	10
105	630	10	10
100	630	10	10
97	630	10	10
94	630	10	10
90	630	10	10
85	619	10	10
82	630	10	10
77	619	10	10
77	619	10	10
73	630	10	10
69	620	10	10
65	630	10	10
74	630	10	10
69	630	10	10
78	630	10	10
86	630	10	10
86	630	10	10
82	630	10	10
78	630	10	10
86	630	10	10
95	630	10	10
92	630	10	10
101	630	10	10
110	630	10	10
110	630	10	10
107	630	10	10
103	630	10	10
112	630	10	10
111	620	10	10
120	630	9	10
116	630	10	10
125	619	9	10
125	619	9	10
134	616	10	10
144	612	10	10
141	627	10	10
137	630	10	10
145	630	10	10
141	630	10	10
137	630	10	10
137	630	10	10
134	620	10	10
142	630	10	10
139	630	10	10
135	630	10	10
132	630	10	10
141	630	10	10
138	630	10	10
138	630	10	10
147	630	10	10
144	630	10	10
152	630	10	10
160	630	10	10
157	630	10	10
166	619	10	10
162	630	10	10
162	630	10	10
159	630	10	10
156	630	10	10
153	630	10	10
149	620	10	10
158	616	10	10
167	629	10	10
163	630	10	10
163	630	10	10
159	630	10	10
156	630	10	10
153	630	10	10
161	630	10	10
158	630	10	10
154	630	10	10
150	630	10	10
150	630	10	10
147	630	10	10
142	630	10	10
139	630	10	10
147	630	10	10
155	619	10	10
152	615	10	10
149	629	10	10
149	629	10	10
145	630	10	10
142	630	10	10
150	620	10	10
147	630	10	10
144	630	10	10
139	619	10	10
148	616	10	10
148	616	10	10
145	611	10	10
154	607	10	10
150	621	10	10
147	630	10	10
156	630	10	10
151	619	10	10
147	615	10	10
147	615	10	10
143	611	10	10
152	626	10	10
149	619	10	10
160	615	10	10
157	629	10	10
153	619	10	10
150	630	10	10
150	630	10	10
158	630	10	10
155	630	10	10
163	619	10	10
159	630	10	10
168	630	10	10
176	619	10	10
173	615	10	10
173	615	10	10
181	611	10	10
177	625	10	10
173	619	10	10
169	630	10	10
166	619	10	10
161	630	10	10
170	630	10	10
170	630	10	10
178	620	10	10
174	630	10	10
183	630	10	10
191	619	10	10
187	630	10	10
196	630	10	10
192	619	10	10
192	619	10	10
188	630	10	10
184	630	10	10
181	619	10	10
189	616	10	10
185	630	10	10
181	619	10	10
177	630	10	10
177	630	10	10
173	630	10	10
169	630	10	10
177	630	10	10
173	620	10	10
182	616	10	10
179	630	10	10
174	620	10	10
174	620	10	10
183	630	10	10
178	630	10	10
174	630	10	10
171	630	10	10
167	630	10	10
164	630	10	10
159	630	10	10
159	630	10	10
171	619	10	10
180	630	10	10
177	619	10	10
186	630	10	10
193	630	10	10
201	630	10	10
210	630	10	10
210	630	10	10
205	630	10	10
201	630	10	10
197	619	10	10
193	630	10	10
189	630	10	10
197	630	10	10
194	619	10	10
194	619	10	10
190	615	10	10
197	630	10	10
193	630	10	10
189	630	10	10
185	630	10	10
182	630	10	10
177	619	10	10
177	619	10	10
174	630	10	10
170	630	10	10
165	619	10	10
161	630	10	10
169	620	10	10
178	630	10	10
187	619	10	10
187	619	10	10
182	630	10	10
179	630	10	10
187	630	10	10
198	619	10	10
194	630	10	10
191	630	10	10
186	630	10	10
186	630	10	10
195	630	10	10
204	630	10	10
200	630	10	10
207	630	10	10
203	630	10	10
199	630	10	10
195	630	10	10
195	630	10	10
192	619	10	10
201	630	10	10
197	630	10	10
205	630	10	10
200	630	10	10
208	630	10	10
204	630	10	10
204	630	10	10
201	619	10	10
197	630	10	10
194	619	10	10
202	616	10	10
198	611	10	10
195	626	10	10
190	630	10	10
190	630	10	10
186	630	10	10
182	630	10	10
178	630	10	10
186	630	10	10
182	630	10	10
191	620	10	10
186	615	10	10
186	615	10	10
182	629	10	10
190	630	10	10
187	619	10	10
182	615	10	10
178	630	10	10
187	630	10	10
194	630	10	10
194	630	10	10
191	630	10	10
187	630	10	10
184	630	10	10
179	619	10	10
188	630	10	10
184	630	10	10
193	619	10	10
193	619	10	10
190	630	10	10
186	630	10	10
182	619	10	10
190	630	10	10
187	630	10	10
195	620	10	10
192	630	10	10
192	630	10	10
188	620	10	10
185	630	10	10
192	630	10	10
189	630	10	10
184	630	10	10
180	630	10	10
177	630	10	10
177	630	10	10
172	630	10	10
169	619	10	10
165	630	10	10
173	630	10	10
169	619	10	10
165	630	10	10
173	630	10	10
173	630	10	10
169	630	10	10
165	620	10	10
162	615	10	10
171	611	10	10
167	626	10	10
163	619	10	10
171	630	10	10
171	630	10	10
167	619	10	10
163	630	10	10
172	630	10	10
180	630	10	10
175	630	10	10
184	630	10	10
192	630	10	10
192	630	10	10
188	630	10	10
184	620	10	10
180	630	10	10
176	630	10	10
173	630	10	10
181	630	10	10
176	630	10	10
176	630	10	10
172	620	10	10
169	630	10	10
164	630	10	10
172	630	10	10
169	630	10	10
176	630	10	10
172	630	10	10
172	630	10	10
181	630	10	10
190	630	10	10
186	619	10	10
182	630	10	10
177	620	10	10
173	630	10	10
169	630	10	10
169	630	10	10
165	630	10	10
174	630	10	10
181	630	10	10
177	630	10	10
173	619	10	10
185	615	10	10
182	611	10	10
182	611	10	10
178	625	10	10
174	619	10	10
183	615	10	10
179	629	10	10
176	630	10	10
171	630	10	10
167	630	10	10
167	630	10	10
163	619	10	10
172	615	10	10
168	629	10	10
165	630	10	10
161	630	10	10
156	630	10	10
152	619	10	10
152	619	10	10
149	630	10	10
144	630	10	10
140	630	10	10
137	630	10	10
134	619	10	10
131	615	10	10
140	630	10	10
140	630	10	10
148	630	10	10
156	630	10	10
152	630	10	10
147	630	10	10
144	630	10	10
152	630	10	10
148	630	10	10
148	630	10	10
144	630	10	10
141	630	10	10
138	630	10	10
134	630	10	10
130	630	10	10
127	630	10	10
136	630	10	10
136	630	10	10
132	619	10	10
129	630	10	10
137	619	10	10
134	630	10	10
142	630	10	10
137	630	10	10
133	630	10	10
133	630	10	10
141	630	10	10
137	630	10	10
133	619	10	10
130	630	10	10
126	630	10	10
135	630	10	10
131	630	10	10
131	630	10	10
129	620	10	10
138	616	10	10
134	629	10	10
129	630	10	10
126	630	10	10
122	630	9	10
116	630	10	10
116	630	10	10
125	630	9	10
122	630	9	10
119	630	9	10
114	628	10	10
110	630	10	10
121	630	9	10
118	630	10	10
118	630	10	10
114	630	10	10
110	630	10	10
120	619	9	10
116	615	10	10
113	611	10	10
109	626	10	10
118	630	10	10
118	630	10	10
115	630	10	10
126	619	10	10
122	630	10	10
119	619	10	10
127	630	10	10
139	619	10	10
136	630	10	10
136	630	10	10
132	630	10	10
129	630	10	10
125	630	10	10
121	630	10	10
118	630	10	10
126	619	9	10
123	630	10	10
123	630	10	10
119	630	10	10
128	630	10	10
136	630	10	10
143	630	10	10
139	630	10	10
135	630	10	10
131	630	10	10
131	630	10	10
127	620	9	10
124	630	10	10
118	619	10	10
114	630	10	10
110	620	10	10
106	630	10	10
102	630	10	10
102	630	10	10
98	630	10	10
106	630	10	10
101	630	10	10
109	630	10	10
105	630	10	10
101	630	10	10
97	630	10	10
97	630	10	10
93	630	10	10
89	619	10	10
87	625	10	10
84	630	10	10
92	630	10	10
88	630	10	10
85	630	10	10
85	630	10	10
82	630	10	10
90	630	10	10
86	630	10	10
83	630	10	10
78	630	10	10
74	630	10	10
82	630	10	10
82	630	10	10
79	630	10	10
74	630	10	10
82	630	10	10
79	630	10	10
74	630	10	10
82	630	10	10
78	630	10	10
78	630	10	10
