1.000000
0.367952
0.238993
0.232529
0.300626
0.333440
0.314078
0.314078
0.295433
0.294320
0.269868
0.283030
0.244891
0.331970
0.283271
0.283271
0.217798
0.156620
0.120799
0.172046
0.134484
0.076397
0.134638
0.134638
0.142127
0.064987
0.076164
0.067355
0.125380
0.089217
0.213130
0.213130
0.251930
0.177478
0.256307
0.109416
0.219040
0.193252
0.152567
0.152567
0.172287
0.118039
0.162482
0.072184
0.237071
0.145874
0.264342
0.264342
0.147052
0.166585
0.118652
0.161812
0.095616
0.109077
0.102167
0.102167
0.116791
0.085571
0.105986
0.115331
0.102947
0.074904
0.066068
0.066068
0.136833
0.058743
0.096126
0.176124
0.176304
0.108298
0.192617
0.192617
0.129937
0.214604
0.218019
0.205838
0.196936
0.205124
0.146292
0.146292
0.434521
0.196358
0.174297
0.094595
0.071211
0.122201
0.182530
0.182530
0.121837
0.059030
0.101890
0.053263
0.061457
0.095843
0.070487
0.070487
0.161263
0.141782
0.209191
0.147574
0.154107
0.189770
0.157761
0.157761
0.105052
0.134543
0.058112
0.059681
0.073836
0.189488
0.178321
0.178321
0.071695
0.110786
0.171804
0.183699
0.152026
0.186423
0.088106
0.088106
0.046927
0.102709
0.175254
0.143288
0.249734
0.112694
0.171339
0.171339
0.217065
0.100762
0.135157
0.089840
0.180720
0.106740
0.163192
0.163192
0.113270
0.147129
0.167204
0.038306
0.055217
0.178269
0.118705
0.118705
0.081938
0.112715
0.127108
0.100327
0.135861
0.365877
0.038319
0.038319
0.050669
0.066330
0.140473
0.070504
0.131150
0.140398
0.152246
0.152246
0.275620
0.205960
0.092459
0.142929
0.209484
0.086499
0.065406
0.065406
0.106343
0.150243
0.165652
0.054431
0.126123
0.282916
0.310170
0.310170
0.200467
0.193526
0.143082
0.443529
0.091744
0.047204
0.210466
0.210466
0.055238
0.109804
0.066299
0.245920
0.180251
0.176051
0.176794
0.176794
0.145312
0.142162
0.146325
0.183390
0.200436
0.158085
0.170312
0.170312
0.142861
0.119287
0.195986
0.115981
0.071562
0.159024
0.164771
0.164771
0.155922
0.215134
0.208836
0.217313
0.100866
0.167849
0.250423
0.250423
0.228467
0.071727
0.288047
0.300701
0.180258
0.139496
0.165472
0.165472
0.137804
0.150247
0.170895
0.127792
0.062247
0.060068
0.113081
0.113081
0.092677
0.156361
0.102437
0.107283
0.110150
0.099349
0.106355
0.106355
0.052565
0.098832
0.146450
0.072778
0.108271
0.073562
0.068929
0.068929
0.086931
0.054278
0.150256
0.079955
0.090687
0.326153
0.093684
0.093684
0.127184
0.097993
0.124926
0.054212
0.166660
0.075763
0.149436
0.149436
0.061066
0.157991
0.121246
0.140888
0.133564
0.157398
0.072886
0.072886
0.110142
0.075626
0.075980
0.153658
0.179717
0.165608
0.158733
0.158733
0.077622
0.232865
0.180614
0.095275
0.168248
0.091085
0.072006
0.072006
0.193251
0.054077
0.061841
0.147648
0.163332
0.123903
0.207424
0.207424
0.164201
0.131960
0.214897
0.131195
0.070243
0.090203
0.076735
0.076735
0.066307
0.159828
0.077209
0.082194
0.096901
0.068908
0.088398
0.088398
0.182659
