0.007999
0.034006
0.024884
0.041504
0.033521
0.035510
0.041504
0.000000
0.020521
0.020505
0.024999
0.041428
0.038012
0.021597
0.022006
0.000000
0.040765
0.040504
0.026775
0.026007
0.030000
0.021504
0.041013
0.000000
0.039502
0.020000
0.019001
0.018009
0.023000
0.040502
0.039010
0.000000
0.021999
0.025504
0.040010
0.035003
0.023501
0.028504
0.019504
0.000000
0.020001
0.020505
0.022004
0.030008
0.022000
0.039506
0.038949
0.000000
0.021001
0.028503
0.020002
0.022009
0.020999
0.041505
0.040007
0.001000
0.022004
0.020507
0.025504
0.028506
0.043505
0.040009
0.020000
0.000000
0.031503
0.021002
0.036008
0.040503
0.040010
0.040000
0.018504
0.000000
0.021002
0.041010
0.039503
0.019001
0.021008
0.023000
0.041505
0.000000
0.035543
0.019000
0.025504
0.022003
0.022009
0.018000
0.021000
0.000000
0.041002
0.039549
0.021999
0.024504
0.040501
0.040009
0.020476
0.000000
0.019532
0.028034
0.021081
0.020046
0.021508
0.021503
0.026000
0.000000
0.040681
0.031008
0.029503
0.035004
0.040011
0.022504
0.021001
0.000000
0.022508
0.026504
0.020998
0.020504
0.021002
0.040506
0.040504
0.000000
0.018508
0.019002
