0.009505
0.038007
0.032001
0.043010
0.038505
0.022000
0.028011
0.000000
0.041505
0.025505
0.022503
0.037503
0.038508
0.041502
0.037502
0.000000
0.018503
0.034732
0.039505
0.042009
0.033999
0.038007
0.023504
0.000000
0.021999
0.019506
0.029504
0.042000
0.023503
0.020505
0.027001
0.000000
0.029503
0.021504
0.028504
0.026001
0.023011
0.022502
0.022999
0.000000
0.040508
0.030000
0.040507
0.022007
0.031503
0.032002
0.020510
0.000000
0.032506
0.041504
0.024507
0.020000
0.025506
0.043010
0.021001
0.000000
0.030999
0.043009
0.024504
0.023000
0.020504
0.021503
0.024504
0.000000
0.020999
0.029007
0.042603
0.026503
0.023130
0.021506
0.024807
0.000000
0.042404
0.034544
0.027508
0.042010
0.023504
0.020999
0.033010
0.000000
0.041503
0.022000
0.038011
0.041503
0.026506
0.021504
0.025506
0.000000
0.022504
0.032521
0.021015
0.021563
0.033505
0.041504
0.020002
0.000000
0.020515
0.020510
0.027508
0.022504
0.021002
0.033504
0.022000
0.000000
0.034736
0.025504
0.029000
0.022512
0.019516
0.037503
0.041505
0.000502
0.027001
0.042002
0.041011
0.020515
0.023001
0.031014
0.041504
0.000000
0.031504
0.021503
0.022504
0.041503
0.043009
0.025000
0.021504
0.000000
0.036007
0.042000
0.029010
0.020999
0.021000
0.036507
0.021505
0.000000
0.022505
0.022000
0.032505
0.041504
0.023001
0.022011
0.024505
0.000000
0.022000
0.026505
0.042634
0.040871
0.020009
0.025040
0.022001
0.000000
0.022504
0.042010
0.039000
0.022004
0.024504
0.042504
0.032024
0.000000
0.020507
0.022000
0.020505
0.041007
0.042000
0.031007
0.022000
0.000000
0.025000
0.020503
0.037505
0.042001
0.024005
0.022504
0.043000
0.001001
0.033009
0.041503
0.037505
0.042504
0.026503
0.020002
0.026505
0.000000
0.042000
0.023013
0.021000
0.032000
0.041009
0.023504
0.022001
0.000000
0.032007
0.022000
0.023505
0.022002
0.030022
0.020504
0.041001
0.000000
0.038507
0.043002
0.039011
0.032503
0.042505
0.020509
0.021506
0.000000
0.034508
0.022506
0.020505
0.023000
0.040505
0.037505
0.020000
0.000000
0.025506
0.023505
0.021504
0.042506
0.028341
0.022161
0.030000
0.000000
0.041014
0.041504
0.041508
0.033002
0.041009
0.039504
0.019000
0.000000
0.022505
0.042008
0.040504
0.048008
0.043347
0.024686
0.023503
0.000000
0.030003
0.042936
0.023169
0.019000
0.042011
0.026504
0.022486
0.000000
0.042775
0.025504
0.022000
0.025015
0.042269
0.025506
0.020505
0.000000
0.023505
0.022659
0.022000
0.030505
0.021504
0.040504
0.021506
0.000000
0.042504
0.029505
0.036009
0.034001
0.025507
0.042010
0.035504
0.000000
0.022263
0.033505
0.023999
0.035506
0.042503
0.022000
0.021507
0.000000
0.041504
0.033506
0.021508
0.023504
0.041506
0.029505
0.023504
0.000000
0.028999
0.037506
0.019504
0.026000
0.044238
0.022520
0.019509
0.000000
0.035510
0.042008
0.024505
0.041007
0.036999
0.030511
0.023504
0.000000
0.042000
0.035507
0.022504
0.023000
0.043014
0.032504
0.020504
0.000000
0.040507
0.025504
0.020000
0.042010
0.036505
0.022506
0.025505
0.000000
0.034002
0.041010
0.020003
0.040502
0.042012
0.023504
0.031504
0.000000
0.042010
0.026000
0.019999
0.039010
0.039504
0.039011
0.022504
0.000000
0.031000
0.042507
0.022506
0.031002
0.025010
0.035505
0.039504
0.000000
0.022504
0.031504
0.045505
0.034507
0.022999
0.025507
0.045008
0.000000
0.033508
0.023505
0.043511
0.044367
0.024000
0.024504
0.023504
0.000000
0.031505
0.023504
0.029505
0.044213
0.024505
0.024504
0.037009
0.000000
0.044000
0.041508
0.033999
0.023504
0.032504
0.045504
0.024506
0.000000
0.025504
0.045503
0.034507
0.023505
0.032504
0.045509
0.026002
0.000000
0.024507
0.035006
0.026000
0.040013
0.024505
0.024000
0.024504
0.000000
0.031505
0.022508
0.024002
0.024009
0.029505
0.046503
0.024506
0.000000
0.024505
0.043741
0.044008
0.025000
0.046010
0.024504
0.024000
0.000000
0.024250
0.038507
0.024001
0.034013
0.045504
0.039009
0.023508
0.000000
0.046507
0.042015
0.046001
0.046145
0.047043
0.025509
0.030504
0.000000
0.045506
0.025507
0.041503
0.037008
0.031504
0.043522
0.031010
0.001001
0.042030
0.022173
0.031505
0.022002
0.022508
0.042007
0.037513
0.000000
0.021006
0.024999
0.042506
0.029009
0.034503
0.026000
0.021506
0.000000
0.032504
0.041505
0.024521
0.020999
0.032003
0.043009
0.027504
0.000000
0.022000
0.021004
0.042009
0.035504
0.021506
0.025503
0.022002
0.000000
0.021515
0.034504
0.021002
0.042508
0.035009
0.022000
0.019503
0.000000
0.022508
0.026504
0.023000
0.029507
0.041008
0.027000
0.021506
0.000000
0.019505
0.022999
0.042506
0.032504
0.022002
0.030504
0.042009
0.001001
0.023000
0.021505
0.026504
0.041504
0.031506
0.023508
0.041504
0.001001
0.038507
0.041506
0.036506
0.024000
0.022506
0.023501
0.023509
0.000000
0.040901
0.041260
0.020506
0.021578
0.030590
0.041506
0.038508
0.000000
0.036011
0.040506
0.023506
0.019002
0.023504
0.023000
0.026999
0.000000
0.041006
0.024000
0.022504
0.033505
0.041000
0.021506
0.030009
0.000000
0.022000
0.023000
0.021508
0.022502
0.039000
0.033015
0.022509
0.000000
0.033506
0.022001
0.022000
0.022505
0.032503
0.042007
0.019999
0.000000
0.022503
0.021503
0.021504
0.022000
0.042010
0.034503
0.021000
0.001000
0.029005
0.042504
0.024504
0.022503
0.020504
0.039000
0.040508
0.000000
0.041504
0.040695
0.041504
0.019002
0.037506
0.041506
0.027900
0.000000
0.022624
0.029503
0.037506
0.039078
0.021001
0.037506
0.023508
0.000000
0.025617
0.022892
0.022715
0.036416
0.021049
0.022005
0.042530
0.000000
0.035009
0.043009
0.037707
0.025506
0.041504
0.025504
0.021002
0.000000
0.040504
0.041507
0.049008
0.036505
0.021503
0.021503
0.025000
0.000000
0.041754
0.039504
0.022507
0.021506
0.034503
0.027504
0.037505
0.000000
0.045000
0.044011
0.036504
0.021503
0.021507
0.041503
0.040507
0.000000
0.022007
0.023001
0.034503
0.043012
0.029000
0.022506
0.039007
0.000000
0.035504
0.022002
0.022505
0.025505
0.022000
0.026507
0.022505
0.000000
0.025000
0.042010
0.040504
0.029504
0.021504
0.032504
0.042506
0.000000
0.040008
0.041504
0.022506
0.041505
0.033506
0.021506
0.022504
0.000000
0.041507
0.036009
0.023807
0.020657
0.031013
0.042040
0.022505
0.000000
0.021504
0.024503
0.041505
0.039007
0.022000
0.026503
0.043008
0.000000
0.031000
0.042509
0.035504
0.037506
0.022003
0.025505
0.041506
0.000000
0.029508
0.020001
0.021503
0.021506
0.025504
0.029503
0.022002
0.000000
0.038008
0.040508
0.021515
0.020514
0.030998
0.040654
0.030504
0.000000
0.032511
0.021511
0.023504
0.041504
0.042009
0.019000
0.019501
0.000000
0.028505
0.042504
0.028501
0.022508
0.035504
0.041509
0.021504
0.000000
0.022000
0.041506
0.042007
0.019000
0.021506
0.042009
0.025001
0.000000
0.021508
0.042009
0.039001
0.023503
0.041504
0.022000
0.042011
0.000000
0.040003
0.023506
0.028008
0.042913
0.026510
0.041549
0.023143
0.000000
0.021003
0.022010
0.035045
0.041640
0.021000
0.023000
0.036506
0.000000
0.027504
0.020000
0.025504
0.021506
0.027503
0.042503
0.038504
0.000000
0.042502
0.039507
0.020505
0.035503
0.041012
0.025000
0.022501
0.001000
0.024511
0.026693
0.022001
0.023508
0.022061
0.021507
0.027503
0.000000
0.021002
0.020508
0.021000
0.034504
0.042008
0.019004
0.020500
0.000000
0.027508
0.020504
0.022000
0.027510
0.032551
0.022002
0.022000
0.000000
0.028189
0.024505
0.025000
0.037506
0.041504
0.021511
0.026506
0.000000
0.038503
0.037506
0.039009
0.022002
0.021507
0.022509
0.021503
0.000000
0.029504
0.021003
0.023504
0.028504
0.021505
0.022002
0.034505
0.000000
0.039508
0.023509
0.023194
0.029024
0.026009
0.022062
0.023768
0.000000
0.023506
0.023507
0.042504
0.035506
0.041008
0.028000
0.021505
0.000000
0.031012
0.041504
0.036506
0.025507
0.023000
0.027513
0.039011
0.000000
0.040504
0.022503
0.028504
0.041506
0.031504
0.022505
0.037507
0.000000
0.040011
0.020999
0.021504
0.042008
0.032502
0.022002
0.033505
0.000000
0.023000
0.023506
0.030315
0.024505
0.042505
0.040008
0.019001
0.000000
0.028507
0.041008
0.032000
0.022509
0.038009
0.041504
0.021506
0.001000
0.025504
0.041503
0.041008
0.044504
0.042010
0.018000
0.028504
0.000000
0.041505
0.022505
0.021000
0.034407
0.042504
0.031506
0.023009
0.000000
0.041503
0.044516
0.027393
0.022003
0.023635
0.024698
0.023010
0.000000
0.022506
0.022037
0.020506
0.026000
0.025509
0.021505
0.043504
0.001000
0.021504
0.020505
0.042505
0.038506
0.018008
0.021998
0.042506
0.001000
0.031010
0.022000
0.042506
0.032505
0.022000
0.038009
0.041503
0.000000
0.022288
0.022921
0.042504
0.045507
0.021668
0.022782
0.041506
0.001000
0.024008
0.031132
0.031556
0.022505
0.025506
0.030505
0.021654
0.000000
0.024337
0.023000
0.023506
0.036504
0.042489
0.022002
0.023009
0.000000
0.041506
0.036506
0.021505
0.026503
0.041507
0.030502
0.019000
0.000000
0.029009
0.030505
0.039503
0.040857
0.022999
0.025504
0.043185
0.000000
0.019000
0.021505
0.038508
0.021506
0.042507
0.029366
0.025002
0.000000
0.041550
0.032165
0.019999
0.030506
0.037008
0.022000
0.037506
0.000000
0.042504
0.024000
0.020508
0.042010
0.047506
0.041008
0.041504
0.001000
0.022504
0.036504
0.036506
0.022504
0.027507
0.021504
0.025003
0.001000
0.023504
0.023000
0.023505
0.041507
0.044502
0.021002
0.033010
0.000000
0.042505
0.020507
0.020504
0.036505
0.041509
0.026504
0.022000
0.000000
0.041506
0.031002
0.023504
0.042010
0.031999
0.032508
0.022505
0.001502
0.042001
0.040508
0.024504
0.027504
0.041506
0.031504
0.023502
0.000000
0.023507
0.028505
0.041504
0.029506
0.022000
0.033504
0.040506
0.000000
0.040000
0.021508
0.019504
0.030505
0.037530
0.037383
0.023058
0.000000
0.021506
0.042312
0.042502
0.045010
0.038000
0.024507
0.020504
0.000000
0.041000
0.034002
0.021999
0.021001
0.026504
0.022512
0.028503
0.000000
0.041506
0.031015
0.021999
0.041505
0.039009
0.042505
0.042010
0.000000
0.031000
0.026004
0.021504
0.023503
0.034504
0.042010
0.021000
0.000000
0.018504
0.041010
0.029999
0.020504
0.020002
0.022002
0.033504
0.000000
0.037010
0.024504
0.041505
0.032505
0.022505
0.021000
0.023741
0.000000
0.022507
0.037506
0.039507
0.022504
0.022000
0.041507
0.036011
0.000000
0.022504
0.029002
0.041009
0.021000
0.020508
0.042008
0.040504
0.000000
0.021507
0.041505
0.035506
0.021509
0.028055
0.024683
0.039075
0.000000
0.028507
0.020054
0.020504
0.030009
0.041502
0.022507
0.022504
0.001000
0.042504
0.035511
0.021003
0.021000
0.032003
0.042503
0.027504
0.000000
0.037506
0.037000
0.021506
0.022504
0.021504
0.032504
0.040506
0.001000
0.021505
0.022000
0.027004
0.041504
0.032506
0.022506
0.032505
0.000000
0.036511
0.021507
0.040500
0.030507
0.019504
0.025506
0.041504
0.000000
0.040010
0.025000
0.029506
0.041009
0.035505
0.021506
0.033506
0.000000
0.027503
0.041010
0.033000
0.041507
0.041503
0.027504
0.026506
0.001000
0.041505
0.032506
0.021006
0.021000
0.030000
0.021517
0.022505
0.000000
0.021999
0.033504
0.042008
0.020000
0.020503
0.033506
0.032504
0.000000
0.022763
0.026508
0.022009
0.026504
0.043515
0.022506
0.021000
0.000000
0.028509
0.029013
0.028002
0.025503
0.021019
0.033504
0.041506
0.000000
0.024505
0.021002
0.027509
0.022507
0.032504
0.041504
0.028009
0.000000
0.023000
0.035504
0.042009
0.024000
0.021504
0.040883
0.042504
0.000000
0.033507
0.042002
0.038511
0.040504
0.044506
0.042008
0.026504
0.000000
0.034510
0.022506
0.040504
0.025507
0.041504
0.037505
0.019509
0.000000
0.020000
0.041507
0.021503
0.021000
0.039504
0.041008
0.024000
0.000000
0.021504
0.026508
0.042504
0.025504
0.021509
0.026504
0.042504
0.000000
0.040008
0.023000
0.034509
0.026012
0.021000
0.030608
0.029587
0.000000
0.023945
0.022818
0.043291
0.043911
0.031512
0.022506
0.022082
0.000000
0.042658
0.024504
0.026000
0.041937
0.030650
0.023504
0.034058
0.000000
0.021505
0.035556
0.042014
0.020513
0.023000
0.038509
0.022505
0.000000
0.023000
0.030003
0.021504
0.031504
0.041507
0.022503
0.020999
0.000000
0.037235
0.025008
0.038503
0.040513
0.022503
0.022000
0.041507
0.001000
0.031504
0.021000
0.025002
0.042009
0.020000
0.025507
0.041008
0.000000
0.023005
0.019523
0.021508
0.037505
0.041507
0.041011
0.041507
0.000000
0.022504
0.022504
0.023001
0.022507
0.028008
0.041504
0.026002
0.000000
0.021505
0.030000
0.041782
0.032509
0.022000
0.030513
0.036013
0.000000
0.036504
0.027828
0.042406
0.025506
0.020043
0.020505
0.026103
0.000000
0.042009
0.021999
0.022001
0.026505
0.042009
0.027504
0.022001
0.000000
0.019506
0.024000
0.041507
0.042009
0.026000
0.023506
0.037506
0.000000
0.040506
0.019504
0.022507
0.024000
0.042507
0.025001
0.030000
0.000000
0.042008
0.020003
0.027503
0.041010
0.031000
0.033512
0.023016
0.000000
0.042000
0.023508
0.029008
0.040503
0.021002
0.034009
0.022000
0.000000
0.020000
0.026129
0.041999
0.029506
0.021504
0.027003
0.043505
0.000000
0.026504
0.022000
0.022503
0.024506
0.042002
0.043506
0.033506
0.001000
0.023000
0.042510
0.025506
0.021501
0.041506
0.021505
0.021000
0.000000
0.021504
0.020517
0.041504
0.034516
0.021258
0.021653
0.030507
0.000000
0.021546
0.032008
0.021000
0.024505
0.018503
0.020505
0.031504
0.001000
0.042012
0.021000
0.023001
0.022509
0.027008
0.041505
0.025002
0.000000
0.021504
0.029000
0.041909
0.029504
0.040504
0.039014
0.021000
0.000000
0.022504
0.023002
0.021504
0.025000
0.021504
0.028507
0.032503
0.000000
0.034505
0.042008
0.030512
0.035504
0.026505
0.041506
0.041023
0.000000
0.023000
0.020105
0.020002
0.029504
0.023000
0.020505
0.023503
0.000000
0.030002
0.022505
0.022002
0.039503
0.026502
0.022736
0.035008
0.000000
0.041506
0.018512
0.022507
0.039504
0.024505
0.020503
0.038000
0.000000
0.033506
0.025504
0.027503
0.041008
0.034999
0.042506
0.036008
0.000000
0.022000
0.038285
0.040061
0.025009
0.030539
0.022504
0.023000
0.000000
0.022508
0.041008
0.022000
0.021504
0.025005
0.029000
0.022503
0.000000
0.038011
0.042000
0.019504
0.022504
0.023504
0.020998
0.042012
0.000000
0.022504
0.026511
0.021999
0.033008
0.041501
0.028505
0.022505
0.000000
0.031505
0.041506
0.041000
0.031506
0.022505
0.019503
0.021000
0.000000
0.042010
0.031504
0.026504
0.041011
0.033004
0.019511
0.020002
0.001000
0.032506
0.025999
0.021004
0.023006
0.022000
0.020506
0.023001
0.001000
0.033008
0.026000
0.042013
0.038503
0.021504
0.024002
0.021506
0.000000
0.022000
0.041507
0.041010
0.021000
0.025505
0.043010
0.029510
0.000000
0.022003
0.023506
0.024000
0.041507
0.032010
0.024517
0.042715
0.000000
0.026509
0.025538
0.037669
0.040505
0.021504
0.021506
0.038503
0.001000
0.035506
0.020507
0.030504
0.034505
0.022506
0.021504
0.039504
0.000000
0.041009
0.042001
0.030019
0.022508
0.026000
0.041008
0.033504
0.000000
0.022504
0.036508
0.041999
0.041507
0.034505
0.024000
0.022511
0.000000
0.022008
0.040001
0.023002
0.023009
0.043000
0.032598
0.023006
0.000000
0.023999
0.023504
0.023504
0.032364
0.023704
0.023004
0.022009
0.000000
0.021000
0.023010
0.044073
0.040000
0.021506
0.024080
0.023416
0.000000
0.023505
0.023002
0.022504
0.022504
0.022650
0.023775
0.043011
0.000000
0.041509
0.022607
0.022000
0.042504
0.041519
0.028000
0.022507
0.000000
0.023010
0.022000
0.024505
0.023373
0.043995
0.025052
0.031012
0.001000
0.022503
0.039506
0.033008
0.021000
0.042506
0.028522
0.035000
0.000000
0.023000
0.038010
0.042504
0.045011
0.021000
0.020506
0.024001
0.000000
0.023010
0.029000
0.043005
0.026506
0.021999
0.032508
0.043009
0.000000
0.038504
0.043009
0.042504
0.027508
0.022505
0.022000
0.022503
0.000000
0.029008
0.040506
0.023002
0.033012
0.040502
0.041506
0.036002
0.000000
0.022504
0.022506
0.023505
0.023502
0.022000
0.042011
0.034000
0.000000
0.029001
0.021505
0.021999
0.041506
0.038014
0.041502
0.041010
0.000000
0.041503
0.024002
0.021504
0.023001
0.022504
0.022003
0.032505
0.000000
0.042504
0.029505
0.023003
0.031750
0.022160
0.032506
0.041554
0.000000
0.021517
0.022000
0.036504
0.040011
0.021000
0.020504
0.038507
0.000000
0.025000
0.021504
0.041014
0.041096
0.029002
0.021507
0.043002
0.000000
0.031514
0.019509
0.025998
0.042010
0.022509
0.022000
0.022505
0.001000
0.022506
0.038504
0.021506
0.020001
0.021009
0.026000
0.038510
0.000000
0.030010
0.020999
0.021505
0.041505
0.031000
0.042506
0.041507
0.000000
0.022505
0.036011
0.041502
0.022000
0.022506
0.038504
0.041506
0.001000
0.022503
0.024000
0.022504
0.041013
0.040504
0.041508
0.034508
0.000000
0.024761
0.042627
0.030002
0.034510
0.041508
0.027508
0.042506
0.000000
0.028000
0.027504
0.022504
0.021506
0.027045
0.023155
0.021009
0.000000
0.031008
0.042011
0.026503
0.022000
0.034506
0.021010
0.034002
0.000000
0.023130
0.021021
0.027000
0.030512
0.021003
0.019508
0.029001
0.000000
0.020509
0.036011
0.041503
0.028786
0.024014
0.042504
0.036506
0.000000
0.021000
0.033504
0.021002
0.034009
0.025507
0.021002
0.023504
0.000000
0.042002
0.029506
0.022009
0.027000
0.021505
0.023508
0.041503
0.000000
0.040506
0.019505
0.020000
0.026503
0.042010
0.028002
0.022505
0.000000
0.036013
0.040503
0.019000
0.019504
0.025504
0.021000
0.023504
0.000000
0.025023
0.023000
0.021505
0.022002
0.028010
0.041503
0.039506
0.000000
0.038000
0.030507
0.042008
0.023504
0.021002
0.034009
0.041504
0.000000
0.034505
0.024000
0.021477
0.027769
0.039534
0.041638
0.032012
0.000000
0.021001
0.021504
0.041009
0.041504
0.025002
0.021008
0.027000
0.001000
0.021504
0.029511
0.019505
0.034502
0.041505
0.031002
0.020507
0.000000
0.033011
0.041000
0.038000
0.042010
0.021001
0.022002
0.041008
0.000000
0.041503
0.019504
0.032001
0.041505
0.030010
0.020000
0.022511
0.000000
0.023002
0.022506
0.041504
0.036007
0.023000
0.028504
0.042507
0.000000
0.022002
0.022504
0.034506
0.026504
0.023501
0.020000
0.022010
0.000000
0.042000
0.038506
0.031504
0.032508
0.027002
0.022505
0.041504
0.000000
0.032009
0.025000
0.041504
0.033010
0.023000
0.036507
0.034009
0.000000
0.021000
0.041507
0.038186
0.039694
0.031512
0.041015
0.022002
0.000000
0.020012
0.023999
0.021660
0.021044
0.021504
0.020505
0.024000
0.000000
0.022002
0.021374
0.028600
0.023504
0.041011
0.038377
0.022285
0.000000
0.020504
0.030505
0.036505
0.028878
0.020999
0.041506
0.040770
0.000000
0.038506
0.042007
0.027000
0.023504
0.042010
0.038504
0.022003
0.000000
0.022008
0.027000
0.042508
0.027008
0.022000
0.041535
0.042009
0.000000
0.022506
0.021002
0.042014
0.038505
0.023507
0.042504
0.022505
0.000000
0.023506
0.033505
0.022506
0.038010
0.041999
0.021505
0.020505
0.000000
0.022505
0.034502
0.042011
0.027999
0.041506
0.036008
0.020000
0.000000
0.037506
0.031506
0.022001
0.023505
0.021095
0.022489
0.023086
0.000000
0.042008
0.037594
0.023507
0.020001
0.023009
