0.009505
0.026001
0.022505
0.026002
0.041008
0.031507
0.021002
0.000000
0.028007
0.040504
0.042013
0.040504
0.029000
0.022505
0.020505
0.000000
0.041503
0.034010
0.021000
0.031506
0.042692
0.023000
0.022008
0.000000
0.025539
0.041512
0.021000
0.021504
0.021003
0.022152
0.023000
0.000000
0.032504
0.037009
0.023000
0.037506
0.041010
0.030504
0.021001
0.000000
0.022011
0.022999
0.023505
0.021000
0.044013
0.040505
0.032507
0.000000
0.035505
0.027131
0.034009
0.038002
0.019511
0.037009
0.040999
0.000000
0.021503
0.021003
0.029508
0.021000
0.026505
0.041010
0.021000
0.000000
0.026506
0.022006
0.022000
0.040504
0.041506
0.042003
0.040507
0.001000
0.021506
0.021000
0.031504
0.026506
0.023000
0.041505
0.042011
0.000000
0.021000
0.040503
0.041010
0.022002
0.041505
0.040505
0.030504
0.000000
0.022002
0.041009
0.040503
0.029012
0.041999
0.041807
0.033113
0.000000
0.021000
0.021979
0.021079
0.042011
0.023043
0.032012
0.023000
0.000000
0.034504
0.022002
0.032007
0.020000
0.027503
0.041010
0.032999
0.000000
0.020000
0.022507
0.020506
0.040504
0.041513
0.023538
0.020999
0.000000
0.022572
0.041010
0.039503
0.026002
0.026008
0.041504
0.029001
0.000000
0.040505
0.020288
0.041009
0.038001
0.020505
0.021001
0.041506
0.000000
0.041504
0.022506
0.024503
0.042504
0.042010
0.023000
0.031504
0.000000
0.042013
0.025520
0.020000
0.027009
0.041000
0.040507
0.022008
0.000000
0.020000
0.040504
0.040010
0.020999
0.041507
0.038008
0.018504
0.000000
0.037001
0.026008
0.040504
0.042010
0.041001
0.030002
0.022013
0.001000
0.022000
0.038507
0.021006
0.021016
0.025318
0.023042
0.028933
0.000000
0.041009
0.037508
0.026008
0.041506
0.030001
0.022008
0.026999
0.000000
0.032506
0.021010
0.021000
0.022002
0.021504
0.023506
0.041503
0.000000
0.029504
0.021505
0.019505
0.041503
0.040014
0.022000
0.023000
0.000000
0.024507
0.021505
0.028004
0.040505
0.021507
0.030002
0.023504
0.000000
0.026003
0.040504
0.025505
0.022000
0.019503
0.032505
0.021504
0.000000
0.030002
0.041007
0.035506
0.020007
0.039000
0.041508
0.036007
0.000000
0.021000
0.020502
0.041010
0.036005
0.021510
0.021002
0.035506
0.000000
0.035504
0.021002
0.021010
0.021000
0.022505
0.041007
0.036000
0.000000
0.021002
0.041507
0.041504
0.023010
0.028009
0.041502
0.027002
0.000000
0.021008
0.022000
0.035504
0.026740
0.021000
0.026589
0.034245
0.000000
0.020032
0.022000
0.041010
0.035009
0.020999
0.022504
0.042009
0.000000
0.041502
0.021000
0.023008
0.041000
0.039005
0.021009
0.022000
0.000000
0.022297
0.037543
0.040999
0.042791
0.041573
0.036505
0.040508
0.000000
0.041837
0.042526
0.037000
0.021504
0.018635
0.022013
0.023001
0.000000
0.026506
0.028014
0.021725
0.041503
0.040015
0.018998
0.020504
0.000000
0.041013
0.043501
0.041001
0.022021
0.022001
0.041506
0.041007
0.000000
0.045308
0.041507
0.039504
0.025003
0.022009
0.025001
0.043505
0.000000
0.028009
0.021000
0.023507
0.021999
0.039503
0.040505
0.041829
0.000000
0.032003
0.030505
0.027010
0.021000
0.021504
0.042015
0.028900
0.000000
0.022576
0.021002
0.021017
0.030010
0.042011
0.041010
0.029504
0.000000
0.022000
0.041010
0.038514
0.040501
0.039506
0.035508
0.042007
0.000000
0.032506
0.030002
0.039000
0.021504
0.030000
0.031007
0.021000
