1.000000
0.431263
0.356567
0.123441
0.042927
0.223468
0.183611
0.183611
0.198865
0.262017
0.140073
0.279777
0.217461
0.177315
0.145455
0.145455
0.099671
0.088951
0.069714
0.090232
0.130112
0.070399
0.116142
0.116142
0.107320
0.111934
0.122665
0.114727
0.117330
0.083434
0.111012
0.111012
0.078728
0.089827
0.105881
0.120098
0.129191
0.091142
0.082516
0.082516
0.084042
0.140390
0.103359
0.098254
0.081462
0.114366
0.078845
0.078845
0.072832
0.078717
0.173885
0.137605
0.076833
0.075806
0.079641
0.079641
0.094474
0.102489
0.099020
0.071477
0.101226
0.147266
0.070777
0.070777
0.143665
0.104945
0.079252
0.103161
0.150745
0.113795
0.078722
0.078722
0.088524
0.118095
0.087147
0.127866
0.153042
0.091530
0.100153
0.100153
0.065894
0.104168
0.080030
0.079778
0.168362
0.122448
0.079866
0.079866
0.095299
0.111122
0.138390
0.142421
0.099177
0.158559
0.098838
0.098838
0.112180
0.093581
0.091484
0.098775
0.128745
0.164622
0.106942
0.106942
0.077260
0.100405
0.201728
0.146373
0.154512
0.139617
0.129582
0.129582
0.126911
0.179394
0.113076
0.157136
0.119260
0.080945
0.088432
0.088432
0.137276
0.133896
0.118615
0.085565
0.160583
0.103650
0.129072
0.129072
0.134137
0.131831
0.121029
0.086820
0.113704
0.097389
0.097987
0.097987
0.126883
0.101499
0.136652
0.141748
0.193240
0.112621
0.083200
0.083200
0.153715
0.087629
0.115844
0.125633
0.147933
0.091181
0.082331
0.082331
0.110662
0.140433
0.136845
0.121161
0.158005
0.133576
0.187763
0.187763
0.101610
0.112914
0.089077
0.119589
0.103422
0.133814
0.084620
0.084620
0.136065
0.131479
0.116252
0.143691
0.099198
0.102334
0.076327
0.076327
0.129402
0.161377
0.100903
0.112560
0.069041
0.072518
0.130798
0.130798
0.089861
0.146087
0.102510
0.097881
0.097881
0.097881
0.097881
0.097881
0.097881
0.097881
0.097881
0.097881
0.097881
0.131157
0.133487
0.133487
0.097028
0.139815
0.119356
0.110995
0.097881
0.097881
0.097881
0.097881
0.097881
0.097881
0.097881
0.097881
0.097881
0.097881
0.097881
0.097881
0.100466
0.099118
0.099276
0.112752
0.103336
0.117652
0.112651
0.112651
0.114035
0.110139
0.114272
0.102370
0.098184
0.114063
0.114144
0.114144
0.119274
0.080928
0.089377
0.108981
0.164708
0.086535
0.079545
0.079545
0.125801
0.115097
0.120848
0.108164
0.149550
0.084620
0.089719
0.089719
0.073513
0.077773
0.139998
0.163066
0.161719
0.139133
0.136084
0.136084
0.117959
0.155928
0.163921
0.126337
0.131928
0.103351
0.109348
0.109348
0.071483
0.078444
0.126180
0.112030
0.101476
0.087709
0.104284
0.104284
0.168649
0.155419
0.174744
0.141567
0.126930
0.094951
0.129899
0.129899
0.138066
0.063259
0.068645
0.085272
0.083297
0.132934
0.152246
0.152246
0.158869
0.093969
0.118322
0.227905
0.117187
0.127432
0.073405
0.073405
0.116361
0.111557
0.111381
0.168626
0.119578
0.090267
0.092572
0.092572
0.063274
0.089483
0.131624
0.097819
0.073729
0.068737
0.131831
0.131831
0.133491
0.087790
0.067961
0.116484
0.064524
0.117019
0.092206
0.092206
0.122364
0.055727
0.043684
0.089844
0.131525
0.126779
0.165767
0.165767
0.099790
0.088775
0.127535
0.109395
0.146354
0.147723
0.157878
0.157878
0.102199
0.131134
0.072567
0.144476
0.145265
0.087868
0.080539
0.080539
0.098438
0.107817
0.074292
0.086177
0.091927
0.110232
0.075076
0.075076
0.126930
0.075235
0.125737
0.138884
0.116795
0.095579
0.183432
0.183432
0.094372
0.124532
0.104449
0.124082
0.083098
0.099027
0.053460
0.053460
0.091893
0.089036
0.147663
0.088894
0.075555
0.141505
0.150667
0.150667
0.124291
0.142473
0.111390
0.119156
0.149704
0.073424
0.104261
0.104261
0.096977
0.075640
0.134192
0.106345
0.093679
0.079008
0.061325
0.061325
0.111099
0.074227
0.105754
0.095504
0.117956
0.070072
0.178212
0.178212
0.089931
0.108737
0.079216
0.115133
0.113901
0.148884
0.125332
0.125332
0.164505
0.093271
0.134691
0.141191
0.110791
0.094312
0.084074
0.084074
0.111895
0.124213
0.116106
0.096689
0.089047
0.082439
0.081713
0.081713
0.092067
0.062206
0.063170
0.057442
0.126292
0.068907
0.091609
0.091609
0.122373
0.112575
0.076300
0.090730
0.082615
0.115436
0.157000
0.157000
0.128814
0.074316
0.191094
0.165603
0.130088
0.093099
0.072596
0.072596
0.099567
0.124099
0.110489
0.109996
0.086101
0.096645
0.185936
0.185936
0.122348
0.137625
0.143818
0.100888
0.123035
0.149998
0.127663
0.127663
0.110510
0.080387
0.143057
0.081424
0.131995
0.128871
0.130839
0.130839
0.072458
