1.000000
0.176531
0.195976
0.131324
0.112534
0.079858
0.097386
0.097386
0.225251
0.144637
0.110619
0.098673
0.059428
0.059952
0.200070
0.200070
0.087642
0.133205
0.176099
0.078984
0.088613
0.080881
0.075573
0.075573
0.074537
0.089407
0.030952
0.066997
0.042603
0.129201
0.055890
0.055890
0.159662
0.076227
0.118689
0.099232
0.062608
0.072572
0.060227
0.060227
0.090150
0.140207
0.035529
0.122918
0.120267
0.078791
0.164971
0.164971
0.107303
0.059835
0.069905
0.059248
0.064257
0.159944
0.122956
0.122956
0.042563
0.052981
0.038052
0.059296
0.039666
0.091416
0.058279
0.058279
0.098845
0.138747
0.077156
0.038887
0.080376
0.041585
0.062172
0.062172
0.048719
0.034726
0.035279
0.146271
0.154600
0.069538
0.112927
0.112927
0.060351
0.065663
0.038851
0.122073
0.056202
0.166558
0.089106
0.089106
0.107499
0.047894
0.064904
0.145211
0.062424
0.081320
0.081131
0.081131
0.092936
0.045136
0.069848
0.141648
0.156825
0.074118
0.057368
0.057368
0.083090
0.041123
0.046489
0.056104
0.068886
0.069715
0.064962
0.064962
0.087642
0.107907
0.036695
0.065304
0.067192
0.105925
0.088152
0.088152
0.053530
0.070045
0.105299
0.085589
0.052444
0.085140
0.040589
0.040589
0.083282
0.045936
0.054261
0.066720
0.066720
0.060941
0.068638
0.068638
0.106342
0.132475
0.079784
0.051287
0.057451
0.035294
0.036588
0.036588
0.040301
0.045039
0.048608
0.046038
0.046038
0.031912
0.060165
0.060165
0.111128
0.114268
0.064350
0.108202
0.093281
0.039545
0.039545
0.039545
0.047409
0.033997
0.032032
0.032453
0.039022
0.048349
0.039484
0.039484
0.086470
0.150906
0.056353
0.049002
0.039055
0.043305
0.045431
0.045431
0.099012
0.148450
0.114873
0.029434
0.043264
0.184714
0.199764
0.199764
0.300793
0.165567
0.048607
0.055950
0.057163
0.125136
0.175070
0.175070
0.083059
0.088399
0.069190
0.058229
0.115710
0.063343
0.071868
0.071868
0.075627
0.120085
0.054875
0.054875
0.060019
0.223306
0.099382
0.099382
0.083585
0.037653
0.144994
0.078825
0.082835
0.072241
0.130414
0.130414
0.060542
0.078743
0.078743
0.026740
0.088685
0.032450
0.126202
0.126202
0.080532
0.072454
0.040907
0.030951
0.046957
0.064639
0.060467
0.060467
0.084627
0.084627
0.088696
0.176702
0.111363
0.100457
0.093872
0.093872
0.119923
0.098902
0.115895
0.122091
0.127928
0.121946
0.171920
0.171920
0.160325
0.093286
0.071495
0.161038
0.045548
0.028143
0.037329
0.037329
0.134666
0.079418
0.079418
0.060071
0.146007
0.065320
0.142694
0.142694
0.168888
0.164156
0.245460
0.257782
0.288055
0.171364
0.223150
0.223150
0.215470
0.215470
0.125058
0.055822
0.079196
0.242400
0.206647
0.206647
0.050697
0.127801
0.136629
0.218323
0.094584
0.198377
0.088257
0.088257
0.199322
0.198959
0.227796
0.189125
0.137633
0.042731
0.082398
0.082398
0.057206
0.098006
0.159494
0.105843
0.077266
0.133970
0.146657
0.146657
0.096345
0.076027
0.254708
0.289855
0.335866
0.295823
0.131414
0.131414
0.177818
0.216593
0.140934
0.077772
0.070192
0.071958
0.096811
0.096811
0.078215
0.150527
0.068748
0.134466
0.067505
0.143819
0.316559
0.316559
0.074270
0.157506
0.242710
0.144952
0.120204
0.089853
0.059528
0.059528
0.115558
0.265135
0.238750
0.286690
0.137264
0.160387
0.194036
0.194036
0.272065
0.088208
0.189650
0.183569
0.146725
0.127202
0.152265
0.152265
0.171331
0.147966
0.082205
0.244401
0.097323
0.117968
0.117968
0.117968
0.129395
0.184365
0.093074
0.106340
0.088311
0.121874
0.287687
0.287687
0.136450
0.087557
0.156733
0.127554
0.119360
0.119360
0.080034
0.080034
