0.013237
0.048892
0.049954
0.047039
0.047404
0.047389
0.048133
0.047236
0.047398
0.001005
0.047847
0.046982
0.047792
0.048476
0.047698
0.048973
0.047461
0.048009
0.047524
0.000616
0.047534
0.049887
0.047615
0.047980
0.047982
0.046764
0.046020
0.047053
0.046279
0.000000
0.046562
0.047229
0.046438
0.047614
0.047153
0.047965
0.047842
0.048582
0.046119
0.001001
0.046203
0.046923
0.048899
0.048748
0.049726
0.050396
0.048397
0.048875
0.049649
0.000000
0.048454
0.047485
0.046479
0.046925
0.045973
0.047884
0.047850
0.047549
0.046830
0.000000
0.048343
0.047100
0.046488
0.048193
0.046517
0.046624
0.047305
0.047049
0.046777
0.000000
0.048147
0.048254
0.047581
0.048150
0.048012
0.047594
0.046993
0.047056
0.047076
0.000000
0.046901
0.048385
0.047919
0.048047
0.058265
0.048742
0.048297
0.048341
0.050043
0.000000
0.048999
0.049607
0.047492
0.048094
0.048370
0.047510
0.046418
0.046954
0.047626
0.000000
0.046289
0.047850
0.052530
0.045738
0.047541
0.049376
0.049539
0.047657
0.048368
0.000000
0.048180
0.048242
0.048572
0.048948
0.048687
0.048599
0.047912
0.048454
0.046779
0.000000
0.047327
0.046440
0.046453
0.048913
0.047140
0.048639
0.050843
0.051105
0.049212
0.001002
0.049511
0.049561
0.050923
0.050583
0.049753
0.050856
0.049765
0.050230
0.049069
0.000000
0.050703
0.050268
0.049294
0.048657
0.048422
0.049971
0.049839
0.048540
0.048222
0.000000
0.046045
0.046001
0.049075
0.049100
0.048987
0.048534
0.048434
0.047139
0.048356
0.000000
0.048575
0.048741
0.049160
0.049730
0.050762
0.048990
0.048429
0.050462
0.050029
0.001000
0.048306
0.048126
0.048822
0.047611
0.049754
0.047287
0.047819
0.047745
0.046415
0.000000
0.047115
0.047650
0.048231
0.047061
0.047701
0.047400
0.046105
0.047849
0.049233
0.000000
0.049929
0.048824
0.050011
0.048989
0.048653
0.047978
0.049541
0.049533
0.048098
0.000000
0.048489
0.046423
0.047644
0.047859
0.046909
0.049727
0.049249
0.048376
0.049946
0.001001
0.051417
0.050885
0.048387
0.048853
0.047974
0.048124
0.048195
0.049265
0.050159
0.000000
0.059268
0.053435
0.048522
0.049972
0.049822
0.047948
0.050614
0.049989
0.048259
0.000000
0.049680
0.049337
0.049065
0.048903
0.049541
0.048261
0.048066
0.048883
0.048773
0.000000
0.048092
0.049206
0.048412
0.048725
0.048642
0.050077
0.050259
0.050725
0.049440
0.000000
0.050829
0.050571
0.050153
0.050585
0.048470
0.049041
0.048695
0.047886
0.049955
0.000000
0.048750
0.047324
0.047931
0.047973
0.048990
0.049332
0.049116
0.050072
0.049011
0.000000
0.047798
0.049287
0.047358
0.048127
0.048269
0.049337
0.049814
0.049570
0.048386
0.001505
0.049640
0.048357
0.048362
0.048597
0.048148
0.047924
0.047890
0.047247
0.049632
0.000000
0.048923
0.047353
0.048633
0.049724
0.049035
0.049745
0.050134
0.052747
0.056970
0.000000
0.047526
0.048011
0.047771
0.048950
0.049874
0.049264
0.057972
0.052444
0.051719
0.000000
0.050807
0.048604
0.047686
0.047056
0.047335
0.046401
0.047947
0.047878
0.048735
0.000000
0.047642
0.046347
0.046346
0.046093
0.046395
0.046649
0.048651
0.048057
0.047366
0.000000
0.047660
0.050210
0.048543
0.049028
0.049724
0.050761
0.048316
0.049126
0.049299
0.000000
0.049405
0.047598
0.047556
0.047898
0.047753
0.048336
0.048313
0.047868
0.046800
0.000000
0.049365
0.048100
0.047458
0.047248
0.047406
0.048860
0.048344
0.046549
0.047423
0.000000
0.047011
0.048340
0.047929
0.049358
0.048857
0.048332
0.048707
0.049306
0.048233
0.000000
0.047617
0.047017
0.048136
0.047975
0.049427
0.048568
0.049056
0.048940
0.049268
0.000000
0.048008
0.047522
0.048100
0.047293
0.048849
0.050616
0.050571
0.048563
0.048670
0.000000
0.047993
0.048585
0.050281
0.049199
0.048298
0.048186
0.049985
0.050534
0.049175
0.000000
0.047048
0.050684
0.049897
0.049667
0.046104
0.047782
0.047765
0.047482
0.046738
0.000000
0.047307
0.046580
0.046677
0.047699
0.047468
0.046695
0.047144
0.049407
0.048708
0.000000
0.048129
0.049687
0.048109
0.048824
0.048318
0.048223
0.048992
0.048302
0.048702
0.001000
0.049305
0.048952
0.050077
0.049277
0.050405
0.046398
0.048637
0.048193
0.050982
0.001000
0.048207
0.048511
0.046992
0.047654
0.046096
0.048363
0.049316
0.047860
0.047803
0.000000
0.048908
0.049566
0.047890
0.049754
0.049047
0.048885
0.048852
0.048205
0.048294
0.000000
0.047143
0.048682
0.048762
0.047494
0.047159
0.045914
0.046552
0.046152
0.046027
0.001007
0.047256
0.047376
0.046482
0.046825
0.046835
0.046755
0.048644
0.046379
0.047942
0.000000
0.046107
0.049103
0.047861
0.047255
0.045820
0.046914
0.046407
0.046423
0.047999
0.001000
0.047014
0.046049
0.048493
