0.008008
0.045961
0.042534
0.018516
0.022527
0.043530
0.043039
0.042045
0.042553
0.000000
0.040890
0.042533
0.018517
0.037534
0.041534
0.040539
0.020013
0.040286
0.041537
0.000000
0.036528
0.021522
0.027521
0.042535
0.035365
0.036024
0.042538
0.040535
0.027027
0.000000
0.042535
0.038823
0.045456
0.031550
0.046548
0.045044
0.043643
0.025117
0.044034
0.000000
0.049237
0.022046
0.026805
0.027022
0.039885
0.036035
0.045837
0.032039
0.023574
0.000000
0.041438
0.035869
0.047470
0.023462
0.041569
0.044803
0.035529
0.042536
0.040035
0.000000
0.043323
0.031029
0.031027
0.023026
0.044701
0.042542
0.038300
0.036036
0.041534
0.000000
0.035037
0.044529
0.024525
0.045550
0.025521
0.027020
0.028026
0.042912
0.039034
0.000000
0.028526
0.024515
0.042042
0.018015
0.041332
0.040540
0.041669
0.020015
0.042035
0.000000
0.031022
0.019013
0.034824
0.043534
0.028024
0.021019
0.032531
0.018519
0.045033
0.000000
0.043287
0.025539
0.042036
0.038031
0.043043
0.038021
0.041840
0.038538
0.042538
0.000903
0.021024
0.041531
0.038039
0.022698
0.043722
0.022817
0.028071
0.041905
0.030529
0.000000
0.042041
0.040532
0.033532
0.027223
0.036026
0.042464
0.026527
0.042037
0.034532
0.000000
0.023432
0.041529
0.024022
0.029520
0.042032
0.036036
0.022019
0.042542
0.034539
0.000502
0.043034
0.020013
0.019516
0.037541
0.041045
0.041534
0.020019
0.033929
0.041030
0.000000
0.027071
0.042542
0.035521
0.041037
0.041534
0.042536
0.037529
0.041873
0.042026
0.000000
0.040825
0.037030
0.042391
0.036553
0.032036
0.023525
0.026655
0.041033
0.039534
0.000000
0.043035
0.035215
0.041813
0.035524
0.020941
0.036535
0.042667
0.036868
0.037592
0.000515
0.029145
0.038056
0.029532
0.042051
0.042038
0.042931
0.042043
0.041535
0.040908
0.000000
0.034525
0.041537
0.034030
0.019291
0.042536
0.041535
0.021929
0.026518
0.021539
0.000000
0.042530
0.034530
0.041033
0.034034
0.041294
0.025521
0.042534
0.043244
0.038340
0.000000
0.021023
0.023018
0.043037
0.039037
0.042031
0.037132
0.043411
0.042038
0.036531
0.000000
0.020021
0.041699
0.037034
0.042033
0.040538
0.022013
0.041035
0.039539
0.041025
0.000000
0.037035
0.042369
0.027532
0.027064
0.041834
0.031525
0.023037
0.042531
0.025666
0.000000
0.042821
0.031040
0.042163
0.043719
0.030652
0.018532
0.041337
0.024089
0.044047
0.000000
0.042182
0.030025
0.042050
0.042535
0.025518
0.045756
0.042842
0.020520
0.042530
0.000502
0.042338
0.034875
0.041028
0.028769
0.039054
0.032072
0.042536
0.035530
0.030027
0.000000
0.025027
0.023521
0.042554
0.036019
0.042151
0.040567
0.022017
0.029019
0.043535
0.000000
0.034031
0.044038
0.018517
0.041543
0.036031
0.041532
0.043535
0.043030
0.035337
0.000000
0.041863
0.024820
0.042026
0.038025
0.042901
0.026527
0.039824
0.052039
0.028026
0.000000
0.024023
0.042026
0.039027
0.042821
0.039534
0.042034
0.042823
0.025450
0.043565
0.000000
0.042532
0.040534
0.041910
0.038904
0.042542
0.020013
0.042552
0.039533
0.035027
0.000000
0.042325
0.031521
0.022479
0.042541
0.042534
0.029025
0.027536
0.022531
0.022331
0.000998
0.043033
0.035651
0.042719
0.031539
0.025023
0.043350
0.038386
0.025523
0.022514
0.000000
0.043545
0.043193
0.034708
0.043183
0.028019
0.044312
0.027322
0.023024
0.042531
0.000000
0.033832
0.022103
0.042546
0.037538
0.023529
0.019017
0.035031
0.021013
0.047844
0.000502
0.019518
0.042531
0.042546
0.025774
0.022025
0.042533
0.039040
0.031033
0.025645
0.000000
0.042058
0.036524
0.031527
0.020017
0.028316
0.042950
0.026596
0.041572
0.038541
0.000000
0.042533
0.034825
0.043032
0.035654
0.023423
0.024392
0.041379
0.028323
0.042324
0.000000
0.041030
0.030026
0.042538
0.021877
0.032024
0.043586
0.043684
0.042331
0.038522
0.000000
0.041532
0.036382
0.042094
0.042041
0.018511
0.022517
0.041533
0.040822
0.042536
0.000000
0.042541
0.023015
0.041529
0.018799
0.037527
0.021204
0.043527
0.037783
0.041533
0.000000
0.033525
0.025025
0.042533
0.037028
0.023525
0.028819
0.042531
0.036539
0.041534
0.000000
0.037017
0.030529
0.026530
0.042531
0.026398
0.041530
0.036534
0.041534
0.042895
0.000000
0.021379
0.042540
0.021021
0.041540
0.036537
0.044039
0.034808
0.023548
0.042571
0.001502
0.030354
0.024029
0.042043
0.037533
0.024015
0.042537
0.044731
0.024535
0.043530
0.000000
0.029537
0.042572
0.041043
0.041541
0.039536
0.042540
0.044541
0.042039
0.034029
0.001000
0.043544
0.029042
