1.000000
0.578207
0.569124
0.566099
0.571050
0.561636
0.559472
0.557077
0.568956
0.568956
0.580281
0.612377
0.626068
0.650222
0.709677
0.735184
0.760545
0.794370
0.807262
0.807262
0.760880
0.661353
0.587320
0.610219
0.609238
0.518674
0.568769
0.617617
0.655206
0.655206
0.488472
0.559762
0.597673
0.515069
0.552329
0.532442
0.493573
0.522822
0.587325
0.587325
0.638154
0.636282
0.681103
0.683517
0.688095
0.618283
0.689633
0.688269
0.672221
0.672221
0.583301
0.613258
0.672092
0.692076
0.689769
0.678063
0.707396
0.724124
0.674285
0.674285
0.740029
0.722576
0.718819
0.691920
0.679562
0.684530
0.720095
0.718185
0.745483
0.745483
0.772187
0.771004
0.770325
0.772553
0.784900
0.791818
0.782947
0.781755
0.779028
0.779028
0.768832
0.771111
0.782764
0.769318
0.777074
0.760397
0.727385
0.677124
0.716220
0.716220
0.724343
0.610349
0.706792
0.675089
0.679033
0.695298
0.613021
0.601840
0.595470
0.595470
0.659702
0.720904
0.685283
0.707441
0.695388
0.706138
0.678199
0.639057
0.621000
0.621000
0.653515
0.565135
0.574003
0.595308
0.580071
0.648728
0.649977
0.594013
0.603632
0.603632
0.648849
0.591214
0.613207
0.605969
0.664314
0.618649
0.599564
0.643054
0.620284
0.620284
0.588919
0.591308
0.586615
0.598284
0.624947
0.689467
0.576350
0.712022
0.702784
0.702784
0.653945
0.666946
0.723102
0.749096
0.747907
0.772330
0.760859
0.757762
0.788393
0.788393
0.823473
0.826363
0.824857
0.815752
0.815587
0.816345
0.816329
0.814505
0.813421
0.813421
0.808098
0.811302
0.815196
0.804484
0.791742
0.780078
0.756307
0.723971
0.711285
0.711285
0.756841
0.726644
0.725920
0.699023
0.690642
0.672814
0.665482
0.652252
0.668155
0.668155
0.651054
0.660345
0.617887
0.585004
0.556774
0.566369
0.451394
0.508475
0.551180
0.551180
0.468972
0.557338
0.440041
0.438666
0.588585
0.483717
0.466412
0.524241
0.544983
0.544983
0.539998
0.532718
0.502434
0.514506
0.491771
0.529039
0.506986
0.502123
0.519597
0.519597
0.515992
0.481055
0.528144
0.459979
0.525541
0.481282
0.454456
0.511572
0.475040
0.475040
0.512216
0.553719
0.587054
0.632517
0.598880
0.605220
0.632718
0.615325
0.598276
0.598276
0.729966
0.756708
0.745366
0.754530
0.737493
0.779047
0.779164
0.774060
0.793066
0.793066
0.808554
0.818706
0.821754
0.816631
0.803198
0.794793
0.778171
0.780251
0.758775
0.758775
0.734376
0.729791
0.711205
0.676041
0.659905
0.673985
0.683395
0.701604
0.718696
0.718696
0.756361
0.751063
0.770378
0.770672
0.791505
0.790812
0.787335
0.757870
0.747929
0.747929
0.678365
0.671000
0.725448
0.645469
0.674980
0.689852
0.702078
0.721173
0.723638
0.723638
0.717245
0.688081
0.693567
0.700349
0.699854
0.706015
0.687474
0.683932
0.656417
0.656417
0.646672
0.627720
0.632840
0.664277
0.655201
0.651781
0.648945
0.642882
0.650171
0.650171
0.636509
0.631170
0.631146
0.628128
0.592349
0.612889
0.611769
0.605326
0.640426
0.640426
0.647351
0.651654
0.665006
0.693510
0.692048
0.673438
0.697674
0.713803
0.707118
0.707118
0.692018
0.713371
0.725409
0.747993
0.776495
0.785968
0.786356
0.791597
0.788704
0.788704
0.746000
0.743617
0.736356
0.698081
0.657375
0.675470
0.674748
0.685444
0.709890
0.709890
0.750051
0.775073
0.791622
0.798723
0.794770
0.798260
0.794887
0.792125
0.760332
0.760332
0.728159
0.748946
0.728230
0.737402
0.719909
0.731953
0.758612
0.737365
0.736531
0.736531
0.543185
0.499343
0.595506
0.692505
0.728036
0.726798
0.747293
0.751959
0.744324
0.744324
0.729420
0.719822
0.711052
0.616909
0.601444
0.612889
0.653050
0.581009
0.590475
0.590475
0.608093
0.611318
0.667964
0.589452
0.609839
0.596070
0.649569
0.582020
0.627265
0.627265
0.591276
0.598065
0.611204
0.664759
0.665771
0.658626
0.586297
0.575597
0.600502
0.600502
0.639931
0.647424
0.662117
0.654137
0.638207
0.671211
0.717805
0.686868
0.701045
0.701045
0.646735
0.722506
0.666849
0.636990
0.629368
0.630643
0.657550
0.691240
0.708348
0.708348
0.735522
0.729866
0.724964
0.730608
0.733734
0.730748
0.729464
0.742452
0.724051
0.724051
0.689703
0.722426
0.719536
0.731716
0.732862
0.707742
0.689774
0.693587
0.704079
0.704079
0.666457
0.649453
0.634312
0.599247
0.612701
0.623911
0.654633
0.662812
0.596100
0.596100
0.614427
0.551342
0.468293
0.492282
0.504448
0.460054
0.470293
0.461221
0.529232
0.529232
0.517695
0.485624
0.497652
0.516688
0.517015
0.518593
0.484303
0.493336
0.481372
0.481372
0.497282
0.500857
0.475513
0.495852
0.494312
0.508976
0.498732
0.514897
0.522403
0.522403
0.507793
0.531141
0.517208
0.510446
0.511422
0.513617
0.524487
0.502960
0.505377
0.505377
0.509516
0.522544
0.497236
0.520749
0.525503
0.492460
0.503098
0.521056
0.501262
0.501262
0.527196
0.556921
0.536047
0.529289
0.480472
0.505026
0.499949
0.478328
0.487653
0.487653
0.508524
0.525230
0.520976
0.499552
0.494947
0.455581
0.431179
0.411400
0.426386
0.426386
0.442107
0.437957
0.453323
0.460823
0.465653
0.457831
0.490642
0.466917
0.506148
0.506148
0.441974
0.454327
0.473696
0.429579
0.418521
0.420243
0.432532
0.430266
0.430086
0.430086
0.428872
0.414375
0.430376
0.469902
0.420958
0.440358
0.446408
0.419602
0.439179
0.439179
0.444889
0.483284
0.460263
0.472438
0.439896
0.472862
0.480308
0.499564
0.506457
0.506457
0.523378
0.497734
0.506715
0.539497
0.537693
0.567760
0.535143
0.549725
0.577307
0.577307
0.563435
0.579652
0.565801
0.572876
0.575627
0.548927
0.601295
0.570371
0.589933
0.589933
0.535259
0.426840
0.574754
0.488400
0.482302
0.486323
0.594292
0.509337
0.586752
0.586752
0.678865
0.652017
0.725954
0.730749
0.685942
0.667446
0.724039
0.704256
0.699696
0.699696
0.710617
0.726705
0.721092
0.723463
0.713414
0.732893
0.738565
0.742636
0.705598
0.705598
0.714034
0.750443
0.812400
0.819493
0.791267
0.776072
0.740726
0.732347
0.674071
0.674071
0.570365
0.614853
0.561429
0.624477
0.585165
0.693186
0.575970
0.568330
0.583665
0.583665
0.587182
0.571769
0.573247
0.587947
0.562982
0.573793
0.587698
0.601498
0.623449
0.623449
0.556940
0.557134
0.558762
0.562835
0.615598
0.544830
0.596262
0.583950
0.552954
0.552954
0.560229
0.578379
0.575262
0.603884
0.546582
0.576154
0.595978
0.604945
0.547954
0.547954
0.550474
0.562191
0.585569
0.603250
0.575905
0.616189
0.574244
0.596573
0.624281
0.624281
0.609939
0.606003
0.660447
0.602635
0.580387
0.603070
0.586935
0.541112
0.618162
0.618162
0.713331
0.714966
0.713828
0.715595
0.703904
0.708348
0.754755
0.740452
0.737234
0.737234
0.695031
0.739262
0.712854
0.692658
0.682993
0.671946
0.648434
0.695499
0.683735
0.683735
0.536865
0.582222
0.569524
0.416061
0.436097
0.429365
0.481744
0.617585
0.630978
0.630978
0.614340
0.610643
0.624593
0.636606
0.613666
0.633999
0.625985
0.632741
0.648400
0.648400
0.621995
0.609491
0.609804
0.632563
0.650429
0.644072
0.652912
0.654286
0.692279
0.692279
0.723747
0.713881
0.720730
0.709513
0.721112
0.702714
0.688515
0.685237
0.667390
0.667390
0.653622
0.585220
0.569492
0.568663
0.580767
0.562845
0.560264
0.525780
0.571850
0.571850
0.535042
0.543729
0.534501
0.555394
0.547346
0.539145
0.581936
0.546796
0.603845
0.603845
0.596252
0.631688
0.524496
0.501346
0.441928
0.539159
0.583896
0.541148
0.584843
0.584843
0.661053
0.693900
0.643805
0.641304
0.596751
0.639376
0.663883
0.624509
0.618034
0.618034
0.626975
0.639062
0.612334
0.610987
0.600365
0.609458
0.594173
0.594558
0.623346
0.623346
0.654195
0.642197
0.644679
0.643224
0.654773
0.685522
0.698341
0.714419
0.723698
0.723698
0.718406
0.738104
0.743090
0.745116
0.749495
0.734744
0.745916
0.708983
0.717339
0.717339
0.721541
0.734646
0.738700
0.774126
0.702316
0.671123
0.535346
0.532583
0.630463
0.630463
0.571717
0.599231
0.581445
0.627363
0.587516
0.569322
0.640399
0.620332
0.572486
0.572486
0.527158
0.523205
0.544437
0.515639
0.484493
0.506075
0.514401
0.503430
0.486597
0.486597
0.457969
0.443882
0.463014
0.465980
0.471170
0.452521
0.466953
0.487496
0.463578
0.463578
0.482058
0.477868
0.480229
0.485446
0.461190
0.512663
0.547388
0.529270
0.549694
0.549694
0.576818
0.576678
0.571340
0.587533
0.560944
0.554703
0.598601
0.563545
0.527440
0.527440
0.523215
0.544012
0.549794
0.464132
0.444581
0.522621
0.519520
0.543750
0.573409
0.573409
0.669112
0.661963
0.643998
0.629449
0.670817
0.716842
0.702636
0.731643
0.733503
0.733503
0.710817
0.716182
