1.000000
0.787164
0.752330
0.720921
0.702645
0.664234
0.761156
0.727920
0.742581
0.742581
0.625223
0.750582
0.773798
0.777227
0.752549
0.773428
0.780168
0.761018
0.772142
0.772142
0.755964
0.771775
0.759126
0.737552
0.732342
0.721790
0.677089
0.717765
0.708130
0.708130
0.649189
0.615856
0.621404
0.712748
0.753748
0.743361
0.746734
0.712772
0.756603
0.756603
0.715391
0.722674
0.703906
0.620774
0.705739
0.730749
0.694926
0.769667
0.750181
0.750181
0.720422
0.794252
0.792623
0.771213
0.781619
0.784978
0.799686
0.795894
0.803838
0.803838
0.793023
0.789611
0.795639
0.784255
0.777543
0.772335
0.772106
0.768071
0.717430
0.717430
0.660805
0.678844
0.692865
0.726487
0.733592
0.761327
0.667753
0.739795
0.696348
0.696348
0.696910
0.698095
0.798050
0.819884
0.751248
0.758647
0.717114
0.692291
0.681108
0.681108
0.700925
0.776326
0.780322
0.730763
0.580096
0.687235
0.567636
0.662412
0.764504
0.764504
0.373346
0.470120
0.442590
0.370205
0.420984
0.583250
0.594484
0.399156
0.323050
0.323050
0.439525
0.631057
0.600662
0.634926
0.541335
0.499823
0.535357
0.444842
0.391694
0.391694
0.244110
0.319663
0.479655
0.532433
0.496412
0.508032
0.557316
0.595510
0.625014
0.625014
0.540249
0.530419
0.491389
0.505027
0.342332
0.400554
0.437886
0.496996
0.519922
0.519922
0.284914
0.173448
0.167278
0.099943
0.316941
0.097182
0.303892
0.385839
0.434714
0.434714
0.264907
0.367650
0.353087
0.292716
0.356910
0.325403
0.350832
0.173680
0.354018
0.354018
0.395084
0.239112
0.406646
0.217741
0.492645
0.345467
0.470974
0.430769
0.523591
0.523591
0.426041
0.401643
0.373342
0.478414
0.204040
0.156244
0.279411
0.359512
0.316485
0.316485
0.228949
0.272532
0.191802
0.385814
0.401313
0.333428
0.169250
0.329964
0.365424
0.365424
0.506892
0.529969
0.517205
0.495066
0.531843
0.508448
0.513211
0.536713
0.595959
0.595959
0.452649
0.552427
0.657469
0.589127
0.566319
0.492113
0.418976
0.356362
0.391339
0.391339
0.336590
0.569873
0.602786
0.640301
0.559138
0.593406
0.632532
0.269766
0.305944
0.305944
0.224505
0.206087
0.219660
0.309683
0.213452
0.210835
0.526339
0.555819
0.504439
0.504439
0.280827
0.406778
0.456272
0.347469
0.335182
0.548059
0.633408
0.597511
0.435703
0.435703
0.461819
0.488952
0.523478
0.390543
0.261663
0.556806
0.543771
0.576905
0.302228
0.302228
0.176149
0.091170
0.115160
0.493681
0.244869
0.403603
0.470925
0.509436
0.515247
0.515247
0.465705
0.065105
0.083328
0.238916
0.082903
0.089307
0.175727
0.349122
0.187740
0.187740
0.384644
0.199120
0.225960
0.198483
0.231862
0.271893
0.227327
0.299120
0.220905
0.220905
0.244811
0.159414
0.197095
0.178269
0.229614
0.135095
0.211605
0.186327
0.251559
0.251559
0.310295
0.374738
0.436194
0.363680
0.395985
0.393610
0.449439
0.560241
0.406880
0.406880
0.416693
0.377372
0.412707
0.534138
0.699262
0.697688
0.616831
0.575746
0.550197
0.550197
0.676929
0.725307
0.713928
0.745524
0.685534
0.709957
0.727601
0.708781
0.696428
0.696428
0.642337
0.643865
0.733317
0.671240
0.688762
0.685256
