1.000000
0.792387
0.801087
0.736166
0.723163
0.718242
0.789338
0.792151
0.748937
0.748937
0.783808
0.647364
0.746958
0.738992
0.782797
0.662822
0.740125
0.654664
0.769377
0.769377
0.623477
0.778082
0.711811
0.730480
0.754732
0.689520
0.724908
0.703940
0.736703
0.736703
0.527172
0.670593
0.578840
0.448283
0.562819
0.583086
0.608507
0.731224
0.473888
0.473888
0.622020
0.595089
0.675395
0.733948
0.652701
0.619859
0.731263
0.740123
0.699731
0.699731
0.697462
0.690626
0.691890
0.611093
0.710205
0.754726
0.674823
0.628790
0.635826
0.635826
0.193007
0.367356
0.097007
0.229163
0.093731
0.196727
0.246422
0.104412
0.238762
0.238762
0.245640
0.092255
0.152418
0.181501
0.125289
0.139537
0.130802
0.071776
0.089362
0.089362
0.139694
0.190464
0.361555
0.394647
0.655620
0.532231
0.497092
0.536197
0.579056
0.579056
0.511556
0.579432
0.661908
0.548603
0.629899
0.512266
0.627954
0.595280
0.648865
0.648865
0.607605
0.616749
0.652247
0.501984
0.519547
0.606781
0.541282
0.583699
0.663870
0.663870
0.490868
0.659306
0.554960
0.594377
0.499641
0.515944
0.533430
0.536656
0.543489
0.543489
0.474581
0.509347
0.335564
0.439640
0.462440
0.279102
0.178138
0.475636
0.515322
0.515322
0.658810
0.747202
0.709483
0.719558
0.675830
0.674020
0.588414
0.667067
0.681523
0.681523
0.460523
0.277705
0.200640
0.331436
0.678411
0.726725
0.569248
0.602556
0.601403
0.601403
0.604877
0.725265
0.606427
0.660751
0.591101
0.514314
0.549451
0.516830
0.388349
0.388349
0.402524
0.210762
0.258152
0.238983
0.229905
0.287254
0.675982
0.608495
0.398535
0.398535
0.294317
0.165315
0.184089
0.323903
0.377079
0.401528
0.096701
0.472231
0.540481
0.540481
0.561680
0.277083
0.326325
0.322984
0.321063
0.357958
0.338263
0.373719
0.376822
0.376822
0.276389
0.363106
0.325250
0.357290
0.373908
0.251710
0.401598
0.296723
0.373437
0.373437
0.375619
0.276352
0.310571
0.434791
0.359060
0.306118
0.258736
0.388065
0.414572
0.414572
0.344780
0.262222
0.306971
0.354775
0.275205
0.316757
0.269934
0.450499
0.303713
0.303713
0.118655
0.150838
0.382369
0.527995
0.431933
0.414613
0.338439
0.141524
0.217287
0.217287
0.123357
0.165079
0.154064
0.190955
0.183239
0.118448
0.307446
0.737954
0.555715
0.555715
0.581615
0.442702
0.392267
0.259782
0.336404
0.471209
0.430164
0.582361
0.620143
0.620143
0.505380
0.614354
0.526366
0.516446
0.541041
0.517579
0.505257
0.546632
0.594222
0.594222
0.603470
0.516847
0.536742
0.564057
0.498668
0.480464
0.373469
0.221874
0.223743
0.223743
0.352157
0.118748
0.174603
0.202280
0.077340
0.247901
0.379703
0.195551
0.087830
0.087830
0.144715
0.360113
0.433401
0.357568
0.203629
0.125034
0.162806
0.188329
0.256234
0.256234
0.285939
0.224946
0.156789
0.235318
0.312163
0.188070
0.204493
0.195996
0.177385
0.177385
0.311848
0.276464
0.119919
0.416108
0.190948
0.315856
0.237268
0.337731
0.215605
0.215605
0.190207
0.168441
0.469472
0.430126
0.520408
0.321127
0.528344
0.249317
0.404212
0.404212
0.309043
0.307742
0.366703
0.179158
0.270527
0.359686
0.307373
0.352390
0.397518
0.397518
0.199887
0.094490
0.136040
0.150969
0.123992
0.125371
0.306136
0.160067
0.104856
0.104856
0.408512
0.507662
0.444522
0.366690
0.521984
0.442769
0.404966
0.342519
0.385351
0.385351
0.177905
0.136531
0.167058
0.309011
0.274345
0.250511
0.329367
0.335191
0.377542
0.377542
0.335099
0.104160
0.101885
0.164375
0.101506
0.107201
0.115690
0.296817
0.350806
0.350806
0.154000
0.319905
0.276010
0.187532
0.340992
0.158188
0.300469
0.243136
0.232417
0.232417
0.217857
0.336134
0.223836
0.248239
0.182035
0.252621
0.204131
0.254501
0.134985
0.134985
0.143623
0.128941
0.187220
0.263218
0.294513
0.179897
0.163992
0.316367
0.424341
0.424341
0.270596
0.372127
0.409440
0.435254
0.238429
0.290665
0.235941
0.421987
0.398511
0.398511
0.123057
0.303973
0.281614
0.403160
0.418254
0.495349
0.248412
0.294867
0.204274
0.204274
0.096125
0.380075
0.162281
0.197719
0.153537
0.144157
0.107373
0.129653
0.099017
0.099017
0.204871
0.172967
0.226779
0.215257
0.159904
0.212429
0.164793
0.164955
0.124523
0.124523
0.129882
0.244753
0.220482
0.154259
0.197374
0.215422
0.286361
0.272216
0.376630
0.376630
0.659161
0.521224
0.317573
0.656281
0.425892
0.396258
0.540530
0.293853
0.462921
0.462921
0.370507
0.281777
0.315886
0.262832
0.470667
0.340444
0.364703
0.314568
0.373149
0.373149
0.283338
0.422022
0.397427
0.547292
0.481227
0.431004
0.382592
0.398756
0.276626
0.276626
0.457522
0.379848
0.456589
0.141984
0.611925
0.404246
0.514897
0.531141
0.529519
0.529519
0.657720
0.415205
0.430567
0.523168
0.402961
0.603056
0.642589
0.615938
0.570845
0.570845
0.498053
0.562056
0.617779
0.553271
0.551923
0.678333
0.545088
0.587313
0.625470
0.625470
0.590024
0.615090
0.597892
0.411942
0.586498
0.435274
0.561362
0.397296
0.654692
0.654692
0.492140
0.574055
0.570886
0.517252
0.518791
0.670661
0.700913
0.566680
0.672612
0.672612
0.665362
0.518738
0.490731
0.636353
0.728724
0.635353
0.696867
0.303881
0.597983
0.597983
0.541325
0.411651
0.708526
0.709663
0.527244
0.635209
0.701114
0.539585
0.452437
0.452437
0.536582
0.623915
0.410746
0.717836
0.480311
0.563709
0.456534
0.373898
0.529648
0.529648
0.547117
0.527754
0.625089
0.608668
0.614466
0.572166
0.574140
0.549412
0.538534
0.538534
0.525554
0.534046
0.371463
0.597833
0.501773
0.592655
0.682888
0.577631
0.264142
0.264142
0.560326
0.620660
0.497964
0.449305
0.574995
0.684921
0.526067
0.606881
0.562991
0.562991
0.669732
0.552387
0.520577
0.523829
0.550916
0.666768
0.621746
0.627038
0.584858
0.584858
0.599995
0.545438
0.684795
0.561571
0.647101
0.650853
0.430897
0.518563
0.663771
0.663771
0.677885
0.529902
0.469687
0.614107
0.520420
0.604079
0.555958
0.495928
0.494961
0.494961
0.650577
0.644346
0.395306
0.621215
0.512756
0.520537
0.670225
0.584262
0.538505
0.538505
0.510683
0.195111
0.346468
0.569951
0.576318
0.519733
0.502207
0.348270
0.572193
0.572193
0.545821
0.610231
0.592909
0.529148
0.463792
0.578685
0.615876
0.650041
0.638844
0.638844
0.635076
0.645534
0.523007
0.444909
0.638308
0.657288
0.672120
0.682817
0.503009
0.503009
0.421108
0.487988
0.383953
0.640565
0.300006
0.586828
0.635925
0.445727
0.487355
0.487355
0.267371
0.594005
0.462909
0.647200
0.616185
0.379473
0.451284
0.480264
0.392051
0.392051
0.309361
0.544430
0.584000
0.251644
0.482675
0.536140
0.488541
0.518638
0.639317
0.639317
0.545328
0.568417
0.417968
0.663317
0.370746
0.245505
0.463517
0.513257
0.386845
0.386845
0.633655
0.615658
0.538887
0.581891
0.623003
0.579338
0.605598
0.597239
0.558558
0.558558
0.591433
0.616101
0.645777
0.513079
0.560808
0.246107
0.415460
0.710125
0.414988
0.414988
0.589893
0.558036
0.537057
0.560478
0.637151
0.515452
0.544812
0.134192
0.174962
0.174962
0.068201
0.165856
0.137214
0.060268
0.053407
0.093051
0.053778
0.125538
0.073890
0.073890
0.112460
0.055513
0.057388
0.055091
0.196242
0.178137
0.076133
0.260896
0.144583
0.144583
0.121864
0.122949
0.117090
0.056968
0.042574
0.092841
0.048689
0.059801
0.070923
0.070923
0.109355
0.102864
0.107272
0.107540
0.074078
0.207182
0.163338
0.114378
0.369370
0.369370
0.403831
0.259442
0.060822
0.260679
0.053822
0.057579
0.053515
0.167261
0.068238
0.068238
0.330953
0.087753
0.140214
0.344561
0.074067
0.065145
0.076589
0.391564
0.150814
0.150814
0.121579
0.061995
0.081967
0.086861
0.421385
0.303436
0.164023
0.313283
0.095580
0.095580
0.118779
0.144858
0.215877
0.085569
0.144394
0.173506
0.149631
0.155927
0.092878
0.092878
0.136498
0.049513
0.054455
0.068633
0.114445
0.069659
0.052774
0.098461
0.066848
0.066848
0.084854
0.076663
0.041354
0.061226
0.080737
0.135438
0.132150
0.067455
0.059510
0.059510
0.298402
0.187517
0.061281
0.087562
0.090608
0.156948
0.062262
0.077504
0.108755
0.108755
0.034096
0.173171
0.336875
0.048529
0.102611
0.489930
0.116917
0.156726
0.086514
0.086514
0.064435
0.355095
0.277695
0.195825
0.086320
0.077820
0.245097
0.376728
0.165598
0.165598
0.116907
0.245455
0.220885
0.302194
0.249599
0.211645
0.210910
0.355569
0.220134
0.220134
0.215312
0.312808
0.359673
0.226287
0.369856
0.377992
0.148411
0.190134
0.117469
0.117469
0.200375
0.114367
0.218164
0.158068
0.255032
0.180514
0.248531
0.178275
0.447451
0.447451
0.331395
0.446324
0.298254
0.211320
0.262861
0.343758
0.140297
0.201520
0.137014
0.137014
0.143023
0.132008
0.208619
0.229802
0.194395
0.156129
0.246647
0.319860
0.061473
0.061473
0.085234
0.220109
0.131751
0.178044
0.239050
0.101385
0.129579
0.091856
0.088817
0.088817
0.098419
0.131097
0.234453
0.052462
0.092553
0.073104
0.034198
0.075384
0.044111
0.044111
0.162689
0.111407
0.054384
0.109090
0.140842
0.112861
0.205038
0.064031
0.231473
0.231473
0.394401
0.548667
0.586753
0.532561
0.503734
0.682078
0.588325
0.474036
0.608353
0.608353
0.662977
0.624056
0.639475
0.475261
0.546083
0.663599
0.669212
0.744198
0.585372
0.585372
0.516826
0.549416
0.584807
0.571304
0.702392
0.675016
0.550152
0.632048
0.482960
0.482960
0.431714
0.603776
0.666667
0.559336
0.598980
0.587658
0.648937
0.600393
0.678023
0.678023
0.567170
0.599299
0.613279
0.687431
0.571103
0.509631
0.655979
0.652008
0.568752
0.568752
0.609753
0.583551
0.678503
0.571931
0.487002
0.483042
0.688461
0.603746
0.487700
0.487700
0.621503
0.585091
0.658299
0.590963
0.601692
0.727941
0.710886
0.566440
0.713581
0.713581
0.485562
0.638072
0.700367
0.262083
0.537057
0.640803
0.493404
0.666310
0.673865
0.673865
0.604275
0.621563
0.613643
0.676171
0.641581
0.483517
0.529357
0.626883
0.647689
0.647689
0.725126
0.450761
0.617859
0.511404
0.472040
0.692132
0.693194
0.635465
0.654284
0.654284
0.632032
0.559894
0.652904
0.613122
0.554082
0.550067
0.613890
0.509050
0.441117
0.441117
0.498126
0.651394
0.653307
0.644138
0.659998
0.562786
0.688133
0.646272
0.383507
0.383507
0.594270
0.605151
0.483486
0.473677
0.716202
0.601723
0.593566
0.532176
0.639455
0.639455
0.632813
0.581291
0.556581
0.266094
0.500839
0.625222
0.608729
0.527899
0.617490
0.617490
0.618499
0.533313
0.559999
0.677288
0.598025
0.550624
0.570417
0.523933
0.593235
0.593235
0.642424
0.603683
0.492168
0.697436
0.601998
0.569272
0.546274
0.582544
0.578835
0.578835
0.727885
0.651699
0.646823
0.511239
0.631476
0.581876
0.608743
0.584907
0.491806
0.491806
0.696075
0.727062
0.555689
0.628642
0.535902
0.627518
0.537321
0.644117
0.490189
0.490189
0.534568
0.609016
0.564217
0.558654
0.579570
0.470981
0.531325
0.509791
0.595656
0.595656
0.664876
0.472699
0.579037
0.594886
0.618954
0.583272
0.553344
0.578671
0.624735
0.624735
0.515760
0.447316
0.639612
0.613314
0.456951
0.546806
0.655794
0.510754
0.635907
0.635907
0.552053
0.573529
0.556075
0.534993
0.637225
0.595116
0.548460
0.648496
0.596401
0.596401
0.653050
0.462745
0.561151
0.628337
0.522391
0.619750
0.600163
0.637272
0.598537
0.598537
0.532572
0.548048
0.577263
0.582530
0.564145
0.529887
0.538563
0.445611
0.638969
0.638969
0.469180
0.598405
0.492955
0.498625
0.233048
0.055754
0.245489
0.158808
0.046806
0.046806
0.372430
0.081127
0.127864
0.134293
0.150135
0.311651
0.054317
0.382663
0.461294
0.461294
0.303450
0.346878
0.521394
0.143842
0.114469
0.130797
0.071847
0.099540
0.051957
0.051957
0.047850
0.058372
0.061984
0.165565
0.121352
0.125131
0.034572
0.134188
0.040414
0.040414
0.138171
0.055660
0.070362
0.051068
0.088882
0.029466
0.034614
0.080517
0.031223
0.031223
0.215038
0.036481
0.045276
0.064594
0.051575
0.070248
0.087101
0.037399
0.028955
0.028955
0.029630
0.046062
0.039116
0.053555
0.113046
0.064860
0.043453
0.047105
0.136632
0.136632
0.185350
0.031281
0.044315
0.042920
0.058476
0.027729
0.037201
0.056698
0.042939
0.042939
0.103154
0.060403
0.054562
0.050724
0.035003
0.037205
0.049193
0.043573
0.034388
0.034388
0.102565
0.249185
0.059862
0.169107
0.146331
0.066645
0.299029
0.216448
0.260641
0.260641
0.042687
0.080325
0.175544
0.144889
0.108283
0.231397
0.210010
0.465969
0.504651
0.504651
0.478624
0.447595
0.430097
0.399181
0.566474
0.530687
0.470554
0.420495
0.440533
0.440533
0.492380
0.502083
0.505956
0.448375
0.485961
0.486964
0.401705
0.494017
0.371394
0.371394
0.493254
0.471466
0.499027
0.485163
0.505141
0.420312
0.411206
0.546136
0.473144
0.473144
0.509733
0.418377
0.497551
0.572641
0.455069
0.508986
0.518659
0.501063
0.468464
0.468464
0.451075
0.553848
0.513239
0.418120
0.433623
0.421420
0.509820
0.453066
0.424487
0.424487
0.429210
0.437651
0.350029
0.420157
0.552952
0.472760
0.458895
0.498362
0.464298
0.464298
0.438252
0.517095
0.497405
0.485810
0.419471
0.434908
0.443675
0.614869
0.139237
0.139237
0.097687
0.184755
0.431271
0.302787
0.265397
0.322132
0.131376
0.047560
0.048524
0.048524
0.072478
0.129276
0.078941
0.110748
0.070233
0.112120
0.116207
0.169556
0.042658
0.042658
0.083810
0.041540
0.032361
0.158705
0.205175
0.077435
0.091920
0.112744
0.457951
0.457951
0.029141
0.245878
0.073683
0.228299
0.083366
0.083683
0.065451
0.053608
0.039527
0.039527
0.065511
0.084674
0.120005
0.047654
0.076784
0.126802
0.080945
0.086078
0.109123
0.109123
0.095967
0.083710
0.066426
0.147892
0.050755
0.081281
0.038813
0.460096
0.518423
0.518423
0.121473
0.075981
0.133301
0.444592
0.241982
0.311818
0.291194
0.047003
0.069936
0.069936
0.126508
0.043642
0.063110
0.127377
0.116554
0.111106
0.042878
0.054706
0.047142
0.047142
0.110490
0.115738
0.037191
0.219195
0.073971
0.211372
0.252414
0.045455
0.034481
0.034481
0.050351
0.081224
0.108572
0.036244
0.126579
0.057820
0.037770
0.048763
0.109942
0.109942
0.340812
0.071280
0.110391
0.308668
0.212715
0.305698
0.045580
0.044921
0.146045
0.146045
0.076920
0.111424
0.041483
0.070278
0.160509
0.029666
0.122637
0.074102
0.259929
0.259929
0.183262
0.049864
0.123252
0.190536
0.080687
0.091892
0.085816
0.135252
0.050440
0.050440
0.344707
0.508327
0.481083
0.427403
0.451850
0.415293
0.314395
0.417549
0.412771
0.412771
0.245399
0.374548
0.413781
0.541191
0.063380
0.308275
0.238263
0.103294
0.351081
0.351081
0.039000
0.076028
0.040512
0.041608
0.041985
0.032808
0.029208
0.034031
0.037767
0.037767
0.078069
0.056927
0.034061
0.052799
0.034127
0.043609
0.060135
0.041830
0.121794
0.121794
0.066045
0.038947
0.048150
0.033859
0.121980
0.038540
0.402423
0.036977
0.039658
0.039658
0.057550
0.047284
0.027117
0.046047
0.065793
0.070220
0.128239
0.037912
0.029281
0.029281
0.242295
0.250172
0.090837
0.045172
0.099882
0.050733
0.048699
0.046086
0.066500
0.066500
0.050329
0.048263
0.241469
0.250420
0.137389
0.048397
0.048850
0.303910
0.199331
0.199331
0.372731
0.063498
0.047895
0.173105
0.178974
0.072676
0.089897
0.046227
0.030559
0.030559
0.038101
0.058074
0.040983
0.034416
0.049680
0.030806
0.043898
0.121891
0.219804
0.219804
0.077638
0.035594
0.116688
0.044774
0.058033
0.110967
0.074055
0.159329
0.065860
0.065860
0.032649
0.050009
0.080625
0.060137
0.057041
0.067901
0.048687
0.040930
0.036415
0.036415
0.036474
0.030876
0.034246
0.030605
0.031553
0.182862
0.048544
0.057620
0.070062
0.070062
0.048474
0.119402
0.051665
0.034602
0.038927
0.074868
0.113922
0.040892
0.041498
0.041498
0.039065
0.032934
0.232768
0.037460
0.297764
0.035742
0.031969
0.196262
0.249646
0.249646
0.054776
0.051359
0.044543
0.072987
0.032171
0.040638
0.034274
0.111313
0.041078
0.041078
0.142363
0.072143
0.059878
0.057667
0.062184
0.038791
0.054590
0.090397
0.056080
0.056080
0.036762
0.050613
0.054746
0.054730
0.069372
0.058475
0.075139
0.052590
0.044366
0.044366
0.037877
0.251864
0.031939
0.056976
0.063166
0.060746
0.053216
0.240538
0.152214
0.152214
0.044774
0.163143
0.035542
0.071776
0.035622
0.111308
0.060295
0.038516
0.067021
0.067021
0.066436
0.082894
0.109910
0.042182
0.037558
0.116789
0.043537
0.057468
