1.000000
0.656590
0.833387
0.693625
0.661704
0.405558
0.472845
0.575433
0.502996
0.502996
0.470495
0.264124
0.388444
0.262176
0.456168
0.320522
0.544444
0.621797
0.476434
0.476434
0.502101
0.632708
0.532800
0.577960
0.606348
0.474985
0.564169
0.508091
0.597592
0.597592
0.624869
0.536172
0.624990
0.526228
0.283020
0.159985
0.184689
0.334111
0.650989
0.650989
0.673456
0.501679
0.488466
0.460001
0.253691
0.256759
0.147128
0.178673
0.562695
0.562695
0.603080
0.260957
0.231830
0.312245
0.301921
0.557456
0.349732
0.442358
0.153740
0.153740
0.464530
0.245690
0.259405
0.298548
0.334944
0.317061
0.296624
0.400304
0.080638
0.080638
0.486993
0.333787
0.484148
0.411777
0.229909
0.388317
0.262117
0.380796
0.230199
0.230199
0.151465
0.331058
0.183958
0.311230
0.162869
0.126008
0.213517
0.132129
0.241656
0.241656
0.371894
0.281166
0.438634
0.657143
0.169862
0.254763
0.176284
0.402804
0.110903
0.110903
