0.010003
0.025000
0.021504
0.022510
0.034509
0.031505
0.037011
0.022001
0.041505
0.000000
0.034009
0.042504
0.035009
0.042640
0.032688
0.022002
0.042504
0.043011
0.026000
0.000000
0.042506
0.038507
0.042504
0.033008
0.042504
0.035506
0.042503
0.044505
0.024504
0.000000
0.023000
0.043008
0.036505
0.035504
0.042012
0.036520
0.041505
0.043000
0.032506
0.000000
0.037009
0.043282
0.043011
0.042503
0.043011
0.042506
0.042010
0.033000
0.042506
0.000000
0.029008
0.042504
0.035018
0.042001
0.046006
0.048504
0.038002
0.045504
0.041506
0.001000
0.021010
0.022000
0.028507
0.043009
0.028502
0.043002
0.046504
0.044506
0.023507
0.000000
0.021999
0.020504
0.045009
0.019000
0.042506
0.027008
0.042504
0.036506
0.029000
0.000000
0.042507
0.027006
0.042504
0.030506
0.025505
0.042504
0.029505
0.038671
0.042506
0.000000
0.027503
0.021000
0.023504
0.031506
0.019000
0.041504
0.018506
0.041504
0.040506
0.000000
