1.000000
0.392417
0.304041
0.390452
0.371065
0.217484
0.370736
0.280134
0.233151
0.487007
0.155249
0.362790
0.297279
0.295315
0.231819
0.253096
0.241748
0.204495
0.165495
0.455346
0.243266
0.182379
0.339048
0.251062
0.348594
0.249865
0.317343
0.304127
0.388497
0.405044
0.357147
0.274170
0.353034
0.352576
0.240458
0.259861
0.135087
0.185009
0.080233
0.262326
0.405342
0.429269
0.439745
0.436394
0.388066
0.307398
0.308814
0.317357
0.360795
0.178626
0.174081
0.227221
0.307583
0.164341
0.333234
0.276707
0.396089
0.260242
0.319740
0.339054
0.274970
0.160091
0.200880
0.245418
0.284531
0.210475
0.201659
0.234317
0.386032
0.457156
0.395172
0.447431
0.324470
0.152692
0.374884
0.197070
0.152421
0.119998
0.116402
0.160164
0.081270
0.087434
0.075732
0.101657
0.131737
0.175087
0.212799
0.190549
0.198222
0.176292
0.088312
0.065067
0.071430
0.329902
0.270437
0.142349
0.173004
0.371221
0.407258
0.339261
0.149178
0.273179
0.353776
0.301100
0.234939
0.170670
0.152808
0.129196
0.215087
0.293690
0.445536
0.395412
0.237926
0.210782
0.485458
0.529257
0.485551
0.394700
0.503843
0.498915
0.499093
0.291043
0.285884
0.359666
0.290504
0.349384
0.351896
0.310025
0.209752
0.095285
0.070068
0.258588
0.087399
0.128019
0.340390
0.226084
0.376490
0.285301
0.175678
0.147132
0.245137
0.296583
0.305412
0.308648
0.254640
0.152951
0.127969
0.073674
0.342390
0.163611
0.120619
0.122052
0.253640
0.299649
0.261491
0.236074
0.299716
0.209882
0.313431
0.246290
0.286933
0.164137
0.236208
0.116182
0.084417
0.096501
0.117794
0.157849
0.268278
0.486655
0.333076
0.353227
0.357534
0.118477
0.191663
0.278350
0.224830
0.364527
0.179759
0.192108
0.324965
0.327646
0.346436
0.339595
0.341292
0.178301
0.363066
0.413982
0.441563
0.353473
0.414046
0.298413
0.350847
0.244969
0.197073
0.226869
0.169582
0.302874
0.047075
0.141249
0.307941
0.304549
0.294457
0.454143
0.495118
0.278785
0.286635
0.168608
0.242040
0.177598
0.269870
0.140504
0.393308
0.394311
0.196698
0.156416
0.307390
0.369335
0.294559
0.328519
0.198746
0.128816
0.320615
0.414091
0.297537
0.256752
0.417606
0.281725
0.147359
0.151547
0.262215
0.238559
0.248305
0.201395
0.087796
0.148030
0.152764
0.202235
0.365656
0.472326
0.271066
0.199888
0.134067
0.283433
0.230859
0.241687
0.210685
0.219718
0.241683
0.268376
0.254028
0.310829
0.390642
0.244976
0.237706
0.316989
0.221088
0.297159
0.410844
0.390175
0.301800
0.373108
0.280819
0.248140
0.536542
0.376047
0.395095
0.471365
0.337420
0.273832
0.290530
0.269103
0.286483
0.316023
0.239981
0.214392
0.143273
0.173997
0.160457
0.136833
0.097414
0.097884
0.109182
0.141178
0.083089
0.235175
0.156658
0.075569
0.094746
0.101713
0.226017
0.186876
0.142193
0.180462
0.157496
0.343694
0.108207
0.142496
0.240635
0.139485
0.172704
0.179053
0.184567
0.202312
0.228182
0.139307
0.205973
0.193177
0.130937
0.151011
0.169994
0.090436
0.149165
0.078782
0.169824
0.185886
0.271825
0.227898
0.153405
0.409077
0.322817
0.236683
0.267611
0.247273
0.163095
0.469598
0.359244
0.184981
0.151847
0.402497
0.311061
0.347331
0.327518
0.108277
0.174375
0.162437
0.178493
0.227131
0.192333
0.379480
0.380507
0.332819
0.309236
0.267514
0.171309
0.154072
0.232311
0.187989
0.338236
