938,147,110,130
950,145,106,133
960,143,105,130
978,141,103,127
983,143,105,126
989,146,105,121
990,148,107,118
992,149,112,114
989,148,117,116
990,148,119,115
989,150,119,114
985,151,123,112
976,149,126,119
976,155,123,113
969,158,124,113
959,159,128,112
950,161,131,115
941,162,127,115
935,163,130,115
931,166,115,113
931,164,121,113
934,163,123,112
932,164,125,108
935,162,118,110
935,161,118,111
934,160,117,112
930,162,117,110
925,161,119,109
915,165,118,109
901,166,131,113
884,171,135,115
866,179,134,114
840,189,133,116
816,199,136,116
798,209,137,116
788,216,129,113
779,221,121,112
775,227,115,109
769,231,113,109
763,232,113,110
754,234,112,112
745,235,120,117
743,237,116,119
733,232,113,126
720,228,115,131
714,229,110,118
703,232,106,110
689,236,105,106
678,235,102,115
634,245,102,128
677,248,111,129
683,268,92,110
684,261,94,118
689,265,97,120
692,273,98,115
694,279,101,106
695,287,98,101
696,287,97,98
697,290,99,94
694,287,98,94
694,284,96,95
696,279,97,95
695,276,98,96
691,272,101,96
693,269,100,95
695,266,100,93
695,263,100,94
698,260,99,94
700,259,98,94
702,259,97,94
704,256,95,96
708,257,95,95
709,254,92,95
713,257,93,94
715,258,91,94
717,259,91,94
718,259,91,95
718,258,89,94
722,260,89,93
722,258,88,95
723,257,87,96
726,258,88,95
730,258,86,94
730,254,83,95
733,254,83,94
733,250,79,96
735,251,81,95
734,251,80,95
737,252,80,93
737,252,81,93
736,249,82,94
738,252,82,93
736,251,82,93
735,251,84,94
733,248,82,95
735,247,83,94
736,249,82,93
737,250,82,93
735,249,82,93
734,247,81,94
738,250,82,91
739,250,82,90
736,247,81,92
737,247,82,91
739,249,80,88
737,245,80,91
736,243,79,92
736,243,81,92
737,244,82,90
739,245,81,88
739,247,82,84
740,249,84,82
744,249,84,79
749,250,82,79
754,243,77,86
763,232,76,95
767,209,74,105
771,194,71,105
777,210,72,99
789,186,76,100
793,186,79,97
803,175,78,95
809,173,77,93
813,175,77,90
819,174,78,91
822,181,80,92
824,183,82,94
833,193,83,92
835,196,88,92
828,197,97,98
832,201,102,93
835,202,100,89
846,201,96,90
848,202,93,90
855,196,87,94
864,194,81,94
863,199,79,94
863,205,78,94
860,203,79,98
858,195,81,97
857,193,81,97
853,192,83,97
857,191,80,94
856,184,81,96
857,187,77,94
841,191,79,97
842,178,88,100
844,174,85,97
839,166,85,97
816,173,85,97
825,164,85,97
829,151,85,97
823,142,85,97
835,140,84,97
840,126,84,97
840,110,84,97
850,105,85,98
864,100,86,99
868,97,87,100
867,92,88,102
863,75,89,103
861,92,89,103
861,82,90,104
867,27,90,104
892,-26,92,106
863,45,92,106
863,48,92,106
865,17,90,104
861,41,91,105
845,55,92,106
861,51,91,106
882,42,94,109
880,30,94,109
914,-26,93,108
913,-25,93,108
896,9,94,109
927,-22,96,111
945,-17,94,109
952,-18,94,109
956,-15,96,112
960,4,95,111
973,-20,95,111
980,-9,96,112
987,-6,97,113
993,10,99,116
984,2,99,115
998,-15,99,115
990,-8,99,115
983,9,98,114
992,22,98,114
996,-0,99,115
984,13,100,116
985,9,100,116
980,11,101,117
986,13,102,118
977,-15,102,118
976,6,101,117
979,30,102,118
979,11,102,118
979,18,103,120
992,0,102,119
989,40,102,119
1003,25,100,117
1015,-13,101,118
1015,-10,100,116
1025,-1,100,116
1029,-15,100,116
1027,-1,100,116
1017,-16,98,113
1028,-19,98,113
1026,-19,98,113
1025,-18,97,112
1036,-20,96,111
1025,-18,96,111
1021,-11,95,110
1028,-7,95,110
1025,-16,94,109
1029,-23,94,109
1040,-18,93,109
1040,-23,93,109
1044,-21,93,109
1034,-21,92,109
1035,-24,92,108
1046,-17,93,109
1045,-21,92,108
1034,-15,92,108
1055,-9,92,108
1044,-18,94,110
1042,4,94,110
1054,-23,94,110
1068,-16,95,111
1064,-28,96,112
1038,-19,96,112
1054,-26,96,112
1041,-15,96,112
1057,-18,94,111
1049,-1,92,109
1037,-12,92,109
1024,-18,92,109
1028,-13,93,110
1025,-17,93,110
1047,-23,94,111
1032,-12,94,112
1018,-25,94,111
1005,-12,94,111
1012,-3,94,112
1003,-0,93,111
1024,-25,94,112
1022,-17,93,111
1029,-19,94,112
1019,-6,94,112
990,-20,95,113
1016,-18,95,113
1016,-13,96,114
988,6,96,115
1002,-10,97,116
1004,-10,97,116
1005,-18,96,115
1027,-13,95,114
1011,-19,96,115
1010,-16,95,114
998,-1,93,111
989,-7,94,112
988,-12,94,112
1010,-18,95,114
1005,-12,98,118
1017,-21,97,117
1019,-17,96,116
1018,-16,96,116
1041,-16,95,114
1016,-13,94,113
975,17,94,113
1014,2,92,111
988,-18,93,112
991,2,91,110
977,-18,91,109
975,8,91,109
987,-2,92,110
997,-10,92,110
981,-9,91,109
984,34,92,110
972,15,91,109
971,-9,93,111
966,12,94,112
980,22,94,112
991,4,95,113
1002,17,95,112
974,51,95,112
980,40,94,111
970,31,93,109
976,52,92,107
979,20,92,107
982,-8,91,106
992,-1,92,107
991,4,92,107
982,16,93,108
978,21,93,108
1004,-13,94,109
992,6,91,106
1009,10,90,105
993,-9,90,105
971,-10,90,105
978,0,91,106
1004,-13,91,106
984,-7,90,105
1005,6,91,106
995,-6,91,106
994,-9,91,106
1007,-14,92,107
1018,-10,93,108
997,-11,93,108
1017,-18,92,107
1019,-10,92,107
1007,-14,93,108
991,-10,92,107
1006,-17,91,105
1008,-18,92,106
1031,-14,92,106
985,-11,94,108
982,-9,93,107
994,-17,93,108
991,-6,93,108
994,-18,94,109
988,-13,91,106
999,-16,92,107
995,-14,92,106
1004,-15,91,105
983,-17,92,106
1006,-17,93,107
996,-2,94,108
993,-11,95,109
995,-18,96,111
1001,-21,97,113
989,-19,98,114
977,4,96,112
1011,-16,96,112
994,-15,97,113
985,-13,97,113
986,-14,97,113
997,-15,98,114
982,-10,100,116
960,-8,99,115
984,-16,98,114
1007,-20,96,112
973,9,96,112
993,-21,95,111
972,18,94,110
968,-14,94,110
991,-14,95,111
993,-14,94,110
957,-19,93,109
954,-12,94,111
982,-13,93,110
954,-17,92,109
979,-10,92,109
955,-19,91,108
968,-9,91,108
952,2,92,109
957,-13,92,108
978,-16,92,108
969,1,92,108
966,-7,93,109
980,-5,94,110
967,-8,92,107
982,-13,92,107
969,-11,93,108
991,-4,93,108
966,-15,93,108
973,-16,95,110
979,-5,96,111
981,-3,95,111
999,-12,96,113
998,-16,97,114
978,-6,95,112
988,-14,96,113
974,-2,96,114
982,-11,94,112
984,-4,95,113
984,-24,96,114
982,-12,95,113
967,-17,93,110
1006,-19,93,111
988,-13,91,109
984,-22,91,109
965,12,90,109
986,-22,89,108
1005,-22,89,108
986,-20,89,108
985,-14,90,110
983,-3,91,111
975,-10,91,111
975,-11,91,112
985,12,92,113
975,-0,90,110
990,-19,90,110
987,-14,90,110
978,29,91,111
979,9,92,112
977,-13,92,112
962,14,94,115
965,2,94,115
965,-17,95,116
978,-0,94,115
995,-8,94,115
963,19,95,116
981,-13,95,116
988,-13,94,115
974,-10,94,115
983,-13,95,116
984,-14,95,115
978,-15,96,116
987,-10,98,118
991,-7,98,118
982,9,96,116
992,-16,97,117
1002,-11,96,116
998,-6,96,116
1013,-6,96,117
1016,-18,97,119
996,-14,98,121
1017,-23,97,120
1033,-25,98,121
1035,-18,99,122
1085,39,98,121
1020,-1,99,122
1021,-21,100,123
1024,-12,101,124
1035,1,99,122
1018,-16,100,124
1030,-8,98,122
1042,-17,99,123
1031,-15,100,124
1022,-13,100,124
1037,-6,102,126
1043,-10,102,127
1052,-20,101,126
1053,-19,100,125
1030,34,99,123
1032,-0,99,123
1044,5,99,123
1041,-13,99,123
1040,2,100,124
1058,-6,100,123
1036,-5,99,121
1044,6,98,120
1040,-6,98,120
1065,-18,97,119
1079,20,99,121
1092,14,99,121
1044,1,99,121
1074,12,98,120
1081,17,97,119
1079,13,96,117
1119,53,96,117
1118,46,96,117
1176,113,96,116
1217,125,96,116
1213,139,93,112
1213,142,92,111
1213,132,91,109
1216,127,90,108
1210,135,91,109
1210,142,89,107
1218,136,88,106
1214,138,88,106
1216,127,88,107
1218,171,88,106
1218,136,87,105
1219,142,86,104
1220,162,86,104
1219,154,85,103
1217,136,85,103
1220,161,85,104
1219,162,86,106
1218,188,85,105
1215,133,86,106
1217,143,86,106
1220,151,83,103
1216,146,82,102
1221,144,81,101
1218,131,80,100
1217,161,80,101
1219,158,79,100
1224,172,78,99
1218,145,78,99
1225,160,78,99
1218,154,78,99
1227,177,79,100
1222,156,79,100
1218,146,77,98
1223,155,75,96
1221,146,75,96
1225,166,75,96
1223,196,74,95
1220,180,73,94
1222,180,73,95
1219,155,74,96
1222,175,73,95
1223,172,72,94
1216,146,72,93
1219,164,72,94
1226,169,72,94
1223,154,73,95
1220,157,74,96
1224,158,74,96
1219,142,75,97
1219,163,75,98
1219,165,75,98
1216,165,74,97
1227,127,73,96
1224,119,72,95
1222,176,71,94
1218,154,70,93
1218,139,69,92
1216,127,70,93
1220,110,69,91
1226,84,69,91
1220,103,68,90
1220,98,68,90
1215,107,68,91
1225,104,69,92
1224,112,70,94
1221,107,70,95
1219,127,70,95
1220,111,69,94
1221,156,68,93
1223,132,67,92
1226,126,68,93
1227,110,68,93
1210,144,68,93
1215,140,69,95
1221,119,68,93
1230,97,68,94
1229,82,69,96
1231,89,69,96
1232,70,69,96
1230,79,68,94
1227,116,68,94
1225,148,69,95
1226,147,69,95
1223,156,69,95
1228,161,69,94
1222,155,68,93
1226,155,68,93
1226,160,68,92
1224,150,67,91
1230,146,67,91
1226,164,67,91
1229,148,67,91
1228,141,68,92
1226,137,69,92
1226,155,69,91
1221,139,70,92
1225,152,71,93
1228,145,71,93
1230,154,70,92
1225,141,70,92
1223,155,69,91
1223,143,69,91
1222,139,68,90
1222,131,68,90
1226,147,68,91
1224,145,68,91
1224,143,68,90
1234,154,68,90
1228,141,69,91
1229,157,68,90
1228,131,69,91
1223,134,70,92
1226,141,70,92
1225,135,70,92
1226,132,69,91
1226,144,68,90
1225,145,67,89
1225,137,67,88
1225,140,67,88
1224,136,67,87
1219,135,67,87
1228,149,66,86
1232,154,67,86
1226,161,67,86
1224,145,68,87
1226,153,68,87
1229,153,68,87
1228,159,68,87
1224,161,67,86
1225,160,68,87
1221,170,69,88
1228,154,68,87
1226,151,68,86
1228,176,67,84
1222,156,67,84
1222,147,66,83
1227,166,65,82
1230,174,64,81
1228,163,65,82
1228,184,65,82
1227,177,65,81
1227,131,65,82
1228,147,66,83
1227,182,65,82
1227,169,64,81
1226,165,63,80
1230,175,63,80
1233,171,59,78
1235,186,57,78
1236,195,56,79
1237,195,55,77
1239,194,54,78
1234,195,60,76
1240,191,53,76
1240,199,53,76
1241,200,52,75
1242,199,51,74
1243,200,51,74
1242,198,52,74
1242,204,51,73
1240,204,51,73
1238,199,53,74
1237,201,55,78
1239,197,54,75
1239,196,54,75
1239,201,55,77
1239,203,55,76
1241,205,54,76
1241,209,53,76
1239,212,54,76
1238,213,59,74
1238,209,59,74
1240,200,53,73
1239,194,58,72
1243,194,51,72
1243,205,50,71
1244,206,51,72
1242,183,51,72
1240,164,54,73
1241,162,53,72
1241,163,54,72
1238,163,55,72
1240,173,54,71
1239,164,58,71
1241,166,54,70
1242,165,54,71
1242,168,53,71
1244,166,52,70
1242,168,53,72
1241,166,54,72
1242,165,54,73
1239,166,55,72
1240,167,54,72
1242,164,53,72
1240,168,55,74
1242,161,54,74
1243,166,53,73
1242,163,53,73
1244,166,52,73
1241,163,54,74
1241,165,55,75
1239,162,56,74
1241,171,54,74
1242,161,54,74
1241,163,54,74
1237,164,56,73
1239,158,56,74
1240,156,55,74
1240,172,55,74
1241,203,54,74
1243,208,52,73
1243,208,53,74
1242,203,53,73
1242,199,52,72
1243,198,51,72
1243,196,52,73
1242,195,51,72
1242,193,52,72
1242,196,51,72
1243,192,51,73
1241,193,53,74
1241,192,53,74
1241,191,53,74
1243,194,52,74
1242,192,53,75
1242,189,53,76
1240,187,55,77
1239,187,56,79
1239,185,56,79
1239,185,55,77
1237,182,56,77
1238,181,56,77
1240,182,55,78
1238,182,55,77
1238,182,56,78
1238,181,57,78
1241,180,56,80
1237,177,57,80
1238,174,57,80
1238,175,58,81
1238,174,58,82
1239,174,58,82
1240,177,58,82
1238,180,58,82
1240,178,57,81
1239,178,56,79
1239,174,56,78
1237,150,57,78
1239,139,56,78
1237,139,58,78
1240,139,57,79
1240,143,57,78
1241,144,56,76
1243,140,55,76
1244,141,55,76
1241,135,57,75
1240,136,57,75
1235,123,62,77
1236,88,59,78
1235,82,60,77
1237,81,59,78
1236,76,59,78
1240,66,59,77
1241,69,57,76
1238,87,58,75
1239,73,58,73
1238,80,58,73
1240,103,58,76
1240,100,57,76
1241,99,56,78
1244,95,54,77
1240,98,54,77
1243,91,53,75
1246,92,52,74
1247,92,51,73
1243,89,61,74
1247,89,51,72
1248,84,50,70
1247,76,51,71
1249,85,50,71
1243,105,58,72
1248,79,49,70
1250,64,49,70
1246,68,58,71
1245,72,52,70
1247,81,52,70
1249,89,51,70
1248,111,52,70
1241,121,59,73
1243,117,52,70
1244,118,52,69
1247,115,51,70
1246,119,51,70
1245,124,51,69
1246,117,52,69
1245,106,52,69
1245,108,53,69
1239,110,56,68
1240,130,59,71
1241,113,54,68
1241,118,60,72
1241,124,54,71
1244,127,51,70
1242,127,53,71
1243,130,53,72
1244,128,53,71
1242,131,55,72
1242,134,55,71
1242,140,58,71
1243,141,58,71
1244,136,58,71
1242,143,58,71
1243,137,58,71
1244,139,58,72
1238,121,58,72
1219,54,58,72
1228,51,58,72
1229,49,58,72
1233,51,58,72
1235,48,59,74
1236,33,60,75
1234,41,60,75
1233,30,60,75
1237,25,61,76
1235,29,61,76
1236,32,62,77
1236,29,62,77
1232,31,62,77
1235,27,61,76
1236,24,61,76
1229,25,61,76
1226,21,62,77
1224,21,62,77
1224,19,62,77
1216,20,63,78
1223,16,63,78
1225,14,63,78
1227,-4,63,78
1216,2,63,78
1226,-7,63,78
1221,-16,64,79
1209,14,64,79
1201,-1,63,78
1219,8,63,78
1206,16,63,78
1229,60,63,78
1238,76,63,77
1240,66,64,78
1239,66,64,78
1238,65,59,76
1238,67,59,76
1241,63,58,77
1242,66,57,76
1240,70,58,76
1239,64,58,74
1242,62,56,75
1241,67,57,75
1237,67,58,74
1242,67,56,76
1242,64,53,71
1243,68,52,72
1243,70,52,71
1243,71,52,71
1245,65,51,71
1245,70,51,72
1245,69,50,71
1247,67,49,71
1244,71,50,71
1245,70,49,70
1246,72,49,69
1245,76,49,70
1245,76,49,70
1245,75,48,69
1246,79,48,68
1248,80,47,69
1246,78,48,68
1247,80,47,67
1244,83,49,67
1246,82,48,68
1247,80,47,67
1248,81,47,66
1248,82,46,67
1249,83,47,67
1247,83,47,67
1246,85,47,68
1247,83,47,67
1249,81,47,68
1248,83,47,65
1248,84,46,66
1247,85,48,66
1246,84,47,65
1247,84,47,66
1245,83,48,65
1247,84,48,67
1247,82,49,68
1244,84,50,68
1245,82,49,69
1247,82,49,69
1246,79,49,68
1247,80,50,69
1246,81,49,68
1246,84,49,67
1244,80,51,67
1246,78,51,68
1246,78,50,67
1246,79,51,68
1245,77,51,68
1245,75,52,69
1247,72,51,69
1245,78,52,69
1245,75,51,70
1245,75,51,70
1246,72,52,71
1244,75,52,71
1245,76,51,71
1246,75,51,71
1245,73,52,72
1246,72,51,74
1246,73,51,73
1243,72,53,73
1242,72,53,72
1245,74,53,72
1244,72,53,73
1242,72,54,73
1242,72,54,73
1242,73,55,74
1244,73,54,75
1244,73,54,73
1245,70,54,75
1243,71,55,75
1244,71,54,75
1243,71,54,74
1242,72,54,74
1244,72,54,74
1244,70,54,74
1244,74,54,74
1243,73,54,73
1244,72,54,74
1244,75,53,74
1244,76,54,74
1244,72,54,75
1244,73,55,75
1244,73,55,75
1245,72,54,75
1243,75,55,75
1243,77,55,74
1241,76,55,73
1243,77,55,74
1244,76,55,76
1244,75,55,75
1245,78,55,75
1243,76,55,74
1244,76,54,75
1242,75,55,74
1242,74,56,76
1244,76,55,75
1244,74,55,76
1244,77,54,75
1245,77,53,75
1246,77,53,75
1246,76,53,76
1244,77,53,75
1246,77,53,76
1245,76,51,75
1246,80,51,75
1246,81,51,73
1247,79,50,72
1246,80,51,72
1248,79,51,73
1247,79,51,73
1247,82,50,72
1247,84,50,71
1247,84,49,71
1247,84,50,71
1247,82,49,71
1247,84,49,71
1247,84,49,71
1248,86,49,71
1245,84,49,70
1246,86,49,70
1247,87,49,70
1248,85,50,71
1246,86,51,71
1247,86,51,72
1246,85,51,71
1248,84,50,71
1245,85,51,71
1245,84,51,72
1245,84,52,72
1244,81,53,74
1244,84,53,74
1243,79,53,74
1244,78,55,76
1242,79,56,77
1241,76,55,77
1242,79,56,78
1242,75,57,79
1242,76,56,78
1243,76,56,78
1242,76,57,79
1244,74,55,78
1244,73,55,78
1243,73,55,77
1243,75,55,76
1244,70,55,77
1242,75,56,76
1243,71,57,78
1243,70,57,78
1242,73,59,80
1241,74,59,79
1241,74,59,79
1241,74,59,78
1241,72,58,79
1244,74,58,78
1242,75,58,77
1241,76,57,77
1242,74,57,77
1241,74,58,77
1241,74,58,76
1240,77,60,79
1241,77,59,78
1241,76,60,79
1243,73,59,79
1243,74,60,79
1243,74,59,78
1242,75,59,77
1240,76,60,79
1241,75,61,80
1239,74,61,80
1239,76,61,80
1239,76,61,80
1241,75,60,78
1239,75,60,78
1240,79,59,77
1241,81,59,78
1242,79,58,77
1241,82,59,77
1241,78,59,78
1241,81,58,78
1242,85,57,76
1243,87,56,75
1243,81,57,77
1243,84,57,76
1243,82,57,75
1241,85,58,76
1242,84,57,74
1241,88,57,74
1242,90,57,74
1242,88,57,74
1242,92,57,74
1243,92,56,73
1244,93,55,72
1244,94,55,72
1243,97,54,71
1244,93,55,71
1245,92,55,72
1242,92,57,73
1244,96,56,71
1243,97,56,72
1245,99,55,71
1242,98,56,72
1245,97,55,72
1243,97,55,72
1245,96,54,71
1244,98,54,71
1246,99,54,71
1246,94,54,73
1244,96,53,73
1243,95,54,73
1244,97,54,74
1243,95,54,74
1244,94,54,73
1243,96,53,71
1244,92,53,71
1244,97,53,71
1243,91,54,73
1243,94,54,72
1242,92,57,74
1242,92,56,74
1244,95,55,72
1243,92,55,73
1243,94,56,72
1244,93,55,72
1243,93,56,72
1242,92,56,71
1243,94,55,71
1243,90,55,71
1244,93,55,70
1243,91,55,71
1244,94,56,72
1244,93,54,70
1244,91,54,71
1243,91,56,73
1243,93,55,72
1242,92,57,74
1242,91,56,72
1243,90,55,72
1242,91,56,73
1244,89,55,73
1242,92,55,73
1245,91,53,72
1245,88,53,72
1244,95,53,72
1244,95,53,72
1244,94,54,72
1242,93,55,73
1245,87,53,72
1245,90,52,71
1244,90,53,71
1244,88,53,70
1244,90,52,71
1245,93,52,70
1245,90,52,70
1244,94,53,71
1244,92,53,71
1244,91,53,70
1244,94,54,72
1243,93,55,72
1241,91,57,74
1242,92,57,76
1242,93,57,75
1244,89,57,75
1242,91,58,76
1241,87,58,75
1243,88,57,76
1240,89,58,76
1243,88,58,76
1241,88,58,76
1241,88,59,77
1241,92,59,76
1239,90,60,77
1238,90,61,78
1238,87,61,79
1240,90,61,79
1238,91,61,79
1238,90,61,78
1243,90,60,78
1239,91,61,78
1238,93,61,78
1240,92,61,77
1240,92,61,78
1241,93,60,77
1240,93,60,76
1242,98,59,76
1241,99,59,76
1242,98,59,76
1241,99,59,76
1241,97,59,76
1239,98,60,76
1241,98,61,77
1239,98,59,77
1240,99,59,77
1241,102,60,77
1239,101,60,77
1240,103,59,77
1240,102,60,77
1239,105,60,76
1238,108,61,75
1240,106,61,78
1238,107,61,78
1238,106,62,78
1238,111,62,77
1238,107,62,79
1237,111,63,79
1238,119,62,78
1236,119,63,77
1233,121,64,80
1232,124,65,81
1232,123,65,83
1236,125,63,83
1237,128,63,82
1235,126,66,83
1231,124,68,82
1232,128,69,85
1228,125,70,84
1228,125,72,86
1225,122,73,88
1231,120,71,88
1222,122,74,89
1227,121,72,90
1228,117,74,92
1226,119,73,90
1227,119,74,90
1226,117,74,89
1229,118,74,89
1229,119,74,88
1234,120,73,90
1232,120,72,88
1224,123,74,90
1227,120,75,92
1229,121,79,97
1230,113,82,96
1225,104,83,97
1228,91,83,97
1227,46,83,96
1229,42,83,96
1223,-24,82,95
1227,26,82,95
1231,-16,80,93
1224,-25,81,95
1231,-25,82,96
1229,-34,82,96
1229,-23,79,93
1227,-24,80,94
1233,-27,79,93
1236,-24,78,92
1230,-16,79,93
1227,7,81,95
1232,36,81,95
1211,22,81,95
1209,15,82,96
1224,-21,83,93
1230,-22,79,93
1230,-19,77,89
1231,-21,76,92
1230,-28,79,88
1234,-22,75,89
1230,-10,71,93
1231,-9,72,97
1227,-17,79,97
1228,-19,77,95
1234,-18,76,96
1233,-29,77,94
1233,-25,76,97
1230,-28,77,96
1232,-22,78,96
1230,-19,79,96
1232,-19,80,97
1231,-10,78,99
1234,-11,78,99
1233,-23,78,95
1234,-26,79,94
1233,-24,79,94
1231,-21,79,95
1232,-20,79,95
1232,-26,78,93
1231,-16,78,96
1233,-21,78,95
1234,-26,79,94
1232,-15,79,98
1232,-18,79,97
1233,-21,79,97
1231,-19,80,98
1231,-23,81,98
1233,-19,81,99
1231,-21,82,98
1233,-22,80,98
1234,-22,79,100
1233,-18,78,100
1233,-25,78,97
1229,-24,78,95
1232,-20,76,98
1231,-23,75,96
1231,-26,78,98
1230,-26,79,97
1229,-22,80,98
1232,-24,79,96
1231,-17,79,95
1229,-21,82,96
1232,-21,80,97
1232,-22,79,94
1231,-16,77,91
1233,-18,80,93
1231,-18,79,92
1232,-18,81,92
1230,-20,83,90
1229,-27,83,90
1230,-25,84,89
1230,-25,84,88
1228,-26,86,88
1228,-25,88,90
1225,-27,87,88
1225,-25,86,88
1224,-23,85,85
1224,-23,84,83
1228,-26,85,88
1230,-20,83,89
1227,-22,84,88
1229,-21,82,87
1224,-23,84,86
1227,-21,83,87
1225,-24,85,88
1224,-27,88,89
1227,-19,85,93
1226,-21,84,90
1225,-22,85,91
1225,-23,85,91
1224,-28,87,91
1227,-22,86,94
1225,-22,85,93
1223,-23,86,93
1219,-28,88,94
1225,-23,86,98
1219,-26,89,97
1224,-22,86,98
1220,-24,89,98
1219,-21,89,98
1220,-18,88,98
1222,-25,88,97
1221,-25,90,98
1222,-20,90,101
1218,-20,91,100
1220,-22,91,102
1221,-22,92,103
1221,-22,92,104
1219,-25,93,102
1219,-27,96,105
1219,-23,93,104
1217,-27,96,105
1217,-30,97,103
1218,-28,96,103
1215,-24,98,106
1218,-26,98,106
1210,-26,100,103
1216,-26,97,105
1213,-29,99,102
1214,-28,100,105
1216,-30,100,107
1214,-31,101,107
1213,-29,100,106
1217,-30,101,110
1214,-27,101,108
1213,-31,100,106
1216,-28,99,107
1214,-28,101,109
1213,-33,102,107
1214,-31,101,107
1216,-31,102,113
1210,-32,104,109
1209,-29,106,111
1212,-36,107,114
1211,-30,105,113
1209,-29,106,113
1216,-35,103,110
1212,-34,106,112
1212,-30,106,115
1212,-33,108,116
1211,-36,109,117
1210,-33,108,116
1210,-31,108,119
1209,-32,110,119
1210,-33,111,120
1208,-31,112,122
1208,-32,113,122
1206,-29,113,123
1206,-35,115,123
1205,-34,116,124
1204,-36,117,126
1207,-37,116,125
1205,-31,115,125
1210,-40,115,123
1208,-33,113,122
1205,-34,112,121
1208,-35,112,123
1210,-33,112,128
1208,-35,113,127
1207,-34,114,129
1203,-37,115,127
1210,-34,111,128
1205,-35,114,129
1203,-31,113,132
1204,-34,117,137
1202,-35,118,138
1203,-34,116,139
1203,-33,119,143
1206,-31,119,145
1196,-33,122,144
1198,-32,124,148
1203,-33,124,151
1198,-34,127,153
1193,-37,129,150
1197,-36,128,153
1197,-37,127,156
1195,-35,132,160
1196,-39,133,162
1195,-40,131,159
1199,-38,131,162
1197,-39,131,159
1198,-40,130,159
1197,-41,132,160
1198,-43,132,161
1196,-39,131,162
1199,-45,134,162
1198,-42,133,161
1200,-41,132,163
1197,-41,133,161
1197,-40,133,162
1198,-36,132,162
1196,-38,133,162
1198,-38,132,161
1195,-42,133,161
1202,-39,130,162
1198,-40,133,165
1201,-41,133,165
1198,-36,131,164
1199,-40,130,162
1198,-40,129,159
1201,-35,129,161
1196,-41,130,159
1197,-37,131,163
1193,-40,133,165
1193,-40,136,168
1193,-43,136,166
1194,-38,135,169
1195,-40,135,166
1194,-39,136,167
1193,-40,137,166
1192,-40,140,169
1188,-43,139,165
1184,-38,141,168
1190,-45,143,169
1185,-43,145,169
1185,-49,145,170
1186,-41,143,171
1182,-46,145,168
1189,-46,147,174
1185,-43,147,174
1188,-44,148,176
1183,-49,150,174
1181,-45,149,175
1179,-47,151,177
1186,-45,151,179
1198,-42,143,177
1192,-44,144,173
1186,-45,147,173
1187,-45,148,178
1183,-45,152,181
1186,-45,153,183
1188,-48,154,183
1187,-45,151,182
1184,-46,152,184
1185,-49,152,183
1188,-48,152,185
1181,-48,152,181
1183,-48,152,181
1188,-53,154,184
1187,-57,155,181
1184,-48,152,181
1183,-52,155,184
1186,-50,151,178
1188,-53,151,178
1185,-48,150,177
1189,-51,151,178
1192,-46,143,174
1194,-47,144,176
1191,-50,147,175
1184,-45,145,173
1191,-49,146,175
1190,-48,150,178
1183,-52,151,175
1191,-48,147,177
1187,-47,148,174
1186,-46,148,174
1191,-45,147,175
1190,-46,148,176
1183,-44,148,176
1190,-51,151,176
1188,-49,147,171
1192,-46,147,175
1190,-47,147,174
1190,-48,148,174
1190,-42,143,169
1195,-41,138,167
1187,-45,142,166
1183,-49,146,167
1190,-48,144,169
1189,-48,145,172
1197,-42,142,173
1191,-47,146,174
1194,-42,144,175
1190,-45,144,170
1194,-40,141,172
1188,-45,144,172
1189,-46,146,173
1187,-45,143,168
1194,-44,141,170
1195,-51,141,166
1195,-43,138,167
1194,-48,142,173
1189,-49,144,168
1194,-48,145,174
1189,-50,148,173
1193,-49,142,168
1194,-46,140,168
1193,-50,142,167
1197,-43,140,171
1190,-42,137,164
1192,-48,138,162
1196,-45,134,160
1197,-44,133,159
1199,-43,132,157
1202,-51,134,159
1202,-48,134,161
1197,-52,138,163
1198,-48,139,166
1198,-46,136,161
1200,-47,134,159
1199,-53,136,159
1201,-46,134,161
1195,-49,137,161
1201,-49,137,164
1194,-49,139,164
1194,-52,139,161
1193,-47,138,160
1202,-46,137,164
1200,-49,137,161
1201,-53,136,158
1193,-49,136,156
1200,-50,135,159
1200,-51,134,156
1198,-49,135,157
1199,-51,134,157
1196,-44,133,155
1202,-45,135,158
1193,-49,137,157
1192,-45,138,159
1192,-46,140,159
1193,-45,140,159
1193,-37,138,160
1194,-49,140,160
1190,-44,138,160
1185,-44,138,160
1186,-42,139,162
1185,-38,139,162
1183,-45,139,160
1189,-44,137,163
1189,-43,137,164
1189,-49,138,164
1184,-52,140,161
1186,-47,139,160
1187,-44,141,164
1186,-50,141,163
1176,-48,143,164
1190,-49,144,168
1189,-50,141,163
1185,-45,141,163
1190,-49,141,164
1184,-45,142,163
1190,-50,144,164
1183,-46,142,162
1169,-43,146,163
1191,-50,146,163
1189,-49,146,161
1193,-47,146,160
1188,-46,144,157
1189,-51,148,159
1186,-49,150,161
1188,-43,148,162
1182,-40,148,162
1180,-40,149,163
1179,-41,149,162
1179,-47,151,164
1186,-41,144,161
1175,-36,148,155
1171,-38,149,155
1171,-39,152,159
1172,-41,150,158
1173,-36,152,163
1172,-42,152,161
1162,-40,155,161
1152,-40,159,159
1156,-40,159,157
1162,-38,158,159
1159,-36,162,162
1150,-40,165,158
1161,-37,165,162
1153,-38,167,163
1158,-39,171,167
1141,-35,167,167
1130,-42,175,166
1154,-38,179,177
1133,-41,177,174
1169,-38,175,187
1161,-39,179,185
1161,-39,178,187
1158,-41,182,189
1156,-39,184,194
1152,-45,189,194
1163,-39,184,200
1147,-47,193,194
1162,-45,183,193
1153,-48,191,195
1154,-48,191,193
1151,-49,195,198
1149,-41,194,202
1144,-49,201,199
1153,-45,197,203
1153,-49,199,201
1155,-53,200,204
1143,-54,204,201
1152,-53,202,209
1148,-51,204,208
1150,-56,205,209
1139,-52,209,207
1146,-58,210,211
1141,-60,212,214
1138,-55,214,215
1145,-52,211,220
1144,-53,212,224
1140,-63,217,222
1135,-60,218,217
1139,-62,215,217
1146,-66,211,215
1145,-61,210,215
1147,-66,210,216
1143,-61,211,219
1152,-65,208,220
1145,-70,208,213
1153,-70,207,218
1155,-57,205,219
1152,-71,205,219
1149,-74,209,220
1152,-71,209,224
1150,-70,209,223
1151,-75,208,221
1146,-75,210,221
1146,-72,209,222
1153,-67,205,224
1150,-74,205,219
1152,-68,205,224
1149,-75,209,226
1148,-66,205,222
1155,-73,206,225
1148,-70,206,223
1145,-72,210,226
1148,-75,211,227
1147,-69,207,225
1157,-69,207,230
1135,-70,211,220
1145,-75,214,229
1149,-68,210,227
1151,-64,209,229
1145,-68,208,222
1148,-74,210,224
1142,-75,215,227
1141,-70,216,230
1147,-69,216,235
1143,-75,219,236
1130,-79,222,230
1148,-69,216,239
1147,-71,215,238
1139,-81,221,235
1139,-81,220,236
1141,-86,221,239
1142,-77,220,238
1146,-72,214,235
1149,-77,216,239
1138,-72,221,237
1143,-74,221,241
1134,-86,228,242
1143,-70,222,241
1141,-86,225,242
1143,-75,224,244
1136,-80,227,244
1142,-78,221,242
1143,-79,218,239
1145,-77,216,239
1148,-81,218,245
1137,-75,216,241
1135,-64,219,239
1136,-62,220,243
1133,-66,222,239
1137,-62,220,238
1138,-57,218,236
1136,-61,219,241
1139,-59,221,237
1138,-62,230,245
1127,-66,235,247
1122,-68,238,246
1129,-55,229,245
1130,-62,226,239
1130,-58,225,236
1137,-60,219,233
1138,-59,219,234
1115,-62,231,234
1126,-67,228,238
1142,-75,218,236
1134,-74,224,247
1136,-61,221,254
1136,-65,226,257
1132,-82,231,257
1136,-87,230,253
1135,-78,231,249
1137,-68,233,252
1147,-60,227,252
1142,-61,223,245
1149,-58,219,242
1144,-60,218,240
1148,-71,221,246
1138,-71,225,250
1141,-67,225,245
1142,-90,228,247
1144,-81,231,253
1136,-85,232,247
1140,-76,229,247
1139,-70,231,249
1144,-81,237,254
1134,-88,244,253
1134,-93,249,259
1137,-88,245,261
1124,-78,246,255
1136,-73,243,255
1131,-71,241,255
1138,-71,238,253
1137,-73,238,251
1137,-86,239,252
1137,-77,235,250
1124,-74,246,253
1131,-75,245,257
1120,-86,252,255
1116,-88,256,263
1121,-89,252,263
1126,-84,252,264
1140,-84,247,266
1133,-77,247,264
1123,-85,253,264
1125,-85,256,266
1120,-81,252,266
1120,-89,260,271
1105,-90,264,269
1121,-73,256,271
1118,-69,257,269
1120,-75,254,264
1111,-77,261,266
1114,-72,258,267
1103,-82,264,267
1105,-74,262,267
1117,-75,259,268
1128,-70,260,273
1115,-83,267,273
1121,-74,263,275
1118,-76,266,277
1115,-76,263,273
1113,-86,270,273
1119,-79,263,275
1122,-88,271,281
1111,-83,270,279
1113,-93,272,277
1112,-84,266,272
1116,-95,268,275
1116,-86,269,277
1102,-81,272,275
1109,-84,274,281
1105,-68,278,289
1106,-85,283,291
1108,-88,280,289
1102,-92,278,284
1102,-80,274,285
1098,-84,277,281
1107,-81,273,280
1119,-90,273,285
1114,-94,273,283
1113,-89,273,279
1111,-84,268,270
1107,-72,269,275
1109,-84,275,281
1109,-82,270,279
1108,-89,269,278
1102,-87,269,276
1113,-77,261,276
1104,-85,266,275
1100,-73,268,277
1122,-82,260,278
1112,-87,266,281
1108,-91,273,288
1109,-95,272,281
1106,-87,270,283
1121,-92,275,288
1117,-95,271,280
1101,-83,272,277
1128,-94,267,276
1109,-95,273,276
1112,-87,274,285
1115,-98,271,279
