28,420,73,51
28,421,73,51
28,422,75,52
27,420,75,52
25,418,74,51
21,415,77,53
21,414,75,51
20,413,74,51
19,412,73,52
18,411,71,52
16,408,71,53
15,406,70,53
13,409,69,53
10,414,70,53
12,415,67,52
10,416,69,52
9,418,70,52
9,420,69,53
9,420,71,53
9,417,74,54
12,417,73,54
15,419,73,54
18,420,75,54
22,420,74,55
26,420,75,54
31,420,75,53
34,419,75,51
38,419,75,52
40,419,76,53
44,421,74,50
47,420,76,51
50,422,76,51
54,422,77,53
57,423,77,53
60,424,79,53
60,423,81,52
64,422,80,54
66,420,80,52
70,413,78,54
72,413,79,53
74,411,80,53
78,409,80,53
80,408,82,53
85,407,79,53
86,407,80,52
89,409,79,51
91,413,81,52
90,413,81,52
93,415,81,52
94,417,79,52
95,419,81,52
95,421,83,53
96,421,80,52
92,421,83,54
91,422,83,53
90,423,82,53
88,424,81,53
90,426,76,51
88,426,75,51
86,427,76,52
86,427,76,51
85,424,74,52
79,422,78,51
77,419,79,51
75,415,78,52
75,414,77,52
71,414,78,51
71,412,78,51
70,410,81,52
70,409,81,52
71,407,82,54
73,407,79,53
73,406,79,53
75,405,80,53
76,403,79,53
78,401,81,53
81,401,79,53
84,401,80,53
88,400,79,53
88,400,81,53
92,401,81,53
95,402,81,53
97,405,82,54
100,406,83,56
103,408,84,54
107,411,82,54
109,412,83,54
109,412,83,55
110,413,83,55
111,415,82,54
112,416,83,56
113,418,83,56
115,420,82,55
117,422,80,54
118,423,82,54
125,425,79,53
129,428,79,53
132,429,81,54
136,430,82,52
138,429,83,51
143,427,84,52
143,426,86,51
148,425,85,51
154,424,81,50
157,423,82,51
162,423,79,51
166,422,79,52
165,421,80,53
168,419,80,53
169,417,80,53
168,418,82,53
169,418,81,53
169,416,83,53
166,413,84,53
165,411,85,54
162,411,85,52
159,410,86,54
154,408,89,57
153,406,90,57
151,405,90,57
152,406,90,56
156,406,87,55
155,406,88,55
156,404,86,57
155,404,87,56
157,403,88,57
160,404,87,57
162,406,87,57
167,408,86,56
170,408,87,57
174,407,86,56
177,407,86,56
179,406,88,56
181,405,87,55
183,401,88,57
184,400,89,54
185,399,90,53
186,397,89,54
187,396,87,53
185,395,87,53
184,394,86,53
183,394,84,54
180,393,85,55
178,394,86,54
174,393,88,54
170,391,89,55
167,385,90,56
164,382,91,54
162,378,91,55
159,369,92,56
155,369,92,56
156,368,89,56
157,365,86,53
155,364,89,54
156,363,87,55
156,358,89,55
158,358,89,55
161,357,90,54
164,354,89,55
169,353,87,54
173,348,87,55
175,348,88,55
180,339,86,54
181,337,89,55
185,337,88,55
190,328,86,54
194,326,87,52
195,329,89,54
199,331,88,53
200,327,90,53
202,329,90,52
204,329,89,54
209,327,90,53
212,331,91,53
219,336,87,54
221,333,90,52
225,333,89,54
228,336,89,53
230,332,89,52
231,331,90,54
232,333,91,54
233,334,93,54
233,337,93,56
236,334,92,55
236,331,92,56
235,331,95,56
238,332,91,55
238,333,91,54
241,325,88,52
242,322,89,53
242,323,92,54
243,323,92,55
244,322,93,53
242,321,94,53
244,318,91,53
243,316,90,55
243,316,90,55
245,316,89,55
248,314,87,56
249,315,87,55
248,315,90,54
249,314,90,55
251,313,90,56
250,312,91,56
254,311,92,54
254,311,93,54
256,310,92,55
259,305,92,54
261,301,92,54
262,295,93,54
263,296,92,54
268,297,90,54
272,299,90,54
278,301,87,54
281,301,88,54
283,299,89,53
285,293,89,55
285,289,90,55
285,287,91,55
285,288,92,54
284,287,93,56
283,285,96,56
283,282,95,57
284,281,91,56
282,278,91,56
280,277,93,55
280,270,91,55
278,269,92,54
279,268,91,54
279,270,90,54
280,270,88,55
279,271,89,54
281,269,90,54
280,265,89,55
277,265,92,56
279,260,90,56
280,256,88,55
283,255,89,55
286,256,87,55
287,257,90,54
289,257,89,54
291,256,89,54
290,253,92,54
290,251,94,54
291,251,96,53
294,247,95,53
294,244,96,52
295,242,95,53
295,239,95,54
297,238,94,55
300,237,93,54
302,237,93,54
304,237,93,55
307,237,91,55
308,239,93,55
312,241,93,54
314,241,94,56
317,242,96,55
320,243,97,55
323,243,97,57
326,237,96,55
328,235,96,56
329,234,98,55
329,233,98,56
330,233,99,56
331,231,100,57
331,230,101,58
334,230,99,57
332,228,103,57
334,228,99,57
334,228,99,56
335,228,99,56
338,227,97,57
337,226,97,57
339,225,95,58
340,224,94,58
339,224,94,57
341,225,92,57
344,226,90,56
345,227,90,57
346,226,92,59
347,228,92,55
349,227,94,54
352,227,95,56
352,228,96,56
354,227,98,57
357,227,95,55
355,226,97,55
359,223,93,54
361,222,92,54
363,220,93,54
363,218,94,55
364,217,95,56
363,223,97,56
364,220,100,56
365,218,99,56
366,216,99,56
368,215,97,56
370,213,98,57
370,213,98,56
372,213,98,56
376,213,97,56
377,213,97,57
379,215,95,56
381,214,95,56
385,214,95,57
387,215,95,56
389,216,95,56
389,216,96,57
390,215,95,55
392,214,93,57
393,215,92,56
396,217,92,55
397,219,92,56
399,220,92,56
399,223,93,56
401,226,94,55
403,227,95,56
403,230,96,56
408,224,97,57
410,224,97,58
412,224,98,57
413,225,96,57
414,224,98,57
416,224,97,57
418,223,96,57
419,223,96,57
422,224,94,56
423,224,95,57
423,224,94,56
424,222,95,57
426,221,94,58
424,223,96,57
426,223,97,58
427,225,97,57
429,225,97,59
431,226,97,57
432,224,97,59
432,223,96,58
431,223,96,58
433,221,95,59
433,221,96,57
435,220,94,57
436,218,95,57
435,218,96,57
436,216,95,57
438,216,94,57
439,217,93,56
438,215,94,58
440,215,94,58
442,214,91,58
444,215,89,57
444,216,90,58
445,216,92,56
447,217,93,57
446,216,91,55
446,216,92,56
449,216,91,55
446,216,93,56
447,216,93,56
447,217,93,55
447,217,93,55
447,218,95,54
447,220,94,53
451,219,93,53
452,218,93,54
451,216,92,55
451,217,92,54
449,216,94,56
452,217,93,55
454,217,92,55
454,217,94,55
456,217,95,54
461,215,94,55
466,215,94,55
469,215,93,55
470,214,94,56
474,215,95,56
479,215,93,54
482,216,94,55
487,216,94,55
488,217,95,55
491,217,96,54
491,217,96,55
493,217,96,53
496,215,93,55
497,214,93,56
497,213,92,55
497,210,92,56
496,209,93,56
495,207,93,56
495,206,93,55
495,213,94,54
491,210,96,55
494,210,95,54
489,210,97,54
491,211,96,54
494,214,95,54
494,215,97,55
496,215,97,55
497,215,97,56
500,215,96,56
501,215,95,56
501,214,96,55
509,215,92,55
512,214,91,55
513,213,93,57
516,214,92,57
520,216,91,56
522,214,93,55
527,213,91,53
529,212,92,55
531,212,94,53
536,211,91,54
536,211,94,55
539,210,92,54
540,209,93,55
546,208,90,55
547,208,91,56
549,208,89,55
547,209,92,55
548,211,91,55
549,211,89,55
548,211,89,54
546,210,89,56
548,212,87,55
543,212,89,54
544,211,86,54
541,212,87,54
538,214,90,53
540,216,89,54
543,218,88,53
544,218,88,53
545,218,89,53
545,217,89,53
547,216,88,54
549,215,87,55
549,214,88,55
553,214,89,55
553,215,89,54
555,215,88,52
558,216,87,52
560,214,88,53
560,214,89,52
563,213,87,51
563,213,87,52
567,214,85,52
571,216,84,51
572,216,83,52
572,217,86,51
571,216,87,53
576,216,85,53
579,216,84,51
579,216,86,52
580,216,87,53
582,217,86,52
584,218,87,52
587,220,89,52
590,219,90,53
592,219,90,53
594,218,89,53
596,217,89,51
595,212,90,52
594,211,90,52
595,210,91,53
596,210,89,52
599,210,88,51
600,210,86,51
599,210,86,52
598,209,86,52
598,208,85,51
592,206,88,52
593,205,86,52
592,205,85,51
593,206,84,51
594,205,85,51
595,204,85,52
597,205,84,52
600,205,85,51
600,203,88,53
605,203,86,51
609,203,85,52
610,209,87,51
614,209,87,52
622,209,84,51
627,209,83,50
630,208,85,50
634,205,83,50
640,203,82,50
642,202,83,50
646,202,83,51
647,202,84,52
649,201,83,52
649,200,84,51
648,199,87,51
650,197,88,51
651,197,89,51
651,201,87,52
652,204,86,51
654,204,83,51
655,205,82,50
651,206,84,51
649,203,84,51
645,200,82,51
642,199,81,50
637,199,84,50
634,197,82,50
633,195,79,49
630,192,79,49
628,191,79,48
625,191,78,47
626,189,77,49
624,196,78,49
625,197,76,48
626,197,77,48
625,197,78,49
626,198,79,49
628,199,81,49
631,200,81,50
637,201,78,49
641,201,77,49
645,202,77,49
647,204,77,48
653,204,76,48
658,205,76,50
665,206,76,50
668,209,79,50
671,212,79,50
676,214,80,50
681,214,80,51
683,209,84,50
683,210,85,50
687,211,85,51
686,213,88,53
692,213,84,54
694,214,84,54
697,216,84,53
698,218,84,53
701,216,82,52
704,207,82,52
706,208,80,51
705,207,80,51
705,205,79,52
706,205,79,52
704,204,81,53
703,203,82,54
705,203,82,53
705,202,84,53
706,203,84,53
706,203,85,52
708,202,85,53
713,201,82,53
715,201,82,53
715,203,83,51
720,203,82,50
724,203,81,51
723,204,85,53
728,206,83,53
731,208,83,51
730,209,86,52
733,207,85,54
734,207,88,54
735,207,88,55
735,206,91,54
737,207,89,54
737,208,91,54
735,210,94,54
738,211,93,54
743,211,91,54
745,211,91,53
744,210,92,54
742,211,92,53
738,209,96,56
741,208,92,55
740,207,90,55
739,207,90,55
739,206,89,54
739,206,89,55
738,208,88,57
737,208,88,57
738,207,89,59
740,206,88,59
742,208,87,58
743,210,87,58
749,212,83,56
752,214,85,57
757,217,85,56
764,219,82,54
768,221,84,56
774,222,86,56
780,223,83,55
786,224,79,54
785,223,83,56
786,223,84,55
788,223,83,56
790,222,82,57
792,222,80,57
793,225,81,56
793,225,80,56
794,226,78,55
791,226,81,56
789,226,80,55
787,226,81,55
784,227,83,55
780,225,84,57
778,224,84,56
774,224,85,56
771,223,84,56
767,222,85,56
766,221,84,57
762,219,84,58
756,221,86,56
755,222,84,57
750,223,85,56
749,223,84,56
747,223,87,55
748,222,87,55
752,223,84,55
753,225,85,55
757,228,85,54
760,228,87,55
768,229,86,56
772,230,88,56
776,232,90,58
782,235,92,59
793,236,87,59
799,236,86,58
806,237,83,54
813,236,82,55
814,237,84,56
819,237,84,56
822,237,84,57
822,234,83,57
825,234,82,55
824,235,82,54
822,234,85,55
820,233,87,55
822,231,85,55
820,229,86,57
820,230,84,56
816,231,87,57
817,233,89,58
815,234,88,57
812,234,90,57
811,234,90,57
810,234,88,56
807,234,88,56
806,234,90,57
804,234,91,57
805,234,90,58
803,235,92,58
804,231,92,56
808,232,90,58
808,234,90,58
810,233,91,59
817,232,89,61
814,232,93,61
816,233,93,60
821,234,90,60
828,233,87,61
826,234,93,60
831,235,93,61
835,236,92,59
838,238,94,60
842,238,95,62
845,239,97,60
848,241,95,60
849,241,97,61
853,242,94,61
854,243,94,60
857,245,93,59
859,246,92,59
865,249,88,58
866,249,88,57
866,248,89,57
866,248,88,58
864,249,87,58
862,248,88,59
860,248,89,59
860,247,88,61
860,248,88,61
858,249,90,60
864,246,83,59
863,245,86,61
866,243,82,61
864,243,87,61
860,243,93,61
863,242,90,61
865,240,86,59
868,240,84,60
867,238,87,61
869,239,89,61
869,240,91,61
874,241,85,59
874,239,86,60
874,238,90,61
877,238,85,59
876,240,88,59
875,241,89,59
879,241,88,59
878,240,90,60
883,239,86,60
885,238,85,60
887,239,84,60
886,239,88,60
887,238,88,60
890,238,85,59
888,238,89,60
890,238,87,60
888,237,89,62
889,238,88,60
889,238,88,58
891,237,87,56
893,235,85,57
892,233,87,57
893,237,88,57
894,240,87,57
893,238,89,57
898,238,86,56
896,237,87,57
898,237,87,59
898,237,86,59
897,236,87,60
899,235,85,60
897,234,87,59
899,235,86,61
900,235,87,61
900,236,89,60
899,234,90,62
902,237,89,60
904,237,89,61
905,237,91,61
905,237,90,60
905,236,91,60
906,235,90,59
909,235,87,57
913,236,86,57
914,237,87,57
915,238,88,57
918,240,87,55
920,239,87,57
923,238,88,55
925,238,87,55
925,237,88,55
925,236,88,56
923,234,88,57
923,234,90,58
922,233,91,59
922,232,90,60
922,230,89,60
921,229,93,61
922,228,91,61
921,228,92,61
921,228,90,61
921,227,89,62
921,228,90,60
919,228,91,59
917,228,94,60
919,230,89,58
916,237,92,60
917,244,89,59
918,255,89,58
916,285,88,58
917,306,88,59
915,318,89,58
914,337,89,58
913,344,89,58
915,355,89,58
914,357,90,58
915,357,92,58
918,358,90,58
919,358,92,58
921,359,90,59
923,359,89,60
922,360,94,62
925,362,92,61
927,362,90,62
929,362,91,61
931,361,91,61
933,360,92,62
935,360,92,64
940,361,89,64
943,360,89,65
946,359,89,66
947,361,89,65
950,362,87,65
952,364,86,64
953,366,87,64
953,368,89,62
956,369,87,61
958,370,85,61
958,371,86,60
956,370,91,59
956,371,89,57
957,370,89,58
958,370,87,57
954,368,91,59
956,369,87,55
956,368,85,56
954,368,84,55
952,368,85,54
950,367,85,54
950,366,85,54
947,365,87,55
947,365,81,53
946,366,81,52
942,363,84,54
940,363,85,54
941,363,85,54
941,364,85,54
943,365,85,54
945,366,85,54
946,366,85,53
946,365,84,53
945,363,85,54
947,362,85,53
948,362,85,54
950,363,84,53
951,361,83,54
952,361,83,53
954,360,82,53
955,360,80,53
956,361,81,53
957,361,79,52
956,359,80,53
955,360,83,53
954,362,86,52
956,363,85,53
959,365,83,53
959,365,86,52
962,365,82,51
960,365,85,52
961,368,84,52
957,372,86,50
957,372,84,51
954,363,85,50
951,361,86,52
949,362,83,51
945,362,85,52
944,364,83,51
942,362,83,52
937,360,85,53
936,357,84,52
935,356,82,52
933,352,83,54
929,351,85,54
930,350,82,52
928,350,82,52
925,349,83,52
925,348,80,52
919,347,84,52
917,347,84,54
914,348,86,53
916,349,84,51
920,350,81,53
920,351,83,52
924,353,81,52
927,354,81,52
928,355,82,52
932,356,80,50
935,357,80,50
938,358,78,50
940,360,80,49
940,360,82,50
945,361,81,50
948,362,79,50
946,361,83,49
949,360,80,49
948,359,81,50
946,358,83,51
946,357,81,51
944,356,84,51
945,355,81,51
943,353,83,52
942,352,84,53
941,353,82,53
940,352,80,51
942,352,77,51
942,351,75,50
940,351,77,51
939,351,77,50
940,350,77,50
937,349,80,50
936,347,81,53
936,348,80,51
937,346,79,51
935,346,81,50
935,345,82,54
934,355,84,53
940,356,80,53
940,357,80,53
941,357,81,54
942,356,81,54
943,356,83,55
944,356,82,55
943,357,83,54
943,357,84,55
942,356,86,56
946,357,82,54
945,356,84,55
948,356,83,55
947,356,86,56
948,358,85,54
948,358,87,55
949,356,84,54
949,354,86,54
949,352,84,56
947,351,85,55
947,352,84,55
946,350,84,55
944,349,85,55
943,347,86,56
947,349,82,53
947,348,84,55
949,350,81,55
947,350,84,56
947,350,84,55
945,349,85,55
944,349,86,56
944,349,86,55
945,349,84,56
944,348,85,56
947,350,82,53
946,348,82,56
942,346,86,56
943,345,86,56
945,345,83,55
944,345,86,55
946,346,85,54
945,344,88,56
945,344,88,56
948,344,87,55
948,346,86,55
948,347,86,56
945,349,89,56
945,349,89,57
948,350,84,55
949,351,82,54
948,351,84,56
946,351,87,58
949,349,85,56
952,348,82,56
951,346,86,57
952,347,84,55
951,343,86,56
952,343,84,56
953,342,83,55
954,342,84,55
955,342,85,55
958,342,85,55
959,343,85,55
960,344,84,55
963,344,82,54
965,343,84,55
967,343,86,55
973,343,83,55
971,341,89,56
978,343,85,56
981,343,83,55
987,342,81,55
988,341,84,56
992,342,82,56
995,343,81,54
996,342,81,54
997,340,81,56
999,339,80,54
998,337,84,56
1002,338,80,55
1002,339,81,56
1001,339,82,56
998,338,83,57
995,337,82,56
993,335,82,56
991,335,79,55
986,335,79,56
980,334,83,57
978,334,80,56
974,332,82,56
974,332,80,56
969,332,80,55
966,333,80,54
960,331,85,56
960,330,84,54
961,328,80,53
962,326,79,53
959,324,82,54
962,323,80,54
960,321,83,54
964,318,79,53
966,315,79,54
967,315,81,54
972,317,80,54
975,322,80,55
977,321,82,56
979,321,83,56
982,322,84,56
984,323,86,56
987,323,86,57
990,324,86,56
993,324,87,57
996,324,88,57
1002,323,88,58
1009,324,86,58
1011,323,88,57
1019,322,85,57
1021,321,87,56
1026,322,86,57
1027,323,87,57
1027,324,88,57
1024,323,89,57
1025,324,85,55
1017,321,89,55
1018,323,85,54
1016,324,84,54
1014,324,85,55
1007,324,89,55
1005,325,87,54
1001,324,89,55
998,323,87,53
996,316,87,54
991,310,90,56
992,308,87,55
988,307,88,56
987,308,87,56
983,309,89,55
981,309,90,56
983,309,87,56
981,309,90,57
981,309,88,59
979,309,91,60
981,309,88,57
981,307,88,57
981,306,88,57
980,305,88,57
980,304,89,58
981,304,86,57
982,304,86,57
981,305,84,56
977,304,86,56
975,304,86,55
974,302,85,56
973,303,86,55
971,310,85,55
972,313,82,53
970,311,83,54
966,311,87,55
967,312,86,54
969,311,84,54
973,313,82,53
973,314,83,53
973,313,82,56
972,313,86,55
974,314,85,55
976,313,85,55
981,314,82,53
979,316,84,54
981,318,85,54
981,317,84,54
984,306,84,54
983,306,86,55
985,306,86,54
986,306,87,54
988,307,85,54
988,307,85,54
988,306,84,54
984,306,85,56
981,306,87,56
982,306,86,57
979,305,86,55
976,304,86,56
973,305,85,55
968,303,88,56
965,302,87,56
963,300,88,57
963,299,88,57
964,300,86,56
960,299,88,58
960,298,88,58
958,298,87,58
960,297,85,59
964,298,83,57
964,299,82,56
963,301,85,57
969,303,80,56
966,303,84,57
968,304,84,57
968,303,85,56
970,302,85,57
969,303,83,56
967,303,84,57
965,303,88,58
967,304,85,58
966,304,85,58
967,306,85,57
968,306,83,57
967,307,85,57
971,308,83,56
972,309,82,57
970,310,84,57
970,312,85,56
969,312,85,56
970,311,85,56
967,310,89,58
969,310,86,55
966,308,87,56
965,308,88,57
968,307,85,56
965,306,88,56
965,307,88,56
965,308,88,55
961,309,91,56
966,310,87,54
965,309,87,55
962,307,88,57
958,307,91,56
961,307,87,54
957,304,90,55
954,304,92,56
953,304,89,56
948,303,92,57
946,304,91,57
945,303,89,57
943,303,91,57
941,303,91,57
938,303,92,58
941,303,89,58
937,303,93,59
939,305,92,57
940,306,93,57
937,306,97,57
944,307,94,58
943,307,97,59
944,309,99,59
951,311,94,57
953,311,93,58
956,312,93,57
956,311,95,57
959,313,95,56
963,313,92,57
963,314,93,57
961,314,98,60
962,314,95,61
963,316,93,60
961,318,94,58
959,317,95,60
956,317,98,58
954,316,100,61
953,314,99,63
949,314,100,64
947,312,100,64
947,313,100,65
943,312,100,64
940,312,100,63
935,310,104,63
934,311,102,62
932,311,103,62
927,311,106,62
927,311,105,61
923,310,104,62
918,310,106,61
917,311,105,61
910,312,104,60
906,312,103,60
900,311,104,60
894,308,104,60
890,307,104,60
887,306,103,61
884,306,101,60
876,306,104,60
874,307,104,59
874,309,101,56
870,310,99,58
866,310,99,57
860,312,101,57
854,309,105,60
854,310,100,60
851,310,99,61
844,303,101,60
839,303,99,60
834,302,102,59
833,301,99,59
828,300,98,58
825,298,97,60
816,296,100,57
813,294,100,58
810,292,98,58
804,292,99,57
801,292,98,56
795,293,99,56
792,294,95,56
787,294,95,56
782,293,95,57
777,292,94,56
770,290,95,57
763,289,95,58
757,288,96,58
752,289,96,58
745,288,94,58
742,289,94,60
737,289,94,60
734,290,94,59
730,292,93,60
732,293,93,61
728,293,94,61
726,293,92,58
726,294,93,58
729,294,96,60
731,295,94,58
734,297,96,58
738,299,93,58
740,299,93,60
745,299,95,61
750,299,95,63
751,301,95,61
753,301,96,62
751,299,98,64
753,298,101,65
757,297,99,64
759,296,101,64
756,295,101,63
753,295,102,62
760,293,101,63
759,301,100,62
764,303,98,63
765,304,95,63
763,303,98,62
766,304,97,65
766,306,95,66
764,305,95,63
764,305,96,64
764,303,94,67
764,299,94,68
763,298,94,68
761,300,95,68
761,301,96,70
760,302,96,70
759,302,100,71
759,300,100,71
760,302,97,70
762,301,97,71
762,300,96,72
764,300,94,70
767,299,96,72
768,299,96,70
770,299,99,71
773,299,99,68
777,299,98,68
783,301,97,68
787,301,96,69
787,300,97,69
786,300,98,69
788,302,98,68
790,302,97,67
791,303,99,70
792,302,99,70
792,302,101,70
793,301,99,69
794,303,96,68
790,300,98,69
788,299,98,68
786,297,97,68
788,299,93,66
785,297,95,67
789,298,90,64
783,294,93,66
782,292,91,67
779,293,90,67
780,295,89,66
774,295,93,68
775,296,91,67
774,297,93,66
772,298,95,65
772,300,98,67
773,302,98,66
774,305,98,66
777,301,98,70
778,303,98,71
779,304,99,72
779,305,102,72
784,307,99,71
786,306,100,69
793,298,98,69
798,300,97,69
802,301,97,69
806,301,94,68
805,300,97,67
808,300,98,66
812,299,95,63
811,301,99,66
811,302,99,65
812,302,96,63
815,302,93,62
818,302,91,62
818,303,91,62
818,301,90,63
817,301,88,61
817,298,87,62
813,297,90,62
812,296,86,62
812,298,84,62
813,299,86,62
813,299,86,63
812,299,88,63
810,297,91,65
812,295,88,64
812,293,88,63
811,292,89,64
807,290,90,62
809,290,86,62
806,292,88,61
807,293,88,60
805,291,88,62
803,292,89,62
806,295,87,60
807,297,87,62
808,298,87,61
811,300,87,62
813,300,87,63
816,302,87,62
819,303,86,61
821,303,86,61
821,303,85,61
823,304,83,60
824,303,84,62
828,301,83,62
827,299,84,60
828,297,83,58
828,296,83,59
828,299,86,61
828,305,87,62
831,306,83,61
829,306,85,61
831,307,83,61
829,306,84,61
829,305,84,60
824,306,85,58
824,306,84,59
821,308,83,58
819,308,81,56
817,307,82,56
815,303,84,56
812,304,85,56
814,305,85,56
815,306,86,54
818,304,84,54
817,303,85,55
818,307,87,54
820,305,85,52
824,304,86,53
830,303,84,54
833,302,83,53
836,302,85,54
839,303,86,54
844,302,84,52
851,299,83,53
854,297,83,53
858,298,83,54
862,299,84,55
866,306,83,53
869,308,82,53
874,308,83,54
878,310,82,53
881,313,84,53
887,315,82,53
883,315,86,52
886,310,86,54
884,314,86,53
885,315,85,53
880,315,87,51
880,316,84,51
879,315,83,52
872,314,85,50
865,311,86,48
865,303,84,50
859,302,86,49
855,300,84,50
855,297,82,50
854,297,82,50
854,298,82,52
851,301,83,53
850,301,85,53
850,300,86,53
851,300,86,53
851,299,85,52
853,298,86,52
854,305,87,52
855,305,88,53
857,306,87,52
860,307,87,53
866,306,84,53
871,304,84,54
873,305,86,53
874,305,88,53
878,304,89,53
880,313,89,52
881,312,91,52
884,312,90,53
888,313,89,52
888,313,89,51
888,312,90,51
891,311,88,51
892,310,85,50
892,312,85,48
886,309,88,50
884,309,87,49
884,308,84,48
883,307,83,48
877,306,85,49
878,306,84,49
877,305,83,47
876,303,84,47
876,304,80,47
877,305,81,48
877,305,79,48
879,307,79,48
880,307,81,49
882,308,83,50
884,305,83,49
890,303,81,48
894,303,80,49
901,306,79,49
904,307,79,49
909,309,81,49
914,312,79,48
914,316,83,49
916,319,83,49
926,315,81,50
930,318,83,50
935,321,81,49
939,323,81,48
942,317,80,49
944,316,82,49
941,315,85,50
944,316,83,50
943,316,83,49
946,313,83,50
947,312,84,50
946,311,83,49
947,310,82,50
945,307,82,49
942,306,83,48
937,306,83,48
934,305,83,48
932,303,83,49
931,301,81,48
929,299,81,49
928,298,81,48
928,299,81,48
927,301,81,47
929,300,81,49
932,301,80,48
933,302,80,48
934,301,80,48
936,303,79,47
940,308,78,47
938,308,80,47
944,307,78,47
947,307,77,47
946,307,78,46
951,317,79,47
951,317,81,47
955,318,79,47
957,319,82,47
962,320,80,48
966,320,79,47
966,320,80,47
968,321,79,47
966,321,82,47
964,320,82,47
964,320,82,47
969,320,78,47
969,321,79,47
968,324,79,46
969,323,80,47
968,324,79,47
966,321,78,47
966,319,78,47
967,318,78,47
963,319,80,46
963,320,81,46
962,319,81,46
965,314,78,47
959,313,82,48
961,315,81,48
962,316,81,48
962,318,79,48
962,318,80,47
965,319,78,47
965,321,80,46
974,326,77,46
978,326,76,47
981,326,78,47
983,329,79,48
988,331,79,48
992,335,77,46
993,335,79,47
995,336,79,47
998,336,78,47
997,336,80,47
1001,336,82,47
1000,337,83,48
1004,337,82,48
1005,337,81,47
1006,337,81,48
1008,336,80,47
1007,333,80,48
1004,331,81,47
1002,329,80,47
998,326,81,48
998,326,78,47
993,322,82,48
989,320,82,48
984,318,82,48
987,319,78,47
984,317,79,48
986,318,78,48
982,320,81,48
981,323,81,48
986,326,79,49
988,327,78,48
992,327,77,49
996,329,78,48
1002,329,78,48
1006,329,79,48
1010,330,81,48
1015,331,82,49
1018,332,83,49
1024,334,81,49
1029,335,81,48
1035,335,79,49
1037,335,82,48
1037,335,82,50
1035,329,84,50
1035,329,83,51
1034,329,84,49
1029,327,84,50
1028,325,84,50
1028,325,83,49
1025,323,85,50
1028,323,82,49
1025,321,84,48
1029,319,83,49
1028,319,83,49
1030,321,81,49
1034,321,80,49
1038,320,80,49
1040,321,80,48
1046,322,79,50
1052,327,76,47
1054,329,78,48
1060,331,77,48
1059,332,79,48
1059,336,79,47
1057,339,80,48
1053,344,79,48
1049,346,80,48
1044,347,77,49
1037,346,77,48
1030,346,77,48
1021,343,76,47
1012,342,77,47
1001,341,77,48
993,339,76,47
985,334,77,47
974,328,75,48
967,328,72,48
958,327,72,47
948,325,74,46
944,323,74,46
937,321,75,47
931,321,76,46
924,320,77,47
918,319,79,47
914,320,77,47
906,317,78,48
904,318,78,48
901,317,78,47
893,316,79,47
888,314,82,49
891,314,79,49
885,315,81,47
884,315,80,47
882,314,78,47
879,311,80,47
873,310,81,47
871,308,79,47
869,308,81,48
863,307,79,49
855,302,81,50
851,301,80,49
850,299,79,48
845,299,80,48
836,300,81,48
829,300,80,48
821,299,80,48
816,296,78,47
808,293,80,47
799,292,79,46
786,291,84,46
777,289,83,47
770,288,83,46
762,286,81,46
752,283,84,46
749,283,84,48
740,287,85,47
730,287,87,47
725,286,86,47
718,285,88,46
710,283,88,46
704,281,86,45
697,279,84,45
693,277,86,47
689,280,83,47
683,280,85,45
680,280,83,46
677,281,83,45
675,281,81,46
675,282,80,46
671,283,81,46
668,283,81,46
665,284,83,45
663,282,83,46
663,281,85,47
665,283,82,47
663,284,82,46
665,287,79,47
667,287,80,47
669,289,79,47
674,288,80,47
678,288,80,47
683,287,80,48
686,290,78,47
689,290,79,48
693,291,77,48
697,291,76,48
701,292,76,48
703,292,76,49
707,292,76,49
710,291,76,50
712,290,77,51
715,290,76,51
716,288,75,51
716,288,74,50
717,285,74,49
720,285,70,48
718,283,72,48
716,280,73,49
714,278,74,50
710,276,75,54
710,274,76,54
709,274,76,54
708,272,76,55
705,272,80,57
703,271,79,56
701,271,80,58
701,271,80,57
701,270,81,57
702,269,81,58
704,271,82,59
704,269,83,60
708,268,82,58
707,272,83,60
709,273,83,60
713,273,82,58
713,274,83,58
713,276,83,61
714,271,85,61
717,274,82,60
715,274,86,63
715,273,88,62
719,273,86,63
719,273,88,64
723,273,85,64
725,276,85,62
723,275,88,63
726,278,87,64
725,277,88,63
724,278,89,64
727,277,89,66
726,276,88,67
724,274,91,67
723,273,90,67
723,275,93,69
723,274,92,68
724,275,92,68
723,275,91,66
722,272,89,67
720,269,91,67
719,268,91,68
718,268,91,67
714,266,91,67
712,263,92,68
709,259,93,69
705,255,94,70
706,256,93,69
704,252,92,70
700,249,92,69
701,249,93,69
703,248,95,73
701,244,94,72
698,244,95,70
698,250,95,69
701,251,94,68
699,249,94,67
703,252,94,67
705,252,95,67
711,254,93,66
715,254,92,67
713,255,94,64
714,254,93,61
714,255,94,61
716,253,94,62
722,254,92,61
725,255,91,62
724,255,93,60
728,257,91,60
727,259,92,60
729,259,94,60
729,256,86,63
732,261,91,59
731,262,92,60
732,263,92,59
737,264,89,58
731,263,89,58
733,256,89,59
733,256,89,58
732,256,90,59
728,257,90,60
728,257,89,59
726,256,90,61
727,254,88,59
719,250,92,61
715,248,92,60
711,246,93,61
720,251,90,61
710,240,91,61
705,236,82,59
708,237,90,60
707,237,88,59
710,238,85,59
711,236,86,60
712,235,81,58
708,236,90,61
711,230,90,62
697,233,89,59
704,235,90,62
711,239,91,63
705,241,89,61
707,242,91,61
712,240,88,60
722,238,86,61
720,239,89,62
724,239,89,60
731,238,91,61
732,237,93,62
735,237,94,63
737,238,93,63
733,240,88,60
733,240,87,61
738,239,92,63
736,238,90,63
731,240,90,63
727,240,88,62
723,237,91,63
723,237,91,65
724,240,90,63
722,239,89,63
717,240,89,63
720,246,89,63
723,247,92,63
728,249,92,64
734,244,90,62
737,245,90,62
742,243,93,64
744,245,94,64
748,249,92,62
752,245,91,61
755,243,92,64
756,242,94,65
759,242,95,66
761,243,97,68
759,240,97,68
759,238,100,71
757,238,98,70
759,239,101,70
755,239,98,67
752,237,100,68
747,235,102,68
748,237,102,68
742,236,103,70
743,234,105,71
743,235,102,69
742,233,106,71
736,231,105,71
733,232,102,70
735,231,104,73
735,231,104,74
735,229,104,75
734,228,106,75
735,225,106,75
735,223,109,76
730,225,108,75
732,223,112,76
733,224,112,78
725,219,111,78
722,217,113,77
727,222,116,80
723,224,113,79
721,226,114,79
720,223,117,81
723,226,121,81
720,224,117,83
716,231,118,82
711,238,117,81
711,241,121,83
709,239,121,84
697,244,117,80
699,236,122,82
692,239,119,80
688,239,119,80
691,243,123,81
691,237,122,83
689,236,123,83
690,234,123,83
691,233,125,83
686,233,123,81
687,233,125,81
683,230,125,81
694,230,125,84
695,232,123,82
695,232,123,83
692,233,125,83
702,233,121,83
708,235,120,79
717,233,122,82
720,228,121,85
723,234,119,82
723,234,120,82
731,233,122,84
728,230,122,83
735,231,123,82
729,228,123,82
730,229,126,83
731,226,123,83
732,225,123,85
737,227,124,86
737,224,123,87
732,223,124,86
727,224,126,85
722,219,124,87
724,222,125,85
725,219,128,86
722,223,126,84
721,218,126,86
720,220,127,85
719,219,126,86
720,218,127,88
713,220,123,84
717,219,124,83
722,217,124,84
722,216,121,82
726,216,123,83
720,223,121,84
726,220,121,86
729,219,122,87
731,220,124,87
729,218,125,87
729,218,124,86
730,219,123,87
733,222,125,85
734,217,124,89
739,219,122,87
733,219,118,82
740,217,122,86
735,216,122,83
737,218,121,81
737,221,116,79
733,218,116,81
736,220,115,83
733,222,114,82
732,222,115,85
735,223,116,85
730,223,114,83
727,218,114,84
724,215,117,87
721,215,114,85
717,214,113,85
717,212,115,87
713,208,115,87
711,208,116,88
707,210,114,85
701,210,111,84
700,208,115,86
696,211,114,84
694,212,110,82
694,213,111,82
696,211,111,84
696,214,111,84
692,214,107,82
694,216,112,83
693,216,113,84
698,219,119,87
693,218,118,86
701,222,118,86
699,223,120,87
701,226,123,87
701,221,122,89
700,218,122,89
700,221,122,89
701,220,124,90
702,222,124,91
700,224,126,91
705,223,127,93
706,227,127,92
707,231,127,90
706,230,126,91
705,225,133,95
705,226,127,93
703,227,128,92
701,223,126,94
701,230,126,92
702,229,129,95
701,230,130,95
699,223,129,95
701,229,129,94
694,227,128,93
694,228,132,93
688,225,132,93
685,226,133,93
687,228,134,94
684,226,135,94
682,225,135,94
682,228,136,94
681,223,138,98
679,222,138,97
677,221,135,96
679,222,137,96
677,221,137,97
676,218,136,97
678,219,136,97
674,217,136,97
673,217,136,96
679,216,137,98
679,217,138,97
679,215,138,97
683,219,135,96
686,218,137,98
682,215,138,100
682,218,139,100
683,219,141,99
683,219,143,98
686,222,141,97
690,225,140,97
690,225,140,97
692,225,141,98
698,225,141,100
696,226,147,100
698,223,146,101
695,223,150,103
701,223,153,105
697,223,150,104
699,223,148,103
696,223,150,103
699,222,153,104
695,222,146,102
698,219,150,104
696,220,146,103
696,221,148,102
696,219,148,106
688,221,145,102
688,219,144,102
689,222,146,102
683,226,145,99
684,224,146,101
683,223,147,102
679,224,140,98
677,223,147,100
683,226,150,101
671,224,139,96
669,223,141,98
669,222,144,100
666,223,147,100
664,222,146,100
665,222,148,100
662,223,149,101
663,223,149,101
663,222,144,99
664,221,143,98
662,224,142,96
665,223,143,101
662,222,146,101
662,224,144,98
666,226,148,102
661,228,142,98
664,228,142,98
664,227,144,96
669,224,145,102
666,224,143,100
665,224,143,99
664,232,142,98
666,233,145,99
670,235,143,99
668,233,143,98
670,237,143,97
669,236,146,100
666,237,145,99
669,240,148,99
673,237,148,102
668,235,148,101
665,233,148,102
665,236,149,103
666,236,146,100
663,234,148,102
665,232,150,104
670,234,150,103
669,236,149,102
673,236,153,104
676,241,154,105
673,245,151,100
682,247,149,101
681,250,148,99
680,252,144,97
682,252,148,98
685,255,149,98
685,255,148,97
684,252,149,100
689,256,144,96
677,257,149,93
680,258,148,95
678,259,150,96
679,263,146,93
676,262,146,95
668,261,147,95
670,259,145,98
660,261,147,97
653,262,150,94
652,263,147,93
649,261,146,94
652,263,146,95
648,265,149,95
645,266,148,96
642,266,146,95
645,260,146,98
646,264,144,93
647,265,142,93
646,267,140,92
645,269,141,91
652,267,141,94
655,264,141,97
654,267,138,93
660,268,136,94
662,273,138,93
664,269,140,97
666,269,142,99
669,275,138,94
671,274,141,95
671,272,144,96
674,270,145,98
675,267,146,100
677,264,144,99
677,268,139,95
679,263,144,100
681,267,139,96
681,262,144,100
681,265,145,101
679,265,146,102
676,265,145,101
674,265,143,100
670,260,136,97
668,264,138,96
668,260,144,100
666,259,148,101
664,257,147,101
662,256,146,100
658,257,143,98
656,255,145,99
654,254,144,99
652,254,147,101
650,254,143,101
650,253,145,102
647,260,147,100
647,257,148,102
649,258,150,104
647,253,147,104
644,255,147,103
647,257,152,105
645,256,152,104
646,258,152,103
652,265,155,103
651,260,151,106
657,263,158,106
660,260,154,106
666,260,152,105
670,260,159,108
670,263,151,102
675,264,156,105
674,262,149,105
671,259,148,102
676,260,155,106
680,259,160,107
678,255,157,107
681,262,158,107
681,258,158,107
680,255,158,107
680,258,161,107
682,261,156,105
682,261,153,105
681,259,150,105
686,262,160,108
684,262,154,104
687,265,160,106
685,262,164,110
679,266,160,110
678,267,165,112
676,270,168,113
675,267,161,110
676,269,158,108
676,270,159,106
671,266,161,106
668,261,158,108
664,263,164,108
661,263,159,107
660,263,165,109
654,259,161,109
655,258,161,110
658,263,166,109
655,261,165,111
655,261,158,109
651,260,157,109
649,259,158,109
645,260,161,112
649,257,167,113
644,256,164,114
643,253,158,113
649,251,159,112
645,251,164,115
649,256,157,110
649,255,159,111
653,248,157,115
649,247,159,116
648,248,165,114
648,244,157,113
647,243,158,113
648,241,157,113
650,242,162,115
654,242,163,114
658,238,150,109
665,238,158,112
665,241,159,112
669,246,153,109
672,244,152,107
677,241,149,106
682,244,152,107
683,243,151,106
685,245,154,108
684,237,145,104
685,237,146,105
686,237,148,105
686,232,152,109
683,234,151,106
685,234,150,105
681,233,152,108
683,235,147,103
676,233,145,101
674,230,148,103
673,231,151,104
668,230,148,103
667,230,149,103
664,228,153,108
663,232,154,107
657,230,150,104
654,231,150,105
651,230,152,108
649,223,150,108
646,225,151,109
645,224,151,109
642,224,149,107
648,228,150,109
649,226,145,105
643,224,146,106
647,226,143,104
650,225,144,106
646,227,142,105
649,226,143,105
651,228,141,105
647,225,141,105
648,229,142,105
645,223,141,107
646,225,140,105
648,228,140,104
652,223,139,106
649,222,139,105
655,225,142,106
657,224,139,107
656,226,138,104
658,226,140,105
661,226,137,105
667,229,140,106
665,225,136,104
668,225,138,105
671,234,137,105
679,239,142,107
682,237,139,105
684,236,140,105
685,231,140,105
682,232,136,101
683,237,140,104
678,236,141,103
676,235,141,104
675,236,142,105
674,238,144,105
667,235,138,101
666,236,139,102
667,238,138,102
670,241,144,105
668,240,143,104
669,243,142,104
668,244,140,102
670,250,140,102
668,248,138,101
667,249,140,101
668,248,145,105
668,248,146,106
665,244,141,104
667,240,142,106
669,243,148,108
668,242,147,107
664,239,145,107
665,242,149,108
663,241,149,108
663,240,147,106
664,238,147,106
665,233,146,107
666,237,147,107
665,238,149,107
662,239,150,106
660,236,149,107
661,234,155,110
653,235,149,107
656,236,150,108
655,234,149,109
652,234,150,111
648,239,149,112
651,243,153,113
648,243,149,110
653,244,146,108
654,244,148,110
654,244,149,110
652,243,147,110
655,246,147,107
658,245,143,105
660,244,142,105
661,247,141,104
664,252,142,102
667,253,144,103
664,251,145,106
660,251,145,106
663,254,150,110
657,250,149,110
655,249,151,110
656,250,149,109
649,247,149,111
650,251,151,111
650,253,153,113
649,257,154,112
651,257,152,110
654,257,153,112
654,259,157,111
652,254,155,110
657,258,157,110
657,261,160,112
655,264,158,110
656,269,159,113
653,261,156,112
651,262,154,110
652,254,159,112
646,257,154,106
648,254,157,109
640,255,162,111
639,256,155,104
639,251,157,109
630,254,155,105
631,248,157,107
631,246,157,109
631,243,153,106
634,242,154,107
642,244,153,108
641,238,153,109
644,239,156,110
643,243,154,108
654,242,155,113
654,245,157,112
659,247,160,114
663,242,156,112
660,248,156,111
658,245,154,112
663,246,157,115
661,241,153,113
658,239,155,114
659,241,160,117
650,242,159,117
650,246,164,121
656,239,157,119
651,239,156,117
647,242,156,116
651,246,160,120
654,245,157,120
655,250,161,121
652,251,160,121
657,256,160,121
656,256,160,121
656,259,159,121
651,256,162,122
649,256,160,123
646,250,156,119
644,257,162,124
644,255,157,120
643,259,159,122
643,263,158,121
636,275,161,122
636,261,160,121
