26,179,112,166
26,179,113,167
26,178,112,167
26,178,112,166
26,178,112,167
26,177,113,167
26,176,112,168
26,176,112,167
26,176,112,168
26,177,113,168
26,177,112,167
26,177,112,167
26,176,114,168
26,176,113,168
25,176,116,167
25,175,115,168
26,174,117,169
25,174,118,169
26,175,117,168
26,175,117,168
25,174,118,169
26,172,120,170
26,172,120,170
27,171,120,170
28,170,121,173
28,170,121,173
29,170,123,171
27,171,125,172
27,169,126,172
28,170,125,171
26,170,126,170
26,171,126,171
26,171,126,169
27,168,127,172
26,169,127,170
24,171,128,169
23,171,127,169
25,171,127,169
24,171,127,167
25,170,128,170
22,172,128,167
22,172,130,168
21,172,130,167
21,171,129,167
20,172,128,167
19,173,131,163
18,173,132,163
21,171,131,164
20,170,129,165
18,173,129,163
18,171,130,163
17,172,132,164
17,173,132,163
17,171,131,163
17,171,134,163
17,170,133,165
16,169,134,166
17,169,135,165
16,168,134,166
16,167,133,167
16,167,134,167
16,168,136,168
16,167,133,169
16,166,133,169
15,166,132,171
16,165,134,171
16,166,139,168
16,167,138,168
16,166,137,170
17,165,137,171
17,165,139,170
18,165,138,171
17,165,139,170
17,163,140,172
19,164,138,172
19,164,141,172
18,164,137,171
18,164,134,172
16,166,136,170
17,166,140,170
17,165,136,170
17,165,136,171
17,166,134,170
16,165,136,169
16,164,136,170
16,164,137,171
17,162,135,172
17,164,131,170
17,164,135,170
17,164,129,171
18,166,128,170
18,164,130,170
19,165,130,170
19,166,129,170
19,164,130,171
20,163,131,171
19,165,131,172
19,165,127,170
20,164,129,173
19,164,127,172
19,165,127,171
20,166,126,171
19,165,124,173
20,164,124,171
20,165,122,172
20,160,120,174
20,161,120,174
21,161,119,173
22,160,121,175
22,160,115,174
21,161,114,172
21,161,114,172
20,160,116,171
22,159,116,172
23,158,114,172
24,156,116,170
25,155,112,168
26,153,114,167
26,152,114,165
29,150,116,159
27,152,115,161
27,152,114,159
27,152,113,160
28,151,117,161
29,150,114,158
27,155,107,164
27,156,109,163
29,155,110,158
29,157,103,155
29,156,102,157
31,150,109,152
30,154,107,154
36,151,110,149
30,154,110,153
43,151,110,146
69,137,117,143
61,144,114,140
64,141,113,137
75,136,114,140
79,133,114,139
57,143,113,144
61,143,113,141
64,141,111,138
70,138,111,139
65,139,110,138
60,144,105,138
80,133,106,139
69,140,105,136
87,127,106,141
67,137,105,138
85,125,106,136
74,132,107,138
82,127,107,139
82,127,107,136
63,137,103,136
70,132,104,137
68,132,103,138
80,125,107,136
75,126,106,140
80,122,108,140
74,126,108,139
66,129,107,139
69,128,105,138
71,128,102,138
75,126,101,134
84,119,100,135
67,131,99,135
69,128,100,133
81,118,100,136
88,114,98,138
81,116,99,134
79,117,100,136
85,115,99,136
88,114,98,135
89,112,100,135
89,111,100,135
92,107,102,138
92,108,102,138
87,110,105,133
85,111,104,130
86,109,104,131
80,113,104,134
82,113,103,133
80,112,103,131
84,108,104,133
87,104,105,135
86,105,106,134
87,106,105,134
88,104,104,134
87,105,104,136
87,104,105,134
89,102,102,133
90,103,101,131
93,101,101,133
91,102,100,132
94,102,99,130
96,101,98,131
97,101,99,131
93,105,97,130
91,105,96,130
101,102,97,126
98,103,95,129
100,103,95,127
100,101,97,126
103,100,96,126
99,102,96,128
104,97,98,130
98,99,97,132
105,96,98,130
103,94,99,131
99,99,97,131
101,100,96,129
102,99,95,129
102,98,94,127
102,102,92,126
103,102,90,126
104,97,92,126
103,100,89,125
106,99,91,125
106,98,90,127
105,99,88,125
105,96,91,127
107,98,90,127
107,95,92,127
111,95,90,124
104,96,88,125
105,95,87,125
110,93,89,126
106,95,86,125
110,94,88,126
108,93,87,126
105,93,87,128
107,95,85,124
108,95,83,123
104,97,83,123
103,98,83,124
110,85,86,124
109,89,85,125
104,92,84,124
110,86,87,125
111,85,86,124
115,82,86,124
109,84,87,124
111,82,87,124
114,82,87,124
113,79,90,125
114,78,90,126
116,76,91,127
114,75,93,127
115,77,91,126
111,79,90,125
117,76,90,123
120,77,90,124
122,74,89,123
122,75,88,122
129,71,84,121
126,72,84,121
131,69,82,120
126,71,84,121
135,64,84,121
137,65,82,120
135,71,80,117
136,73,77,116
140,72,78,114
139,72,79,115
141,73,78,112
141,72,79,113
143,65,83,111
136,73,81,114
136,71,84,114
140,67,85,113
140,68,85,113
139,65,86,112
142,70,87,113
142,70,86,111
146,67,86,112
147,66,86,113
140,70,86,113
140,68,84,111
148,65,85,113
148,64,85,112
147,64,84,112
145,64,85,114
148,64,83,114
144,64,86,116
146,65,86,115
147,66,84,114
146,64,86,114
147,64,85,113
149,65,84,113
142,63,83,114
140,64,82,113
137,66,83,115
140,65,85,116
143,62,85,114
141,66,85,115
142,64,85,117
134,68,85,116
139,66,86,116
128,69,84,115
121,69,84,116
123,71,83,113
124,71,82,113
117,75,81,112
110,75,81,112
108,77,79,108
113,77,80,108
103,78,81,110
107,78,81,110
103,80,80,107
103,79,81,108
105,73,81,111
105,72,82,111
106,76,81,108
110,73,83,110
104,74,83,108
105,73,82,108
104,74,82,106
105,73,82,106
101,73,84,108
101,73,83,107
103,73,83,107
101,76,83,106
99,74,82,106
102,73,82,105
101,73,83,107
99,70,84,106
99,73,82,104
94,74,82,104
95,72,84,107
94,74,82,103
93,75,81,102
93,74,81,102
91,77,81,101
89,78,82,102
92,71,82,104
92,72,83,104
90,73,83,105
88,71,86,108
91,70,88,108
85,72,87,110
85,70,88,109
83,73,89,109
84,67,89,111
82,71,88,110
79,71,88,110
78,67,88,112
81,73,87,110
82,65,89,112
76,70,87,111
77,69,85,110
80,68,87,111
76,71,85,109
79,73,84,107
80,70,84,108
76,69,85,110
80,70,84,109
80,67,83,107
74,74,82,108
79,71,81,106
77,72,80,106
72,75,81,107
75,73,80,105
73,76,79,105
73,76,79,104
73,76,78,104
73,74,78,104
74,72,78,104
73,74,78,104
75,79,77,104
75,76,76,103
73,75,78,104
75,69,78,104
75,73,77,103
74,75,76,101
74,80,75,101
73,76,76,101
70,75,78,103
69,78,78,104
68,74,79,104
69,72,78,104
60,77,78,106
65,73,79,108
71,73,76,105
69,78,75,105
70,79,75,105
64,79,76,106
68,77,76,105
58,80,76,106
57,80,79,107
56,78,80,108
54,79,81,110
54,76,83,111
50,75,83,112
53,76,81,110
51,76,81,110
57,75,81,109
52,78,81,108
51,77,80,108
50,80,80,108
50,78,80,108
45,77,80,109
40,79,80,108
43,76,80,110
40,78,80,109
37,76,80,111
41,78,82,111
43,78,80,109
40,79,80,107
37,81,80,108
39,79,79,107
41,80,78,106
34,85,77,105
40,81,76,102
37,80,75,102
39,80,75,101
33,80,77,103
36,82,77,101
34,81,77,101
41,83,74,99
32,80,76,102
33,81,75,101
32,80,76,101
29,83,77,102
27,81,78,104
33,81,75,100
31,83,75,101
30,80,76,103
24,79,77,104
19,79,77,105
22,80,76,104
21,80,76,104
22,78,78,105
21,81,77,103
24,78,77,104
16,80,77,105
21,82,77,105
18,77,78,106
14,78,78,109
10,77,79,112
13,79,78,110
9,81,78,112
13,78,78,109
11,78,78,110
12,79,78,110
11,77,78,111
13,74,77,110
14,77,77,110
11,76,77,110
10,82,76,108
8,78,76,111
9,76,76,111
11,74,77,112
11,75,77,112
11,75,75,110
8,78,75,110
10,76,75,109
11,77,75,108
9,79,74,109
9,82,72,107
8,77,74,110
10,76,74,109
10,78,74,109
10,78,73,109
11,77,72,108
6,77,72,110
9,78,72,109
9,79,71,108
7,77,72,111
6,79,71,109
10,78,70,107
6,78,70,108
8,80,69,107
8,75,70,107
8,80,70,107
7,74,70,108
8,79,70,109
6,78,71,110
6,74,72,111
8,75,71,111
6,76,69,110
7,73,69,110
6,76,70,110
5,73,70,110
8,75,70,108
8,74,70,107
6,74,70,108
9,75,69,107
7,77,68,108
5,73,68,109
4,75,68,109
6,76,67,107
5,73,67,107
3,77,66,108
3,75,67,109
2,77,67,107
4,78,66,107
5,77,66,106
1,78,65,107
3,77,65,106
2,79,64,104
2,80,64,103
5,77,66,104
1,80,64,107
-2,79,64,108
-0,79,63,106
-2,80,63,107
-3,80,62,110
-1,78,64,110
-1,80,63,109
-1,72,64,111
1,74,65,110
0,77,66,109
-1,72,65,110
-4,73,64,115
-7,79,63,116
-4,75,63,113
-5,76,62,115
-5,73,63,113
-3,75,63,111
-6,77,61,113
-3,76,63,110
-2,73,64,109
-6,76,61,110
-9,75,61,112
-8,75,62,114
-4,76,63,110
-7,75,61,111
-8,76,61,112
-5,72,63,113
-10,75,61,114
-12,72,61,118
-6,75,62,111
-9,75,61,113
-7,75,61,111
-9,75,60,111
-13,75,59,114
-9,78,60,112
-8,72,61,110
-7,75,61,110
-6,75,62,109
-7,74,62,110
-12,75,60,112
-10,81,60,111
-13,79,59,112
-12,76,61,112
-13,75,60,112
-12,79,62,116
-15,74,61,115
-16,76,60,116
-15,76,62,116
-15,76,62,115
-17,77,62,117
-15,75,64,117
-15,75,64,117
-15,74,65,115
-15,75,65,118
-17,75,65,120
-20,77,66,124
-20,75,66,122
-23,76,66,123
-17,76,66,121
-19,74,65,120
-18,73,66,123
-19,72,67,127
-20,76,66,126
-19,70,67,126
-23,68,66,129
-19,73,65,125
-16,71,66,122
-21,72,65,125
-18,74,64,124
-19,73,64,124
-20,70,64,125
-21,74,64,126
-17,74,66,124
-21,73,64,127
-21,73,62,125
-18,73,63,125
-17,74,64,124
-19,71,64,124
-18,74,64,124
-17,76,64,124
-17,75,64,120
-21,75,63,125
-17,76,64,124
-19,77,64,123
-18,74,63,122
-18,78,63,123
-21,75,63,127
-21,76,62,124
-18,78,63,124
-21,78,65,126
-18,74,65,124
-24,74,66,131
-23,71,66,133
-21,74,65,130
-22,72,64,128
-17,74,64,128
-24,69,79,132
-16,70,64,131
-14,72,63,129
-17,73,63,131
-20,73,63,132
-24,70,79,134
-19,71,64,134
-17,77,62,132
-18,70,63,132
-18,72,63,132
-18,73,62,130
-15,76,61,130
-17,74,62,132
-20,68,64,134
-15,72,63,133
-18,70,64,135
-16,77,61,132
-17,71,62,133
-17,73,62,132
-17,74,63,134
-18,74,62,132
-21,69,63,136
-20,69,63,135
-22,68,64,137
-18,70,63,137
-22,68,65,142
-20,66,64,140
-21,66,64,141
-19,64,64,140
-21,68,65,141
-23,64,66,145
-25,67,67,149
-24,64,68,149
-25,64,69,151
-21,63,68,147
-23,69,67,146
-24,71,66,146
-24,68,67,146
-21,69,67,143
-23,68,68,148
-28,70,69,151
-25,66,69,148
-24,67,68,146
-23,64,70,145
-24,69,70,145
-25,69,70,146
-25,65,71,145
-27,70,70,146
-25,65,71,142
-28,73,68,142
-28,73,68,144
-30,74,66,143
-25,73,69,140
-32,74,65,144
-33,73,65,144
-33,75,65,143
-31,75,66,142
-32,75,65,141
-29,83,65,138
-31,72,66,141
-29,80,65,137
-29,86,64,137
-28,88,65,137
-30,91,63,134
-28,98,60,130
-27,103,58,125
-28,102,58,122
-27,108,56,119
-32,109,66,115
-31,110,64,111
-30,115,64,110
-30,115,64,110
-29,117,64,109
44,116,62,107
64,101,61,106
59,107,61,107
53,110,61,107
44,116,60,105
64,103,61,106
42,117,60,105
59,106,60,104
33,117,60,104
39,119,61,106
7,143,61,107
6,139,61,107
-16,155,62,108
-3,138,62,107
-18,154,63,108
-14,150,63,108
4,135,62,107
-12,143,61,106
-13,147,62,108
-15,147,63,110
-15,143,63,110
-17,142,63,110
-16,139,63,110
-20,143,62,109
-23,148,62,108
3,130,62,109
-13,133,63,111
-19,143,63,110
-13,137,53,110
-14,136,53,113
-14,137,52,113
-14,137,52,112
-18,140,54,112
-15,136,53,110
-16,136,52,111
-16,134,53,110
-17,131,53,110
-16,131,53,110
-16,135,50,107
-16,134,51,108
-16,130,51,108
-17,135,49,108
-14,132,49,106
-15,132,48,105
-11,126,49,102
-14,128,49,101
-16,129,49,102
-15,124,49,100
-15,123,49,102
-16,124,49,102
-12,116,50,99
-14,116,50,100
-18,120,50,102
-16,118,49,99
-12,115,49,98
-17,116,49,100
-14,114,49,97
-13,111,50,99
-12,108,50,99
-13,110,49,98
-13,110,49,97
-13,107,49,97
-13,106,49,98
-14,107,48,98
-15,110,48,97
-15,106,49,100
-14,109,48,99
-13,105,48,98
-13,100,48,97
-13,99,48,98
-14,99,48,98
-13,100,49,99
-15,97,50,101
-17,99,51,101
-14,97,50,99
-14,96,50,100
-12,91,51,98
-14,93,50,99
-13,94,50,98
-14,87,51,101
-17,94,51,100
-17,92,52,100
-17,89,53,103
-19,92,54,103
-18,89,53,102
-18,90,53,102
-20,89,54,103
-20,86,55,105
-20,87,55,106
-19,90,53,104
-20,85,54,104
-22,88,55,106
-21,85,56,105
-18,84,55,106
-20,85,56,106
-22,86,56,107
-20,83,56,104
-21,84,55,105
-22,84,54,105
-19,82,54,104
-18,82,53,103
-19,83,54,105
-18,82,54,107
-20,81,55,107
-18,79,55,108
-20,82,55,106
-19,80,54,105
-20,76,55,108
-19,76,55,107
-18,76,56,107
-18,80,57,106
-20,71,59,109
-19,73,58,108
-18,70,58,109
-21,74,58,110
-18,71,58,111
-17,63,58,112
-18,70,58,111
-18,71,57,110
-19,75,57,112
-18,68,57,116
-20,68,58,115
-20,70,58,116
-22,76,57,113
-20,72,58,114
-21,68,58,115
-20,70,58,115
-21,71,59,116
-23,72,60,117
-22,68,60,118
-22,64,61,119
-25,68,61,121
-22,71,61,117
-20,70,59,115
-24,66,59,117
-23,66,60,117
-23,66,59,118
-21,66,60,118
-23,69,60,119
-23,63,60,120
-23,67,61,120
-24,67,62,121
-23,67,61,118
-22,67,61,118
-24,67,60,118
-24,71,60,115
-24,75,59,114
-24,70,59,115
-23,74,57,113
-23,77,57,113
-24,73,57,114
-25,71,57,113
-24,75,57,112
-23,77,57,110
-25,70,57,112
-22,75,56,107
-25,78,55,108
-23,79,57,108
-26,75,56,110
-26,76,55,108
-26,78,55,106
-25,78,55,106
-24,79,55,105
-25,80,55,105
-25,81,54,104
-25,85,53,103
-22,85,53,102
-23,87,52,99
-24,88,51,99
-24,87,51,99
-21,89,51,99
-23,89,51,97
-24,88,52,98
-23,90,52,98
-21,89,53,99
-22,90,53,99
-23,86,54,101
-23,91,54,101
-23,91,53,100
-18,87,54,100
-22,88,55,100
-22,89,55,101
-21,86,56,102
-21,90,55,102
-20,84,56,104
-19,86,56,103
-20,90,54,101
-18,89,55,101
-17,86,55,103
-19,88,55,103
-17,88,55,104
-18,87,56,105
-19,84,57,107
-18,83,59,107
-19,86,59,108
-21,82,60,110
-21,77,62,111
-21,83,61,111
-23,81,61,111
-23,83,62,112
-23,80,63,113
-23,76,64,115
-22,76,65,115
-19,75,64,114
-22,75,65,115
-22,74,65,115
-23,77,65,117
-23,73,66,117
-22,73,66,119
-24,73,67,119
-22,70,67,119
-25,67,68,119
-28,73,69,123
-24,65,69,122
-25,68,68,122
-24,64,69,121
-26,67,69,122
-28,65,70,122
-27,69,69,123
-26,70,69,120
-28,68,71,124
-29,65,72,125
-28,62,74,127
-29,65,73,127
-31,67,74,130
-29,67,74,130
-30,67,75,131
-28,67,76,130
-30,63,76,131
-31,59,78,133
-31,64,78,133
-29,59,78,134
-29,59,78,134
-31,62,79,135
-28,66,77,132
-30,64,77,133
-30,66,77,131
-34,68,77,134
-28,60,77,132
-32,61,77,134
-34,64,78,135
-32,64,78,136
-33,57,81,138
-31,61,81,138
-32,60,80,138
-33,61,81,140
-32,64,79,136
-34,62,79,138
-33,61,81,141
-34,60,80,141
-35,66,78,139
-32,65,78,136
-32,59,79,138
-32,65,78,138
-36,62,79,142
-33,68,78,140
-33,62,78,140
-35,65,79,142
-35,63,79,143
-38,61,81,148
-37,63,79,146
-37,65,79,146
-38,63,80,148
-37,65,79,146
-37,68,79,145
-35,71,76,142
-36,72,76,140
-34,74,75,137
-36,71,75,139
-36,75,75,140
-36,75,75,139
-35,76,75,139
-37,79,76,140
-37,85,75,140
-36,81,75,140
-35,88,75,140
-36,89,74,138
-36,91,74,137
-34,93,73,134
-35,93,72,133
-35,98,73,134
-34,98,73,134
-35,100,72,132
-34,95,72,131
-32,105,70,129
-33,107,70,128
-33,111,70,129
-34,113,70,128
-33,120,69,126
-33,117,69,127
-32,119,69,125
-31,121,67,124
-31,125,66,123
-27,125,65,121
-28,128,64,120
-27,129,66,121
-28,133,66,121
-27,136,67,121
-31,132,68,124
-32,132,69,126
-27,138,69,124
-27,140,70,123
-30,137,70,126
-31,131,71,128
-30,142,69,124
-32,140,69,125
-30,145,67,122
-28,139,68,123
-28,145,67,121
-29,145,68,122
-30,145,68,122
-27,149,66,118
-31,149,67,121
-24,142,68,120
-26,148,66,117
-18,144,65,114
-21,137,68,120
-23,136,69,122
-19,137,67,117
-19,140,67,117
-18,143,66,116
-16,135,66,118
-19,139,67,119
-19,137,66,118
-19,139,67,118
-20,138,67,119
-19,141,68,118
-20,141,68,121
-19,135,69,120
-22,137,70,122
-23,139,70,121
-20,137,69,120
-23,138,71,121
-22,133,71,123
-20,134,72,125
-23,130,73,128
-22,127,75,129
-19,125,76,128
-23,123,77,131
-22,127,75,127
-20,125,74,126
-22,124,76,127
-21,127,75,126
-21,124,74,127
-21,122,74,127
-24,126,74,127
-21,128,74,125
-21,126,75,126
-25,126,77,130
-23,131,77,126
-21,122,77,129
-20,122,76,127
-24,125,75,125
-25,125,76,126
-22,128,75,125
-23,124,76,126
-23,125,77,127
-27,125,79,129
-23,126,78,129
-27,122,80,132
-25,122,80,132
-24,119,81,133
-23,117,80,132
-24,120,80,131
-24,119,80,132
-25,116,81,134
-25,116,81,135
-26,118,83,135
-27,114,83,137
-26,110,82,137
-25,122,80,133
-25,117,81,135
-23,114,81,136
-22,118,79,132
-26,116,81,135
-24,116,80,133
-23,112,80,133
-24,116,79,133
-24,116,79,132
-25,119,79,133
-22,115,79,133
-24,115,80,133
-27,113,82,136
-26,115,81,134
-27,115,82,135
-29,115,83,136
-25,116,80,135
-26,116,81,132
-24,114,81,131
-26,112,84,134
-28,119,84,135
-25,112,84,136
-28,112,85,138
-29,108,86,139
-28,107,86,140
-28,111,86,135
-28,111,85,136
-28,113,84,136
-27,109,86,137
-26,115,84,133
-28,116,85,134
-27,109,84,135
-27,109,83,132
-29,114,82,135
-28,113,81,129
-24,109,79,128
-22,115,78,125
-25,114,78,127
