314,331,31,20
314,331,32,21
315,331,30,21
315,330,33,21
316,331,32,21
315,331,33,21
315,331,35,21
316,332,34,20
317,332,33,20
318,332,33,20
318,332,32,20
317,332,33,20
318,332,32,20
318,332,33,21
318,332,33,21
318,332,33,21
319,332,33,21
319,332,34,21
319,333,33,20
320,333,33,21
320,333,33,21
321,333,32,22
322,333,31,22
322,334,32,21
323,334,31,21
324,335,31,20
324,335,33,19
325,336,33,20
326,336,31,19
326,336,31,19
325,335,32,20
326,335,33,20
326,335,33,20
327,332,32,21
328,329,31,20
327,323,32,19
329,316,32,21
330,308,31,21
331,301,31,20
331,294,31,22
331,290,31,21
331,288,32,21
332,285,30,21
334,285,29,20
334,285,29,20
334,283,30,23
334,282,28,23
334,279,30,23
333,273,30,24
334,268,29,23
334,262,31,23
334,258,30,23
335,256,29,24
335,255,30,23
335,255,29,23
335,256,30,22
335,255,30,22
335,254,30,22
335,254,30,21
335,254,30,21
335,254,30,21
335,254,30,21
335,254,30,21
335,253,30,22
335,253,29,22
335,252,30,22
335,252,29,22
335,251,30,23
335,251,30,22
335,251,30,22
335,251,31,22
335,251,32,23
335,250,32,23
335,250,31,22
334,250,32,22
333,248,32,23
335,249,33,23
335,249,33,23
336,249,33,23
337,249,32,22
336,249,32,22
336,249,32,22
337,249,32,23
337,249,31,22
336,248,32,22
336,248,31,21
337,248,31,22
337,249,31,22
337,248,32,22
337,248,32,23
337,248,31,21
338,247,32,23
339,247,31,23
339,247,32,23
340,247,32,23
339,247,33,23
340,247,32,23
340,246,32,22
340,246,33,22
341,246,33,22
342,246,34,23
341,247,32,21
343,247,31,21
342,247,34,20
343,246,34,21
343,246,34,20
343,246,34,20
343,246,34,20
344,246,34,20
345,246,34,21
343,244,34,22
344,245,36,20
345,245,35,19
345,245,35,20
345,244,35,20
344,244,35,20
346,244,34,21
346,244,33,20
347,243,32,21
348,243,32,20
348,243,33,21
349,244,32,19
349,243,33,21
349,243,33,21
349,243,32,20
350,243,31,20
349,243,34,20
350,242,33,20
350,242,33,20
351,243,32,20
351,242,34,21
351,242,34,21
351,241,33,21
351,242,34,21
352,242,33,20
352,242,35,20
352,242,36,20
353,242,35,20
354,242,34,20
353,242,34,20
354,242,34,21
354,242,36,20
355,242,34,20
356,242,34,20
357,242,34,21
357,242,35,19
357,242,36,20
358,242,35,20
358,242,35,20
359,242,34,20
359,242,35,21
359,242,36,21
360,242,35,20
360,242,35,21
362,242,33,19
362,241,34,21
363,241,32,21
364,240,32,23
363,241,32,21
365,241,33,22
366,241,33,21
366,241,32,20
366,242,32,20
367,242,32,20
368,242,32,20
369,242,32,21
369,242,33,22
370,242,32,21
370,242,33,22
371,243,33,22
371,243,33,21
372,243,33,22
372,243,33,20
373,244,32,20
373,243,33,21
374,243,32,20
374,243,33,21
374,243,33,21
375,244,33,21
375,244,32,21
375,244,32,20
376,245,33,21
375,244,32,21
377,244,32,22
376,243,32,23
377,244,32,23
377,244,32,24
378,244,32,24
378,245,31,22
378,245,32,22
378,245,33,22
379,245,32,22
380,245,31,22
380,245,31,22
380,246,32,22
380,245,32,23
381,245,31,22
381,245,32,23
382,246,31,23
382,245,31,23
383,245,31,22
383,245,31,24
384,244,31,26
384,245,31,25
385,245,31,26
385,245,31,27
387,247,29,24
387,247,28,24
387,247,28,23
388,247,28,23
388,248,28,23
388,248,28,23
388,248,28,23
388,248,28,24
388,248,27,23
388,248,28,22
388,248,28,23
388,249,28,23
389,249,27,24
388,249,28,23
388,248,28,24
389,249,28,24
388,249,28,23
387,249,28,23
387,248,28,24
387,249,29,23
387,249,28,24
387,250,28,22
387,249,28,24
387,248,27,25
387,249,27,24
388,249,27,24
387,249,26,25
388,249,27,24
387,249,27,24
388,249,28,25
388,249,28,25
388,249,27,25
387,249,28,24
387,249,27,25
387,249,27,25
387,250,27,24
386,249,28,23
387,250,28,24
387,249,27,24
386,249,28,24
386,250,28,23
387,249,27,24
387,249,27,24
387,250,27,24
387,249,28,24
387,250,27,23
387,250,27,24
387,250,28,24
386,250,28,24
387,250,29,25
387,249,29,26
387,249,29,26
387,250,29,25
387,250,29,25
387,250,29,25
386,250,29,25
387,250,28,25
387,250,28,26
386,250,29,26
387,251,29,25
386,251,28,23
386,251,28,24
386,251,28,24
386,251,28,24
386,252,28,25
386,251,28,25
386,251,28,26
386,251,28,26
386,251,28,25
386,251,27,26
386,252,28,25
386,251,28,27
386,251,28,27
386,251,28,26
386,251,28,26
385,251,28,26
385,251,28,26
385,251,29,25
384,252,29,25
385,251,30,26
385,251,30,26
385,251,29,26
385,251,29,27
384,251,29,27
385,251,29,26
384,251,28,26
385,251,28,25
384,251,28,25
384,251,28,25
384,251,28,26
383,250,28,26
383,250,28,26
384,250,28,27
383,250,28,26
384,250,27,26
384,250,27,26
384,250,27,25
384,250,27,26
384,251,27,25
384,251,26,25
384,250,27,25
384,251,27,25
385,251,27,26
385,250,27,27
385,250,28,26
385,250,28,27
385,250,29,27
385,250,29,28
385,251,28,26
385,252,29,26
386,252,29,26
384,252,30,26
385,253,30,25
384,254,31,25
384,253,30,26
385,255,30,25
385,255,29,26
385,255,29,25
386,255,28,26
385,255,29,25
385,255,28,24
385,255,28,24
385,256,27,23
386,256,26,24
385,255,26,24
386,255,27,27
386,255,27,27
386,255,26,26
386,255,27,24
385,255,27,24
386,255,28,25
386,255,28,26
386,256,28,25
386,256,28,25
388,257,27,24
387,257,29,24
387,257,28,24
387,256,27,24
387,257,27,24
387,258,27,24
387,258,28,25
387,259,28,26
388,262,29,26
389,266,28,25
388,271,29,25
388,279,29,25
388,286,29,25
389,296,30,25
390,305,31,25
390,314,31,23
390,322,31,25
390,332,33,24
391,339,32,25
392,342,33,24
391,343,34,24
392,343,33,23
392,344,34,24
393,345,33,23
393,344,33,23
393,345,32,23
394,345,31,22
394,345,30,23
395,345,31,24
394,344,33,23
394,345,33,23
395,345,33,23
395,345,31,23
395,345,31,23
396,346,31,22
396,346,33,22
396,346,32,22
397,346,33,23
398,346,33,23
398,347,34,23
398,346,35,22
398,346,35,23
399,346,37,23
400,346,36,22
400,347,37,22
401,347,37,22
402,346,37,22
399,341,37,26
403,346,37,22
402,346,36,22
404,344,36,22
404,345,37,22
404,345,37,22
407,344,36,26
408,341,36,26
408,341,37,26
410,335,38,22
409,335,39,22
411,324,36,22
411,318,36,24
411,318,35,24
412,307,35,24
412,302,35,24
413,302,36,24
413,291,35,24
413,291,37,24
414,286,35,24
415,277,36,23
415,277,36,24
415,269,36,23
416,264,35,24
416,264,35,24
417,259,34,24
416,259,34,23
417,256,35,24
417,253,33,24
417,252,34,25
418,250,32,24
418,248,33,25
418,248,33,25
417,245,32,24
417,246,32,24
418,244,33,25
418,241,34,26
418,241,33,25
418,240,33,25
419,240,33,23
419,241,32,23
419,240,32,23
419,240,32,23
419,240,31,24
419,239,32,23
419,239,31,23
419,239,32,23
420,239,31,23
419,238,32,23
419,238,32,23
419,238,33,24
419,238,32,23
419,237,32,24
419,237,32,25
420,238,31,23
420,237,31,24
419,236,32,24
419,236,32,25
419,235,32,25
419,236,33,24
418,235,33,24
418,235,33,24
418,235,32,23
418,234,32,25
418,234,32,25
417,234,33,26
418,234,32,25
417,234,32,25
418,234,32,24
418,234,33,23
417,234,33,24
418,234,32,24
417,233,33,24
418,232,33,26
418,233,33,24
418,232,33,25
418,233,33,25
417,232,34,25
417,232,34,25
418,232,33,25
418,232,33,26
418,232,33,26
418,232,33,25
418,232,33,25
419,233,33,24
418,232,33,24
418,232,33,25
419,232,34,24
419,233,34,24
420,233,33,23
420,233,35,23
419,233,37,24
419,232,37,24
420,232,37,25
423,233,35,23
423,233,36,24
423,232,35,26
422,231,35,27
422,230,35,28
422,231,37,26
422,231,38,27
423,230,38,27
424,231,38,27
425,231,36,26
425,232,37,26
426,231,35,27
426,231,36,26
428,231,34,25
427,231,36,25
428,231,35,26
427,230,36,27
428,231,36,26
428,232,36,25
430,231,35,25
430,232,36,24
429,231,35,25
428,231,36,26
430,231,36,26
429,231,36,26
431,230,34,27
431,229,36,28
431,230,35,27
431,230,36,27
432,230,36,26
433,230,36,26
433,229,36,27
434,230,36,26
435,229,36,26
435,230,36,25
437,230,33,25
437,230,34,25
437,229,35,26
439,229,33,27
437,228,35,27
439,229,36,27
439,228,34,29
441,228,33,29
442,230,34,26
442,229,35,26
442,229,35,26
443,229,35,26
443,228,39,25
443,229,36,25
444,229,35,24
446,229,34,24
445,228,35,25
447,229,36,25
446,227,36,27
447,228,36,26
448,228,35,26
448,229,35,25
449,230,33,24
450,230,33,25
449,230,34,25
450,229,35,26
451,230,35,25
450,229,35,25
451,229,34,25
451,229,37,24
451,229,35,24
452,229,38,25
452,229,38,25
454,229,37,25
456,229,37,25
456,228,36,26
457,228,36,25
457,229,35,24
459,229,34,24
460,229,35,24
459,229,36,25
459,229,33,25
458,228,35,27
458,228,35,26
458,228,36,26
458,229,35,25
457,229,37,24
458,229,36,24
457,228,38,25
457,228,37,25
459,229,36,23
458,228,36,24
459,228,37,23
460,229,34,24
460,229,34,23
460,229,36,23
459,228,35,24
460,228,35,23
459,228,36,24
460,227,33,25
460,228,35,24
461,228,35,23
462,228,35,23
461,228,35,23
463,228,36,24
462,227,37,24
464,228,37,23
465,228,36,22
466,228,36,23
467,228,36,23
467,227,36,24
469,228,36,23
470,228,34,23
471,227,36,25
473,227,36,24
472,226,38,26
473,226,37,27
474,225,37,27
474,226,36,26
475,226,37,26
475,226,39,24
476,226,40,25
476,226,38,25
477,226,39,25
479,226,38,26
480,226,37,25
479,226,38,26
482,227,37,23
483,228,37,23
483,227,38,24
483,226,38,24
484,227,38,23
484,227,38,23
485,227,36,23
486,226,37,26
487,226,38,26
486,225,39,27
487,226,39,25
487,226,39,25
488,226,38,25
489,225,38,25
489,226,37,25
490,225,37,26
491,225,38,26
491,225,38,25
491,225,38,25
491,226,38,25
493,226,37,25
493,225,39,25
496,226,38,24
498,226,35,24
498,226,36,25
499,227,37,25
500,226,36,26
500,226,36,26
500,226,35,26
501,226,35,25
501,225,35,26
503,227,34,24
502,227,35,24
503,227,35,24
504,226,36,24
505,227,35,23
506,226,36,24
505,226,36,25
506,227,37,23
506,227,37,24
508,227,37,24
508,228,35,23
507,228,37,24
508,226,37,25
509,227,36,25
509,226,39,26
510,225,39,27
510,226,38,25
510,225,37,26
512,225,37,26
512,225,38,26
512,225,37,26
512,226,38,26
512,226,37,24
514,227,36,24
514,226,36,25
516,227,35,23
517,227,35,23
517,227,37,23
517,226,36,25
518,225,37,26
518,224,34,28
519,225,35,28
520,225,35,26
519,225,36,26
520,225,37,25
520,226,38,25
523,226,34,24
523,226,35,25
525,226,35,24
525,225,36,24
525,225,35,25
525,225,34,26
526,224,33,26
526,225,33,26
526,224,33,25
526,224,33,26
526,224,35,25
526,224,35,25
526,224,34,26
526,223,34,25
526,224,33,25
526,223,34,26
526,223,34,26
527,224,33,25
527,224,34,25
527,224,33,24
527,223,34,25
526,223,35,25
526,223,35,25
526,223,34,25
526,222,35,26
526,222,35,26
527,223,34,26
525,222,34,27
526,222,34,26
526,223,33,25
525,222,34,25
525,223,35,25
525,222,35,25
524,222,35,25
525,222,34,25
525,222,34,25
525,222,34,24
525,222,34,25
525,222,35,24
524,221,34,25
524,222,35,25
525,223,33,24
524,222,34,25
525,222,34,25
525,222,33,25
524,222,33,26
524,222,33,26
524,223,34,24
524,223,34,25
525,223,32,25
525,223,33,25
524,223,32,25
524,223,32,25
525,223,32,24
525,224,32,24
525,223,32,25
525,223,32,25
525,224,33,24
524,224,35,24
523,224,34,25
523,222,33,25
523,223,35,25
524,224,33,24
524,224,33,24
523,223,35,25
523,224,35,25
522,223,35,25
522,224,35,25
523,224,35,26
523,224,34,25
523,225,34,25
522,224,35,25
522,225,35,24
522,225,35,24
521,224,35,26
521,224,34,26
522,225,34,26
522,225,33,25
522,226,34,25
521,225,33,26
521,226,33,25
521,226,35,25
521,226,35,26
520,225,34,27
520,226,36,26
521,226,36,25
521,226,37,25
520,226,37,26
520,226,37,27
521,226,36,25
521,228,36,25
521,227,35,25
521,228,35,25
521,228,35,25
522,229,33,25
522,229,34,24
521,228,33,26
521,228,33,27
521,228,36,25
521,229,35,26
520,229,35,25
521,229,33,26
521,229,33,26
521,229,33,26
521,230,34,24
521,230,36,25
520,230,36,26
521,230,37,25
521,230,35,26
520,231,36,25
520,232,37,25
520,231,37,26
521,232,36,24
522,233,36,24
522,233,37,24
523,233,37,23
523,233,39,23
523,233,38,24
523,232,39,25
524,233,39,24
524,231,37,27
524,232,36,25
525,233,37,26
526,233,36,24
525,233,38,25
524,234,38,25
525,233,37,25
525,233,38,25
525,234,38,26
527,234,40,26
527,234,40,28
528,234,39,27
527,234,38,27
527,234,40,28
528,235,40,25
529,235,39,26
530,236,39,25
530,237,39,24
530,236,41,25
530,237,40,24
532,237,39,25
533,237,39,25
533,238,38,25
533,238,37,25
535,239,37,24
535,239,39,25
535,239,39,26
536,239,39,26
536,240,37,25
537,241,38,25
538,240,37,26
538,239,39,28
539,241,38,26
538,240,39,27
539,241,37,26
538,241,38,27
538,241,39,28
540,242,39,26
540,242,38,27
542,243,37,26
544,243,36,26
543,244,38,26
545,244,37,25
545,244,36,26
546,244,36,25
545,244,37,26
546,244,35,26
547,245,37,25
548,244,36,26
547,244,35,28
548,243,36,29
548,244,35,28
550,245,35,27
549,245,36,27
551,247,35,24
552,247,34,25
553,248,36,25
553,248,36,25
554,248,37,25
554,249,36,24
555,248,35,26
556,248,34,25
557,248,35,26
555,249,36,26
557,250,36,25
557,250,35,26
557,250,35,26
559,250,36,27
559,250,35,27
559,250,38,28
560,251,37,27
559,250,37,28
558,249,38,29
557,249,38,28
557,250,37,26
554,249,38,27
554,249,38,26
553,249,38,26
551,247,37,27
550,246,36,28
549,247,36,28
547,247,37,27
546,246,37,28
546,245,37,29
544,245,37,29
543,245,35,29
540,245,38,29
537,244,36,29
534,244,36,29
530,243,37,28
526,243,37,27
520,241,39,28
516,240,39,29
510,239,36,27
501,237,39,28
492,234,39,29
481,233,39,30
471,231,39,29
463,230,40,27
454,228,39,28
448,227,40,28
441,227,39,28
435,226,39,28
430,226,37,27
425,225,38,27
417,224,37,26
410,224,36,26
402,222,36,27
392,220,36,29
380,219,38,29
369,218,39,29
359,219,37,28
349,218,38,27
341,218,37,28
331,218,37,29
325,217,38,29
322,218,37,28
318,218,37,28
315,218,35,29
313,218,36,29
312,219,36,29
311,220,37,28
310,220,36,28
309,220,35,28
309,220,37,28
308,221,36,27
308,221,36,27
310,221,35,27
309,220,35,28
311,221,35,27
312,222,35,26
314,221,35,27
316,221,34,27
321,221,33,27
326,221,33,27
331,221,34,28
335,221,35,28
340,221,35,28
343,222,35,28
348,222,35,28
354,223,36,27
359,223,36,27
364,223,36,27
368,223,35,27
373,224,34,26
376,224,33,26
380,223,31,27
382,223,32,27
385,224,33,26
388,224,33,26
389,225,32,26
391,224,32,26
392,224,32,25
392,224,32,26
395,225,30,25
394,224,32,27
395,225,33,25
395,226,32,26
397,225,32,25
398,226,31,24
400,225,31,25
398,225,31,25
399,226,32,24
400,224,33,26
402,224,32,26
403,223,32,26
403,223,32,26
402,224,33,25
404,222,33,26
403,223,33,26
404,222,33,28
405,222,33,28
405,222,33,28
407,221,32,29
406,221,33,29
407,221,33,28
407,221,34,27
408,221,34,26
409,221,36,27
409,221,35,27
410,220,35,27
412,221,32,25
412,222,32,25
413,221,32,27
413,221,31,27
413,221,32,25
414,220,33,26
413,220,33,28
414,220,33,28
414,220,33,27
415,220,33,28
416,220,33,28
416,220,33,28
416,219,35,28
417,220,34,28
418,220,34,27
418,220,34,27
418,220,33,27
418,220,33,26
416,219,35,27
416,220,34,26
413,220,33,27
412,220,32,26
408,220,32,26
406,219,33,26
403,218,33,27
399,218,34,27
395,216,35,30
392,217,35,28
388,215,35,30
384,215,36,29
378,213,37,32
373,213,36,30
367,215,35,28
361,214,35,28
355,214,34,27
349,213,35,27
343,212,36,28
339,212,34,28
333,212,33,29
329,213,34,26
324,213,34,27
318,212,35,28
317,212,33,27
313,213,34,27
311,213,33,28
309,213,32,27
308,212,33,29
308,211,32,29
307,212,32,29
306,211,33,29
306,211,34,28
307,212,33,27
307,211,34,27
307,211,34,28
308,211,34,28
309,211,34,27
310,211,33,27
311,211,32,26
311,212,31,25
311,211,33,26
312,212,33,26
312,212,33,26
313,211,33,26
313,211,34,26
314,211,32,27
315,210,33,27
314,210,34,27
315,209,34,26
316,209,34,26
316,208,35,27
315,208,36,27
315,207,36,26
316,207,35,27
317,207,35,27
317,206,37,27
319,207,35,26
317,206,36,27
317,206,37,27
318,205,37,27
319,205,38,27
319,204,37,27
320,204,36,26
319,204,35,27
322,202,36,26
322,201,37,26
325,200,37,26
324,200,37,26
325,200,36,26
326,199,35,25
329,200,33,24
329,199,33,25
328,198,34,24
329,198,34,25
329,197,34,25
330,197,34,26
329,196,34,26
330,195,33,26
330,194,34,26
332,194,33,26
333,193,33,26
333,192,34,26
333,191,36,26
334,191,34,25
335,189,34,25
336,188,34,25
336,187,35,27
337,187,34,26
338,187,33,25
338,186,34,25
339,185,34,26
340,185,33,26
339,183,35,27
339,181,36,29
338,179,35,30
339,178,36,29
340,178,36,29
341,178,35,28
342,178,34,27
343,177,34,26
344,176,34,26
343,176,34,26
343,174,35,28
345,173,35,27
345,171,35,28
345,171,34,28
345,170,34,26
348,168,33,28
348,167,33,28
348,168,34,27
347,166,36,28
347,167,34,27
349,165,33,28
350,164,33,27
350,163,34,28
351,163,33,27
351,162,33,27
351,161,34,27
352,161,34,26
353,159,36,27
353,158,35,27
356,155,35,29
355,155,35,29
356,154,35,28
355,154,35,29
357,152,34,30
357,152,34,29
358,151,34,29
357,151,34,29
359,150,36,28
360,149,35,29
359,148,35,30
360,148,35,29
361,147,35,29
361,146,36,29
363,145,35,29
365,146,34,29
365,144,35,28
366,143,36,29
369,141,35,30
369,140,37,30
369,138,37,31
371,139,36,30
371,137,37,30
374,139,34,27
376,138,33,27
375,137,33,27
376,137,34,27
376,136,35,28
378,135,34,27
378,134,34,28
379,133,35,29
380,133,35,27
380,132,36,27
381,132,36,26
383,131,35,26
383,132,35,25
384,129,36,27
386,129,36,27
386,128,37,27
387,129,35,27
388,129,35,26
389,129,35,26
390,128,35,26
390,127,35,28
390,127,36,28
391,127,36,27
392,125,37,28
393,125,37,28
393,125,35,28
394,125,36,28
394,125,36,28
395,124,37,28
395,124,36,28
396,123,37,28
396,123,37,29
396,122,37,29
397,123,37,28
398,123,37,28
399,122,37,28
400,123,36,28
399,122,37,28
398,122,38,29
400,122,40,29
400,120,38,30
400,120,38,31
400,120,38,31
400,119,40,31
401,120,39,30
401,118,39,32
403,119,40,31
404,120,37,30
406,119,38,29
406,119,38,29
405,119,38,30
407,119,37,30
407,118,37,30
407,118,37,31
408,118,37,31
408,118,38,31
409,117,37,31
408,117,38,32
408,117,38,32
408,116,40,34
408,116,39,36
409,117,39,33
411,118,37,34
411,117,37,33
412,117,38,33
413,119,37,33
413,119,38,32
415,121,34,30
415,121,36,29
416,120,36,31
416,121,36,31
418,122,34,30
418,121,35,31
419,123,34,29
420,124,33,29
420,123,36,28
421,125,32,29
422,126,33,27
422,126,33,28
422,125,35,29
423,125,35,29
424,126,35,28
424,126,36,27
427,127,34,27
428,126,34,29
427,127,36,29
427,126,36,30
429,128,34,27
429,127,35,28
431,129,34,27
431,128,35,28
430,128,36,27
432,129,35,27
433,129,35,27
434,129,34,27
435,129,35,27
436,129,35,28
438,131,33,26
439,131,32,27
439,132,34,26
440,134,33,25
441,134,32,26
442,134,32,26
443,133,33,29
445,135,33,27
446,135,34,27
449,135,34,28
450,136,35,28
452,136,34,29
455,136,34,29
455,138,32,27
457,138,34,28
460,140,32,27
461,140,33,27
462,141,33,27
464,141,34,27
466,141,33,27
467,141,33,28
467,140,35,28
470,142,33,28
471,142,33,28
472,143,34,26
472,142,36,27
473,144,35,25
474,144,34,25
474,144,35,25
474,145,34,25
474,144,35,25
475,145,35,25
475,145,35,25
475,146,34,24
477,146,33,24
477,146,33,24
477,146,32,25
477,146,32,24
477,145,32,26
477,145,32,26
478,145,32,27
478,145,31,26
477,144,32,27
477,145,31,27
476,144,32,28
475,143,34,29
474,144,33,28
472,143,34,29
469,142,35,30
469,144,34,29
468,142,35,30
466,142,36,31
464,141,35,30
462,141,35,30
458,141,35,31
456,140,35,30
451,139,37,31
445,137,38,32
441,138,36,32
434,136,36,32
426,137,36,31
419,135,37,32
411,135,35,31
402,134,36,31
394,132,37,31
387,132,35,31
381,132,37,30
376,132,36,30
373,131,36,31
370,131,36,31
367,133,35,29
364,130,37,31
364,131,35,30
364,132,34,28
362,132,36,28
361,132,35,29
359,132,36,29
359,132,36,30
359,133,34,30
359,133,36,29
359,130,37,31
360,132,36,30
361,130,36,31
361,130,35,32
363,130,35,32
363,131,35,31
363,131,35,29
365,131,34,30
365,130,35,31
366,130,34,31
366,129,36,30
366,129,35,31
366,130,35,30
367,130,36,30
367,128,37,32
367,128,38,33
367,128,38,32
367,128,39,31
367,128,39,32
368,127,40,33
368,127,41,33
368,126,42,33
368,126,41,32
369,126,41,33
371,125,41,33
371,125,41,32
371,125,41,32
373,125,39,31
374,127,37,30
374,125,38,31
374,125,38,31
375,126,37,31
375,125,37,31
375,124,38,33
376,123,37,35
376,123,41,34
377,123,39,33
377,123,40,33
377,122,40,33
379,122,39,33
379,122,36,33
380,122,36,33
381,121,36,31
381,120,38,32
382,120,38,32
382,118,38,35
382,119,39,34
381,118,39,34
383,120,38,32
382,119,38,32
383,119,37,31
383,119,38,32
383,119,38,32
383,119,37,33
385,117,38,33
385,116,38,34
386,117,37,33
386,115,37,34
386,115,37,34
387,114,37,35
388,113,37,35
389,111,37,36
389,113,35,34
390,113,35,34
391,114,34,34
391,114,36,32
392,114,34,32
392,113,34,33
392,114,35,34
392,112,37,34
392,111,37,36
392,112,37,36
393,111,38,36
393,111,38,36
394,111,37,35
393,110,39,36
394,109,39,37
396,109,39,37
395,110,38,35
397,108,38,36
398,109,37,35
398,109,38,35
398,109,38,36
398,108,37,36
399,109,37,34
399,108,37,35
401,108,38,34
401,109,39,34
402,109,38,32
403,110,36,33
403,110,36,32
403,109,36,33
404,110,36,34
404,108,37,34
405,109,36,34
406,109,36,33
406,109,36,34
408,108,36,34
408,108,36,34
409,107,36,35
409,108,36,34
410,108,36,33
410,107,37,33
411,108,37,32
412,108,35,33
413,108,35,32
414,109,34,31
415,108,35,30
415,108,35,31
416,108,34,33
417,108,34,33
417,109,34,31
418,109,35,32
419,109,34,32
419,108,35,32
420,108,35,31
420,109,33,31
421,109,34,30
421,110,36,29
422,109,36,30
423,109,35,30
423,108,36,30
423,109,36,30
424,109,37,30
426,110,34,28
425,108,35,30
426,108,35,31
427,107,34,32
427,108,33,31
429,108,33,31
428,108,34,31
429,108,34,30
430,108,33,31
431,107,33,31
431,107,36,31
431,107,36,32
432,107,36,31
432,106,35,32
432,106,36,32
433,106,35,32
435,106,35,31
436,107,34,30
435,106,35,30
436,106,35,32
437,105,34,34
437,105,35,34
437,105,36,35
437,104,35,34
438,106,36,33
439,106,35,33
439,105,35,33
441,105,34,33
441,105,34,33
441,105,35,33
441,104,35,34
442,104,35,35
441,104,37,35
442,105,36,33
443,104,36,34
442,103,37,34
444,103,37,35
444,104,37,34
445,104,36,34
445,105,36,33
445,106,36,32
445,106,36,33
447,107,34,31
448,107,34,31
448,105,35,33
448,105,35,34
449,105,37,34
450,104,36,35
450,104,37,36
452,105,35,34
452,105,35,33
454,105,34,33
453,105,35,34
455,105,34,33
455,106,35,32
457,106,33,32
459,107,33,31
458,107,34,31
459,106,35,32
460,106,35,32
460,107,34,33
460,106,36,33
461,106,36,33
462,107,36,33
464,107,36,31
464,107,34,32
465,107,34,31
465,107,35,32
466,108,35,30
468,108,33,30
467,108,35,31
468,108,33,29
469,109,34,29
469,109,33,28
470,109,34,27
470,108,34,29
471,110,34,27
471,109,34,28
472,109,34,29
472,108,36,30
473,108,34,29
473,109,34,28
474,109,34,29
474,109,34,29
474,110,35,28
476,109,35,29
476,109,35,29
477,109,34,29
477,109,34,30
478,109,34,30
477,109,34,29
479,110,33,27
478,110,34,27
479,110,34,27
480,110,33,27
480,110,35,28
480,110,35,28
482,109,35,30
481,109,36,30
482,109,36,29
482,110,37,28
483,109,39,29
483,110,37,29
484,111,36,28
485,111,35,28
485,111,35,28
487,111,36,28
485,110,37,29
487,111,36,29
487,111,37,28
488,112,36,27
488,111,37,28
488,112,37,27
488,114,37,26
487,112,39,28
489,112,37,29
488,112,38,29
490,112,39,29
490,112,39,29
489,114,38,28
492,113,36,29
492,113,37,29
492,112,37,30
492,112,38,31
495,112,37,30
494,113,37,30
494,111,38,32
496,111,38,32
496,112,37,31
495,112,38,32
496,113,39,31
496,113,39,30
496,114,37,29
498,114,36,30
499,114,37,30
499,114,35,30
498,113,37,33
500,113,35,31
500,113,36,32
499,114,38,31
500,114,39,31
501,114,40,30
501,114,39,31
501,114,38,31
502,115,40,29
502,113,40,31
503,114,40,33
505,114,40,31
506,115,40,31
507,114,40,32
506,115,39,31
506,115,38,32
508,116,39,30
509,116,39,31
508,115,40,32
509,116,41,33
510,115,41,33
510,115,42,33
511,115,40,33
511,116,40,33
512,116,40,33
512,117,39,32
514,116,40,33
514,115,41,34
517,116,37,32
517,115,37,32
518,115,37,32
518,116,37,32
518,116,36,32
519,117,38,30
519,116,38,32
518,116,40,32
519,115,39,33
520,115,38,34
519,115,39,34
520,115,40,35
520,114,40,35
522,115,38,34
522,115,39,34
523,115,38,33
524,115,40,33
524,116,38,32
524,115,38,34
524,115,41,34
524,115,41,34
524,116,41,32
526,116,40,32
525,115,41,34
527,116,40,33
525,115,41,36
525,114,43,37
525,114,42,37
526,115,42,37
527,114,42,39
527,115,41,37
526,114,42,38
527,115,42,37
526,115,40,36
528,116,41,35
528,117,41,35
527,116,41,36
529,116,41,35
530,116,40,35
530,115,39,36
532,118,37,33
532,117,36,33
533,118,35,33
533,118,35,33
533,116,36,34
532,118,35,33
529,116,36,34
525,115,38,35
522,115,35,34
516,113,37,35
510,112,39,36
504,110,38,36
498,109,39,36
489,107,38,36
481,106,37,35
468,104,38,34
454,103,37,34
443,102,39,33
428,99,39,36
415,97,40,36
400,96,42,37
385,94,40,37
369,93,40,37
353,92,41,36
334,93,40,37
314,93,41,36
294,91,40,37
273,92,39,37
254,93,39,37
236,96,40,38
219,94,40,38
207,95,41,39
196,96,41,38
189,97,40,37
183,98,38,38
180,99,35,37
177,100,36,35
173,99,37,36
172,99,37,35
171,99,36,34
167,99,38,35
169,98,36,35
169,98,35,34
170,100,35,34
172,99,36,34
176,98,34,34
179,97,35,34
185,96,34,33
192,98,33,31
198,96,35,32
209,95,33,31
220,94,33,31
233,94,33,33
251,92,36,33
272,91,37,37
291,93,37,36
312,90,38,37
332,90,37,36
347,90,36,35
360,90,36,36
370,90,34,33
379,90,35,34
387,91,34,34
396,92,34,32
403,92,33,32
410,93,34,32
419,93,34,31
426,93,33,31
434,95,32,30
438,93,33,32
443,96,33,30
446,96,32,29
449,96,31,30
449,95,32,30
451,96,32,29
452,95,32,29
454,97,31,29
456,97,31,29
456,97,30,29
455,96,32,30
456,92,35,33
457,93,33,32
457,92,34,33
456,93,33,32
456,92,34,32
456,92,32,32
455,91,33,32
453,92,34,32
451,91,34,32
452,91,34,31
454,91,32,31
453,92,31,30
452,91,31,29
453,91,30,28
452,90,31,29
452,90,31,28
453,91,29,28
453,90,30,29
454,90,29,29
453,91,30,29
453,90,31,29
455,90,29,29
455,90,30,29
457,90,29,28
456,89,29,30
456,88,29,31
456,89,29,30
456,90,28,29
457,89,28,30
457,89,28,29
458,91,27,28
460,91,25,27
460,91,25,26
461,90,25,26
461,89,24,27
461,88,25,28
460,89,26,27
460,89,26,26
461,87,27,28
462,88,25,27
462,87,26,27
462,88,26,27
462,89,26,27
463,89,26,27
460,89,26,27
462,90,26,26
462,89,26,27
463,89,26,28
464,89,26,27
464,89,26,28
465,89,25,27
465,89,26,27
464,89,26,28
465,90,26,28
465,89,27,28
465,89,27,28
465,90,27,28
465,89,27,28
465,89,28,28
466,89,26,28
468,91,25,27
469,91,25,27
469,89,27,29
469,92,25,29
468,91,25,29
469,92,24,28
469,92,25,27
469,93,26,26
469,94,24,25
469,95,25,25
470,96,24,25
471,97,23,26
470,96,24,26
471,97,24,25
471,98,23,25
471,98,24,26
473,98,24,26
472,99,24,27
472,100,23,26
471,100,24,27
472,101,23,27
472,101,24,27
472,102,25,27
473,103,24,26
473,103,25,27
474,105,24,26
474,105,24,27
473,106,24,26
473,106,25,27
474,106,25,27
474,107,24,27
474,108,25,27
474,109,26,28
474,109,25,28
475,111,24,27
474,111,25,27
475,111,25,29
476,112,25,28
476,113,26,28
477,113,27,28
477,115,25,28
478,115,26,27
478,115,25,27
478,116,27,27
479,118,25,26
480,118,24,27
481,120,24,25
482,121,25,26
483,121,25,27
484,122,25,26
485,123,25,26
486,124,24,27
487,124,25,27
487,126,23,27
488,127,24,28
489,128,25,27
490,129,25,27
490,130,25,27
489,132,25,26
491,131,26,27
492,133,24,26
492,132,26,28
492,133,24,27
494,135,24,26
493,135,24,26
495,137,23,25
496,138,23,26
496,139,24,25
497,140,23,25
497,140,24,26
498,142,24,26
500,142,24,26
500,143,23,25
499,144,23,25
501,144,23,25
502,145,23,26
502,146,24,27
503,147,23,26
504,148,23,27
505,149,23,26
505,149,24,26
505,151,24,27
505,152,24,26
506,152,23,25
506,153,24,25
507,154,24,26
507,155,24,26
506,155,25,26
507,155,25,26
508,156,26,26
508,157,25,26
509,157,25,26
510,158,26,27
508,158,26,28
509,159,25,28
509,160,25,27
511,159,26,28
511,160,25,27
510,160,26,28
510,160,26,28
511,161,26,28
511,161,27,28
511,161,26,28
511,162,26,28
512,163,24,27
511,163,25,27
513,164,25,26
513,164,25,27
512,164,25,27
512,164,26,28
512,165,25,28
513,165,26,27
513,165,26,28
513,167,24,27
512,166,26,28
513,167,25,27
513,167,25,27
512,167,26,27
512,167,25,27
511,167,26,28
512,167,26,27
512,168,25,27
512,168,24,26
511,169,24,26
513,169,24,27
512,169,24,27
512,169,25,27
512,169,25,27
512,169,25,27
512,169,25,27
512,169,26,27
513,170,25,28
513,170,25,28
513,169,26,27
512,169,27,27
512,169,26,28
512,170,26,27
512,170,26,28
512,169,26,29
513,170,26,28
513,170,26,28
513,170,26,28
514,170,26,27
514,171,25,27
513,170,26,28
514,171,25,27
513,172,26,26
514,170,26,28
513,171,26,28
513,170,26,28
514,170,26,28
513,172,25,27
513,171,25,28
513,171,26,29
514,172,25,28
513,171,28,28
513,171,28,28
514,172,26,28
514,172,26,28
514,172,27,28
515,172,26,27
515,172,26,28
515,172,27,28
515,173,26,28
516,173,25,27
516,173,24,28
515,173,25,28
516,174,25,27
516,173,26,28
515,173,26,28
516,172,26,28
516,172,27,28
516,173,26,28
517,172,26,28
517,173,26,28
517,172,27,29
517,171,27,28
518,172,26,28
518,172,26,28
518,172,27,28
518,173,26,28
519,173,25,27
519,173,25,27
519,173,25,27
519,172,26,28
519,171,26,28
519,172,26,28
519,171,26,28
518,171,27,28
518,171,27,29
518,171,28,29
517,171,27,29
518,170,28,29
517,170,28,29
517,169,29,30
517,170,29,30
516,170,28,30
517,170,28,30
516,170,28,30
517,170,27,30
518,170,27,31
518,170,28,31
517,169,28,31
517,169,27,31
518,169,28,31
517,168,28,31
517,168,28,32
518,169,28,31
518,169,28,31
518,169,27,31
519,169,26,31
518,167,27,31
519,167,27,31
518,167,28,31
518,167,27,31
517,167,28,30
518,167,27,30
519,167,27,31
519,168,27,31
518,166,28,31
518,166,28,31
518,166,28,31
519,167,27,32
519,167,27,30
519,167,26,29
519,168,26,29
519,167,26,29
520,168,25,29
519,168,26,29
519,168,26,29
519,168,26,30
519,168,27,29
519,167,27,31
519,168,26,30
520,168,26,30
519,168,26,30
519,167,27,30
518,168,28,31
518,166,28,32
518,166,28,31
519,167,27,31
518,167,28,30
517,167,28,30
517,167,29,30
516,166,28,30
516,165,29,31
517,166,28,30
516,166,30,31
515,166,29,30
515,166,29,30
515,166,30,31
514,168,28,30
514,166,29,31
513,166,30,31
514,166,29,30
514,165,29,30
513,166,29,30
513,166,30,31
513,166,30,31
512,164,31,33
512,164,32,32
511,163,32,33
513,164,31,33
512,164,31,33
511,162,31,34
513,164,30,33
513,164,30,32
514,165,29,32
513,164,30,32
512,165,30,32
512,164,30,32
512,164,30,33
513,163,30,32
512,165,30,32
512,165,30,32
512,165,31,32
512,165,31,32
513,164,30,32
512,164,31,32
513,165,30,32
512,165,31,33
511,164,31,33
511,165,31,33
511,164,32,34
511,164,32,34
511,163,32,35
512,163,31,35
511,164,31,35
511,164,32,36
511,163,32,35
512,165,31,34
512,164,32,34
512,165,31,34
512,166,31,34
511,165,32,34
511,166,32,34
513,166,30,33
512,166,31,34
512,166,31,34
512,165,31,34
511,164,32,35
512,165,31,33
511,165,31,35
511,165,32,35
511,165,31,35
511,166,31,33
511,167,30,33
510,166,32,34
511,166,31,34
512,165,31,34
511,167,31,33
510,167,32,34
511,168,31,33
511,168,30,33
510,167,31,34
511,168,30,33
511,168,31,33
511,169,30,32
513,169,30,33
511,169,31,33
511,169,31,34
511,171,31,33
509,168,32,34
509,169,32,34
509,169,32,34
509,169,32,34
510,169,31,33
509,169,32,35
509,169,33,34
509,170,32,35
508,168,34,35
508,169,33,35
509,170,33,34
509,169,33,35
509,170,33,34
509,171,32,35
509,170,32,35
509,169,33,36
509,169,34,37
507,169,35,37
507,170,34,37
508,171,33,37
507,169,35,37
507,171,34,36
509,172,32,35
510,172,32,36
510,173,32,35
508,171,33,37
508,172,33,36
509,173,33,36
507,172,34,37
509,173,32,36
508,173,32,36
509,173,32,36
508,172,33,36
508,173,33,36
509,173,33,36
509,175,32,35
509,175,31,34
508,174,31,34
509,175,31,34
509,176,31,34
509,175,31,36
508,174,32,36
508,175,32,36
508,175,32,35
508,176,32,33
509,177,31,34
508,178,31,33
508,177,31,33
508,177,31,34
509,177,31,34
509,178,31,34
507,178,32,33
508,178,32,33
507,178,32,34
508,178,32,32
507,178,31,32
508,179,30,32
507,179,31,32
505,178,31,34
506,178,31,33
506,178,30,34
507,178,30,33
506,179,30,34
504,177,32,34
505,178,31,33
503,179,33,34
503,179,32,34
504,179,32,34
504,178,32,34
505,179,32,34
502,178,33,34
502,177,33,35
500,178,35,35
503,179,33,36
502,179,33,35
503,179,33,36
502,179,34,36
502,179,34,36
502,179,34,37
503,180,34,37
502,179,35,38
502,179,34,37
503,180,34,36
503,180,34,35
503,182,33,33
503,182,32,33
502,181,34,33
503,180,34,34
503,182,33,34
503,182,33,34
503,183,33,33
504,182,32,33
503,183,32,33
503,183,33,33
503,183,33,32
503,183,33,32
503,183,33,33
503,181,34,34
503,183,33,34
502,182,34,35
502,181,35,35
503,182,33,34
503,182,33,35
504,183,33,34
502,183,34,35
504,182,34,35
502,183,34,35
503,182,34,36
503,182,34,36
502,183,35,36
502,182,35,37
503,182,35,36
503,182,34,36
503,183,35,35
504,184,34,34
503,183,34,35
503,184,34,35
503,183,35,36
503,184,34,35
504,185,32,34
503,184,34,34
504,184,34,35
504,184,34,34
505,185,34,34
503,184,34,34
504,185,34,34
505,185,33,33
503,184,34,34
505,186,33,34
505,184,33,34
505,184,33,34
505,184,33,34
505,184,33,35
504,184,33,34
505,184,33,34
506,185,32,34
505,184,33,34
505,185,33,34
504,184,33,34
505,185,32,34
505,185,32,33
506,185,32,33
504,184,33,33
504,185,33,33
504,184,33,34
504,185,33,33
504,185,33,34
503,184,34,34
503,184,34,34
503,185,34,33
503,185,33,34
504,185,33,34
504,184,33,34
504,185,32,33
505,185,32,33
504,185,32,33
505,185,31,33
504,185,31,32
505,186,30,32
505,185,31,32
505,185,31,32
505,186,31,32
505,186,30,31
504,185,32,32
504,185,31,32
506,185,30,32
505,185,30,32
505,185,30,32
505,186,30,32
504,186,30,32
505,185,30,32
505,185,29,31
505,185,30,32
505,185,30,31
505,186,30,30
504,186,30,31
505,186,30,30
505,186,31,31
505,186,30,31
504,186,31,30
505,186,30,30
504,186,30,31
504,185,31,31
504,186,30,31
504,187,30,32
503,186,31,32
503,186,30,31
501,185,31,32
497,185,32,32
494,184,32,31
491,184,31,32
488,183,30,33
485,182,30,32
481,181,30,31
476,181,30,31
470,180,31,31
465,179,30,33
457,178,31,32
448,176,31,33
437,174,30,34
426,174,30,34
413,172,30,34
399,170,31,35
385,168,33,37
369,166,33,37
354,166,35,37
341,166,36,35
326,165,35,35
312,165,35,36
299,165,34,36
286,165,34,38
276,165,32,36
263,164,33,36
253,164,34,36
246,165,32,35
239,167,32,33
235,168,30,32
230,169,30,32
225,169,31,33
224,169,30,31
222,169,30,33
221,168,31,33
221,168,30,32
221,168,30,32
220,167,31,34
220,166,31,34
219,167,31,33
219,166,32,35
218,165,33,35
220,167,31,33
218,166,32,34
219,166,33,35
219,166,36,34
219,165,35,35
220,166,33,34
221,166,34,33
222,166,34,34
222,165,35,34
223,166,34,33
222,165,37,32
223,165,36,32
224,165,35,31
226,165,33,31
225,165,35,32
226,165,35,31
226,164,34,34
227,164,36,32
228,164,35,32
227,164,35,32
229,163,36,34
230,163,36,34
231,162,37,33
233,162,36,33
233,160,40,35
234,159,40,36
234,160,39,36
235,159,39,36
235,161,36,36
236,160,38,37
237,159,37,37
237,159,38,37
238,160,38,36
237,159,39,37
240,163,37,33
240,162,36,34
241,162,37,34
241,162,37,34
244,160,37,35
244,158,38,36
244,159,37,34
245,161,37,34
246,159,36,34
247,160,34,33
248,161,35,33
248,160,35,32
248,161,35,32
249,159,35,34
249,159,35,35
249,159,34,35
248,159,34,34
248,161,34,34
248,159,34,34
248,160,35,33
249,156,34,36
251,157,35,35
250,156,36,35
250,156,36,35
250,159,34,33
250,158,33,33
250,158,34,33
250,158,34,34
249,158,36,34
250,158,36,34
250,157,36,36
250,157,36,36
251,157,37,34
252,156,37,35
254,153,38,36
255,155,38,35
258,156,37,34
258,154,39,35
258,156,36,34
261,156,35,33
263,156,35,34
264,155,35,34
264,155,38,34
265,156,36,34
266,155,37,35
267,153,40,35
269,154,40,35
270,154,39,36
270,153,40,36
272,151,41,36
274,151,40,36
275,148,42,38
277,148,42,39
278,149,42,38
277,147,42,40
279,149,41,37
280,150,40,36
281,150,41,36
281,150,40,37
280,151,41,38
280,150,40,38
279,147,42,41
278,149,42,38
279,147,42,39
279,148,42,38
280,148,41,39
282,146,42,40
283,147,41,37
285,148,40,36
286,148,39,35
288,149,38,34
290,151,35,33
291,150,35,33
292,150,35,34
293,149,36,34
292,149,37,35
292,149,38,35
293,149,39,35
294,148,40,36
294,148,40,35
297,148,38,36
295,147,39,36
295,147,39,36
294,147,41,36
292,146,40,37
291,146,39,36
289,147,40,35
287,147,39,35
286,149,37,33
283,148,39,34
282,148,39,34
280,146,40,37
278,146,40,37
277,149,38,34
276,149,36,34
274,146,39,34
273,146,40,35
270,145,40,35
270,146,38,35
268,145,37,36
267,145,37,33
265,146,36,33
264,146,36,34
263,145,38,34
263,145,37,35
262,144,38,36
262,144,38,36
262,144,38,36
263,143,38,37
264,143,38,36
264,143,37,35
266,143,37,35
266,142,36,35
266,141,38,36
266,141,38,36
267,141,36,37
267,141,37,37
266,139,39,39
268,141,38,36
267,141,39,37
270,143,37,34
269,141,39,36
270,141,40,35
272,142,40,34
272,140,39,36
272,139,41,36
272,139,40,37
274,139,39,35
277,140,37,35
277,140,35,33
276,140,36,35
277,139,37,34
278,141,37,33
279,140,36,34
278,139,38,35
279,138,37,36
280,139,37,35
281,138,37,36
281,138,37,36
283,138,38,36
284,137,36,37
283,137,38,36
285,137,37,35
285,138,39,34
285,138,38,33
286,139,38,32
287,138,37,33
287,137,37,34
288,138,36,34
288,136,38,36
288,136,37,37
290,136,37,36
289,134,39,37
290,136,36,35
291,137,36,34
292,135,36,35
293,135,35,36
294,135,36,36
296,136,35,35
297,136,33,32
297,136,34,33
299,136,33,33
298,136,33,32
299,135,34,34
299,135,35,35
301,135,35,34
300,134,36,36
300,134,36,35
301,134,37,35
301,134,36,35
303,134,35,35
305,134,35,34
308,133,34,35
306,132,36,35
307,133,34,34
310,134,32,32
310,134,31,33
311,135,31,31
310,134,32,33
310,134,32,33
310,132,35,34
311,132,34,35
311,132,34,33
313,133,33,32
315,133,32,32
316,131,32,33
316,131,33,33
317,131,32,34
319,132,30,30
319,132,31,30
320,131,31,31
321,131,32,30
321,131,32,31
321,130,33,32
321,130,34,32
321,130,34,33
323,130,33,32
323,131,32,31
323,130,34,32
324,129,33,31
325,129,32,31
326,128,33,32
326,128,34,32
327,128,33,32
328,129,32,30
328,128,33,32
329,128,33,31
330,128,34,31
330,128,33,30
330,127,35,32
331,126,35,32
331,126,34,32
332,126,34,32
333,127,33,30
334,126,33,31
335,125,33,31
336,126,31,29
337,126,31,29
339,125,30,28
341,125,30,29
340,124,30,30
340,123,32,31
340,124,31,31
342,123,30,31
342,124,29,31
343,123,30,31
343,123,30,31
344,123,28,31
343,123,30,31
345,122,30,30
344,120,31,32
345,121,31,31
345,121,31,30
345,122,31,30
346,122,30,28
347,121,30,30
347,122,31,29
347,122,31,29
347,120,33,31
347,120,34,32
349,120,33,31
349,121,33,31
350,119,33,32
351,119,33,31
351,118,34,32
352,118,34,31
354,119,32,29
354,118,33,30
356,120,30,28
358,119,28,27
359,119,29,28
358,119,29,28
359,118,29,28
359,119,29,28
360,117,30,29
360,116,30,30
358,115,29,29
360,115,29,28
360,114,28,28
362,114,29,26
362,114,28,26
364,113,27,26
361,107,31,31
366,111,27,26
367,110,27,27
367,109,27,27
364,106,30,30
367,109,25,26
368,108,26,27
369,107,25,27
369,106,25,27
371,105,26,27
371,104,26,26
373,102,25,26
373,101,25,26
369,98,29,29
374,100,25,27
372,96,29,29
376,97,26,26
373,94,29,29
374,92,29,29
374,92,29,29
379,92,25,27
375,90,30,30
378,91,25,26
378,90,26,28
378,87,27,29
379,88,25,28
381,86,26,27
377,83,30,30
382,83,25,26
383,83,26,26
382,82,26,26
382,81,27,26
383,80,28,26
381,76,29,29
383,77,28,28
384,75,28,28
385,74,28,27
384,71,28,28
382,68,30,30
382,66,30,30
386,68,27,28
385,70,26,27
387,70,26,27
388,66,25,28
386,62,29,29
385,66,25,27
386,65,26,28
386,62,26,29
388,62,30,30
385,60,30,30
387,58,27,29
392,58,27,28
389,57,27,27
391,57,26,27
387,54,30,30
393,52,27,28
393,52,28,27
396,51,28,26
395,50,27,26
394,48,28,26
395,49,27,25
396,47,26,25
397,45,27,26
398,44,26,26
398,42,26,26
400,42,26,26
399,41,25,26
399,39,24,27
400,39,24,26
400,39,25,26
399,37,26,27
399,37,26,27
399,36,26,28
399,35,27,28
401,35,26,28
399,33,27,29
399,33,27,29
400,33,27,29
401,33,28,29
399,31,28,30
400,32,26,29
398,31,26,29
398,30,24,28
399,30,25,28
397,31,27,29
398,31,27,29
397,29,27,30
398,29,27,29
398,28,26,30
397,29,26,29
398,29,26,30
397,30,26,29
398,31,26,29
396,31,28,31
397,34,28,30
397,36,28,29
398,38,28,29
395,39,28,29
397,40,27,30
398,41,27,30
398,44,27,28
398,46,26,29
400,47,27,28
399,49,27,29
398,51,27,29
400,53,27,28
399,55,27,28
400,59,26,28
398,59,26,28
398,62,26,28
400,64,27,28
401,67,26,28
400,68,27,29
402,70,27,28
403,72,27,29
401,75,27,28
404,77,26,28
403,77,28,30
405,79,27,30
404,80,27,28
405,82,28,30
404,83,27,28
404,83,27,29
401,85,28,28
404,87,27,28
405,89,28,29
405,89,28,28
405,89,27,28
407,91,27,28
408,91,27,29
407,93,27,28
406,93,28,29
406,92,29,28
411,92,27,28
413,93,27,27
416,92,27,26
414,92,27,26
417,92,27,26
419,92,26,25
421,91,27,24
420,91,28,26
420,90,27,25
422,91,27,25
422,91,27,27
422,90,28,28
423,90,29,28
423,90,29,28
424,90,30,26
423,91,30,25
424,91,30,25
422,92,29,26
423,92,30,24
424,91,29,25
424,92,29,26
425,92,29,27
426,91,31,28
427,92,31,27
426,92,31,29
427,92,30,27
428,93,29,27
430,91,30,28
431,91,31,28
431,91,30,27
436,88,31,27
436,89,29,27
437,88,29,27
437,90,28,26
440,88,29,28
440,89,29,29
442,89,29,30
442,88,29,29
443,87,30,28
440,86,34,34
444,88,29,29
445,87,28,28
444,86,29,29
443,88,29,28
441,86,32,32
445,86,28,28
445,87,29,28
445,88,27,27
446,88,28,28
445,89,27,27
448,89,29,28
451,88,28,28
449,86,28,30
451,89,29,30
451,88,29,30
451,88,28,30
453,89,28,30
449,87,29,30
451,89,29,31
453,88,29,31
448,89,29,31
450,90,29,30
455,90,28,29
458,90,27,28
459,90,27,27
459,91,27,26
460,90,27,26
459,91,28,27
460,91,28,28
460,92,28,27
461,92,28,28
462,92,27,28
461,92,28,27
462,92,28,27
464,92,29,27
464,92,30,27
466,92,30,28
465,92,31,28
465,92,31,28
467,91,31,28
467,91,32,28
468,92,32,28
467,91,33,28
468,92,32,28
469,92,32,28
470,92,32,28
470,91,32,28
471,92,32,28
471,91,31,28
471,92,33,29
472,91,32,28
472,92,31,29
473,91,32,29
472,91,32,31
471,91,33,31
472,92,33,29
473,92,34,29
475,92,34,29
475,91,34,30
475,91,34,31
475,92,35,30
476,91,35,31
478,91,34,31
479,92,32,29
479,92,33,30
480,91,33,30
481,91,32,29
483,92,31,28
482,92,32,28
484,91,30,27
485,92,29,27
486,93,29,27
486,92,28,26
486,92,29,27
488,93,27,26
490,92,28,27
490,92,29,27
488,93,28,25
489,93,29,26
490,92,29,27
492,90,29,28
493,90,29,27
494,91,28,26
493,91,29,27
494,91,28,27
494,91,29,27
495,90,28,28
495,91,27,26
496,91,27,26
496,91,28,27
498,91,27,25
497,91,28,25
498,91,28,26
499,90,27,26
498,88,30,28
499,88,28,28
500,88,29,29
500,89,29,27
500,88,29,28
500,88,29,27
499,87,30,28
500,87,29,28
499,87,29,28
500,87,27,27
499,87,27,27
498,87,26,26
495,86,27,26
495,86,25,26
493,86,26,26
490,85,26,26
488,84,26,28
485,84,27,28
