658,524,145,123
657,525,145,122
656,526,144,121
655,528,143,120
654,528,143,121
654,530,142,119
653,530,142,120
652,530,142,119
651,530,142,118
651,529,142,119
651,529,141,118
652,528,139,118
653,528,138,117
653,528,135,115
653,527,137,116
655,528,134,113
655,529,135,112
656,528,135,112
657,528,135,113
658,529,133,113
659,530,133,110
662,533,132,107
665,534,131,104
668,536,128,101
668,535,126,103
672,536,126,103
674,539,127,100
677,540,128,101
679,541,131,102
682,541,131,105
684,541,133,107
687,542,134,110
691,544,134,110
697,546,134,111
703,549,132,109
705,551,137,108
711,555,136,107
719,556,133,109
724,559,134,106
730,561,134,103
734,560,136,104
737,560,138,101
740,560,140,101
745,560,140,100
750,559,139,99
754,555,140,102
760,552,139,103
766,549,138,102
774,545,134,101
780,542,136,100
787,536,133,101
793,530,134,101
792,526,140,100
798,517,138,106
805,514,137,97
814,510,133,91
816,506,137,90
821,499,139,93
822,495,141,95
831,491,140,94
834,489,140,94
841,488,137,93
844,489,139,90
847,485,141,92
852,482,141,94
856,482,137,92
862,482,135,93
860,482,139,93
870,481,133,90
871,482,135,87
882,477,133,88
879,475,137,90
886,475,136,90
878,475,142,90
889,472,139,89
892,473,136,86
885,471,142,88
888,472,140,85
893,471,132,82
893,468,129,80
886,467,134,82
888,466,132,83
890,463,131,81
891,461,130,81
887,458,130,83
886,458,127,82
886,457,127,82
881,458,124,82
881,457,120,78
875,456,116,77
875,454,115,74
872,450,116,73
873,446,117,72
868,444,113,73
865,440,115,71
865,432,115,71
863,430,111,69
865,425,104,66
866,420,103,66
869,415,99,65
866,405,100,67
864,403,100,66
856,394,104,67
855,387,104,68
848,376,104,72
846,372,103,72
842,365,107,75
840,361,104,74
836,356,105,77
833,352,107,76
829,350,104,74
829,347,105,76
820,342,102,73
820,339,100,72
818,338,100,73
812,335,101,76
809,334,100,76
807,332,100,78
806,329,101,78
801,325,102,79
797,322,103,76
791,320,105,75
783,316,110,77
783,315,109,78
782,311,105,72
774,308,108,73
768,308,106,70
765,305,104,69
759,303,104,70
754,303,104,66
753,300,101,66
748,299,100,65
749,299,96,62
741,298,101,62
740,298,98,61
737,300,100,60
735,302,100,59
729,303,104,59
727,305,105,60
722,305,108,62
716,309,109,61
712,313,106,60
709,316,106,60
708,320,103,58
700,321,101,58
695,325,101,58
694,330,98,56
692,331,97,56
680,335,98,56
677,336,97,56
671,339,95,57
660,340,94,57
648,345,93,57
630,346,93,56
603,348,93,58
583,351,92,57
574,352,91,57
550,353,91,57
516,357,89,57
484,360,90,57
444,363,89,57
404,368,91,58
373,370,92,59
344,375,89,58
325,379,88,57
312,383,86,56
297,387,86,56
290,389,86,55
287,391,86,56
286,391,87,55
296,391,85,55
302,392,86,55
318,391,87,56
339,390,87,55
362,389,85,56
391,387,85,55
420,384,85,56
453,378,84,55
472,376,84,56
492,373,86,57
516,370,85,56
530,369,84,55
546,365,83,55
556,363,84,56
572,359,85,55
585,356,83,55
594,354,82,54
599,351,85,55
612,348,83,54
619,345,83,55
622,341,85,55
633,338,83,54
638,334,83,55
647,330,82,55
650,327,84,55
658,324,81,56
662,319,82,56
666,316,82,56
666,312,83,56
671,306,82,57
670,303,86,57
676,299,83,57
679,294,82,57
684,289,80,59
688,283,79,58
691,278,77,59
690,275,77,57
692,270,78,59
699,265,76,58
696,263,78,58
693,260,78,57
699,257,76,57
702,255,75,56
699,255,75,53
697,251,78,52
701,250,76,52
702,250,76,52
704,252,76,52
702,251,75,52
704,252,72,52
703,253,70,51
700,255,71,50
699,257,70,50
697,258,71,50
692,260,71,50
691,260,70,48
689,261,70,47
683,263,73,46
681,264,72,46
678,265,72,46
681,265,71,46
677,267,69,46
675,268,70,46
671,267,72,45
669,267,71,46
669,268,69,45
667,266,69,45
663,265,70,46
660,264,70,46
656,263,71,46
653,262,71,45
650,261,72,46
651,260,69,46
653,259,66,45
650,257,66,46
649,254,66,46
644,253,67,47
645,251,64,46
643,251,59,46
640,250,58,45
638,249,57,44
631,247,61,44
629,245,60,43
624,243,61,42
621,243,63,41
620,242,62,41
615,243,62,41
613,240,62,42
613,239,60,43
605,237,61,43
606,235,60,43
603,236,56,43
607,237,53,41
608,237,53,41
607,236,52,41
602,236,51,40
608,236,50,39
610,234,51,39
609,233,52,38
613,230,54,38
617,230,53,38
616,227,55,38
621,227,56,39
624,227,55,38
623,225,56,38
623,223,57,38
625,223,57,39
630,220,58,39
636,220,56,38
637,220,57,39
638,218,57,39
639,216,58,40
641,216,56,40
643,215,56,40
647,215,55,38
647,214,54,38
647,213,52,39
647,212,52,38
645,211,50,39
644,210,52,40
643,208,53,40
641,208,52,40
644,204,49,47
643,203,52,40
642,199,51,41
645,195,49,47
643,195,51,40
641,194,50,41
641,192,50,40
638,190,48,39
636,189,47,39
637,185,49,39
633,183,48,39
631,182,47,39
633,181,46,39
630,179,46,38
633,178,45,38
630,176,45,38
632,176,44,37
631,175,45,37
631,175,45,37
632,175,45,37
632,175,44,36
632,175,45,37
632,174,45,37
632,174,45,37
632,175,46,38
632,175,46,38
632,174,47,39
634,175,46,39
634,173,47,39
631,172,49,40
631,171,49,40
633,170,49,39
632,169,49,39
633,168,49,39
631,167,49,38
633,166,48,38
634,165,47,38
631,165,47,37
632,163,48,38
630,162,47,38
627,160,47,37
629,157,48,37
630,157,46,38
631,155,47,38
630,154,47,38
632,154,46,37
632,153,45,37
634,154,45,36
635,153,45,37
635,154,45,36
633,153,46,36
635,153,46,37
637,154,47,36
640,154,47,36
639,156,47,38
642,157,48,38
642,159,47,38
644,161,47,37
647,163,45,37
647,165,46,38
648,167,47,39
647,169,48,39
651,172,48,39
655,175,47,38
655,178,47,38
658,182,46,38
659,185,47,38
662,188,47,37
666,191,50,39
672,194,50,40
674,196,52,41
673,198,53,39
679,201,53,38
678,203,53,39
686,205,53,38
687,207,54,37
690,208,54,37
694,211,53,37
697,213,52,37
698,215,52,36
704,215,49,35
706,216,49,36
709,217,48,38
707,219,48,37
707,220,49,37
708,221,47,38
708,223,47,37
706,225,49,38
702,226,50,41
698,227,51,42
696,227,52,40
693,227,52,42
689,226,55,44
685,227,56,45
683,226,58,45
680,225,61,44
675,223,62,45
673,223,61,44
672,220,59,46
673,219,56,45
672,218,57,44
668,214,56,44
672,210,54,47
672,206,60,45
671,203,63,45
669,199,64,43
669,194,60,42
675,189,61,45
676,183,60,44
683,176,59,43
688,168,61,43
693,160,64,44
700,150,61,45
702,138,64,50
712,128,65,51
727,118,71,53
739,108,76,53
753,97,76,51
770,85,73,50
786,73,75,53
810,61,69,52
823,54,69,51
839,42,70,53
855,39,62,52
867,35,62,51
874,28,66,50
884,21,66,51
890,16,66,49
893,13,65,50
891,11,68,50
897,12,66,49
897,10,63,59
891,16,66,49
891,14,67,50
913,13,65,51
906,25,62,53
874,21,62,54
865,30,65,55
858,36,62,54
851,48,64,55
852,44,62,59
848,53,62,59
866,67,59,52
858,84,61,55
858,99,61,58
853,128,65,56
852,150,64,60
829,164,69,49
806,176,72,52
798,177,64,60
794,195,68,51
792,203,68,51
790,208,63,59
777,216,64,60
782,218,62,58
778,224,60,56
793,214,61,57
835,194,60,56
851,185,59,55
843,186,59,50
831,197,58,50
819,196,59,51
813,196,59,51
806,194,57,51
799,184,57,51
796,186,56,50
792,177,57,52
788,176,58,53
783,176,57,53
781,171,58,53
776,170,58,53
773,168,57,54
772,166,57,53
770,167,57,53
762,162,57,54
764,161,57,54
759,159,58,56
756,158,57,56
754,156,59,56
752,156,59,57
751,154,59,57
750,152,58,57
746,149,59,58
744,153,60,58
742,146,60,59
744,150,61,58
739,144,61,60
737,143,62,60
738,144,63,60
735,143,63,60
732,145,62,59
733,142,61,59
732,142,62,59
733,144,60,58
730,144,61,59
725,142,62,60
727,138,62,61
725,136,62,61
722,137,61,60
723,137,61,59
719,137,62,60
721,135,62,60
721,134,60,58
722,134,59,57
717,134,59,57
717,131,59,57
718,131,59,56
716,131,58,56
719,129,57,56
720,128,56,55
720,130,55,55
721,126,55,55
723,126,57,55
722,127,56,55
724,123,58,56
727,124,58,56
723,126,57,56
725,126,57,56
724,124,56,55
727,124,57,55
727,123,55,55
728,123,56,55
727,128,55,55
731,126,55,54
734,123,56,55
734,126,56,55
737,123,57,55
737,123,54,54
739,120,55,54
738,122,54,54
738,119,54,54
738,118,54,55
743,115,55,54
742,113,55,55
742,113,56,54
742,113,55,55
741,114,54,54
741,114,55,54
742,110,54,54
742,110,55,56
743,107,55,55
746,108,54,55
745,104,55,55
747,101,53,54
749,100,52,53
749,96,53,54
749,97,53,54
750,96,54,53
752,92,55,55
752,93,54,55
755,92,56,54
759,89,56,53
765,90,56,53
769,90,55,52
775,88,56,52
780,90,56,51
788,87,57,49
796,86,58,49
804,85,58,50
812,85,58,51
820,82,57,50
830,83,59,49
841,78,58,50
849,77,59,50
866,77,61,52
878,71,62,53
889,70,63,53
904,72,63,53
920,69,63,54
936,70,63,52
955,68,63,52
970,67,64,53
987,67,64,53
1007,63,66,55
1028,62,65,54
1049,59,61,60
1072,61,65,54
1092,60,65,53
1115,58,65,53
1143,58,65,52
1167,55,65,53
1190,56,67,54
1220,52,64,63
1220,57,64,63
1248,40,63,62
1228,52,63,62
1189,19,62,61
1133,24,63,61
1119,50,63,61
1136,88,63,61
1164,99,64,62
1179,81,64,62
1173,31,65,63
1202,14,65,63
1238,12,64,62
1183,79,64,62
1172,113,63,61
1205,109,63,61
1227,116,62,60
1192,69,62,60
1115,44,61,59
1153,64,60,58
1183,65,60,58
1202,50,61,59
1212,30,61,59
1207,37,60,58
1194,30,60,58
1206,18,59,57
1182,18,58,56
1167,25,56,54
1104,18,56,54
1103,1,56,54
1124,11,55,53
1172,11,54,52
1156,10,53,51
1125,10,53,51
1115,10,53,51
1077,10,52,50
1010,21,52,50
1037,16,53,51
1054,12,53,51
1075,9,54,52
1064,18,54,52
1065,22,55,53
1087,14,56,54
1111,13,56,54
1125,15,57,55
1148,15,58,56
1161,28,58,56
1181,19,58,56
1197,27,57,55
1208,16,57,55
1218,14,56,54
1226,-5,56,54
1246,-11,56,54
1252,-25,55,53
1253,-24,54,52
1254,-24,52,50
1254,-24,53,51
1253,-24,54,52
1254,-24,53,51
1255,-23,51,50
1254,-23,51,50
1256,-23,50,49
1256,-22,49,48
1256,-23,49,48
1256,-22,48,47
1256,-22,48,47
1256,-21,48,47
1257,-21,47,46
1254,-19,46,45
1257,-21,45,44
1258,-21,45,44
1257,-21,45,44
1257,-21,46,45
1257,-22,47,46
1256,-22,48,47
1255,-23,49,48
1255,-24,51,50
1255,-23,51,50
1254,-24,52,51
1254,-24,53,52
1254,-24,51,50
1254,-25,53,52
1254,-24,53,52
1254,-24,53,52
1254,-25,53,52
1254,-25,53,52
1254,-25,53,52
1254,-25,53,52
1254,-24,51,51
1255,-24,51,51
1255,-24,50,50
1254,-25,52,52
1254,-21,53,53
1254,-22,53,53
1253,-24,54,54
1253,-22,53,53
1254,-23,52,52
1253,-22,51,51
1255,-24,51,51
1254,-22,52,52
1254,-19,52,52
1254,-20,52,52
1254,-19,51,51
1255,-16,51,51
1254,-17,52,52
1254,-15,51,51
1255,-15,51,51
1254,-17,52,52
1254,-16,52,52
1254,-15,52,52
1254,-14,53,53
1253,-18,54,54
1253,-20,54,54
1253,-18,54,54
1253,-21,55,55
1253,-20,54,54
1251,-22,53,53
1250,-14,52,52
1254,-22,52,52
1255,-18,50,50
1255,-17,50,50
1255,-20,51,51
1254,-19,51,51
1251,-13,51,51
1252,-14,51,51
1255,-14,51,51
1250,-13,52,52
1254,-11,52,52
1254,-13,51,51
1246,-8,51,51
1245,-6,50,50
1255,-16,51,51
1255,-10,51,51
1243,-6,50,50
1244,-6,50,50
1248,-10,51,51
1250,-9,52,52
1254,-10,52,52
1254,-15,51,51
1254,-20,52,52
1250,-19,53,53
1252,-19,53,53
1231,-11,53,53
1222,23,52,52
1203,25,52,52
1183,14,52,52
1166,24,52,52
1120,22,51,51
1092,25,51,51
1123,12,52,52
1094,13,52,52
1065,16,52,52
1025,21,52,52
982,23,52,52
956,25,52,52
924,24,52,52
894,27,52,52
875,25,51,51
852,21,51,51
817,22,51,51
779,21,50,50
742,17,49,49
717,15,49,49
676,15,50,50
634,13,50,50
611,14,49,49
571,20,49,49
540,13,50,50
507,7,50,50
536,54,49,49
536,93,48,48
507,91,47,47
481,84,46,46
454,81,46,46
436,75,45,45
403,77,45,45
379,72,44,44
361,76,44,44
337,73,43,43
319,75,43,43
303,68,42,42
285,70,41,41
270,65,41,41
254,65,41,41
234,68,40,40
223,67,40,40
209,69,40,40
201,67,39,39
185,68,39,39
172,81,39,39
167,72,39,39
159,72,38,38
154,74,37,37
144,76,36,36
144,74,36,36
136,79,36,36
129,84,35,35
127,84,34,34
123,85,34,34
121,86,33,33
115,87,33,33
110,92,33,33
108,90,33,33
104,94,33,33
97,98,32,32
95,96,32,32
92,104,32,32
88,104,32,32
86,107,32,32
83,104,32,32
80,106,32,32
78,112,31,31
76,109,31,31
73,110,31,31
63,122,31,31
50,127,31,31
35,127,31,31
18,130,31,31
-11,164,31,31
-15,139,31,31
-15,132,31,31
-15,128,31,31
-15,128,31,31
-14,131,30,30
-12,132,30,30
-14,135,30,30
-13,140,30,30
-13,143,30,30
-13,147,29,29
-13,151,29,29
-13,155,29,29
-14,158,29,29
-14,172,29,29
-14,182,29,29
-4,207,29,29
6,211,29,29
-1,255,28,28
27,279,28,28
42,274,28,28
62,278,28,28
81,267,28,28
98,273,28,28
113,273,28,28
131,269,28,28
143,268,28,28
158,270,28,28
174,268,27,27
194,270,26,26
208,270,26,26
223,270,26,26
234,269,26,26
249,262,26,26
268,265,26,26
281,267,26,26
298,262,26,26
313,258,26,26
325,261,25,25
338,258,25,25
348,260,25,25
358,260,25,25
370,255,25,25
378,254,25,25
388,256,25,25
398,252,25,25
405,253,25,25
407,253,25,25
421,249,25,25
424,247,25,25
424,250,25,25
429,249,25,25
432,249,25,25
424,252,25,25
435,251,25,25
431,250,24,24
437,252,24,24
439,255,24,24
437,253,24,24
440,255,24,24
443,256,24,24
443,254,24,24
446,254,24,24
447,253,24,24
447,257,24,24
446,256,24,24
447,261,23,23
446,259,23,23
446,262,23,23
446,260,23,23
442,261,23,23
441,260,23,23
441,262,23,23
439,265,23,23
433,269,23,23
426,269,23,23
417,271,23,23
404,272,23,23
391,273,23,23
377,273,23,23
356,280,22,22
346,279,21,21
337,278,21,21
313,280,21,21
298,282,21,21
281,283,21,21
281,279,21,21
266,279,21,21
251,279,21,21
236,283,21,21
223,284,21,21
206,288,21,21
201,282,21,21
184,287,21,21
178,284,21,21
158,290,21,21
154,285,21,21
144,281,21,21
127,297,21,21
120,293,21,21
111,294,21,21
105,289,21,21
94,296,21,21
77,312,21,21
69,312,21,21
56,312,21,21
49,313,21,21
43,308,21,21
33,312,21,21
23,312,21,21
15,313,21,21
-9,311,21,21
-10,311,21,21
-10,302,21,21
-10,310,21,21
-10,296,21,21
-10,271,21,21
-10,255,21,21
-10,224,21,21
-10,214,21,21
-10,213,21,21
-10,208,21,21
-9,208,21,21
-10,204,21,21
-10,204,21,21
-9,201,21,21
-10,201,21,21
-10,201,21,21
-10,200,21,21
-10,201,21,21
-10,200,21,21
-10,202,21,21
-9,201,21,21
-10,203,21,21
-10,202,21,21
-9,207,21,21
-10,207,21,21
-9,208,21,21
-10,207,21,21
-9,209,21,21
-10,211,21,21
-10,212,21,21
-9,215,21,21
-9,217,21,21
-9,218,21,21
-10,219,21,21
-9,221,21,21
-9,222,21,21
-9,223,21,21
-9,224,21,21
-9,225,21,21
-9,226,21,21
-10,225,21,21
-10,226,21,21
-10,227,21,21
-9,227,21,21
-10,227,21,21
-10,222,21,21
-9,223,21,21
-10,223,21,21
-9,222,21,21
-10,221,21,21
-10,216,21,21
-9,216,21,21
-9,213,21,21
-9,210,21,21
-9,209,21,21
-10,208,21,21
-10,208,21,21
-10,205,21,21
-10,204,21,21
-9,204,21,21
-9,200,21,21
-9,200,21,21
-9,199,21,21
-10,197,21,21
-9,195,21,21
-8,195,21,21
-9,193,21,21
-10,192,21,21
-9,191,21,21
-9,189,21,21
-9,188,21,21
-9,188,21,21
-10,185,21,21
-10,185,21,21
-9,184,21,21
-9,183,21,21
-10,183,21,21
-10,181,21,21
-9,180,21,21
-8,180,21,21
-10,177,21,21
-10,176,21,21
-10,176,21,21
-10,175,21,21
-10,174,21,21
-10,173,21,21
-10,172,21,21
-10,172,21,21
-10,172,21,21
-9,171,21,21
-10,169,21,21
-10,168,21,21
-10,169,21,21
-10,168,21,21
-10,168,21,21
-10,168,21,21
-10,168,21,21
-10,168,21,21
-10,166,21,21
-10,165,21,21
-10,168,21,21
-10,168,21,21
-10,167,21,21
-10,168,21,21
-10,166,21,21
-10,168,21,21
-10,168,21,21
-10,168,21,21
-10,167,21,21
-10,167,21,21
-10,167,21,21
-10,167,21,21
-10,167,21,21
-10,167,21,21
-10,167,21,21
-10,167,21,21
-10,168,21,21
-10,169,21,21
-10,170,21,21
-10,170,21,21
-10,170,21,21
-9,171,21,21
-9,172,21,21
-9,173,21,21
-10,174,21,21
-10,175,21,21
-10,175,21,21
-9,177,21,21
-10,178,21,21
-9,177,21,21
-10,180,21,21
-10,182,21,21
-10,185,21,21
-9,186,21,21
-9,188,20,20
-9,191,20,20
-9,194,19,19
-9,195,19,19
-9,199,19,19
-9,200,19,19
-8,202,19,19
-8,205,19,19
-8,208,18,18
-8,211,18,18
-8,213,18,18
-8,215,18,18
-8,216,18,18
-8,218,18,18
-8,220,18,18
-8,223,18,18
-8,224,18,18
-8,226,18,18
-8,227,18,18
-8,228,18,18
-8,228,18,18
-8,228,18,18
-8,228,18,18
-8,228,18,18
-8,227,18,18
-8,226,18,18
-8,225,18,18
-8,224,18,18
-8,222,18,18
-8,219,18,18
-8,218,18,18
-8,216,18,18
-8,215,18,18
-8,213,18,18
-8,210,18,18
-8,209,18,18
-8,208,18,18
-8,206,18,18
-8,203,18,18
-8,202,18,18
-8,200,18,18
-8,198,18,18
-8,198,18,18
-8,197,18,18
-8,196,18,18
-8,195,18,18
-8,193,18,18
-8,192,18,18
-8,191,18,18
-8,190,18,18
-8,189,18,18
-8,186,17,17
-8,185,17,17
-7,183,17,17
-7,182,17,17
-8,180,17,17
-7,179,18,18
-7,177,18,18
-8,176,18,18
-8,174,18,18
-8,173,18,18
-8,171,18,18
-8,171,18,18
-8,170,18,18
-8,168,18,18
-8,166,18,18
-8,165,18,18
-8,165,18,18
-8,164,18,18
-8,163,18,18
-8,161,18,18
-8,161,18,18
-8,159,18,18
-8,160,18,18
-8,158,18,18
-8,158,18,18
-8,155,18,18
-8,156,18,18
-8,156,18,18
-8,155,18,18
-8,157,18,18
-8,155,18,18
-8,155,18,18
-8,155,18,18
-8,156,18,18
-8,155,18,18
-8,155,18,18
-8,155,18,18
-8,155,18,18
-8,157,18,18
-8,157,18,18
-8,159,19,19
-9,157,19,19
-9,160,19,19
-9,161,19,19
-9,161,19,19
-9,162,19,19
-8,164,18,18
-8,163,18,18
-8,165,18,18
-8,168,18,18
-8,169,18,18
-7,172,18,18
-8,172,18,18
-8,177,18,18
-8,181,18,18
-8,183,18,18
-8,186,18,18
-8,189,18,18
-8,191,18,18
-8,195,18,18
-8,197,18,18
-8,200,18,18
-8,203,18,18
-8,206,17,17
-7,209,17,17
-7,211,17,17
-7,214,17,17
-7,214,17,17
-8,217,17,17
-7,220,17,17
-7,222,17,17
-7,224,17,17
-7,227,17,17
-7,229,17,17
-7,231,17,17
-7,234,17,17
-7,237,17,17
-7,238,17,17
-7,239,17,17
-7,240,16,16
-7,242,15,15
-7,244,15,15
-7,243,15,15
-7,243,15,15
-7,243,15,15
-7,242,15,15
-7,241,15,15
-7,240,15,15
-7,238,15,15
-7,237,15,15
1,234,15,15
-6,235,15,15
-7,232,15,15
-7,232,15,15
-7,232,15,15
-7,230,15,15
-7,228,15,15
-6,227,15,15
-7,225,15,15
-7,223,15,15
-7,221,15,15
-7,220,15,15
-6,219,15,15
-7,217,15,15
-7,215,15,15
-7,213,15,15
-7,212,15,15
-7,211,15,15
-7,209,15,15
-7,208,15,15
-7,206,15,15
-7,205,15,15
-7,204,15,15
-7,201,15,15
-7,201,15,15
-7,199,15,15
-7,198,15,15
-6,200,15,15
-7,198,15,15
-7,199,15,15
-6,199,15,15
-7,202,15,15
-7,204,15,15
-7,205,15,15
2,206,15,15
-7,216,15,15
-7,219,15,15
7,223,15,15
16,211,15,15
24,209,15,15
22,225,15,15
32,209,15,15
38,212,15,15
39,216,15,15
38,231,14,14
41,236,14,14
35,256,14,14
37,257,14,14
34,259,14,14
36,259,14,14
35,259,14,14
39,259,14,14
38,260,14,14
39,258,14,14
41,260,14,14
43,259,14,14
45,262,14,14
48,261,14,14
49,263,14,14
49,264,14,14
51,266,14,14
52,270,14,14
52,269,14,14
55,272,14,14
54,277,14,14
63,279,14,14
66,281,14,14
66,285,14,14
68,290,14,14
68,295,14,14
69,301,14,14
73,303,14,14
75,309,14,14
76,314,14,14
76,322,14,14
77,333,14,14
70,337,14,14
80,346,14,14
78,351,14,14
85,357,14,14
94,366,14,14
93,365,14,14
103,384,14,14
107,385,14,14
117,395,14,14
124,406,14,14
136,419,14,14
148,426,14,14
155,436,14,14
165,445,14,14
179,457,14,14
193,466,14,14
208,474,14,14
226,482,14,14
243,489,14,14
264,496,14,14
279,506,14,14
298,511,14,14
316,515,14,14
336,518,14,14
356,521,14,14
377,527,14,14
398,538,14,14
411,527,14,14
432,520,14,14
413,524,14,14
432,524,14,14
430,539,14,14
429,557,14,14
434,573,14,14
432,585,14,14
417,585,14,14
438,581,14,14
435,573,14,14
455,563,15,15
455,584,15,15
443,569,15,15
453,554,15,15
460,554,15,15
440,549,15,15
461,558,15,15
479,577,15,15
500,590,15,15
520,605,15,15
539,605,15,15
544,600,15,15
531,587,15,15
539,587,15,15
526,594,15,15
526,575,15,15
541,573,15,15
553,572,15,15
565,569,15,15
577,563,15,15
589,556,15,15
596,558,15,15
605,551,15,15
616,550,15,15
622,547,15,15
626,541,15,15
623,537,15,15
627,535,15,15
633,535,15,15
633,531,15,15
635,530,15,15
636,528,15,15
639,528,15,15
638,526,15,15
640,523,15,15
645,524,15,15
643,520,15,15
644,518,15,15
650,520,15,15
651,517,15,15
648,527,15,15
650,525,15,15
649,524,15,15
652,532,15,15
652,536,15,15
656,532,15,15
655,534,15,15
653,532,15,15
653,530,15,15
649,527,15,15
650,526,15,15
648,524,15,15
649,528,15,15
647,526,15,15
647,526,15,15
647,521,15,15
643,522,15,15
643,520,15,15
644,519,15,15
645,517,15,15
640,515,15,15
639,514,15,15
639,512,15,15
639,511,15,15
637,508,15,15
632,505,15,15
635,503,15,15
634,502,15,15
632,500,15,15
631,497,15,15
631,495,15,15
630,493,15,15
626,490,15,15
626,487,15,15
623,485,15,15
622,482,15,15
623,480,15,15
619,477,15,15
619,474,15,15
616,473,15,15
615,470,15,15
613,468,15,15
609,465,15,15
604,464,15,15
600,462,15,15
587,461,15,15
581,459,15,15
565,456,15,15
556,455,15,15
540,455,15,15
524,452,15,15
508,452,15,15
492,452,15,15
473,451,15,15
457,451,15,15
462,448,15,15
454,454,15,15
458,456,15,15
447,462,15,15
435,462,15,15
428,467,15,15
439,465,15,15
451,465,15,15
447,467,15,15
427,472,15,15
406,481,15,15
408,495,15,15
411,517,15,15
400,520,15,15
383,520,15,15
362,514,15,15
378,501,15,15
374,491,15,15
367,508,15,15
346,504,15,15
341,507,15,15
346,506,15,15
368,518,15,15
349,512,15,15
330,493,15,15
333,471,15,15
336,457,14,14
334,437,14,14
347,421,14,14
349,433,14,14
329,448,14,14
340,461,14,14
336,462,14,14
349,464,14,14
358,456,14,14
362,457,14,14
350,471,14,14
371,474,14,14
369,477,14,14
373,488,14,14
384,481,14,14
393,486,14,14
402,488,14,14
399,492,14,14
395,488,14,14
389,496,14,14
397,501,14,14
401,504,14,14
404,498,14,14
393,500,14,14
383,499,14,14
373,501,14,14
366,501,14,14
358,501,14,14
353,500,14,14
347,499,14,14
341,501,14,14
337,501,14,14
331,503,14,14
327,502,14,14
324,503,14,14
321,501,14,14
318,503,14,14
315,504,14,14
313,502,14,14
311,503,14,14
309,503,14,14
308,503,14,14
305,503,14,14
304,502,14,14
304,502,14,14
303,501,14,14
302,501,14,14
301,501,14,14
300,501,14,14
300,501,14,14
297,501,14,14
298,501,14,14
297,499,14,14
297,499,14,14
296,498,14,14
297,496,14,14
298,494,14,14
300,493,14,14
300,492,14,14
302,490,14,14
302,488,14,14
303,486,14,14
304,483,14,14
306,482,14,14
306,481,14,14
307,480,14,14
309,478,14,14
309,476,14,14
310,474,15,13
313,473,14,14
311,470,15,13
310,469,15,13
311,468,15,14
310,466,15,13
308,464,16,14
308,463,15,13
307,461,15,13
307,460,16,13
306,458,15,13
304,456,15,13
304,454,16,14
303,452,15,13
303,450,16,13
304,448,15,13
304,448,15,13
304,447,15,13
304,445,16,14
305,444,15,13
306,443,16,13
307,442,16,14
308,441,16,13
308,441,16,14
310,439,15,13
311,439,16,14
312,438,15,14
313,434,15,13
314,434,16,14
316,432,16,14
318,433,15,13
318,433,16,14
320,432,16,13
322,432,15,14
321,431,15,13
323,431,15,13
323,432,15,13
323,431,16,14
324,431,15,13
324,431,15,13
325,430,16,13
325,430,15,13
325,430,16,13
326,430,15,13
327,430,16,14
328,429,15,13
331,429,15,13
336,429,15,13
342,428,16,13
351,427,14,14
360,425,14,14
356,421,14,14
351,427,14,14
357,424,14,14
363,421,14,14
363,427,14,14
364,412,14,14
371,414,14,14
377,417,14,14
393,415,14,14
396,408,14,14
397,407,14,14
400,404,14,14
415,399,14,14
429,389,14,14
447,388,14,14
464,380,14,14
479,372,14,14
494,368,14,14
512,365,14,14
522,361,14,14
538,357,14,14
550,353,14,14
561,349,14,14
574,345,14,14
584,342,14,14
594,339,14,14
602,336,14,14
615,333,14,14
624,324,14,14
632,324,14,14
646,323,14,14
650,325,14,14
654,323,14,14
658,314,14,14
665,314,14,14
662,306,14,14
664,305,14,14
669,304,14,14
669,305,14,14
670,305,14,14
676,297,14,14
680,294,14,14
690,284,14,14
696,280,14,14
700,275,14,14
697,278,14,14
703,276,14,14
705,276,14,14
706,275,14,14
703,277,14,14
703,279,14,14
711,275,14,14
715,275,14,14
714,274,14,14
716,274,14,14
718,274,14,14
720,274,14,14
719,274,14,14
721,274,14,14
722,273,14,14
723,273,14,14
725,274,14,14
726,272,14,14
728,271,14,14
729,269,14,14
728,269,14,14
733,266,14,14
735,265,14,14
735,264,14,14
738,263,14,14
738,262,14,14
741,259,14,14
744,259,14,14
746,258,14,14
755,255,14,14
749,259,14,14
748,261,14,14
756,257,14,14
763,266,14,14
772,273,14,14
785,275,14,14
801,281,14,14
813,271,14,14
828,279,14,14
844,287,14,14
862,286,14,14
876,286,14,14
888,286,14,14
905,284,14,14
923,285,14,14
938,286,14,14
954,285,14,14
969,285,14,14
985,284,14,14
997,286,14,14
1006,287,14,14
1018,282,14,14
1028,280,14,14
1030,277,14,14
1035,277,14,14
1035,277,14,14
1043,278,14,14
1040,276,14,14
1042,287,14,14
1044,289,14,14
1049,288,14,14
1048,292,14,14
1050,293,14,14
1053,299,14,14
1053,298,14,14
1055,303,14,14
1054,302,14,14
1058,302,14,14
1058,297,14,14
1063,297,14,14
1075,288,14,14
1073,291,14,14
1073,291,14,14
1075,283,14,14
1063,280,14,14
1052,280,14,14
1043,282,14,14
1030,285,14,14
1022,287,14,14
1010,288,14,14
998,288,14,14
990,291,14,14
980,293,14,14
972,292,14,14
963,294,14,14
956,298,14,14
948,298,14,14
939,304,14,14
936,299,14,14
931,299,14,14
926,301,14,14
921,303,14,14
917,301,14,14
912,304,14,14
909,303,14,14
904,308,14,14
899,315,14,14
896,319,14,14
895,319,14,14
893,318,14,14
894,319,14,14
888,320,14,14
893,318,14,14
892,314,14,14
890,318,14,14
891,317,14,14
891,317,14,14
890,321,14,14
890,317,14,14
893,320,14,14
898,323,14,14
901,325,14,14
917,334,14,14
917,332,14,14
922,333,14,14
920,335,14,14
925,334,14,14
922,333,14,14
927,334,14,14
933,336,14,14
933,336,14,14
933,335,14,14
934,334,14,14
941,336,14,14
934,332,14,14
931,329,14,14
936,332,14,14
937,334,14,14
941,333,14,14
944,332,14,14
954,338,14,14
956,338,14,14
948,339,14,14
952,339,14,14
948,338,14,14
951,339,14,14
949,338,14,14
937,336,14,14
940,334,14,14
936,332,14,14
937,336,14,14
934,339,14,14
938,335,14,14
940,338,14,14
944,337,14,14
953,333,14,14
961,334,14,14
969,331,14,14
981,330,14,14
986,332,14,14
1000,330,14,14
1007,332,14,14
1015,332,14,14
1025,333,14,14
1036,333,14,14
1046,334,14,14
1049,336,14,14
1060,340,14,14
1078,336,14,14
1093,337,14,14
1104,338,14,14
1116,340,14,14
1119,346,14,14
1116,346,14,14
1116,359,14,14
1124,362,14,14
1136,357,14,14
1149,356,14,14
1165,360,14,14
1182,363,14,14
1195,362,14,14
1210,360,14,14
1225,358,14,14
1244,361,14,14
1263,364,14,14
1264,361,14,14
1255,377,14,14
1240,369,14,14
1255,374,14,14
1264,384,14,14
1263,380,14,14
1248,388,14,14
1251,378,14,14
1244,388,14,14
1243,385,14,14
1250,390,14,14
1255,393,14,14
1262,393,14,14
1256,384,14,14
1246,397,14,14
1232,402,14,14
1246,403,14,14
1250,406,14,14
1250,409,14,14
1251,409,14,14
1258,410,14,14
1244,418,14,14
1247,411,14,14
1253,414,14,14
1258,414,14,14
1263,415,14,14
1255,411,14,14
1242,404,14,14
1247,406,14,14
1248,404,14,14
1250,402,14,14
1248,390,14,14
1250,386,14,14
1253,380,14,14
1253,367,14,14
1250,348,14,14
1257,340,14,14
1264,337,14,14
1258,341,14,14
1273,342,14,14
1273,342,14,14
1273,342,15,15
1273,343,15,15
1273,342,15,15
1273,342,15,15
1273,342,15,15
1273,343,15,15
1273,344,15,15
1273,344,15,15
1273,345,15,15
1273,343,15,15
1273,345,15,15
1273,343,15,15
1273,345,15,15
1273,346,15,15
1273,345,15,15
1261,347,15,15
1261,348,15,15
1265,341,15,15
1273,320,15,15
1273,308,15,15
1273,312,15,15
1272,310,15,15
1249,309,15,15
1249,304,15,15
1243,313,15,15
1232,313,15,15
1227,313,15,15
1235,314,15,15
1229,296,15,15
1225,288,15,15
1213,309,15,15
1217,310,15,15
1207,309,15,15
1210,309,15,15
1207,296,15,15
1201,307,15,15
1200,302,15,15
1193,312,15,15
1192,310,14,14
1186,311,14,14
1186,311,13,13
1181,317,13,13
1178,322,13,13
1175,328,13,13
1174,329,13,13
1164,336,13,13
1166,339,13,13
1162,339,13,13
1161,329,13,13
1161,328,13,13
1162,326,13,13
1168,333,13,13
1158,344,13,13
1144,356,13,13
1141,364,13,13
1137,362,13,13
1134,366,13,13
1141,353,13,13
1143,346,13,13
1137,356,13,13
1136,343,13,13
1126,335,13,13
1129,345,13,13
1128,358,13,13
1128,353,13,13
1116,364,13,13
1113,351,13,13
1105,339,13,13
1097,332,13,13
1087,325,13,13
1077,321,13,13
1066,319,13,13
1058,323,13,13
1040,324,13,13
1026,322,13,13
1010,322,13,13
999,317,13,13
988,312,13,13
974,312,13,13
962,312,13,13
950,313,13,13
938,314,13,13
936,309,13,13
940,307,13,13
938,309,13,13
930,301,13,13
923,295,13,13
905,293,13,13
894,303,13,13
885,304,13,13
882,308,13,13
871,313,13,13
861,313,13,13
852,318,13,13
838,320,13,13
823,325,13,13
811,330,13,13
806,332,13,13
800,333,13,13
797,330,13,13
789,329,13,13
777,325,13,13
768,322,13,13
759,319,13,13
756,317,14,13
752,316,15,13
748,315,14,13
745,313,14,13
742,311,15,13
737,310,14,12
740,305,14,12
738,302,14,12
737,299,14,13
735,295,14,13
734,290,14,13
732,287,14,13
733,283,13,13
732,277,14,13
731,274,14,13
730,270,14,13
729,265,15,13
732,261,16,13
735,259,16,14
736,257,16,13
738,255,16,13
738,254,15,13
738,252,14,14
739,250,15,14
741,248,15,14
739,247,15,14
738,247,15,14
736,248,15,13
734,249,16,14
731,253,15,13
726,255,15,14
720,259,15,14
714,262,16,14
713,264,14,13
710,267,14,14
703,272,14,14
697,279,14,14
691,286,14,14
697,294,14,14
690,302,14,14
688,309,14,14
685,312,14,14
678,313,14,14
676,319,14,14
674,325,14,14
667,320,14,14
671,320,14,14
670,317,14,14
668,310,14,14
657,302,14,14
650,287,14,14
639,276,14,14
644,266,14,14
650,269,14,14
656,260,14,14
661,257,14,14
661,251,14,14
657,247,14,14
649,247,14,14
642,243,14,14
641,249,14,14
637,250,14,14
631,249,14,14
629,244,14,14
626,242,14,14
628,246,14,14
628,256,14,14
630,260,14,14
638,252,14,14
632,246,14,14
622,256,14,14
621,236,14,14
623,232,14,14
622,239,14,14
641,244,14,14
638,252,14,14
643,246,14,14
654,247,14,14
642,250,14,14
653,251,14,14
666,250,14,14
684,251,14,14
677,248,14,14
675,240,14,14
692,240,14,14
708,239,14,14
728,250,14,14
748,253,14,14
768,260,14,14
783,253,14,14
798,252,14,14
815,256,14,14
820,271,14,14
821,283,14,14
826,279,14,14
811,277,14,14
811,273,14,14
821,269,14,14
820,265,14,14
830,260,14,14
839,255,14,14
850,249,14,14
857,244,14,14
854,239,14,14
852,236,14,14
848,231,14,14
836,230,14,14
833,228,14,14
837,226,14,14
843,224,14,14
844,222,14,14
840,219,14,14
854,217,14,14
866,214,14,14
853,214,14,14
835,220,14,14
840,231,14,14
837,236,14,14
831,229,14,14
838,220,14,14
832,211,14,14
818,202,14,14
818,191,14,14
805,179,14,14
801,161,14,14
794,153,14,14
789,148,14,14
781,143,14,14
778,139,14,14
772,139,14,14
768,140,14,13
764,140,14,13
758,141,14,13
752,143,14,14
747,147,14,13
740,151,14,14
733,155,14,13
727,159,14,13
720,161,14,14
712,164,15,15
706,166,15,14
697,167,15,14
689,169,15,14
681,170,15,14
673,171,15,15
664,169,15,14
657,168,15,14
651,166,15,14
644,163,15,14
639,159,14,14
633,157,15,14
631,153,14,14
628,149,15,14
627,145,15,14
627,141,15,14
627,137,15,14
628,135,15,14
628,134,15,14
628,132,15,14
629,129,15,14
629,127,15,14
630,124,14,14
631,120,14,13
632,113,14,14
635,108,14,14
637,102,14,14
639,96,14,14
641,91,14,14
643,94,14,14
645,95,14,14
648,97,14,14
650,100,14,14
653,102,14,14
654,105,14,14
657,110,14,14
659,114,14,13
662,119,14,14
662,126,14,14
663,133,14,14
663,142,13,14
663,150,13,14
664,157,14,14
660,165,14,14
656,173,14,14
654,180,14,14
653,184,14,14
654,190,15,14
662,195,15,14
670,199,15,15
678,206,15,15
676,213,15,15
672,211,15,15
678,212,15,15
672,216,15,15
677,216,15,15
684,214,15,15
667,204,15,15
679,198,15,15
685,188,15,15
687,181,14,15
680,179,14,16
670,176,15,15
663,167,15,15
665,164,15,15
663,152,15,15
659,143,15,15
662,135,15,15
669,137,15,15
674,140,15,15
671,134,15,15
679,134,15,15
679,136,15,15
672,132,15,15
674,134,16,16
672,134,16,16
669,138,16,16
670,137,16,16
662,139,16,16
655,139,16,16
658,137,16,16
663,134,16,16
666,134,16,16
654,121,16,16
636,110,16,16
641,87,16,16
637,74,16,16
629,62,16,16
606,63,16,16
622,45,17,17
601,46,17,17
596,65,17,17
602,40,17,17
595,38,17,17
606,33,17,17
630,29,17,17
605,21,17,17
612,33,17,17
601,31,17,17
596,39,17,17
592,30,17,17
596,54,17,17
583,41,17,17
565,55,17,17
569,55,17,17
567,44,17,17
572,58,17,17
594,49,17,17
617,53,17,17
616,50,16,16
613,62,16,16
611,72,16,16
598,87,16,16
600,104,16,16
620,121,16,16
642,128,16,16
647,140,16,16
639,153,16,16
659,158,16,16
657,156,16,16
676,162,16,16
691,164,16,16
705,172,16,16
719,173,16,16
730,177,16,16
739,179,16,16
748,182,16,16
752,185,16,16
757,187,16,16
762,192,16,16
764,195,16,16
766,199,16,16
767,202,16,16
766,204,16,16
765,207,16,16
764,210,16,16
762,213,16,16
762,217,16,16
760,218,16,16
759,220,16,16
757,223,16,16
755,224,16,16
753,227,16,16
751,229,16,16
749,231,16,16
750,232,16,16
748,234,16,16
746,235,16,16
746,236,16,16
745,236,16,16
741,237,16,16
737,238,16,16
732,240,16,16
728,241,16,16
723,240,16,16
719,242,16,16
716,243,16,16
714,244,16,16
714,246,16,16
713,248,16,16
712,249,16,16
712,250,16,16
712,253,16,16
712,255,16,16
712,256,16,16
712,257,16,16
714,259,16,16
714,262,16,16
714,264,16,16
714,266,16,16
715,268,16,16
715,272,16,16
716,272,16,16
715,273,16,16
717,275,15,16
717,278,15,15
716,282,15,14
716,283,16,16
709,290,15,15
712,289,15,14
715,289,15,15
716,290,15,15
717,292,16,15
718,294,16,16
718,296,16,15
721,297,16,16
721,298,16,16
721,300,16,16
722,302,15,16
724,304,16,16
725,304,16,17
725,307,16,16
727,309,16,16
727,311,17,16
727,313,17,16
727,315,17,16
728,317,17,16
730,319,17,16
731,322,17,16
732,325,16,15
733,327,16,15
734,331,16,15
733,337,16,16
741,336,16,16
749,337,16,16
758,343,16,16
770,346,16,16
784,340,16,15
788,343,16,15
790,349,16,15
791,354,16,16
791,359,16,15
791,366,16,15
791,372,16,15
790,376,16,15
791,381,16,15
790,386,16,15
790,392,16,16
790,397,16,16
790,401,16,15
789,406,16,15
787,410,16,15
787,415,16,15
786,419,16,15
785,422,16,15
784,426,16,15
783,429,16,15
782,432,16,15
781,435,16,16
780,437,16,15
778,439,16,15
778,441,16,16
778,442,16,15
778,443,16,15
777,443,16,15
777,442,16,16
777,443,16,15
777,443,16,15
777,442,16,15
777,442,16,15
776,440,16,15
776,440,16,15
776,439,16,15
778,439,16,15
779,438,16,15
781,437,17,16
781,436,17,16
782,435,17,15
783,435,16,15
784,435,16,15
786,434,16,15
785,435,16,15
786,435,17,16
787,435,17,15
789,435,17,15
789,435,17,15
790,435,17,16
791,436,17,16
792,437,17,16
795,438,17,16
798,440,16,15
798,441,16,15
799,443,16,15
800,445,16,16
801,447,17,16
802,449,16,15
803,452,17,16
804,454,17,16
805,457,17,16
806,461,16,15
806,466,16,16
802,473,17,16
797,481,17,16
792,485,16,15
792,482,17,17
788,491,17,17
782,500,17,17
775,512,17,17
764,526,17,17
748,541,17,17
743,552,17,17
737,562,17,17
731,576,17,17
713,594,17,17
707,605,16,15
703,614,16,15
698,621,16,15
695,629,16,15
690,636,16,16
686,643,16,15
683,649,17,16
681,655,16,15
679,659,17,16
678,662,16,16
679,665,17,16
680,669,17,16
681,671,17,16
681,671,17,16
684,672,17,16
684,671,17,17
687,670,17,16
688,668,18,17
688,664,18,17
690,660,18,17
690,655,18,16
692,648,18,17
691,643,17,16
692,640,17,16
693,636,17,16
694,631,18,17
695,628,18,17
698,625,18,17
698,621,18,17
698,615,18,16
699,609,17,17
698,602,18,18
700,606,18,18
697,595,18,17
697,585,17,16
703,576,18,18
703,566,18,18
699,567,18,18
698,559,18,17
700,549,18,17
701,540,18,17
703,530,18,17
709,521,17,16
715,514,17,17
720,509,16,16
722,501,16,16
716,491,16,16
720,484,16,16
729,473,16,16
737,461,16,16
752,447,16,16
755,432,16,16
762,417,16,15
763,409,15,16
759,403,16,16
757,395,16,16
756,384,16,16
757,372,16,16
761,361,15,15
762,348,15,15
765,334,15,15
770,318,15,15
771,302,15,14
771,294,15,15
771,285,15,15
768,274,15,15
768,265,15,15
771,254,15,15
776,243,15,15
780,228,15,15
782,216,14,15
782,209,14,15
783,201,15,14
784,198,15,15
786,196,14,14
785,193,15,14
786,190,15,15
787,188,16,16
787,187,16,16
788,187,17,16
789,187,17,17
789,186,18,18
790,185,19,18
790,185,18,18
791,185,18,18
792,185,19,18
793,185,18,18
793,185,18,18
795,185,18,19
795,185,18,18
795,186,18,19
797,185,18,18
796,185,18,18
796,186,19,19
799,183,18,18
801,185,18,18
802,185,19,16
801,183,20,18
804,184,19,19
796,179,19,19
804,178,19,19
810,179,17,17
809,183,17,17
808,185,18,18
807,186,18,18
808,187,18,18
808,188,18,18
806,189,18,18
806,191,18,18
804,192,18,18
804,193,18,18
802,194,18,18
801,195,18,19
801,196,18,19
800,197,18,18
799,197,18,19
797,198,19,19
797,200,18,18
796,201,18,18
795,202,18,18
794,203,18,19
793,204,18,18
792,205,18,18
791,206,18,18
792,207,18,18
790,209,18,18
791,209,18,18
791,210,18,18
792,211,18,19
792,212,18,18
792,212,19,19
792,212,19,19
792,213,18,18
792,213,18,18
794,213,18,19
794,212,18,18
795,213,18,18
796,213,18,18
797,214,18,18
797,215,18,19
798,216,19,19
798,217,19,19
799,218,19,19
799,220,19,19
800,220,20,20
802,220,19,19
802,220,20,20
803,221,20,20
804,222,20,20
805,222,20,20
807,223,20,20
812,217,21,21
808,227,20,19
808,226,20,20
807,227,20,20
808,229,21,21
808,228,21,19
800,234,21,21
790,241,21,21
791,241,21,21
798,237,21,21
813,235,20,21
815,235,20,20
817,234,20,21
819,235,20,20
820,235,20,20
822,236,20,20
824,236,20,20
827,235,20,20
829,235,20,21
829,234,21,21
829,234,20,21
829,233,20,22
826,233,22,22
821,234,22,22
822,230,22,22
812,233,22,22
820,226,22,21
819,225,21,22
821,219,22,22
815,217,21,21
815,214,21,21
813,209,21,21
812,204,21,21
811,199,21,21
810,195,22,21
808,189,22,21
808,183,22,22
807,178,22,21
807,171,22,21
806,165,22,21
805,159,22,21
805,153,22,21
805,146,21,21
804,139,22,22
805,132,22,21
805,123,22,21
805,117,22,22
805,109,21,21
805,101,21,21
806,93,21,20
805,85,21,21
805,77,21,21
806,71,20,20
806,62,21,20
806,54,20,20
804,44,21,21
804,36,21,21
804,29,21,21
804,20,21,21
803,13,21,21
804,5,21,20
804,-2,21,20
803,-10,22,22
801,-9,22,22
813,-8,22,22
819,-8,22,22
823,-3,22,22
828,16,22,22
810,26,23,23
805,23,23,23
804,18,23,23
805,11,23,23
807,8,23,23
808,2,23,23
806,-1,23,23
807,-3,23,23
807,-8,23,23
808,-8,23,23
815,-6,23,23
802,-9,23,23
806,-1,23,23
805,29,23,23
806,30,23,23
803,23,23,23
800,16,23,23
799,11,23,23
798,9,23,23
799,5,23,23
796,-4,23,23
793,-6,23,23
795,-2,23,23
785,4,23,23
782,4,23,23
781,5,23,23
770,19,23,23
743,25,23,23
735,15,23,23
734,9,24,24
734,1,24,24
735,-7,25,25
734,-10,25,25
737,-8,25,25
736,-10,24,24
720,-6,24,24
715,3,24,24
697,15,24,24
705,30,22,22
715,37,22,22
716,34,22,22
712,35,22,21
712,30,21,21
712,23,21,21
713,17,21,21
715,11,21,21
719,5,22,21
725,0,23,20
733,-5,23,23
741,-6,23,23
740,-4,23,23
742,-4,22,22
740,0,22,22
744,14,22,22
752,21,22,22
768,26,22,22
778,23,22,22
775,15,22,22
774,9,22,22
785,18,22,22
813,22,22,22
820,18,22,22
830,27,22,22
843,42,22,22
847,47,22,22
851,37,22,22
858,39,22,22
871,38,22,22
879,39,22,22
883,39,22,22
884,45,22,22
889,39,22,22
891,42,22,22
896,49,22,22
891,46,22,22
892,49,22,22
893,50,21,21
895,50,21,21
899,53,21,21
900,53,21,21
904,48,21,21
903,56,21,21
900,58,21,21
899,61,21,21
895,63,21,21
894,64,21,21
891,69,21,21
886,75,21,21
879,76,21,21
874,77,21,21
876,68,21,21
882,40,21,21
882,34,21,21
866,28,21,21
863,20,21,21
865,25,21,21
869,34,21,21
869,46,21,21
874,52,21,21
884,48,21,21
899,38,21,21
921,29,21,21
914,31,21,19
907,33,21,19
898,38,20,19
890,44,22,19
881,48,22,20
875,52,23,20
870,56,23,21
861,61,24,21
854,69,23,21
850,74,23,21
846,79,23,21
844,81,23,21
843,83,23,21
842,85,22,20
841,87,23,21
840,87,22,20
839,89,22,20
839,90,23,21
838,91,23,21
838,91,23,21
837,92,24,22
838,93,23,22
836,93,24,22
836,92,24,22
835,93,24,22
835,93,24,22
835,92,24,22
833,94,23,22
833,94,23,22
832,94,23,22
832,93,24,22
832,93,24,22
831,93,24,22
831,93,24,22
831,95,23,21
830,95,23,21
829,95,23,21
827,94,23,21
826,94,23,21
825,94,23,21
824,95,23,21
822,94,23,21
821,95,23,21
821,94,23,21
820,95,22,20
818,95,22,21
817,93,23,21
816,94,23,21
815,93,22,21
813,92,22,21
813,92,22,21
811,91,23,21
810,91,22,21
810,90,22,21
808,89,23,21
807,89,23,22
805,88,23,22
804,87,24,22
803,86,24,22
802,85,24,22
802,85,24,22
801,85,24,22
801,85,23,22
800,86,24,22
798,85,24,22
798,85,24,22
797,85,24,23
796,85,24,22
795,85,24,22
794,85,25,23
793,85,25,23
793,85,25,23
792,85,25,23
791,85,24,23
790,85,25,23
789,86,24,23
789,86,25,23
787,86,25,23
787,85,24,23
786,85,25,23
786,85,25,23
784,85,26,24
782,85,26,24
781,85,26,23
782,85,25,23
781,86,25,23
782,86,25,23
781,85,25,22
781,85,25,23
780,85,25,23
781,85,25,23
779,85,25,23
779,86,25,24
779,86,25,24
779,87,25,23
779,86,26,24
779,86,26,24
778,85,26,24
778,85,26,24
778,86,25,24
779,86,25,24
778,85,26,24
779,86,26,24
778,85,26,24
776,85,26,24
777,86,25,24
777,86,25,23
776,86,26,24
776,87,26,24
776,86,26,24
775,86,25,24
775,87,26,24
774,86,26,24
774,86,26,23
773,86,25,23
773,85,25,23
772,85,26,24
771,86,26,24
771,85,26,24
770,86,26,23
770,86,26,23
769,86,26,24
767,87,25,23
767,86,26,24
766,85,25,23
765,85,26,24
763,85,26,23
763,83,26,24
762,83,26,23
761,82,26,23
761,81,26,23
760,80,26,23
758,80,26,23
756,80,26,23
755,81,26,23
756,81,26,23
753,81,26,23
753,81,26,24
754,81,26,24
752,82,26,23
753,81,26,23
752,80,26,24
751,81,25,23
751,81,25,24
750,81,25,24
750,80,25,23
748,80,25,24
749,80,25,24
747,81,26,24
747,83,25,23
749,81,25,24
748,81,25,23
746,81,26,24
747,80,25,23
748,81,26,23
749,82,26,23
761,76,27,27
778,71,28,24
793,74,27,27
807,80,28,28
814,87,28,28
834,87,29,29
837,79,29,29
863,81,29,29
881,68,29,29
882,75,29,29
857,51,29,29
858,51,29,29
839,60,28,28
862,65,28,28
891,70,28,28
901,66,28,28
891,68,28,28
911,60,28,28
935,75,29,29
977,66,29,29
1018,78,29,29
1059,73,29,29
1102,83,29,29
1144,86,29,29
1186,84,29,29
1180,93,29,29
1179,102,29,29
1170,122,29,29
1161,139,29,29
1149,138,29,29
1165,135,29,29
1169,133,28,28
1165,134,28,28
1131,140,28,28
1151,140,28,28
1151,142,28,28
1159,144,28,28
1136,139,28,28
1174,133,28,28
1216,122,28,28
1225,141,28,28
1229,144,28,28
1240,145,28,28
1236,153,28,28
1215,169,28,28
1195,186,28,28
1194,195,28,28
1216,189,29,29
1190,209,29,29
1202,198,29,29
1232,189,29,29
1220,152,29,29
1238,142,29,29
1252,136,29,29
1230,104,29,29
1226,93,28,28
1209,107,28,28
1198,119,28,28
1206,120,28,28
1206,130,28,28
1205,138,29,29
1218,163,29,29
1225,179,30,30
1220,184,30,30
1233,177,31,30
1245,172,31,30
1251,169,30,30
1249,166,31,31
1259,150,31,31
1256,133,31,31
1260,138,31,31
1250,137,31,31
1247,151,31,31
1252,149,30,30
1256,147,30,30
1259,148,30,30
1254,148,30,30
1256,150,30,30
1259,143,30,30
1253,133,30,30
1248,129,30,30
1254,122,30,30
1258,107,30,30
1262,96,29,29
1260,94,30,30
1258,86,29,29
1248,68,30,30
1240,52,30,30
1243,43,30,30
1244,36,30,30
1243,41,30,30
1242,43,30,30
1243,45,30,30
1242,45,30,30
1241,45,30,30
1240,46,30,30
1241,46,30,30
1240,41,31,31
1238,46,31,31
1240,47,30,30
1239,48,30,30
1239,50,30,30
1238,54,30,30
1238,56,30,30
1238,58,29,29
1238,59,29,29
1238,59,29,29
1239,58,29,29
1241,62,30,30
1242,64,30,30
1243,64,30,30
1243,63,30,30
1244,65,30,30
1242,70,31,31
1246,66,31,31
1242,74,31,31
1244,75,31,31
1235,78,31,31
1239,76,30,30
1237,84,30,30
1239,82,29,29
1232,78,29,29
1239,91,29,29
1241,100,29,29
1242,103,29,29
1243,104,29,29
1243,106,30,30
1243,109,30,30
1242,108,30,30
1245,111,30,30
1243,117,30,30
1247,112,29,29
1247,117,29,29
1245,126,29,29
1246,129,29,29
1245,135,29,29
1243,144,29,29
1247,136,29,29
1246,141,29,29
1246,154,29,29
1231,175,29,29
1210,213,29,29
1222,244,29,29
1234,243,29,29
1233,244,29,29
1237,246,29,29
1232,249,29,29
1232,255,29,29
1233,253,29,29
1235,260,29,29
1235,262,29,29
1238,264,29,29
1237,266,29,29
1237,272,29,29
1235,276,29,29
1232,283,29,29
1234,287,29,29
1236,288,29,29
1238,294,29,29
1238,300,29,29
1240,301,29,29
1243,302,29,29
1239,312,29,29
1243,314,28,28
1245,316,28,28
1246,322,28,28
1247,323,28,28
1248,329,29,29
1247,336,29,29
1247,338,29,29
1246,342,29,29
1246,346,29,29
1218,352,29,29
1200,346,29,29
1197,348,29,29
1205,348,29,29
1207,354,29,29
1211,355,29,29
1212,361,29,29
1206,363,29,29
1218,365,28,28
1215,369,28,28
1224,372,28,28
1226,375,28,28
1230,376,28,28
1232,380,28,28
1233,385,28,28
1239,386,28,28
1235,393,28,28
1242,392,28,28
1235,399,28,28
1242,398,29,29
1242,404,29,29
1241,408,28,28
1244,413,28,28
1246,417,28,28
1244,422,28,28
1240,425,28,28
1238,427,28,28
1234,437,28,28
1235,439,28,28
1237,440,28,28
1239,444,28,28
1240,447,28,28
1243,448,28,28
1244,451,28,28
1245,451,28,28
1249,457,28,28
1252,458,27,27
1255,458,27,27
1257,460,27,27
1255,457,28,28
1257,458,28,28
1257,461,28,28
1258,462,28,28
1249,460,28,28
1259,466,28,28
1257,468,28,28
1256,469,28,28
1255,472,28,28
1255,474,28,28
1255,478,28,28
1258,483,28,28
1254,482,28,28
1255,486,28,28
1256,491,28,28
1255,495,28,28
1252,494,28,28
1249,496,28,28
1247,497,28,28
1245,499,28,28
1242,500,28,28
1242,502,28,28
1239,503,28,28
1239,508,28,28
1237,506,27,27
1238,511,27,27
1237,512,27,27
1235,513,27,27
1234,513,27,27
1236,515,28,28
1230,516,28,28
1230,517,28,28
1234,518,28,28
1231,520,28,28
1230,519,28,28
1232,521,28,28
1235,520,28,28
1230,523,28,28
1232,524,28,28
1236,522,27,27
1235,524,27,27
1235,522,27,27
1231,523,27,27
1231,526,27,27
1238,521,27,27
1242,522,27,27
1238,523,27,27
1234,525,27,27
1234,525,27,27
1236,524,27,27
1233,523,27,27
1235,522,27,27
1239,521,27,27
1237,523,27,27
1241,524,27,27
1239,523,27,27
1241,523,27,27
1244,523,27,27
1241,519,27,27
1244,520,26,26
1244,519,26,26
1246,519,26,26
1247,520,26,26
1246,518,26,26
1249,519,26,26
1250,517,26,26
1250,517,26,26
1252,516,26,26
1255,516,26,26
1256,515,26,26
1255,513,26,26
1255,511,26,26
1255,509,26,26
1256,505,26,26
1257,505,25,25
1257,500,24,24
1262,506,24,24
1245,491,24,24
1249,484,24,24
1246,477,24,24
1252,481,24,24
1246,470,24,24
1241,455,24,24
1242,452,24,24
1241,445,23,23
1249,446,23,23
1250,442,23,23
1249,425,23,23
1241,417,22,22
1246,409,22,22
1257,404,22,22
1263,398,22,22
1269,394,22,22
1252,378,22,22
1239,364,22,22
1208,368,22,22
1201,368,22,22
1213,366,22,22
1212,358,22,22
1211,363,22,22
1215,351,22,22
1222,363,22,22
1205,352,22,22
1200,365,22,22
1209,362,22,22
1206,376,22,22
1203,374,22,22
1175,370,22,22
1160,390,23,23
1150,399,23,23
1122,401,23,23
1121,401,23,23
1126,418,23,23
1122,408,23,23
1118,396,23,23
1139,399,23,23
1133,400,23,23
1151,392,23,23
1154,388,23,23
1141,372,23,23
1139,373,23,23
1128,377,23,23
1130,378,23,23
1131,374,23,23
1144,355,23,23
1132,373,23,23
1134,366,23,23
1128,375,23,23
1124,376,22,22
1136,375,22,22
1153,378,22,22
1152,377,22,22
1161,375,22,22
1168,397,22,22
1185,388,22,22
1187,393,22,22
1172,385,23,23
1159,386,23,23
1161,385,23,23
1168,379,23,23
1177,380,23,23
1178,379,23,23
1169,382,23,23
1163,384,23,23
1163,386,23,23
1174,383,23,23
1170,383,23,23
1179,381,23,23
1196,373,23,23
1209,358,23,23
1211,364,23,23
1208,367,23,23
1205,371,23,23
1206,373,23,23
1207,364,23,23
1207,358,23,23
1212,365,23,23
1206,361,23,23
1190,371,23,23
1184,378,23,23
1181,372,23,23
1183,368,23,23
1184,371,23,23
1184,369,23,23
1184,363,23,23
1188,360,23,23
1198,361,23,23
1187,356,23,23
1190,366,23,23
1187,360,23,23
1193,360,23,23
1182,369,23,23
1172,373,23,23
1171,369,23,23
1181,365,23,23
1174,367,23,23
1158,383,23,23
1156,387,23,23
1145,397,23,23
1140,402,23,23
1138,401,23,23
1140,398,23,23
1136,400,23,23
1133,398,23,23
1128,404,23,23
1128,404,23,23
1126,404,23,23
1121,410,23,23
1120,406,23,23
1118,404,23,23
1118,403,23,23
1112,404,24,24
1111,402,24,24
1108,401,24,24
1108,401,24,24
1112,394,24,24
1108,395,24,24
1106,391,24,24
1111,370,25,25
1115,367,25,25
1113,372,25,25
1106,377,25,25
1115,361,25,25
1096,378,26,26
1103,366,26,26
1103,364,26,26
1107,357,26,26
1088,361,26,26
1097,351,26,26
1090,354,27,27
1079,357,27,27
1078,355,27,27
1082,349,27,27
1072,354,27,27
1065,353,27,27
1042,367,27,27
1065,345,27,27
1064,344,27,27
1050,344,27,27
1045,351,27,27
1037,353,27,27
1024,362,28,28
1028,350,28,28
1023,352,28,28
1033,336,28,28
1023,344,28,28
1035,330,28,28
1028,329,28,28
1019,324,28,28
1009,329,28,28
1023,310,29,29
1016,316,29,29
1012,322,29,29
976,341,29,29
984,331,29,29
985,325,29,29
979,326,30,30
978,318,30,30
982,313,31,31
970,313,30,30
971,312,30,30
973,312,30,30
973,311,30,30
975,300,30,30
959,312,30,30
975,297,30,30
943,317,30,30
960,300,31,31
966,296,32,32
965,289,32,32
962,286,32,32
970,274,33,33
977,277,33,33
952,285,33,33
955,281,33,33
982,267,33,33
959,267,33,33
955,272,33,33
953,269,33,33
954,264,33,33
955,257,32,32
946,260,32,32
948,249,32,32
935,261,31,31
930,267,31,31
917,272,31,31
891,282,31,31
885,294,31,31
874,290,31,31
884,289,31,31
873,285,31,31
869,300,31,31
876,285,31,31
871,276,31,31
869,281,31,31
868,280,31,31
867,274,31,31
876,255,31,31
849,281,31,31
855,275,31,31
839,275,31,31
845,263,31,31
844,262,31,31
843,269,31,31
839,270,31,31
839,262,31,31
839,259,31,31
840,248,31,31
844,246,31,31
844,250,31,31
830,260,31,31
846,230,31,31
843,244,31,31
839,242,31,31
821,251,31,31
814,248,31,31
809,246,31,31
802,242,32,32
808,244,33,33
800,236,33,33
798,242,33,33
805,247,33,33
806,240,34,34
778,228,34,34
784,229,34,34
777,223,35,35
779,236,35,35
778,236,35,35
777,239,34,34
780,240,34,34
777,241,34,34
786,240,34,34
786,239,34,34
778,229,34,34
776,227,34,34
789,240,34,34
773,226,34,34
779,228,34,34
793,245,34,34
784,233,33,33
786,236,34,34
796,242,34,34
796,245,34,34
796,243,34,34
794,244,35,35
792,243,35,35
790,245,36,36
794,241,36,36
791,241,36,36
794,242,36,36
788,243,36,36
791,245,36,36
793,243,36,36
793,241,37,37
785,240,37,37
793,238,37,37
788,233,37,37
788,233,37,37
773,228,37,37
775,228,36,36
771,233,35,35
774,230,35,35
768,224,35,35
770,230,35,35
772,225,35,35
767,224,35,35
768,226,35,35
763,216,35,35
762,212,36,36
761,215,36,36
761,212,36,36
771,210,36,36
771,207,36,36
767,205,36,36
763,211,37,37
738,223,38,38
727,223,38,38
719,220,38,38
668,215,38,38
674,197,37,37
676,195,37,37
674,194,37,37
683,207,37,37
690,212,36,36
680,218,36,36
630,220,36,36
645,225,36,36
642,220,36,36
653,223,36,36
669,220,36,36
678,220,36,36
684,221,35,35
671,216,35,35
687,214,35,35
711,219,35,35
717,221,35,35
729,220,35,35
739,222,35,35
747,217,35,35
763,220,35,35
776,218,35,35
792,218,34,34
811,215,34,34
830,210,34,34
857,209,34,34
863,202,35,35
841,193,36,36
845,200,37,37
864,204,36,36
883,209,36,36
903,196,36,36
903,171,35,35
908,167,35,35
905,151,35,35
926,145,36,36
949,139,36,36
972,128,36,36
997,123,36,36
1018,111,36,36
1033,103,36,36
1062,90,37,37
1077,77,37,37
1098,68,37,37
1130,67,37,37
1143,38,37,37
1160,25,37,37
1171,3,37,37
1124,4,37,37
1112,8,38,38
1117,-1,38,38
1071,18,38,38
1067,20,38,38
1070,18,38,38
1089,10,38,38
1116,-11,38,38
1147,-17,38,38
1180,-16,38,38
1202,-12,38,38
1230,4,38,38
1214,11,38,38
1164,-15,38,38
1177,2,38,38
1183,4,38,38
1199,-12,38,38
1211,-18,38,38
1180,-18,39,39
1202,-18,39,39
1159,-14,40,40
1166,-6,40,40
1164,38,40,40
1133,64,40,40
1150,76,40,40
1174,57,41,41
1191,47,41,35
1207,30,41,41
1220,20,41,35
1234,2,41,41
1245,-10,41,41
1222,-14,42,42
1215,-16,42,42
1181,-15,42,42
1169,-9,42,42
1174,4,42,42
1159,42,42,42
1148,65,39,39
1150,68,39,38
1157,61,38,38
1155,68,38,37
1162,60,38,38
1165,58,38,37
1173,53,37,36
1182,39,40,40
1183,43,36,37
1185,41,37,38
1189,36,38,38
1192,34,37,38
1196,29,37,37
1198,27,38,37
1202,22,38,37
1202,21,38,38
1203,16,39,38
1207,14,38,38
1206,13,39,39
1206,10,40,40
1207,9,39,39
1207,8,38,39
1206,8,39,39
1207,4,39,39
1202,2,42,42
1206,4,38,39
1206,2,38,38
1207,1,37,37
1206,2,38,36
1205,1,38,37
1204,1,39,37
1204,2,38,38
1205,1,38,37
1204,-0,40,37
1202,2,39,37
1201,3,37,36
1200,4,37,37
1200,3,38,37
1198,6,39,38
1197,6,40,39
1199,7,39,38
1197,7,39,38
1197,7,40,39
1197,9,40,39
1195,11,41,39
1196,12,41,39
1192,15,41,40
1193,17,41,39
1193,20,40,39
1194,19,41,40
1197,19,41,39
1198,21,40,39
1199,23,40,39
1199,23,40,39
1198,29,39,38
1200,29,39,38
1203,30,39,37
1202,32,38,37
1203,34,38,38
1206,34,39,38
1206,37,39,38
1207,35,40,39
1207,38,40,40
1209,37,41,39
1209,39,42,40
1210,39,43,41
1208,42,42,41
1209,40,43,41
1208,42,43,41
1205,45,44,42
1204,47,43,42
1203,49,44,42
1201,48,45,44
1202,48,45,43
1198,49,45,44
1200,49,44,43
1197,52,45,44
1196,54,45,44
1195,55,45,43
1194,56,45,43
1193,59,45,43
1193,60,45,43
1193,60,45,43
1193,61,44,43
1191,65,45,43
1192,65,45,44
1192,65,45,44
1189,71,45,43
1191,70,45,43
1190,71,45,43
1190,71,45,43
1190,73,46,43
1187,75,46,44
1188,75,45,44
1187,77,45,44
1187,78,46,44
1186,80,45,45
1187,80,45,44
1184,85,45,45
1185,85,45,44
1186,84,46,44
1188,84,44,44
1185,89,44,44
1185,89,45,44
1185,91,44,43
1187,90,45,44
1187,91,45,43
1188,90,45,42
1187,91,45,43
1188,93,45,42
1189,90,44,43
1189,89,45,45
1190,87,45,44
1192,86,45,43
1195,82,43,42
1193,83,42,42
1196,80,41,41
1196,76,41,41
1196,72,42,42
1198,69,41,41
1199,64,42,42
1200,61,44,43
1199,59,44,44
1202,55,43,43
1203,55,41,42
1204,49,42,42
1205,47,43,43
1205,46,42,43
1208,41,42,43
1212,34,43,42
1213,34,43,43
1214,30,44,43
1214,30,43,43
1217,27,44,43
1216,23,44,44
1219,20,44,43
1220,21,43,43
1222,15,44,43
1222,15,44,43
1224,11,44,43
1225,10,44,42
1225,8,44,43
1225,6,45,43
1229,3,45,42
1230,3,44,41
1229,-0,45,42
1230,-2,45,41
1232,-3,46,40
1231,-2,45,40
1233,-3,45,40
1234,-5,45,40
1233,-3,44,40
1237,-7,44,40
1238,-7,43,39
1239,-11,44,44
1239,-7,42,39
1241,-8,42,38
1241,-12,43,43
1241,-10,42,38
1241,-13,43,43
1241,-15,43,43
1244,-13,42,42
1243,-8,42,37
1243,-9,43,37
1242,-13,43,43
1242,-8,43,39
1243,-8,43,39
1245,-8,43,38
1244,-9,43,39
1244,-11,43,43
1245,-9,44,38
1246,-10,44,39
1247,-10,45,39
1248,-10,44,38
1247,-11,45,38
1244,-8,46,39
1250,-10,44,40
1250,-10,45,39
1250,-8,45,39
1248,-9,47,40
1247,-11,48,42
1245,-10,49,42
1246,-9,48,43
1245,-9,49,42
1246,-10,48,42
1247,-12,49,43
1246,-12,49,42
1247,-13,49,43
1247,-12,49,43
1245,-11,49,43
1242,-10,49,42
1240,-10,49,42
1237,-9,49,41
1236,-7,46,40
1223,-6,48,41
1208,-6,49,43
1196,-5,47,42
1193,-9,47,40
1175,-8,47,42
1155,-6,46,42
1140,-4,47,41
1124,-5,46,41
1104,-1,46,42
1087,3,45,41
1067,6,46,42
1051,7,46,42
1046,-2,47,42
1031,-7,48,43
1020,-5,48,41
1008,-6,48,42
994,-6,48,43
989,-9,50,44
978,-9,51,44
958,-7,51,45
938,2,50,45
925,6,49,45
912,5,51,51
897,13,47,43
883,16,47,43
868,20,48,44
856,23,46,42
845,26,46,42
831,26,48,48
823,33,44,42
812,34,44,42
804,37,43,40
796,40,41,39
788,40,41,39
781,40,39,38
775,43,39,36
767,45,38,36
761,43,39,35
753,44,38,35
746,46,37,34
738,44,38,35
731,48,39,35
723,47,38,35
714,45,38,36
707,44,39,36
699,43,40,37
690,43,39,37
682,40,39,37
669,39,39,37
661,37,39,37
651,40,40,36
640,40,39,36
634,36,40,36
620,35,39,37
611,34,40,37
603,31,39,37
598,29,38,36
590,33,38,35
581,31,38,36
573,31,38,36
565,28,37,36
557,29,37,35
551,27,37,35
545,29,37,35
538,30,37,36
527,31,38,36
521,28,39,37
517,31,38,35
