626,139,76,50
626,139,76,50
626,139,76,50
626,140,76,50
626,140,75,50
626,140,76,50
625,140,76,50
626,140,76,50
626,140,75,50
625,139,76,50
625,138,76,51
626,138,76,51
626,138,75,49
626,138,76,50
626,137,76,51
626,137,76,51
626,137,76,50
627,137,77,50
627,137,76,51
627,137,76,51
626,138,77,50
626,138,77,51
627,138,76,50
627,138,76,50
627,138,76,50
626,138,76,50
626,138,76,50
625,138,77,51
626,138,76,50
625,138,76,50
625,138,77,51
625,137,76,51
625,137,76,50
625,138,76,50
625,137,76,50
625,137,76,50
624,137,76,51
624,137,75,50
624,137,75,51
624,137,75,50
623,137,76,51
623,138,77,50
622,138,77,50
622,138,76,50
622,138,77,51
621,138,77,50
620,138,77,50
620,139,77,50
620,139,76,50
619,139,77,50
619,139,76,51
620,139,75,50
620,139,75,50
619,140,76,50
619,140,75,49
619,139,75,50
619,139,75,51
619,139,74,51
618,139,74,50
618,139,75,50
618,139,75,50
617,139,75,51
617,139,75,51
616,139,76,51
615,139,76,52
615,139,75,51
615,139,75,52
614,139,75,52
614,139,75,52
614,139,74,51
613,139,75,52
612,139,75,52
612,140,74,51
612,140,74,51
611,140,75,52
610,141,74,52
609,142,75,53
609,143,73,52
607,145,75,52
607,147,73,52
606,149,73,53
605,153,73,52
604,157,73,53
602,160,74,53
602,164,76,54
601,167,75,53
600,170,75,53
600,172,74,52
600,171,74,53
600,171,73,52
601,170,74,52
601,168,75,53
603,164,75,53
605,161,73,53
607,158,73,53
610,155,72,52
613,152,72,52
615,150,72,52
618,147,71,51
621,145,72,51
625,143,72,52
628,143,71,50
630,141,74,52
634,141,73,51
636,141,75,50
639,141,76,50
642,139,75,51
646,139,75,50
649,140,74,50
652,139,75,49
656,138,75,51
661,139,74,51
664,139,75,51
669,140,75,51
672,141,76,51
676,142,77,49
679,142,79,50
684,142,79,51
688,141,79,52
693,142,79,51
695,142,80,52
699,141,80,51
702,140,79,50
704,140,79,50
707,138,78,50
708,137,79,50
710,136,79,50
711,135,80,51
712,135,80,50
712,134,80,51
713,134,80,51
713,135,79,51
713,136,79,50
714,135,79,50
712,137,79,49
711,137,78,49
709,138,79,49
707,139,79,48
706,139,78,48
704,138,78,49
702,138,78,49
700,138,77,49
698,138,77,49
695,137,77,49
693,137,76,49
692,136,76,50
690,137,75,48
687,137,76,48
685,136,76,49
682,137,76,47
681,137,75,47
679,137,75,47
678,136,75,48
677,136,74,48
675,136,74,49
674,136,74,49
672,137,74,48
671,137,74,48
669,137,74,48
669,136,74,49
668,136,74,48
668,136,74,48
667,137,73,48
666,137,74,48
666,137,72,48
665,137,72,48
665,137,72,48
665,137,71,48
664,137,72,49
664,138,73,48
664,138,72,47
663,138,72,48
662,139,72,47
662,139,72,47
662,139,72,48
661,139,73,48
662,140,70,47
662,139,72,48
661,140,71,48
660,140,73,48
660,140,72,48
660,140,72,48
660,141,73,48
659,141,72,48
659,141,72,47
658,141,72,47
657,141,73,47
656,142,73,46
656,142,72,47
654,143,74,46
655,143,71,46
653,144,72,46
652,144,73,47
650,145,74,48
650,146,72,46
649,146,73,47
648,147,72,47
647,146,74,48
646,147,75,47
646,147,74,48
644,147,75,47
644,147,74,48
643,147,75,49
643,148,74,47
641,148,75,48
642,149,73,48
640,149,74,48
640,150,74,48
638,149,75,48
638,150,74,48
638,149,74,47
637,149,73,48
637,148,73,48
637,147,72,48
636,147,73,49
635,147,72,49
634,147,73,49
634,147,72,49
633,148,73,49
632,148,73,49
632,148,72,49
631,148,72,49
630,148,73,50
630,148,73,49
629,148,74,49
630,148,73,49
630,148,73,49
629,148,73,49
629,148,73,49
629,147,73,50
629,147,73,50
629,148,72,48
629,146,74,50
629,147,73,49
629,146,73,49
629,145,73,49
630,145,73,50
629,144,73,50
629,144,74,49
629,143,73,50
628,141,74,51
628,141,75,51
628,140,75,51
627,141,75,49
627,141,74,49
627,140,75,50
626,140,75,49
627,140,74,49
626,141,75,49
625,141,75,50
626,141,75,49
626,141,76,50
625,141,76,50
625,142,77,49
626,141,75,51
625,141,76,50
625,141,76,50
626,141,75,50
626,141,76,50
626,140,76,50
626,140,76,50
626,140,76,50
626,140,76,49
625,140,77,50
625,140,76,51
625,140,76,50
624,140,76,50
623,140,77,51
623,140,76,50
622,140,77,50
623,140,75,50
622,140,77,51
621,140,75,50
621,140,75,51
621,140,74,50
619,140,75,51
619,139,74,51
618,138,75,53
618,138,74,52
616,138,75,53
616,137,74,52
616,136,74,53
615,137,74,53
614,137,76,54
614,137,75,53
613,137,75,53
613,138,75,52
612,138,74,52
611,137,75,53
610,137,75,53
609,138,74,52
609,137,74,54
607,137,74,53
606,137,75,54
605,138,75,52
605,139,74,52
603,139,76,53
602,139,76,53
602,139,75,52
601,139,76,54
600,139,75,53
600,139,76,54
599,139,76,54
599,139,76,55
599,140,76,54
598,140,76,52
598,140,76,53
597,140,77,53
598,140,77,53
597,139,77,54
597,139,77,53
597,139,76,54
597,139,77,54
598,139,77,54
598,138,78,55
598,138,78,54
600,138,76,53
598,138,79,54
601,137,77,53
603,137,76,53
604,136,77,53
606,135,76,52
608,134,76,52
609,132,75,52
610,130,77,52
611,129,77,52
613,127,76,51
614,126,77,52
615,125,77,52
616,125,78,52
618,125,78,51
619,124,78,52
621,125,79,52
622,125,80,52
623,124,80,53
625,124,80,54
626,124,80,54
628,123,78,54
628,123,79,53
629,122,78,53
629,122,79,53
629,121,78,53
629,121,78,52
629,121,79,53
628,120,79,53
628,121,79,52
628,121,78,52
627,120,78,53
626,120,79,53
624,120,79,52
623,117,79,54
620,117,81,54
618,116,81,54
616,115,80,54
614,115,80,54
612,115,80,53
609,116,81,52
607,116,80,52
605,117,81,52
604,117,80,53
602,117,81,52
602,117,79,52
601,117,80,52
600,117,81,51
601,117,80,52
599,117,81,52
600,117,80,53
599,117,81,53
598,117,81,53
597,114,82,55
596,115,83,54
595,113,82,55
593,113,83,56
591,112,83,55
592,112,81,54
590,111,80,55
590,112,80,54
587,110,81,56
587,110,81,55
586,110,80,55
585,110,80,55
585,110,79,55
584,110,82,55
584,110,80,55
584,110,81,55
584,110,80,54
583,110,81,56
583,110,80,55
584,110,80,55
583,110,80,54
583,111,81,55
584,112,81,54
583,111,81,55
584,111,80,55
584,110,82,55
586,110,80,55
586,109,80,56
586,109,81,57
588,109,79,56
589,109,79,56
589,109,79,56
590,110,79,57
591,110,81,58
591,110,81,57
593,110,80,57
594,111,79,56
595,111,78,56
596,111,78,56
598,111,78,56
598,113,79,55
599,113,80,55
601,114,78,53
602,114,78,53
604,114,79,52
604,115,80,52
606,115,79,52
607,115,79,52
608,115,79,52
608,116,80,51
610,116,78,51
611,116,79,52
611,116,80,53
612,116,81,53
612,117,80,52
613,116,80,53
614,115,80,52
613,115,81,53
613,114,81,53
614,114,80,53
615,114,80,53
615,113,81,54
615,114,81,54
614,114,82,53
615,114,82,54
616,114,82,54
616,114,82,53
616,113,83,54
617,114,81,54
617,113,81,55
618,114,82,55
618,113,82,55
619,113,82,55
619,113,81,55
619,113,80,55
618,114,80,54
617,113,79,54
616,112,79,56
614,112,78,55
613,112,79,54
611,112,79,55
609,112,80,54
609,112,79,55
608,112,78,53
609,113,78,53
610,114,78,52
611,115,78,52
613,116,77,53
614,116,78,54
615,116,80,56
617,115,82,57
618,115,83,58
619,115,83,59
622,115,82,56
623,114,84,58
623,114,82,57
624,113,83,56
624,114,82,56
623,115,84,57
622,116,84,56
621,116,86,58
621,116,85,56
621,115,85,57
621,115,85,57
621,114,85,57
621,114,85,56
620,115,86,56
619,114,85,57
619,114,86,59
618,115,88,59
617,115,87,59
616,115,87,58
615,116,89,58
616,115,88,58
615,115,88,57
615,116,89,57
615,116,89,58
614,115,89,58
614,115,90,59
614,115,89,59
614,115,90,60
613,115,90,60
614,115,89,59
613,116,90,59
613,116,89,59
614,115,89,59
613,116,89,59
613,116,89,59
613,115,89,59
613,116,89,58
613,116,90,59
612,116,90,59
613,116,89,59
612,118,89,59
612,118,90,59
612,117,89,59
611,116,90,59
612,116,90,61
612,116,90,60
612,116,90,59
612,117,89,60
612,117,89,58
612,117,87,58
611,119,89,58
612,119,89,57
611,119,89,57
611,119,89,57
612,118,88,57
611,118,90,57
612,118,89,57
612,118,89,58
611,118,89,58
612,118,90,59
612,118,89,58
611,118,90,58
612,119,89,58
612,118,89,58
612,118,90,58
612,117,90,59
612,117,89,59
612,117,88,59
612,118,90,59
612,117,90,58
612,117,89,58
612,118,89,58
612,117,88,58
612,118,89,59
612,118,89,59
612,117,90,59
612,116,89,59
612,117,90,59
612,117,91,60
612,116,90,60
612,117,89,59
612,117,89,58
612,118,91,60
612,117,90,59
612,118,90,59
612,117,90,59
612,118,91,59
612,118,91,58
612,118,90,58
612,117,90,59
612,117,90,58
612,117,91,59
612,118,91,59
612,118,90,59
612,118,90,58
612,118,90,58
611,119,91,59
611,119,90,58
611,118,90,58
611,118,90,58
611,118,88,57
611,119,89,56
611,119,90,56
611,119,89,56
610,119,89,56
610,118,88,57
610,119,88,57
610,119,90,57
610,119,90,57
609,119,89,56
610,119,89,56
609,118,89,56
610,119,90,57
610,119,89,57
609,120,90,55
609,119,90,57
609,119,90,57
610,119,89,56
609,119,89,57
610,120,89,56
610,120,89,57
611,119,89,58
610,119,89,57
610,119,90,57
611,119,89,57
610,119,90,57
610,118,89,58
610,119,89,57
610,119,89,56
610,119,90,56
610,118,90,56
610,118,88,56
610,118,89,56
610,118,88,56
610,118,88,56
610,119,90,56
610,119,88,56
610,118,89,57
609,119,90,56
609,119,90,56
609,120,90,56
609,119,89,55
609,119,89,55
609,118,89,56
608,118,90,55
608,117,89,57
608,118,91,56
608,118,91,57
608,118,91,57
608,117,90,57
608,117,90,56
608,117,91,57
608,116,91,57
608,116,91,58
608,117,91,57
608,116,89,57
608,116,89,56
607,118,91,57
607,117,90,58
607,118,91,57
607,119,91,56
607,118,89,56
606,119,91,56
606,119,90,56
606,118,91,57
606,118,91,57
607,119,90,55
606,118,91,56
606,119,91,56
608,117,89,57
611,116,89,58
616,114,82,58
619,115,80,57
620,116,81,57
621,117,80,56
621,117,80,55
622,117,79,55
622,117,79,55
623,118,79,54
623,118,79,54
624,119,79,54
623,119,80,55
622,120,80,55
623,120,80,54
621,119,80,56
621,119,80,55
621,119,82,55
621,119,82,56
620,118,81,57
620,117,83,58
621,118,81,57
620,118,83,58
618,118,86,58
617,115,88,61
618,107,87,68
617,97,91,77
620,86,89,85
612,101,95,74
624,96,79,68
626,111,73,62
625,114,73,58
625,113,72,56
627,114,70,56
627,113,70,54
628,114,69,54
629,116,69,55
629,118,69,55
629,113,69,55
630,115,69,55
631,115,69,56
630,116,68,56
629,105,72,64
627,103,77,66
624,103,80,71
622,115,81,62
622,118,81,57
623,118,80,56
623,119,79,55
623,118,78,56
623,119,79,56
623,119,79,55
623,118,80,56
622,119,80,55
622,118,79,56
621,118,80,56
621,119,80,56
620,118,80,56
619,118,81,56
620,118,79,56
618,118,80,56
618,118,80,57
618,118,80,56
617,117,79,56
617,118,80,55
617,118,80,55
617,120,81,56
617,122,81,55
618,125,81,55
620,128,81,56
621,132,81,58
624,136,80,59
626,137,79,60
627,138,80,60
629,139,79,60
630,142,81,57
632,143,81,60
633,144,82,62
636,147,82,63
638,150,82,62
640,154,83,58
643,154,83,57
647,151,82,58
651,147,83,58
656,143,82,58
660,139,81,59
664,136,82,60
667,136,82,58
672,136,80,59
673,138,82,58
677,139,82,58
681,140,81,59
684,143,80,57
687,143,81,57
689,144,83,56
693,140,83,56
696,138,81,55
699,134,82,56
702,133,82,57
705,134,81,55
709,135,82,57
713,138,82,58
717,141,83,58
721,142,84,60
725,145,86,61
729,145,86,59
733,142,87,61
737,138,86,60
742,138,85,59
746,138,87,59
749,138,87,61
754,141,86,63
757,142,88,73
763,148,88,75
763,152,89,76
768,156,89,77
772,159,89,74
774,159,90,73
778,160,88,73
781,159,89,73
783,160,90,73
784,161,89,71
784,163,88,70
786,165,88,69
787,167,85,69
787,169,85,66
787,169,85,65
786,167,84,65
784,163,84,65
781,159,84,64
779,157,83,64
775,156,84,63
771,155,84,64
767,158,85,63
763,159,85,64
758,162,86,63
754,164,86,62
749,164,86,62
743,163,88,60
737,160,89,59
732,158,89,58
726,157,89,57
721,157,87,58
717,159,86,57
711,162,85,56
707,165,84,56
700,168,85,56
694,168,86,57
689,168,86,57
683,167,85,56
679,168,84,56
673,170,85,56
669,172,85,57
663,176,85,57
657,180,86,57
653,184,85,56
648,185,85,56
645,183,85,57
640,180,85,58
637,177,83,58
634,173,82,57
630,169,82,59
627,167,81,60
624,166,81,59
622,165,80,60
620,165,82,59
621,163,79,57
621,161,80,57
621,155,79,59
625,148,78,64
622,141,80,65
624,133,79,67
622,124,81,69
620,114,84,72
623,110,83,74
623,99,83,81
620,88,86,91
624,103,84,83
631,110,82,75
638,113,79,68
641,113,76,62
643,114,77,63
645,111,76,61
646,110,76,60
647,110,76,58
648,113,76,59
650,114,74,59
649,118,74,59
648,122,74,61
646,125,72,59
641,134,74,61
637,137,74,61
631,143,76,61
624,152,77,61
616,160,75,61
609,168,76,64
600,174,79,66
597,180,81,65
586,187,96,80
585,194,83,67
578,201,82,66
577,205,84,69
574,208,83,67
578,203,84,68
584,193,86,69
592,188,85,68
602,171,81,69
615,160,81,66
631,151,84,60
652,145,87,63
668,135,93,67
685,129,93,63
703,126,97,63
715,126,100,64
731,129,97,62
742,134,97,63
754,137,95,64
762,142,93,67
772,150,92,67
779,165,94,66
785,175,93,68
789,187,93,67
792,198,92,68
795,205,90,68
795,211,91,66
793,217,92,65
791,214,92,65
787,209,92,64
780,201,92,67
770,189,93,67
764,172,91,71
754,155,92,71
743,141,94,74
738,122,93,71
732,112,92,70
725,99,95,66
720,89,95,68
715,83,93,65
710,80,92,65
706,84,92,64
701,88,91,65
695,96,89,65
687,99,90,67
685,104,90,66
679,108,89,67
674,111,89,66
670,108,90,64
668,105,90,68
658,106,98,74
658,111,95,76
658,122,96,67
659,126,96,69
659,130,94,68
664,136,94,66
667,134,93,67
674,132,91,68
677,130,94,69
681,128,94,70
687,126,93,70
693,126,95,69
698,128,95,69
706,129,93,68
711,130,95,69
716,133,94,70
721,137,95,67
725,139,94,67
730,136,94,66
734,134,93,65
738,131,95,65
742,130,94,66
747,131,94,67
752,134,93,70
758,138,92,70
762,139,92,72
767,143,91,71
771,145,91,70
776,145,92,69
780,144,93,69
786,142,93,68
790,140,94,69
793,138,95,68
796,138,96,69
800,142,95,70
804,144,94,72
809,147,93,71
812,148,93,73
814,145,93,74
816,142,94,74
817,136,95,75
818,130,96,74
818,126,95,77
819,122,98,74
820,123,97,76
822,122,100,80
820,121,99,87
821,118,96,96
821,118,98,96
816,124,101,94
811,127,99,89
806,128,96,82
802,126,100,78
798,126,100,76
793,126,98,74
791,128,99,71
788,132,98,71
785,135,95,72
784,141,94,71
780,144,96,72
777,145,94,71
775,144,93,70
771,145,93,68
766,143,92,67
760,143,93,66
754,145,92,68
747,147,95,69
742,149,97,70
735,151,97,70
732,149,100,72
725,151,101,72
722,147,98,71
719,148,99,72
714,148,96,73
711,151,97,72
708,157,96,71
704,161,96,70
699,164,95,70
695,166,95,70
691,167,96,70
685,167,97,72
681,163,95,70
677,157,95,72
672,151,92,72
667,149,90,68
663,148,89,65
662,144,88,64
661,141,88,63
663,140,89,63
665,136,86,66
665,127,87,70
664,117,91,75
662,105,92,78
660,95,90,82
659,88,92,88
662,97,90,79
670,102,87,73
675,104,86,72
677,105,84,69
677,106,87,67
679,108,85,65
678,109,85,64
677,109,86,64
677,112,84,64
675,114,85,64
672,114,85,65
670,116,84,65
666,118,83,65
664,121,82,64
659,129,82,66
652,137,81,64
649,144,81,66
641,152,81,65
636,160,83,67
631,167,84,68
626,176,82,67
622,184,82,67
619,194,82,69
617,198,81,69
615,202,78,66
614,200,78,66
614,201,79,67
616,201,79,66
618,199,80,66
621,187,82,69
627,174,85,70
636,165,88,68
649,153,91,69
663,140,94,71
678,128,95,69
692,118,99,69
706,112,102,66
717,109,106,67
730,109,109,69
746,109,106,70
758,112,104,70
768,115,101,68
777,124,103,70
787,132,102,68
795,141,102,71
804,153,101,74
809,166,101,74
813,180,100,76
817,193,98,74
819,202,98,73
820,211,97,71
819,214,96,70
816,215,98,69
814,210,99,69
807,199,102,72
802,192,101,74
794,183,100,73
783,165,101,75
775,157,98,77
766,137,100,75
758,129,98,75
751,118,97,75
742,108,97,72
734,102,97,69
730,95,98,69
727,90,98,70
723,85,97,68
720,84,96,67
718,81,95,67
716,82,95,66
713,77,97,68
713,81,96,66
712,81,96,66
710,80,95,66
710,82,95,66
709,81,96,65
708,84,96,65
708,84,96,65
706,83,97,66
707,87,93,64
705,84,92,67
703,81,90,70
700,79,89,73
705,80,89,73
701,76,92,77
703,77,90,74
703,74,91,77
704,71,93,76
706,75,92,74
706,71,92,74
707,75,93,72
708,80,90,69
707,78,91,68
704,78,93,69
707,84,90,67
707,84,94,65
707,83,94,65
707,82,95,64
708,84,94,63
708,86,93,61
707,86,93,61
707,86,92,61
707,85,93,61
706,86,92,61
705,84,91,61
703,85,91,62
703,87,92,62
700,83,94,63
700,82,94,65
701,88,93,65
700,85,93,64
701,84,92,65
701,85,93,64
701,81,93,65
701,84,92,66
702,83,93,65
704,87,90,64
704,83,90,65
705,83,91,65
706,84,90,64
707,82,91,64
709,84,91,64
711,86,90,64
713,83,90,64
715,86,91,62
717,84,91,62
719,84,91,62
720,87,91,63
722,88,91,63
723,86,92,65
723,87,93,66
723,86,94,67
725,88,92,68
723,84,93,67
721,86,94,67
720,88,93,68
716,89,95,68
713,90,94,68
709,91,94,68
704,87,96,67
699,90,95,68
693,89,92,69
687,91,92,70
683,94,90,70
676,97,90,71
668,97,89,71
663,101,88,70
656,103,88,70
652,104,86,68
647,104,85,67
643,107,84,67
638,111,85,66
637,106,83,66
634,103,82,66
632,103,81,65
631,102,81,66
630,103,80,64
628,104,81,64
628,101,82,66
627,102,82,66
628,101,81,67
630,104,81,68
629,101,81,67
633,104,81,66
635,108,81,66
638,112,81,65
640,111,81,62
643,111,82,65
647,115,81,64
650,118,81,65
654,114,80,66
657,116,82,68
660,113,82,70
662,116,83,69
664,114,83,73
666,116,87,76
670,120,90,76
690,112,95,81
691,103,93,77
688,99,93,76
687,101,93,75
685,103,95,72
678,112,93,75
673,118,93,74
671,120,94,72
669,125,95,70
667,126,94,69
665,127,93,67
666,127,92,64
666,125,90,65
665,126,89,65
664,126,91,65
664,126,91,63
662,124,90,63
660,126,91,63
659,125,89,62
657,124,89,61
657,123,89,61
655,123,88,62
654,120,92,62
654,120,88,61
654,120,86,60
655,119,84,59
656,119,83,59
657,119,82,59
657,118,83,60
658,117,83,60
658,117,83,59
660,115,82,59
659,113,82,61
659,113,82,60
658,113,83,60
655,115,84,59
655,114,81,60
652,114,82,59
649,115,83,58
647,114,82,58
644,115,83,57
642,115,82,56
641,113,79,58
640,114,80,56
639,115,79,56
638,114,79,57
638,114,79,58
637,114,79,57
638,115,78,56
638,116,78,55
639,117,79,54
639,117,79,56
640,117,79,55
640,118,80,55
642,118,79,55
642,118,79,55
643,118,79,55
643,118,80,55
644,119,80,55
644,117,80,56
645,117,81,56
645,116,81,57
645,116,80,57
646,117,80,56
645,115,80,57
644,115,80,58
642,116,81,56
637,117,83,55
634,116,83,56
629,116,85,57
622,116,89,60
617,117,92,60
613,116,94,63
611,117,94,63
607,118,94,62
603,117,95,65
600,119,96,66
598,123,96,65
598,126,96,68
598,128,94,68
600,130,94,69
601,130,92,69
603,130,90,68
603,131,90,70
606,130,88,68
606,129,88,71
607,131,87,68
608,131,85,68
607,131,86,69
609,133,84,67
609,135,84,66
610,136,83,66
609,137,82,66
609,136,83,67
608,138,84,67
608,139,83,67
606,140,84,67
604,140,84,68
603,140,85,68
600,140,84,69
603,140,85,68
604,140,83,68
603,139,83,69
605,138,84,70
606,139,83,70
609,137,84,70
614,140,85,72
618,140,85,71
621,142,83,71
628,141,83,72
632,141,84,73
635,141,84,75
639,139,87,76
643,139,87,77
645,140,87,77
648,140,86,77
650,139,88,77
650,138,88,78
651,140,88,78
652,140,87,78
652,140,89,77
651,141,89,78
651,141,89,78
651,142,89,77
650,145,86,75
651,143,87,76
649,143,90,77
650,140,89,77
649,142,89,76
650,141,90,76
650,142,90,76
649,142,91,76
649,143,87,77
649,142,89,77
649,143,90,78
649,142,90,75
648,145,91,77
647,145,91,77
648,145,89,75
648,146,89,74
649,146,86,74
648,147,87,74
650,143,87,75
649,143,91,74
648,143,90,75
649,141,88,75
649,140,88,75
647,139,89,75
648,138,90,74
649,134,92,74
649,138,91,72
649,138,93,72
651,138,94,72
651,139,96,70
651,138,95,71
651,137,94,72
650,138,97,72
649,138,97,73
649,139,99,72
650,137,97,73
651,136,98,74
650,137,97,73
649,137,100,74
650,137,99,74
649,137,101,74
649,137,101,75
649,135,99,75
651,134,99,75
649,138,99,73
650,138,98,73
650,139,98,72
651,138,97,72
652,137,97,72
651,138,97,73
651,138,97,73
651,140,96,72
651,137,99,73
650,140,99,73
652,139,99,72
651,138,99,73
652,138,99,73
650,140,100,74
651,139,101,74
651,139,101,75
651,139,100,73
652,138,103,73
653,137,97,74
652,137,98,75
652,138,97,74
653,140,98,71
654,139,97,72
653,141,97,71
653,140,99,72
653,141,98,71
653,140,97,72
652,140,98,73
652,138,98,75
652,140,100,73
651,141,100,73
652,139,100,74
652,139,99,74
652,138,101,74
652,138,100,74
651,141,99,74
652,139,99,74
651,142,100,72
651,141,100,73
652,140,98,74
650,143,100,73
652,141,97,73
651,142,96,74
652,142,99,73
652,141,94,74
651,142,97,74
651,141,97,75
650,142,98,75
649,140,97,78
648,142,99,77
647,144,99,77
645,145,97,77
643,147,97,78
644,146,94,78
644,145,94,76
643,146,92,74
643,146,93,75
645,145,93,74
643,146,91,76
644,147,91,74
643,147,90,75
645,147,91,74
642,149,91,75
643,146,92,76
643,148,92,75
645,147,90,74
645,145,91,75
644,147,91,76
647,146,91,75
648,146,90,74
647,148,89,73
648,147,90,73
649,149,90,71
648,148,90,72
648,147,90,73
647,148,91,73
649,146,90,73
647,148,91,73
648,146,90,73
648,146,91,73
646,148,92,75
647,145,93,75
648,146,93,74
647,148,91,73
648,147,92,73
648,147,92,74
650,147,92,73
649,147,91,74
651,148,92,73
651,149,92,73
653,149,91,72
655,148,90,73
658,149,90,73
660,150,91,73
663,149,93,73
667,151,90,72
670,153,90,73
674,153,91,72
679,153,92,73
681,153,92,74
685,156,91,73
689,154,92,75
693,155,91,74
696,153,91,74
699,153,92,75
701,152,90,74
703,153,90,72
704,150,90,73
706,148,90,73
704,152,90,72
705,150,89,73
704,149,89,73
703,151,90,73
702,152,90,73
699,151,91,75
697,155,90,74
697,155,88,73
695,155,89,73
692,156,92,74
687,158,92,74
685,158,91,74
682,159,92,74
678,161,92,73
676,162,93,71
675,159,91,72
672,161,90,72
670,159,90,71
669,159,88,71
669,157,88,72
668,156,88,73
667,155,89,74
664,155,91,75
664,153,92,77
663,151,90,78
663,153,91,76
662,151,90,76
661,151,91,78
661,151,92,78
660,152,94,79
658,156,97,77
657,152,94,79
655,154,96,78
654,155,94,77
653,155,94,77
654,153,91,75
653,152,90,75
652,151,90,76
651,151,90,77
649,152,92,75
651,148,89,76
649,148,90,76
648,147,89,76
648,147,88,76
647,148,87,75
647,146,90,77
645,146,89,78
644,146,89,76
644,147,88,76
644,147,90,78
642,148,90,78
642,148,91,78
642,149,89,76
642,149,91,76
641,149,91,76
639,150,90,74
638,148,90,77
635,149,90,75
635,145,91,77
634,143,90,76
632,142,90,75
631,140,89,74
629,140,87,73
625,141,86,70
623,140,85,70
621,139,85,70
618,140,87,69
615,140,88,71
611,141,88,71
607,141,88,72
604,142,90,74
599,144,90,74
594,144,91,76
591,144,90,74
584,144,93,76
579,141,97,78
572,139,102,80
563,138,105,79
559,134,106,80
552,132,108,82
548,128,109,83
542,124,112,86
542,125,108,84
540,124,107,85
539,123,107,84
538,125,107,84
537,125,103,84
535,128,100,82
535,131,99,81
535,132,96,82
534,134,97,83
533,136,95,84
533,138,93,84
533,141,93,82
531,140,93,84
531,142,93,81
530,139,94,83
528,137,95,82
531,138,94,80
531,132,94,83
532,127,94,84
533,123,94,84
538,120,96,84
533,112,97,88
539,111,95,86
542,109,93,85
540,112,93,84
539,109,94,86
536,113,97,84
541,120,94,80
541,122,94,80
543,126,96,78
540,128,97,79
542,130,97,79
542,129,99,82
548,130,98,80
552,130,98,80
553,127,97,81
563,128,95,76
561,125,102,77
563,128,98,73
563,127,97,71
565,128,97,70
568,129,95,68
575,129,94,70
578,127,93,73
579,131,92,70
582,132,93,71
587,131,93,72
591,136,91,70
596,137,90,69
598,139,91,69
602,138,92,71
605,138,92,69
608,138,90,67
613,135,89,68
617,132,91,68
621,132,88,68
626,129,89,70
631,127,90,69
633,126,94,69
638,124,95,71
642,123,94,72
647,122,94,72
650,123,97,73
655,123,95,73
661,123,96,72
665,125,97,73
669,126,97,73
674,127,94,71
678,130,92,72
682,128,94,72
686,127,96,72
689,128,94,71
693,127,95,71
695,126,95,71
698,125,96,71
701,123,98,71
703,122,97,72
705,123,99,71
708,125,96,70
709,126,97,71
711,127,95,70
712,127,96,71
713,132,93,70
714,134,93,72
714,138,94,71
714,141,92,71
713,143,94,71
713,147,94,70
712,148,92,70
711,148,94,70
711,147,92,70
710,143,94,72
711,141,93,71
710,141,94,72
710,138,92,71
711,135,92,71
710,136,93,71
709,137,94,71
709,139,95,72
709,140,94,72
709,145,91,71
709,148,91,72
707,150,92,72
706,153,94,72
704,155,95,72
701,157,96,72
701,158,96,70
699,156,98,71
698,155,97,72
696,154,97,73
695,153,97,72
695,151,96,71
694,147,96,73
695,145,95,74
694,146,96,72
694,144,95,73
694,143,95,73
694,143,95,72
693,147,94,74
693,151,94,74
692,152,96,75
691,153,97,77
691,155,95,76
689,156,96,78
690,154,99,77
688,151,100,79
687,152,99,79
685,151,99,80
684,150,98,81
685,148,98,81
685,148,96,81
684,146,96,81
684,146,97,81
684,147,101,81
683,151,97,80
684,152,97,80
683,156,97,78
683,158,95,78
683,160,96,77
682,163,94,77
681,165,96,75
679,169,97,73
678,171,96,72
679,173,94,71
677,177,95,71
678,178,94,69
678,181,95,70
680,181,94,72
680,180,96,74
683,184,94,73
686,188,92,72
686,188,92,73
689,197,92,71
691,200,94,72
693,202,93,72
694,203,96,73
695,207,97,72
697,209,97,72
697,211,98,72
697,212,99,73
699,215,97,73
700,216,97,74
698,217,98,75
698,215,99,77
699,219,98,75
700,218,97,76
700,218,97,76
699,219,98,76
700,218,98,75
698,216,99,76
697,217,98,76
697,216,98,76
695,215,100,76
694,212,100,75
694,213,99,74
693,210,96,73
691,207,94,73
686,203,95,76
682,198,94,75
676,197,97,77
671,195,95,76
666,193,97,76
661,193,95,75
656,194,95,74
652,195,96,76
647,198,94,74
641,201,90,74
637,207,89,72
633,209,86,72
630,213,86,72
626,216,86,72
622,222,87,72
618,226,85,71
617,226,85,74
615,231,85,73
613,233,85,72
612,236,87,72
611,239,88,71
611,239,87,71
614,235,86,71
613,238,87,70
615,235,86,70
616,235,85,70
616,235,88,71
618,233,83,70
618,233,85,70
619,233,83,69
620,233,84,68
621,231,83,70
622,228,83,70
622,227,84,70
624,220,84,71
625,215,84,71
625,211,85,71
626,204,84,74
628,196,85,77
630,188,86,77
631,184,87,76
634,174,86,78
636,169,85,78
638,162,84,78
639,161,83,75
641,159,84,76
643,161,85,77
645,160,87,81
645,167,90,83
646,176,92,82
648,181,92,83
651,188,91,83
650,197,90,79
650,199,90,80
649,202,92,78
651,199,90,78
650,196,91,78
650,190,92,79
650,181,90,80
649,173,92,81
650,167,93,80
651,159,90,81
651,156,89,79
651,153,90,77
650,153,89,77
649,153,91,77
650,152,89,77
651,153,90,77
649,159,89,78
647,162,91,77
648,163,88,78
645,166,88,76
642,167,89,75
640,164,85,75
637,163,85,75
634,161,87,77
631,155,86,79
628,156,85,76
625,153,85,76
624,150,86,78
622,151,85,77
620,150,85,77
619,151,85,76
619,149,85,76
617,151,85,77
618,148,85,79
617,150,86,79
615,150,86,80
615,153,87,79
614,153,85,79
614,148,87,80
611,145,87,80
606,141,89,82
604,139,88,81
600,135,90,84
596,131,91,85
593,129,93,84
589,129,94,83
584,127,96,84
578,127,98,85
571,128,102,86
565,130,104,85
556,131,108,85
549,131,109,86
548,133,109,85
542,131,109,87
536,129,110,92
533,126,111,93
529,122,109,94
530,120,108,92
527,116,106,95
522,113,107,97
523,115,104,95
520,111,103,97
518,116,100,95
517,117,101,97
511,120,101,96
508,125,102,97
505,129,100,100
504,135,102,101
503,138,102,103
498,144,103,99
499,149,102,96
498,147,102,96
497,146,101,95
496,144,101,94
495,141,101,93
491,140,103,92
494,133,103,94
491,132,105,94
489,132,107,97
490,132,105,94
491,133,104,94
490,135,102,91
489,138,102,91
489,144,103,91
488,145,104,92
489,143,104,94
488,145,105,93
486,147,108,93
495,142,104,94
496,138,104,95
496,137,105,96
503,133,102,99
499,128,106,101
505,127,104,103
505,125,104,99
510,123,103,99
514,124,100,97
515,125,100,96
520,124,101,95
521,128,103,93
524,127,102,94
528,128,102,92
528,126,104,95
535,127,105,91
540,122,105,93
542,120,106,92
547,117,107,90
553,112,105,91
556,107,107,92
559,105,109,92
573,106,102,89
581,109,100,86
586,108,100,86
596,108,95,87
603,113,96,83
609,117,96,81
614,121,94,78
621,124,94,77
628,124,93,77
632,124,97,78
638,121,99,79
642,120,102,81
645,118,101,81
649,117,98,80
651,117,100,80
653,118,103,81
655,120,100,79
658,123,99,79
659,127,98,79
660,130,96,79
662,133,95,80
663,136,95,80
663,140,96,81
665,143,96,80
665,145,96,79
665,145,95,79
666,144,96,79
667,143,95,78
668,138,94,78
669,133,96,81
672,131,96,79
672,129,97,79
672,129,96,79
673,127,98,81
673,129,99,81
673,132,99,83
673,135,100,85
672,137,99,86
670,139,100,86
670,140,103,86
669,141,102,86
667,138,104,87
668,138,104,85
667,138,103,85
668,134,104,84
668,133,105,85
668,132,103,85
669,131,100,84
669,133,100,85
668,135,101,85
669,135,100,86
667,140,99,85
666,143,98,84
665,146,99,84
664,145,101,84
661,148,101,84
659,148,101,84
655,149,101,86
653,149,104,87
652,147,103,87
650,148,107,88
651,146,106,87
649,149,106,87
651,147,107,88
652,146,106,88
653,148,102,86
653,152,103,85
652,151,102,86
651,155,102,85
652,157,99,82
651,160,99,81
652,165,98,79
651,168,98,80
652,171,97,78
654,174,98,77
655,178,101,79
657,182,98,78
661,182,99,80
662,188,95,77
663,192,97,78
664,195,96,78
666,195,98,82
668,198,99,83
668,203,98,83
670,206,97,80
672,209,99,81
672,212,97,80
673,214,98,80
672,212,99,81
672,215,101,81
672,213,100,81
670,216,101,82
669,215,104,85
666,215,107,87
666,217,105,85
666,219,104,84
665,215,104,83
665,218,101,81
664,218,102,81
662,216,103,80
658,216,102,81
657,210,100,80
651,206,99,79
645,201,100,82
638,201,100,83
632,198,98,83
626,199,95,83
622,197,93,81
616,197,90,79
612,200,92,78
605,202,91,80
599,203,89,82
595,205,92,82
588,205,90,83
579,207,94,85
570,210,100,86
566,213,103,86
559,214,101,87
556,213,101,89
555,217,102,86
554,215,101,88
555,215,100,86
554,214,97,85
554,217,100,82
556,212,99,83
553,211,100,84
552,209,99,87
554,210,103,87
556,208,103,87
555,204,103,88
558,203,103,87
558,201,105,88
560,198,103,88
561,193,102,89
563,189,100,87
571,179,96,89
575,175,94,88
579,171,95,88
585,161,93,89
587,157,91,88
596,151,89,87
600,145,86,85
602,143,86,84
605,137,86,85
609,132,86,84
609,131,87,83
612,129,90,84
615,129,85,78
616,128,87,78
619,128,88,77
619,130,87,75
621,130,86,75
624,125,86,76
625,125,87,77
626,128,87,77
628,124,89,77
627,128,89,77
629,125,87,77
628,129,88,76
627,130,88,76
628,127,88,76
629,127,87,75
629,129,87,74
628,129,89,75
628,128,89,75
627,130,87,75
627,127,89,76
627,128,87,74
626,131,86,73
626,131,86,72
627,130,86,73
627,131,86,73
626,132,89,73
627,132,88,73
629,133,87,73
630,134,87,72
633,137,87,73
634,138,89,75
638,136,91,78
643,135,92,79
647,137,94,78
651,132,95,80
654,129,97,81
658,127,99,81
663,123,99,80
664,123,100,78
666,120,101,77
667,119,100,73
666,118,101,74
669,118,96,70
668,118,96,71
666,119,95,70
665,116,93,72
663,117,92,71
661,117,92,71
661,118,87,69
659,120,88,68
658,117,87,68
656,117,88,69
654,118,89,69
653,118,89,68
653,118,89,69
652,118,89,68
651,117,91,70
649,117,92,70
649,118,90,69
648,115,91,70
648,115,92,71
648,115,92,71
647,115,93,72
648,116,90,70
648,115,92,71
649,118,89,69
649,116,92,72
650,118,90,70
651,119,90,69
652,117,88,69
653,117,89,69
654,116,88,68
655,116,90,69
656,114,89,70
658,114,88,69
659,114,89,71
660,111,90,73
660,115,91,70
662,113,90,70
664,112,89,69
665,109,90,72
666,109,90,70
668,108,89,70
669,107,89,69
672,106,87,66
673,105,86,66
674,103,87,67
675,104,87,65
675,104,87,66
676,103,87,66
676,103,88,66
676,104,88,65
676,103,87,64
675,103,87,65
674,103,88,65
673,102,87,66
670,104,88,65
668,101,88,67
666,103,89,66
662,104,89,66
658,104,88,65
653,103,89,64
649,102,88,63
644,101,87,62
638,102,87,62
634,100,87,63
630,101,85,63
625,99,85,65
619,100,85,65
614,102,86,65
610,103,85,65
606,103,84,68
600,103,85,70
595,106,87,69
590,107,87,70
587,105,88,71
584,105,89,72
580,106,91,73
578,105,91,72
577,103,91,74
577,102,91,75
577,101,91,74
578,102,91,74
580,101,89,74
583,102,88,74
587,104,87,71
591,105,86,70
595,103,85,70
601,104,82,70
606,104,81,69
609,104,81,68
613,106,81,66
616,105,83,67
619,105,84,68
622,106,84,67
626,105,83,67
631,107,81,65
634,107,83,67
636,109,85,65
637,109,90,66
640,107,90,67
641,108,95,69
642,109,95,70
643,110,95,69
645,110,95,70
646,109,96,71
647,110,95,70
647,109,95,70
648,108,95,69
649,107,95,71
648,110,94,68
648,109,94,69
650,107,91,69
649,110,93,68
649,107,91,70
649,107,91,70
648,108,92,70
646,109,93,69
646,108,92,68
645,108,92,69
645,108,91,69
644,107,92,69
642,106,92,69
640,107,93,68
637,108,94,67
637,106,93,69
635,105,94,69
634,103,91,70
633,105,91,68
631,104,91,70
631,101,90,71
629,101,91,71
628,101,88,71
628,102,87,70
627,102,88,68
626,103,88,68
623,103,87,68
622,102,87,69
623,103,86,67
620,103,89,68
620,103,88,68
618,103,89,68
618,101,89,69
615,102,91,69
614,103,91,69
614,103,92,69
613,100,91,71
611,101,91,70
611,100,91,73
609,97,91,75
607,94,97,80
608,89,95,83
605,85,95,86
605,79,94,89
604,75,96,97
600,65,97,99
602,49,104,104
598,47,108,111
596,46,108,102
593,14,111,104
602,-4,109,117
610,-4,107,111
603,38,104,105
596,36,104,100
599,9,103,108
593,-2,106,110
593,0,101,111
598,8,101,110
591,18,104,110
591,18,106,105
585,24,107,104
589,26,107,105
587,29,113,109
582,35,113,109
582,41,112,105
584,42,110,103
581,47,112,103
583,53,112,102
583,57,111,100
582,59,112,98
584,67,111,100
583,66,109,96
583,71,109,93
587,75,109,92
583,73,107,92
585,77,106,91
585,83,109,91
584,87,108,90
585,85,107,92
584,90,106,90
588,92,105,87
590,93,102,85
592,92,100,86
594,97,99,83
596,98,97,85
597,96,99,87
594,99,101,85
597,100,100,84
596,99,100,85
597,99,101,84
598,97,104,87
597,97,102,85
597,99,104,84
599,97,101,84
600,97,101,84
600,96,103,85
599,97,102,84
602,97,102,83
604,98,102,80
605,98,98,80
606,101,93,77
608,97,91,80
610,98,88,77
611,99,87,75
612,100,87,75
612,100,88,75
613,100,87,74
613,100,88,74
614,102,86,71
614,100,88,74
615,99,86,74
615,99,86,72
615,98,84,73
614,99,84,70
614,100,83,71
614,98,83,72
612,101,82,70
611,99,82,71
611,100,82,70
611,105,84,67
610,103,83,70
609,102,84,71
610,103,85,72
610,104,87,70
612,102,85,73
613,102,86,74
615,106,86,70
617,105,86,72
618,107,87,71
621,108,88,70
622,109,89,71
624,109,89,71
625,110,91,72
625,109,93,72
625,110,94,70
624,109,93,70
623,110,93,69
622,110,94,70
620,110,92,69
618,109,92,70
616,110,94,70
612,107,93,72
613,109,91,68
614,107,89,71
613,104,89,73
611,101,87,72
609,100,87,72
602,94,85,73
594,93,85,74
588,93,88,78
585,93,90,78
580,94,91,79
572,93,91,80
571,94,90,78
569,94,92,81
560,93,94,83
561,97,93,80
558,93,93,83
555,92,94,84
556,94,93,82
552,95,94,81
551,94,95,83
548,92,96,85
551,96,96,84
552,97,95,83
552,97,94,84
551,96,94,85
551,99,94,82
551,101,94,83
551,98,93,82
549,101,94,83
550,104,92,82
546,101,94,84
548,104,93,83
545,101,93,84
542,102,94,85
539,102,94,86
538,102,93,87
536,103,95,85
534,100,95,86
530,103,97,86
529,103,96,83
531,104,97,82
528,103,98,85
527,102,97,86
527,100,99,87
527,98,96,88
530,99,99,87
529,96,98,87
525,91,98,93
527,92,101,92
529,87,100,94
529,79,100,99
539,73,103,99
536,63,107,102
541,50,110,105
558,40,111,111
559,36,115,109
568,33,117,108
568,32,118,108
580,33,116,105
589,37,114,106
602,42,112,113
609,47,112,125
614,61,112,132
613,76,117,138
632,119,115,137
635,142,114,130
588,120,116,113
574,78,104,98
581,79,100,96
586,87,99,95
592,82,96,97
596,84,94,96
601,87,92,96
599,91,94,95
603,92,92,93
606,92,91,90
610,91,89,89
611,90,88,88
611,91,89,87
613,93,88,86
613,90,87,87
614,90,86,86
615,93,86,84
615,86,83,84
612,90,84,84
614,88,84,85
611,88,83,83
611,84,83,83
610,86,83,83
609,86,83,84
607,85,84,86
608,84,83,84
610,81,81,83
611,80,80,83
611,80,80,81
610,84,80,80
611,84,80,79
612,83,80,80
612,82,80,79
613,86,79,77
613,84,79,76
614,84,79,77
616,87,80,79
616,86,78,77
616,85,78,75
616,85,78,75
616,82,77,74
618,85,76,73
617,84,77,73
617,85,76,72
618,88,76,72
618,84,77,73
618,86,77,73
618,83,77,74
619,84,76,73
620,84,77,74
621,85,77,73
622,86,79,75
624,85,79,73
627,83,78,73
630,83,80,73
633,85,80,72
637,89,80,71
639,87,81,69
645,88,81,70
649,91,82,68
654,93,82,66
660,91,80,66
664,89,82,66
668,91,80,65
672,92,79,64
676,91,80,65
679,88,80,65
682,88,80,65
684,87,82,65
686,86,84,66
688,83,84,67
690,84,84,67
693,82,85,67
694,84,84,67
696,83,84,67
697,84,84,67
699,85,85,65
698,82,86,67
700,81,85,66
700,84,86,66
698,83,87,67
701,82,86,66
700,80,86,66
699,83,86,66
699,84,86,66
698,83,85,66
698,85,83,64
696,83,85,66
696,84,83,65
694,81,84,67
693,82,83,67
692,85,83,67
690,84,83,69
689,83,84,68
689,83,84,69
687,85,83,68
685,84,82,67
685,88,83,67
684,88,83,68
683,87,82,67
682,87,81,68
680,89,81,67
679,88,82,68
680,84,82,71
678,87,84,72
677,85,81,71
678,86,80,70
677,92,81,71
677,92,81,71
676,90,82,71
676,91,81,71
676,91,82,71
675,89,83,71
675,92,85,72
675,86,83,73
674,93,84,71
673,90,83,71
673,92,85,72
674,90,84,72
673,90,84,72
672,89,84,73
672,89,84,73
672,94,85,73
670,92,83,72
670,93,86,73
669,94,85,72
669,94,85,73
669,95,84,72
667,98,85,73
666,100,84,75
667,98,84,73
666,100,85,75
668,101,84,74
668,100,84,76
669,102,85,74
670,100,86,76
668,104,86,77
669,107,88,76
667,110,87,78
668,109,86,78
669,106,87,79
669,107,88,79
667,108,88,79
668,108,89,79
669,108,90,80
668,108,91,82
669,107,92,82
670,106,91,81
670,107,91,80
671,106,93,80
673,104,92,79
675,101,92,79
677,102,92,78
679,100,92,78
680,99,91,78
681,97,93,78
682,94,91,77
682,92,93,78
684,90,93,78
684,88,92,79
686,85,92,77
687,81,91,76
688,83,89,74
689,77,88,75
689,82,89,72
689,78,88,73
689,80,88,72
689,80,89,73
688,84,89,72
689,78,90,72
689,80,89,72
690,77,89,72
690,78,89,71
691,77,88,72
692,77,88,71
692,76,89,71
692,77,90,72
694,77,90,73
695,77,91,73
696,77,89,72
698,80,89,72
698,83,92,72
700,79,91,73
701,82,91,72
702,85,91,73
702,82,93,72
705,84,91,72
705,83,91,72
705,82,91,72
706,81,90,72
705,83,91,71
703,84,90,71
702,85,91,72
701,83,90,72
699,82,91,72
699,82,89,72
697,82,89,71
695,80,89,72
692,82,88,72
690,84,89,73
688,84,88,74
686,85,87,73
685,87,87,72
683,87,86,72
683,91,86,70
679,92,84,69
679,91,83,69
677,90,83,70
676,93,84,68
676,90,83,68
676,92,83,67
676,89,82,67
676,92,82,67
676,92,81,67
677,90,83,68
677,93,83,68
679,94,82,66
681,92,82,67
682,92,83,68
683,89,83,69
685,91,81,68
686,93,82,69
687,96,82,69
689,89,83,71
690,91,83,71
690,89,85,71
691,93,85,71
693,91,86,71
695,91,86,71
694,94,89,70
697,93,88,71
700,95,88,71
702,97,89,71
706,102,87,70
710,104,86,70
710,105,88,70
711,106,88,70
713,106,87,70
714,107,88,72
715,108,87,71
714,106,88,72
712,107,90,72
714,107,88,72
713,108,89,72
713,108,90,74
711,106,91,74
712,102,92,74
713,106,89,72
712,107,89,72
711,103,91,73
712,104,90,72
707,105,93,72
709,102,93,74
709,103,92,74
709,101,93,74
708,101,94,75
708,100,93,77
710,100,93,74
709,102,93,74
709,100,94,75
709,103,92,74
709,101,92,72
710,103,92,73
709,100,93,72
710,98,93,71
709,99,93,69
706,95,93,69
709,98,92,69
708,93,91,68
709,97,90,68
706,94,91,68
708,97,90,68
708,96,90,68
708,96,91,69
708,95,91,68
706,96,92,70
707,94,92,71
707,95,91,69
708,97,89,68
709,97,89,68
707,96,90,69
709,96,89,69
710,95,89,67
710,98,88,67
708,96,90,67
708,97,90,67
708,95,90,68
707,94,90,67
708,95,88,67
707,95,88,66
705,93,89,67
704,91,90,67
702,94,90,67
701,90,89,68
701,90,90,68
699,89,90,69
697,91,90,68
698,90,89,69
697,89,88,68
696,89,89,69
695,90,87,68
694,87,87,69
693,90,87,68
691,90,87,71
688,87,85,70
688,91,85,69
686,90,84,70
684,92,84,69
680,93,84,69
676,93,83,69
672,90,83,70
669,90,83,70
663,90,83,69
663,89,81,68
659,91,82,68
653,86,82,68
649,86,82,67
646,85,82,67
641,87,80,64
640,86,79,67
637,86,79,66
635,84,78,67
633,85,77,66
632,86,76,66
630,89,77,66
628,84,77,68
628,87,77,68
626,86,77,68
625,87,76,67
625,86,77,69
624,86,78,71
623,88,79,70
623,88,79,71
623,88,79,71
624,91,79,72
625,91,79,72
625,94,79,71
627,94,78,71
627,97,79,72
627,100,79,72
627,100,79,73
626,104,80,72
626,104,80,73
626,106,80,73
627,109,79,72
627,109,80,73
628,111,81,72
628,108,81,73
629,114,80,73
629,114,80,73
630,118,80,71
630,116,80,72
629,112,81,72
631,113,81,72
631,116,82,73
632,111,82,71
632,114,82,70
632,113,82,70
633,114,82,71
633,111,82,69
633,111,84,70
635,113,83,70
634,112,83,71
635,111,84,69
635,108,85,73
635,110,85,72
636,108,85,72
637,108,85,72
640,103,85,75
640,103,85,73
643,102,84,73
645,98,85,74
644,98,86,74
646,96,85,74
647,90,85,72
649,90,84,74
648,90,85,71
650,89,84,72
650,91,84,70
652,90,85,73
651,92,85,70
650,88,86,70
650,93,86,68
650,91,87,69
650,90,88,71
650,89,86,71
649,93,86,68
648,94,86,69
648,92,85,69
648,93,84,68
648,93,85,69
648,97,84,68
648,99,84,67
648,96,84,67
650,95,84,69
649,95,85,70
649,95,85,70
651,93,85,72
652,95,86,74
653,92,87,75
657,92,87,77
656,97,88,76
661,98,87,77
664,103,86,79
667,107,85,78
668,111,87,80
670,113,89,81
672,114,89,81
673,122,91,82
677,123,91,81
679,118,91,80
682,126,91,79
683,129,90,79
686,131,90,79
686,131,92,80
689,131,91,80
690,136,91,80
690,133,93,80
692,133,92,81
693,130,93,80
693,134,94,80
692,139,95,81
693,134,96,82
693,134,94,82
693,134,94,81
693,132,94,80
692,134,93,80
691,129,92,80
690,126,93,80
688,123,94,80
685,114,95,81
683,111,94,80
680,109,93,81
677,105,91,81
672,105,94,80
668,99,95,82
662,100,94,80
657,95,94,81
653,96,92,78
647,99,91,76
642,98,89,73
637,99,91,77
631,99,89,77
628,97,89,78
623,99,87,77
619,103,86,75
618,99,84,76
615,101,84,75
613,100,82,76
613,97,83,80
609,100,83,81
606,100,84,81
607,103,84,80
606,108,83,79
606,107,82,79
608,107,82,78
607,114,82,77
608,109,81,76
610,111,80,77
610,115,81,75
610,115,82,77
612,116,81,75
611,118,83,74
614,120,81,74
614,119,81,74
613,116,82,75
614,116,80,73
616,113,78,72
613,114,81,76
615,110,79,75
615,108,80,75
615,107,79,76
615,108,80,77
615,107,79,76
615,105,79,76
614,103,80,78
614,105,80,76
613,103,79,77
613,103,80,78
613,102,81,78
612,103,80,78
612,102,81,78
612,103,80,78
612,102,80,78
612,106,80,76
612,103,79,75
613,105,79,75
613,106,77,72
612,106,78,73
612,107,78,73
613,102,78,75
612,103,77,73
613,104,76,72
612,107,77,71
613,102,76,73
614,105,75,70
613,103,75,71
613,104,75,71
613,104,75,70
613,106,75,69
613,102,75,71
613,103,76,72
613,103,76,72
613,103,75,71
613,101,75,71
613,102,75,69
612,100,75,71
612,103,75,69
613,100,74,69
612,101,74,69
612,101,74,68
612,98,74,69
612,100,74,68
612,99,75,70
611,98,75,70
610,98,75,69
610,100,75,70
611,96,74,70
611,97,75,70
614,96,73,72
615,98,73,71
616,98,74,70
617,98,74,70
619,102,76,68
622,101,76,68
626,103,75,66
629,105,76,65
631,107,77,65
638,107,75,64
641,108,76,64
645,105,77,67
648,108,79,66
655,104,79,68
659,102,80,68
660,98,82,71
664,101,83,70
668,101,83,70
670,97,85,72
675,100,86,71
679,99,86,71
683,98,87,72
685,101,88,72
686,104,91,72
689,107,91,71
691,103,90,73
693,106,91,72
695,103,92,72
696,103,91,71
699,104,90,70
699,103,90,70
699,102,91,71
698,102,91,72
698,102,92,72
695,100,92,73
696,102,94,72
692,99,94,75
693,101,94,74
692,96,93,75
692,100,92,72
691,99,92,74
693,103,93,72
692,101,92,73
692,102,91,72
691,103,90,71
692,101,89,71
692,104,89,69
692,104,89,70
693,103,88,69
693,105,89,70
693,106,90,68
693,104,90,70
693,99,90,71
694,101,91,72
696,101,89,70
695,98,91,73
694,101,92,73
695,101,90,72
694,100,91,72
695,99,91,71
693,97,92,73
694,98,91,72
692,98,91,73
690,100,89,71
688,99,89,72
687,101,88,70
685,102,87,71
682,98,87,73
683,100,85,75
673,97,93,92
665,87,101,107
664,74,99,105
663,69,100,104
664,71,98,98
659,70,99,99
657,79,102,93
648,79,101,94
646,79,100,91
641,84,104,92
638,86,104,90
631,92,102,87
626,98,100,83
623,99,98,82
621,103,99,81
616,103,97,80
614,106,98,80
611,105,96,82
611,107,95,80
609,109,92,77
607,109,90,78
605,109,87,77
602,109,89,78
598,112,89,75
597,110,89,78
594,110,91,77
591,109,93,77
590,107,93,78
588,108,91,76
586,107,92,77
586,106,94,78
584,106,92,78
583,107,93,77
583,107,93,76
583,106,92,78
583,105,91,78
583,106,92,78
582,105,93,79
581,104,92,80
581,104,94,79
580,103,95,79
580,104,95,79
579,104,96,79
579,103,97,79
580,103,99,80
580,103,99,78
580,105,99,77
578,103,101,81
577,102,102,83
576,105,105,80
577,107,104,80
578,104,102,81
580,103,99,81
581,105,101,80
581,106,101,80
583,105,100,80
583,106,99,78
585,105,98,78
587,105,97,77
588,107,97,77
588,104,96,78
589,106,98,78
591,106,96,78
593,106,95,79
592,105,97,79
594,104,97,80
596,106,96,80
596,107,97,80
594,104,98,82
597,105,96,81
597,106,96,79
599,107,95,78
597,106,97,80
601,107,97,79
600,103,97,82
601,103,97,82
601,103,97,82
601,104,96,82
604,104,100,82
604,106,102,82
605,101,101,87
608,99,104,91
609,96,102,91
607,91,104,95
609,84,108,102
611,62,108,110
605,46,106,109
609,35,102,107
612,32,104,108
611,24,102,106
607,20,104,105
605,20,105,106
608,25,105,107
609,17,103,103
612,11,106,103
615,-3,109,110
617,-2,109,110
621,9,109,103
609,26,110,99
616,6,106,105
607,-7,106,108
610,-5,105,103
612,5,111,102
610,2,110,100
611,2,111,96
606,5,109,93
605,5,109,96
606,7,109,93
607,6,115,98
601,8,115,96
607,9,113,100
611,10,110,101
607,14,110,99
612,17,111,100
616,20,113,101
614,19,114,104
613,22,117,107
611,23,120,106
612,30,122,108
612,33,120,106
612,37,120,108
613,41,117,104
610,43,115,103
615,48,115,101
612,52,117,102
610,55,118,100
611,63,116,102
614,59,116,99
611,59,117,101
611,56,116,99
615,64,116,101
614,64,115,101
614,70,116,99
611,73,116,97
611,73,119,101
610,77,120,100
606,85,120,97
606,83,120,101
608,82,122,104
604,88,121,101
608,86,118,101
605,93,116,95
604,90,117,98
607,93,112,93
605,94,115,93
605,96,112,90
605,97,113,89
606,98,115,89
608,96,111,90
609,97,110,88
606,96,110,90
607,94,109,91
608,97,111,90
606,95,111,90
607,95,104,91
609,96,96,86
609,99,95,82
609,99,95,83
609,96,98,86
608,98,96,84
608,98,98,86
607,99,96,84
608,98,94,83
607,99,96,84
609,97,94,82
607,94,94,85
607,93,94,86
605,94,94,85
605,92,96,87
602,93,97,88
602,93,97,87
600,90,97,90
600,93,97,88
597,93,97,89
598,93,97,88
599,92,96,89
600,94,94,86
598,98,96,84
598,96,95,85
596,98,95,84
596,97,95,84
595,97,93,84
594,96,97,85
593,97,96,84
592,96,96,85
592,98,95,83
592,99,95,83
587,96,100,89
585,96,101,90
586,95,103,89
580,99,104,87
582,100,106,84
583,101,105,84
582,100,105,85
582,102,105,85
584,100,106,86
579,100,108,88
581,102,107,86
579,101,105,86
581,103,105,84
582,103,104,84
583,101,104,85
581,103,104,83
579,102,102,84
582,101,104,85
581,105,104,81
581,103,104,83
580,101,106,85
586,97,107,87
586,93,106,92
591,88,108,97
591,72,107,108
590,59,113,115
594,45,113,118
595,33,113,116
596,28,115,122
588,11,126,115
602,7,123,111
606,-7,125,115
607,-11,121,115
610,2,127,109
597,10,130,109
608,5,130,113
602,-9,127,119
608,-15,119,113
604,-7,126,112
605,2,128,118
602,4,132,117
607,6,129,116
610,18,126,114
616,38,121,113
622,51,116,111
625,67,112,107
627,73,119,114
628,87,116,103
626,95,111,94
633,99,116,91
634,99,113,89
634,100,105,85
635,105,103,81
638,101,106,84
639,105,103,81
640,106,102,80
641,104,100,80
643,105,99,78
644,104,97,77
645,105,96,75
646,103,97,77
648,104,95,74
649,105,94,73
650,104,95,73
650,106,95,73
650,105,96,73
651,107,93,71
651,107,95,72
652,107,94,71
652,108,93,70
652,109,92,69
652,107,93,71
651,108,95,71
651,109,93,70
650,107,95,72
649,106,95,71
649,106,95,72
649,104,94,71
649,106,92,69
649,105,93,69
649,106,92,69
649,108,91,67
650,108,91,67
649,106,92,70
649,108,91,68
649,109,92,69
649,109,91,68
650,106,90,69
650,104,90,70
649,104,89,69
648,104,89,68
648,104,89,69
648,107,87,66
647,105,88,67
646,106,89,66
645,106,90,67
644,105,91,69
644,106,91,69
643,107,91,68
643,108,90,67
642,109,90,67
642,109,89,65
641,111,90,65
641,109,89,66
640,108,91,68
640,110,90,65
639,112,88,64
639,111,88,65
638,113,89,64
638,111,88,65
638,109,89,67
637,110,90,67
637,108,90,68
637,108,89,68
637,106,88,68
636,106,89,68
637,106,86,66
636,105,87,67
637,104,87,67
637,105,86,67
637,106,87,67
638,107,86,66
637,110,87,65
637,108,88,67
638,111,88,67
637,111,90,68
638,113,89,66
638,113,89,66
638,113,90,66
639,113,88,65
640,113,87,65
640,114,86,62
640,113,86,63
641,111,87,64
641,111,86,63
640,110,88,65
641,111,86,63
640,110,87,64
640,111,87,63
640,111,86,62
640,110,87,64
640,110,87,63
640,111,86,63
641,112,85,62
641,111,86,63
641,113,86,62
642,113,84,61
641,112,86,62
641,113,85,61
640,113,87,62
640,113,86,60
639,115,86,60
638,114,87,61
637,114,86,61
636,113,87,62
634,113,88,63
633,112,88,63
631,112,87,64
629,111,89,65
628,110,87,67
627,112,85,64
624,113,88,64
623,113,86,64
621,111,87,67
619,112,86,66
617,111,88,68
615,110,90,70
612,108,89,72
612,109,89,71
611,109,90,71
610,109,92,72
610,107,92,73
611,109,91,72
612,110,91,71
611,109,91,72
612,111,91,71
613,109,91,73
615,110,92,72
616,110,89,72
617,109,90,74
619,108,92,75
620,108,92,74
621,112,91,72
621,110,94,75
624,112,93,76
627,112,92,75
628,115,94,74
629,115,96,76
631,115,99,78
633,113,99,80
635,116,98,80
638,117,96,79
639,116,98,81
639,118,99,80
639,120,99,80
639,120,98,81
641,120,100,81
642,119,99,81
641,119,100,83
641,116,99,83
644,116,100,83
641,118,102,84
642,119,102,83
644,114,100,83
644,113,99,83
642,117,102,82
645,111,99,83
646,113,100,80
645,111,101,79
646,108,101,80
643,111,99,77
645,110,100,78
645,110,101,77
646,109,100,79
645,109,101,80
645,108,101,81
645,110,101,80
644,109,102,81
644,111,103,81
645,109,103,81
644,108,102,81
643,109,104,82
643,109,102,81
643,106,102,81
642,107,100,80
644,105,100,81
643,103,98,80
642,108,100,79
645,107,99,78
644,112,98,76
643,113,98,76
642,115,96,75
641,111,98,77
640,110,97,77
638,111,98,76
637,108,100,78
636,111,98,76
634,110,98,75
632,110,97,76
632,110,96,75
631,113,93,73
631,113,93,74
629,111,91,74
627,112,93,74
624,112,93,77
622,111,96,78
621,111,95,78
620,110,94,78
619,104,92,82
618,108,91,77
616,109,91,77
616,110,92,78
615,107,92,81
614,110,95,82
611,111,95,82
613,105,94,85
611,106,95,86
610,110,97,86
609,108,95,88
608,110,99,87
606,110,101,89
606,104,98,91
605,106,100,91
604,106,101,92
606,108,102,90
603,107,101,92
605,104,100,92
603,109,102,93
605,105,100,93
605,105,101,92
603,106,97,91
605,107,98,90
601,107,97,91
602,105,98,91
601,105,100,93
603,109,101,89
602,105,98,91
604,108,98,88
602,105,95,88
604,106,92,85
605,104,93,86
605,101,92,88
606,106,93,86
607,107,93,84
606,106,93,85
608,105,94,86
609,105,92,84
607,106,91,83
610,107,91,82
612,107,91,81
614,107,90,80
614,106,89,79
614,103,92,80
616,98,93,80
617,92,95,83
621,81,94,88
623,81,95,91
627,82,98,91
629,74,99,97
631,62,102,104
625,53,109,112
615,35,113,114
618,72,105,98
621,92,100,86
623,91,98,84
624,91,97,85
621,89,96,86
623,91,96,84
621,90,97,85
622,88,94,83
622,95,94,80
621,93,93,81
620,99,93,79
618,93,94,81
618,94,92,81
616,101,91,78
615,95,92,81
611,98,90,81
610,96,90,83
604,101,91,83
600,96,94,86
596,97,95,85
589,99,97,86
590,97,97,87
584,99,98,86
580,98,100,89
579,103,99,88
580,99,98,87
576,102,98,88
573,98,98,88
575,101,98,87
574,100,97,86
576,99,95,85
578,96,95,85
580,92,95,86
579,98,95,84
585,98,92,83
590,97,89,83
595,96,88,81
599,97,87,82
604,95,87,82
606,95,88,82
610,94,88,80
614,95,87,79
618,97,87,77
620,96,88,76
622,99,87,73
627,97,88,76
629,99,88,75
631,104,87,73
634,102,87,72
636,106,88,70
640,106,86,70
642,108,86,68
646,109,85,68
648,109,86,68
652,108,85,69
655,109,88,71
657,111,87,68
659,108,87,70
662,107,87,70
664,107,88,70
666,110,90,69
668,112,89,68
667,107,90,69
667,107,90,70
665,107,91,72
662,107,91,73
659,108,91,74
654,111,89,72
647,118,89,70
641,121,87,71
636,124,85,72
627,133,84,70
621,133,84,73
615,136,85,75
608,140,86,79
601,146,88,79
593,151,92,83
591,155,92,83
589,158,91,81
584,162,92,81
580,166,93,82
579,168,93,80
576,168,96,81
579,170,93,81
576,168,94,80
577,168,93,80
578,170,91,78
583,170,89,78
584,171,90,77
587,166,88,78
588,165,87,76
593,161,86,77
597,158,84,77
604,149,83,78
610,146,84,75
619,140,84,73
628,137,85,72
637,132,86,71
646,126,89,72
655,119,94,76
664,117,97,76
672,116,96,74
682,116,97,75
687,115,97,73
693,117,97,72
697,118,96,71
699,120,96,71
698,118,96,72
696,118,96,72
693,122,95,71
689,120,95,73
683,122,94,72
676,122,94,72
668,119,94,73
658,121,94,73
652,126,91,73
644,131,88,72
637,136,89,71
630,137,86,71
626,138,85,73
622,142,85,74
620,142,82,74
617,145,81,73
614,148,82,73
613,149,83,73
611,149,84,73
611,148,84,75
612,149,82,73
614,152,82,73
615,147,82,73
617,146,83,75
618,149,81,73
619,146,81,73
620,145,83,75
620,146,84,73
622,142,84,75
623,143,86,75
624,142,85,76
625,143,86,74
625,143,86,74
626,142,85,73
626,142,85,74
627,143,85,74
626,144,84,73
625,147,84,71
624,141,82,71
623,144,83,73
622,145,83,71
620,146,84,73
617,149,84,71
615,148,84,72
611,145,85,74
608,146,85,74
604,147,87,74
600,146,88,78
596,146,89,79
591,146,91,81
589,150,91,80
584,152,92,80
583,152,93,81
579,153,93,80
570,154,96,81
571,155,96,81
566,157,96,79
566,155,94,80
567,159,94,82
566,158,93,82
562,160,95,82
566,158,94,82
563,159,93,81
562,158,92,81
561,159,92,81
562,160,93,81
561,159,93,82
562,159,92,81
564,159,91,80
564,162,89,78
562,159,89,80
562,157,92,82
