3,89,399,226
-2,90,407,225
-4,91,407,221
-9,89,406,221
-10,87,407,221
-10,83,405,223
-19,81,408,224
-16,80,402,220
-18,78,410,221
-13,79,401,219
-14,77,400,222
-14,78,393,220
-5,74,386,224
-4,69,384,220
-6,70,386,219
-14,68,384,216
-19,66,391,220
-21,64,401,221
-9,72,397,214
-21,72,399,209
-9,75,408,207
-14,76,410,208
-28,74,403,207
3,78,403,205
-7,72,402,209
-12,66,404,212
-4,65,399,214
-1,66,404,214
11,67,413,218
13,67,408,214
13,66,406,214
26,68,406,212
19,68,404,215
12,68,409,212
9,67,412,210
11,65,416,208
12,70,430,204
27,74,422,203
28,74,421,208
35,77,421,211
8,76,421,206
13,75,418,205
13,76,415,208
14,74,410,210
11,72,398,214
12,68,390,214
11,69,383,213
15,71,386,216
8,73,372,218
-1,63,366,216
-6,65,357,213
-19,72,354,214
-9,70,353,211
-14,74,349,212
-32,83,340,212
-21,81,332,211
-7,78,323,210
-8,78,320,210
-8,74,326,209
0,70,319,205
9,62,317,210
1,67,317,218
10,65,320,221
8,65,303,217
-6,65,304,219
-4,65,301,214
-9,65,303,210
-10,80,302,214
-1,71,311,220
15,79,311,225
16,83,306,224
-39,67,380,217
-2,83,301,218
4,64,320,222
1,50,330,221
1,52,334,221
-1,54,333,219
5,52,340,223
-1,57,335,219
-6,65,338,220
-17,66,330,214
-33,75,330,218
-83,52,384,219
-41,65,334,223
-51,68,334,226
-66,82,334,229
-97,92,385,220
-58,81,333,231
-73,85,338,232
-112,94,382,219
-83,90,338,232
-68,108,328,222
-77,93,335,224
-120,119,372,215
-114,118,375,217
-138,121,373,216
-87,112,370,215
-87,137,360,209
-100,137,359,208
-76,136,361,209
-35,145,362,210
-58,166,366,212
-60,137,364,211
-43,122,366,212
-64,138,367,212
-61,154,367,212
-14,125,368,212
-67,97,376,217
-17,86,370,214
-22,84,364,210
-23,91,366,211
-32,56,371,214
-44,104,376,217
-17,50,381,220
-39,59,383,221
-34,73,379,219
-39,57,373,216
-40,83,367,212
-25,73,365,211
-13,37,366,211
-33,77,369,213
-37,61,369,213
12,50,365,210
137,92,359,207
173,81,362,209
185,108,359,207
98,102,352,203
77,112,353,204
53,150,343,199
65,87,339,197
-3,109,342,199
107,106,339,197
26,85,344,200
-63,10,345,201
-16,110,348,203
-36,64,341,199
-77,41,347,202
-70,49,346,201
-78,76,347,201
-54,84,352,204
-43,102,355,206
-46,125,354,205
-31,126,359,208
-79,113,356,206
-32,94,356,206
1,43,359,208
18,55,360,209
12,74,358,208
73,42,364,211
145,15,359,208
107,28,358,207
162,14,358,207
148,10,349,202
189,8,351,203
185,-0,348,201
176,-12,354,204
156,29,352,203
119,45,348,201
137,63,347,200
168,-1,345,199
173,43,348,201
111,61,352,204
122,79,354,205
111,72,356,206
174,70,361,209
121,87,362,210
150,56,364,211
109,104,362,210
153,69,361,209
154,108,361,209
158,93,362,210
160,71,360,209
159,121,352,205
171,92,350,204
162,78,350,204
180,115,350,204
160,100,351,205
168,63,347,203
170,98,343,201
174,98,344,202
171,87,349,205
165,87,348,205
166,90,347,204
167,82,346,203
168,76,348,204
164,40,344,201
185,40,340,199
170,105,336,197
175,89,337,198
160,86,338,199
164,105,331,195
184,77,337,199
183,138,328,194
178,64,324,192
191,56,323,192
183,93,319,190
181,75,322,192
183,98,319,190
189,128,317,189
195,57,320,190
186,61,319,189
163,84,319,189
177,124,317,188
196,84,319,189
173,54,319,189
188,54,319,189
194,52,316,187
199,93,316,187
183,116,316,187
170,68,319,189
198,96,312,185
161,148,311,184
154,166,313,185
101,160,315,186
104,144,309,183
91,155,311,184
118,162,309,183
118,139,305,181
121,136,309,183
132,145,303,179
128,123,306,181
153,117,251,194
169,107,248,192
172,103,246,194
145,98,298,176
170,90,250,196
167,108,257,203
173,104,254,205
165,106,261,203
160,112,263,201
157,136,267,210
156,112,268,215
153,117,263,209
159,127,264,216
152,118,267,215
156,120,270,217
151,133,267,217
156,134,269,217
143,125,274,214
153,124,276,213
140,116,277,217
151,128,279,219
159,133,281,221
146,132,283,223
157,138,284,221
161,137,282,219
162,137,282,222
167,137,277,221
150,120,289,229
130,104,292,222
140,114,294,227
149,113,290,228
138,95,284,219
125,88,283,209
149,93,283,213
143,83,277,199
158,84,280,202
187,96,289,215
205,97,282,217
222,93,269,210
230,90,268,214
250,88,261,213
262,85,255,211
275,79,256,208
289,73,251,201
294,69,251,199
283,62,251,193
309,58,253,194
271,45,293,173
307,36,250,192
307,33,246,189
304,34,250,192
310,29,250,188
306,34,248,188
287,31,245,190
280,27,245,189
274,19,242,185
264,16,242,185
244,18,246,187
225,19,251,191
203,18,252,193
189,22,256,196
183,27,261,198
168,27,260,198
156,23,263,197
150,12,259,194
147,10,263,195
133,9,252,194
139,11,255,188
145,9,254,187
145,2,253,179
146,3,251,175
140,4,244,174
146,5,246,174
144,1,242,166
146,1,243,168
144,2,238,164
150,3,238,165
156,6,237,164
156,12,236,164
154,16,238,167
151,25,239,168
143,36,234,168
150,38,242,172
155,33,243,170
160,28,242,167
162,28,250,174
152,32,255,183
155,21,252,180
153,19,259,186
158,12,256,183
168,11,247,182
168,12,251,186
168,9,250,185
167,12,254,194
155,15,264,202
151,5,264,196
143,6,267,201
135,1,269,199
137,-7,272,196
137,-11,274,196
137,-12,273,197
129,-15,276,195
113,-16,271,190
103,-6,275,198
100,-7,278,208
95,-10,279,205
90,-16,281,201
82,-14,286,212
88,-13,289,213
88,-18,286,213
80,-21,290,209
88,-23,283,209
92,-22,285,210
94,-22,284,211
105,-23,294,209
104,-22,286,206
102,-16,278,207
102,-21,276,205
108,-20,279,205
109,-25,278,205
105,-23,275,206
100,-24,273,199
103,-27,273,198
107,-28,277,204
120,-28,281,206
119,-31,283,207
124,-30,289,214
127,-30,291,212
108,-26,294,213
127,-35,291,203
119,-25,292,208
138,-31,295,205
135,-29,301,212
140,-31,289,208
147,-27,295,210
142,-27,301,211
141,-29,304,209
137,-19,311,215
138,-31,320,210
132,-24,327,211
136,-26,333,210
134,-23,338,212
137,-27,343,212
130,-20,341,214
140,-31,346,219
118,-18,351,225
140,-32,365,231
136,-25,362,233
141,-20,357,234
145,-26,354,233
133,-23,357,236
131,-20,350,233
124,-21,349,233
114,-27,351,233
106,-25,351,234
104,-18,362,238
81,-9,362,240
75,-6,357,238
87,-4,358,235
69,-2,360,239
71,2,368,243
57,12,370,246
54,7,365,245
52,12,367,247
54,12,372,249
47,15,372,253
52,12,374,250
48,10,371,248
36,19,373,253
46,16,376,251
46,16,372,250
53,14,373,252
42,20,372,251
60,13,371,251
54,13,373,252
50,16,370,251
54,19,368,252
55,14,367,251
53,14,368,254
61,12,368,254
51,20,370,256
45,23,374,263
68,12,375,262
80,10,370,261
78,10,370,261
73,13,374,269
89,10,366,264
96,9,364,263
94,12,369,265
103,10,362,258
106,7,356,253
120,10,352,256
122,11,354,254
113,15,359,259
124,14,356,260
130,11,356,259
118,13,353,254
123,11,357,259
132,14,354,261
132,14,351,262
141,10,354,261
137,9,351,259
143,9,351,262
148,4,348,255
139,5,353,256
143,3,352,258
148,5,351,260
142,5,352,258
134,8,353,261
142,6,349,259
146,-1,350,255
142,-2,355,260
133,-6,357,259
148,-12,357,255
141,-10,354,257
141,-8,354,258
155,-16,356,254
152,-14,359,256
152,-14,361,257
145,-3,357,260
141,-4,359,258
148,-4,360,257
135,-6,368,265
139,-6,370,265
146,-7,364,265
146,-6,365,266
155,-8,361,260
149,-5,362,263
152,-4,357,258
154,-4,359,259
144,3,366,259
154,2,362,256
162,2,364,259
164,8,366,260
159,8,365,261
164,3,362,260
168,7,361,262
167,2,359,257
170,6,362,258
166,1,362,250
174,-2,355,251
169,-5,354,246
179,-8,347,241
178,-5,344,242
189,1,351,247
180,9,353,252
196,-7,344,247
185,0,347,248
183,-2,350,250
191,-4,353,250
171,11,347,253
173,25,344,256
185,22,346,252
183,28,346,251
176,31,348,254
176,32,355,263
194,11,346,251
231,-23,336,240
236,-21,344,246
228,-14,335,245
227,-10,331,246
231,-10,328,237
232,-0,329,239
218,12,323,238
229,2,314,228
218,17,320,234
227,13,310,229
232,19,311,230
228,24,307,231
230,25,307,230
231,33,308,231
230,36,304,230
231,42,297,226
228,46,293,229
232,50,293,229
227,49,289,223
224,55,289,225
220,66,295,232
216,68,300,236
216,66,293,233
225,65,295,224
215,72,288,230
216,75,296,231
214,73,297,229
214,70,285,220
217,71,288,223
218,69,285,221
219,67,280,218
218,68,279,215
220,71,285,219
223,68,286,212
219,72,281,213
217,70,284,215
210,72,283,217
216,68,281,211
213,67,283,213
211,70,287,221
209,67,288,220
211,61,288,216
210,61,291,218
215,58,286,213
211,58,283,213
216,53,284,206
209,53,280,211
215,52,278,207
213,49,277,205
214,49,271,202
211,49,267,202
214,47,272,204
209,43,265,200
211,47,277,209
211,38,276,206
213,31,278,208
217,30,280,204
220,25,269,200
218,19,267,200
224,16,276,204
217,12,275,209
217,5,274,203
222,-1,272,204
219,-17,270,199
232,-22,275,198
222,-26,281,200
215,-33,285,202
228,-33,292,202
226,-36,289,203
221,-38,279,197
228,-38,280,199
223,-43,272,195
224,-44,274,193
221,-39,275,194
229,-42,276,192
235,-44,277,189
236,-44,278,188
236,-46,278,190
240,-44,270,186
244,-43,270,182
244,-42,267,183
250,-43,267,182
243,-42,267,181
256,-49,270,181
256,-46,267,180
247,-42,266,180
249,-44,270,180
253,-46,268,178
253,-45,266,177
259,-39,267,180
261,-41,265,181
259,-37,268,183
267,-40,269,184
267,-33,264,179
269,-29,262,178
274,-31,259,177
280,-23,259,174
284,-25,260,180
281,-24,258,176
291,-27,262,178
291,-28,264,176
286,-26,263,181
294,-22,264,179
292,-25,266,179
293,-27,267,179
287,-25,257,178
291,-28,263,176
284,-33,256,177
287,-28,254,175
291,-32,253,171
291,-32,253,174
287,-20,250,174
286,-19,254,171
280,-13,258,175
278,-17,270,185
284,1,263,179
278,3,252,176
278,6,264,183
283,11,272,188
277,13,259,182
276,13,262,184
278,16,264,188
274,14,262,187
275,14,262,189
281,20,271,191
274,20,264,188
276,21,264,193
275,21,265,192
270,21,279,198
261,18,273,197
261,24,279,204
262,24,283,205
272,30,289,208
261,25,278,201
263,27,285,205
262,28,284,206
262,28,290,208
267,26,284,200
256,31,280,205
254,30,282,197
254,34,285,195
249,37,278,200
253,42,279,201
255,37,278,195
256,44,286,196
257,46,289,195
252,49,284,198
248,53,280,196
255,54,277,188
253,59,278,192
257,57,278,191
250,55,271,185
251,59,283,190
244,59,278,186
249,61,283,188
248,61,287,187
243,63,287,193
242,65,283,187
237,64,284,188
242,63,276,179
243,64,282,180
236,66,278,186
232,66,274,182
236,69,270,179
231,69,272,181
220,72,278,188
213,71,281,191
214,71,281,186
213,73,278,184
210,73,283,187
204,72,280,187
208,73,282,186
206,72,281,184
205,72,284,184
193,75,281,189
195,73,279,185
193,72,278,187
194,72,283,186
189,70,283,189
193,70,280,180
189,71,280,183
180,75,288,191
177,76,290,192
173,79,288,194
170,75,289,193
166,76,297,204
164,71,297,202
164,71,295,197
159,73,295,207
162,70,296,203
154,69,292,207
153,77,304,210
149,74,300,206
149,74,300,204
154,75,300,205
159,72,297,199
156,73,296,204
156,77,298,202
154,73,301,201
153,73,303,205
150,72,307,208
150,72,305,206
150,74,311,210
149,71,310,212
144,71,308,210
145,68,309,207
142,67,310,212
137,67,314,217
138,66,314,218
141,61,309,209
138,62,311,216
137,62,315,221
134,62,315,221
129,60,322,227
126,57,321,222
125,56,322,222
131,52,314,211
123,56,320,226
124,55,320,223
125,52,314,221
125,49,313,219
123,51,314,221
123,52,315,224
126,49,318,219
125,49,317,219
122,48,317,218
120,47,322,223
121,45,320,225
123,42,319,219
120,42,320,222
123,41,320,220
120,40,321,223
120,40,325,229
120,39,324,227
121,40,319,224
117,41,327,231
120,39,323,226
118,40,322,229
129,35,313,214
124,37,319,223
125,32,315,218
120,32,317,224
124,33,324,225
117,36,332,239
128,32,319,222
125,37,328,236
123,35,333,241
125,33,331,232
118,32,338,238
118,31,332,238
121,31,335,235
123,33,334,236
132,32,331,232
128,29,329,234
126,29,332,231
119,30,341,242
124,30,339,237
124,31,342,240
124,32,338,236
123,31,332,234
122,28,341,238
123,29,346,239
116,28,346,244
121,29,340,238
120,28,345,244
128,27,340,234
122,26,338,237
127,30,335,234
137,37,333,229
133,41,343,236
127,36,345,239
133,39,344,235
129,44,337,235
133,43,338,232
136,46,334,231
141,51,324,221
148,56,327,224
136,60,327,224
146,65,319,221
143,65,315,214
143,69,317,216
156,78,308,217
147,75,309,215
153,72,309,208
143,73,314,211
142,73,313,206
143,79,312,202
150,85,305,201
154,85,303,196
149,86,303,193
152,100,303,202
155,93,296,194
151,89,297,189
149,88,297,185
154,89,297,188
160,87,291,186
162,87,287,186
168,85,280,187
162,78,279,179
159,79,273,174
165,88,269,173
165,89,271,176
176,93,262,175
155,90,271,177
161,91,271,180
160,84,266,174
165,84,268,177
165,80,266,170
167,81,265,169
167,84,263,168
169,82,257,167
170,84,255,165
173,83,252,162
168,83,252,161
177,85,248,159
178,81,242,156
173,76,240,151
181,80,237,150
185,82,238,151
186,83,238,150
182,82,232,145
190,89,227,143
183,88,226,142
186,88,222,141
191,86,218,140
194,92,215,138
196,92,216,138
199,94,214,137
194,92,217,136
201,92,214,135
201,95,215,137
208,99,211,136
205,98,205,133
207,101,206,132
213,107,198,125
221,110,198,130
218,104,196,125
220,108,194,127
221,108,194,126
223,109,190,126
221,109,187,124
219,110,191,125
222,110,185,122
222,113,184,125
223,113,184,125
221,112,182,122
223,113,183,123
225,111,184,121
220,110,184,120
221,110,185,121
215,110,184,122
220,109,182,120
220,107,181,117
218,107,183,119
218,102,180,115
213,104,182,118
213,104,178,115
217,101,176,115
211,101,174,115
213,102,177,113
206,101,177,115
207,98,172,111
205,96,175,111
204,95,178,113
203,95,179,114
205,92,176,111
200,90,177,113
197,88,175,111
204,84,179,113
202,84,176,112
197,81,171,111
201,82,174,112
200,82,173,111
202,81,171,112
206,81,172,113
210,80,175,113
208,81,173,113
211,80,172,111
210,78,170,111
215,79,171,112
216,80,176,113
215,79,175,113
208,78,175,114
213,77,179,115
208,75,182,116
216,75,181,115
221,78,177,113
213,77,178,115
215,75,180,115
221,77,182,116
221,78,179,115
219,76,181,114
224,78,181,114
222,76,179,113
221,77,181,115
227,75,179,113
224,79,175,112
228,77,172,110
232,79,173,110
229,79,168,109
234,81,167,108
235,82,167,108
237,83,163,107
240,82,162,104
238,80,163,105
237,79,164,105
235,76,160,104
237,80,159,105
237,79,158,103
239,77,154,102
242,77,156,102
235,81,156,102
231,81,157,102
237,83,157,102
233,83,158,103
234,82,156,104
232,82,156,104
232,84,160,105
230,82,160,105
231,83,158,105
238,82,157,104
232,84,156,105
236,79,154,103
232,82,152,102
235,82,151,101
237,84,154,104
237,83,156,104
235,83,153,104
233,82,150,102
238,80,151,102
240,82,152,103
240,81,154,102
233,85,151,102
238,83,148,101
239,84,152,102
241,81,151,101
237,83,152,102
235,82,153,102
234,85,153,104
233,85,157,105
233,84,154,103
230,85,152,103
229,85,160,105
222,87,165,111
223,85,162,109
221,82,163,110
214,83,168,110
211,82,165,111
211,82,166,112
207,82,170,114
203,82,170,115
201,81,173,117
200,81,175,118
198,82,176,117
198,80,175,117
189,84,179,117
188,84,184,119
186,83,182,119
187,84,187,118
185,85,185,119
186,86,184,117
186,85,183,119
186,84,182,119
182,87,190,119
182,88,188,118
181,89,188,119
180,87,186,118
179,86,192,121
177,82,187,122
177,82,188,124
177,83,191,123
177,84,190,121
177,85,191,121
178,84,195,122
175,85,196,121
177,84,195,121
179,83,195,121
175,85,198,122
180,84,197,122
178,85,200,122
175,83,201,123
176,83,199,122
177,81,193,120
179,84,195,120
181,82,197,121
181,82,194,120
185,82,197,121
181,87,203,118
180,84,202,119
181,84,206,120
180,81,204,120
179,85,209,119
179,81,203,120
179,82,206,119
180,81,203,119
184,80,202,120
186,80,202,120
184,79,198,118
183,81,206,121
184,79,201,121
180,80,208,122
186,77,205,122
185,77,199,121
182,79,204,120
185,79,203,120
186,77,199,120
184,78,202,120
184,77,200,120
184,79,204,121
183,79,204,121
184,79,202,120
188,78,202,121
186,77,198,121
189,80,198,119
190,80,198,119
191,82,197,118
194,79,192,117
195,77,194,117
198,76,196,118
196,78,197,118
200,77,193,119
200,77,194,118
200,77,196,119
202,76,195,119
202,77,194,120
203,80,197,119
203,82,195,119
210,78,195,121
213,75,193,124
211,77,197,121
213,74,198,122
215,70,192,125
209,74,196,123
211,74,196,124
211,78,203,123
211,78,204,125
214,75,199,127
210,74,203,128
211,72,202,130
213,74,201,126
212,74,199,126
215,75,198,124
217,75,196,124
216,74,193,124
220,74,194,122
217,75,190,122
218,76,190,121
219,76,189,122
214,76,191,124
216,78,195,122
213,76,195,124
215,74,193,125
213,76,198,124
217,73,197,125
214,74,197,124
215,75,198,123
215,74,199,124
211,73,199,126
209,75,206,126
208,75,207,127
208,73,203,128
206,71,203,128
208,72,207,129
208,70,203,127
205,69,200,126
208,65,204,126
202,63,200,127
202,63,199,125
210,59,199,126
207,64,200,126
214,63,197,124
217,61,195,124
216,59,190,123
216,59,192,123
214,57,194,123
214,54,189,123
214,51,191,123
213,49,191,123
214,45,194,124
215,43,193,126
215,43,193,124
217,41,194,125
212,42,198,125
212,41,195,127
213,38,190,126
214,37,191,125
211,39,191,124
211,36,192,125
213,35,194,125
211,34,198,126
209,37,200,124
211,34,202,126
210,34,201,126
210,36,205,127
209,35,203,126
212,35,208,125
218,32,200,126
214,36,209,125
215,32,204,124
214,34,206,123
214,34,205,125
210,35,205,124
210,35,207,125
205,35,207,124
211,37,206,123
211,36,209,124
211,35,214,126
210,37,219,127
212,34,211,124
210,36,214,125
211,31,209,126
216,31,209,126
211,35,208,123
213,35,208,124
213,34,202,122
213,33,205,123
211,34,206,123
213,30,206,126
210,34,208,125
212,33,208,124
210,35,208,125
212,34,208,125
211,34,206,123
209,36,210,124
211,35,208,123
212,34,206,123
215,33,201,122
214,36,203,122
216,34,201,123
217,35,199,122
216,33,196,121
217,32,196,122
218,32,196,122
221,32,193,122
216,33,192,121
220,32,192,121
215,33,193,121
218,32,195,122
216,33,196,120
215,34,199,122
214,33,195,120
212,34,199,121
212,35,198,120
212,34,199,122
211,36,199,121
214,32,199,123
214,33,201,124
211,34,203,124
211,35,202,123
209,35,203,123
210,33,201,123
211,33,199,122
211,33,202,124
209,32,197,122
209,33,203,124
210,33,202,123
208,33,203,123
209,35,201,121
212,34,197,122
213,36,197,121
211,37,199,122
212,37,199,121
211,37,198,123
212,37,194,122
213,37,194,122
211,37,193,122
211,37,192,123
210,37,193,124
212,37,195,124
214,37,190,123
210,37,192,123
210,38,195,125
210,39,195,125
208,40,201,127
209,39,198,126
208,40,198,126
208,40,202,128
210,40,202,129
211,42,204,129
211,44,206,130
212,40,203,129
211,41,200,128
214,39,197,128
212,41,199,128
211,43,199,127
213,42,201,127
212,45,201,127
212,44,197,125
216,42,199,128
214,43,198,127
215,45,200,128
216,44,203,130
211,45,201,128
215,42,198,126
217,44,201,127
222,41,194,126
222,42,196,126
221,43,193,125
220,43,197,126
218,45,199,127
219,43,201,128
216,46,203,128
215,43,203,129
218,43,203,130
222,44,201,128
225,43,196,126
221,45,199,126
220,47,200,126
215,47,200,126
219,46,197,124
221,48,200,127
220,46,196,125
222,48,199,127
221,50,197,126
221,47,194,123
219,49,196,124
222,47,193,123
225,47,193,124
227,46,189,124
225,48,191,124
226,46,187,121
225,50,192,125
224,49,188,121
227,49,185,120
226,48,185,120
229,49,185,120
225,50,186,120
230,49,188,122
230,47,181,119
230,50,186,120
229,49,184,120
226,48,182,119
226,51,182,118
228,51,185,122
227,50,186,122
229,47,183,120
226,48,186,121
221,52,185,119
227,51,185,120
228,48,181,118
225,50,185,121
222,51,185,120
225,50,182,119
223,51,182,118
228,48,181,119
232,43,179,118
226,49,184,120
228,51,186,120
233,47,183,120
232,48,180,119
235,46,174,114
233,48,177,116
233,47,178,116
232,50,176,115
234,49,178,117
232,49,177,116
230,50,181,118
229,48,178,117
229,48,181,118
228,51,187,120
227,48,181,120
226,50,184,122
225,48,182,121
222,49,179,119
229,48,178,118
227,50,180,120
231,46,178,119
230,47,180,119
229,48,181,120
228,50,182,121
229,46,178,120
226,49,184,121
223,50,181,119
223,53,188,122
225,50,183,121
222,51,183,121
222,51,189,124
222,52,187,124
223,51,188,123
224,49,185,124
224,50,186,122
222,49,184,121
221,50,181,119
221,53,188,123
223,50,184,122
225,52,184,121
224,50,184,122
224,51,184,122
222,51,185,120
221,52,185,122
223,53,189,124
223,51,186,123
222,53,185,122
218,53,189,123
220,52,188,124
220,53,193,126
222,51,193,126
215,51,191,122
219,51,193,125
213,53,189,121
218,53,192,123
219,52,192,123
216,53,191,123
222,52,192,124
222,50,188,123
219,53,190,124
218,51,189,123
223,54,189,124
224,53,185,122
226,53,189,125
223,56,188,122
230,52,185,121
231,51,183,121
231,52,184,121
228,53,184,121
229,52,185,120
228,54,184,120
232,55,186,121
230,57,187,123
230,54,186,121
235,53,190,123
228,54,187,123
230,52,188,122
230,53,188,124
229,57,186,125
232,52,187,124
229,54,184,121
232,56,182,121
230,56,182,121
233,55,185,123
233,55,181,121
230,57,181,120
232,56,179,120
232,56,179,121
235,54,176,119
235,53,176,119
233,54,178,122
233,57,180,122
233,56,180,121
233,57,181,122
233,57,180,123
234,51,176,118
235,55,180,119
233,59,175,119
235,60,178,121
234,59,176,119
238,60,182,123
237,60,180,120
241,60,177,118
247,60,184,123
244,58,180,120
245,60,179,120
248,62,176,118
248,63,177,119
245,63,175,117
246,63,170,116
247,64,173,116
249,63,172,115
248,65,173,116
251,64,176,117
248,66,172,114
251,65,173,113
246,65,173,111
246,66,171,111
250,67,176,114
250,67,173,113
255,67,175,114
247,67,174,113
253,66,171,111
247,68,168,108
247,68,169,108
255,69,171,108
255,70,168,108
254,71,167,108
258,73,169,110
263,75,171,111
262,75,161,109
266,75,155,107
270,76,160,109
268,78,157,109
272,85,156,104
277,88,153,103
277,90,150,103
278,91,151,106
281,91,156,107
282,91,153,106
281,90,150,104
285,92,152,107
285,91,151,107
283,89,152,107
286,92,154,109
287,92,155,112
288,90,159,113
290,92,163,118
289,94,168,120
286,95,166,121
285,95,172,124
283,100,177,126
281,100,177,129
282,97,172,124
275,103,177,130
275,102,178,133
282,105,177,133
284,107,178,135
288,108,177,133
286,105,176,130
283,106,179,132
286,106,180,132
290,108,187,136
282,108,190,135
283,111,192,136
284,112,192,136
286,109,194,134
288,109,198,136
290,107,196,136
283,108,201,138
285,108,199,137
289,110,201,138
289,109,200,137
291,110,199,139
289,113,203,138
292,115,203,138
294,112,203,139
295,114,202,139
294,115,206,141
295,116,206,142
298,115,204,141
293,119,211,143
290,118,212,143
299,116,206,143
292,119,213,142
285,123,219,146
289,121,213,143
281,124,215,141
286,119,210,140
280,119,214,143
286,114,210,142
278,111,216,143
278,107,213,142
273,111,216,141
272,114,218,144
268,112,217,143
257,117,224,144
254,113,222,143
248,114,226,145
250,110,226,146
242,106,230,148
237,104,234,150
239,102,231,149
235,101,231,147
234,103,232,148
232,102,235,151
232,100,237,152
233,103,236,153
233,100,233,151
230,97,234,149
227,96,235,150
226,97,239,153
229,93,234,149
230,94,234,148
228,97,238,151
233,96,234,148
231,95,232,147
232,94,230,144
230,93,232,148
230,91,234,146
233,91,234,147
231,89,234,147
231,86,234,147
231,84,234,147
226,87,235,146
229,84,235,147
225,85,235,148
224,84,238,149
223,83,239,150
221,80,240,149
226,81,239,150
226,82,238,149
228,81,237,148
228,79,237,149
231,79,236,147
230,77,238,148
230,79,237,148
229,77,239,150
224,77,242,150
228,78,238,148
226,78,241,150
225,79,242,151
222,81,246,153
225,79,242,153
226,77,243,152
227,76,242,151
232,75,237,150
226,77,240,151
228,77,238,150
233,77,237,149
233,77,239,149
233,78,240,150
232,77,237,148
226,77,242,151
231,75,240,152
230,73,243,151
224,74,244,152
226,75,244,154
229,74,242,152
228,75,243,152
226,75,243,152
231,74,244,152
230,74,242,151
229,75,246,153
230,72,242,152
231,72,244,154
231,74,245,154
227,71,248,157
231,67,249,159
232,68,250,159
230,67,251,158
231,68,249,157
230,65,249,157
233,70,250,158
229,70,248,158
234,69,246,156
238,71,244,154
237,68,243,152
236,68,244,153
235,68,242,152
235,69,245,153
233,67,246,154
235,67,246,154
234,65,246,154
235,67,247,154
236,67,247,154
233,68,246,154
232,65,247,154
230,64,247,155
235,63,245,152
230,63,250,154
232,63,251,156
233,62,251,157
235,64,251,160
225,65,257,160
226,64,254,159
231,61,253,158
233,61,251,156
234,61,251,156
232,64,251,158
232,61,250,155
234,60,251,157
231,61,252,156
228,64,249,156
235,60,248,154
228,62,251,156
235,59,249,154
233,61,251,155
236,58,249,155
235,57,248,153
237,56,248,154
232,56,251,156
232,60,249,154
226,61,252,156
227,57,253,158
226,57,254,157
232,55,252,158
223,59,255,157
229,61,251,156
228,60,252,156
225,64,252,157
227,60,250,156
233,56,249,155
227,55,251,154
223,58,252,156
228,58,252,157
225,58,251,157
228,56,250,157
229,58,247,156
231,56,243,154
233,56,241,153
235,56,240,153
232,61,238,152
231,58,239,152
238,57,234,151
236,58,236,152
247,54,229,152
243,52,230,151
242,51,229,153
248,45,227,154
241,45,231,154
250,42,225,153
248,42,224,153
255,40,223,155
248,38,226,155
254,36,224,153
254,38,221,155
254,38,218,156
265,34,214,156
261,36,216,159
262,35,210,156
266,33,206,153
262,34,203,154
263,33,205,157
269,34,199,155
265,36,199,153
277,33,192,147
282,35,191,146
281,37,189,142
279,37,191,141
282,38,190,144
284,35,187,139
283,38,189,142
283,37,191,140
275,40,193,138
284,36,192,139
282,37,192,139
282,41,193,144
280,39,192,138
281,42,193,141
284,42,192,143
285,43,189,139
282,42,190,136
277,43,192,135
282,45,190,136
284,43,189,134
285,45,190,138
282,46,190,135
282,42,190,131
287,45,189,133
290,42,188,129
279,45,191,132
283,47,190,135
282,43,190,130
284,44,190,131
282,49,190,133
287,48,188,133
280,50,188,134
285,47,187,130
278,42,190,127
285,49,190,137
285,46,188,131
287,46,186,133
282,50,189,133
286,48,188,133
285,49,187,134
286,48,188,134
284,46,187,129
285,46,187,130
284,50,188,134
289,49,185,133
289,46,185,129
285,48,186,130
285,52,186,134
292,47,183,124
287,52,186,131
287,54,187,134
290,52,184,130
289,47,185,130
290,49,187,131
289,48,188,131
284,49,191,133
284,49,193,137
284,46,196,137
286,49,195,138
281,48,197,137
280,47,197,135
286,48,194,136
286,45,194,135
283,48,197,137
281,51,199,140
279,50,197,139
285,49,192,137
283,49,194,137
281,46,192,131
278,47,192,133
274,46,195,133
278,45,194,136
275,44,199,138
274,47,200,140
273,44,199,137
281,44,198,140
273,45,200,138
270,41,200,135
268,45,201,139
265,42,205,139
260,44,208,141
262,45,207,140
260,47,207,139
259,44,206,139
256,44,208,139
250,40,213,138
263,39,208,139
266,41,205,139
263,41,204,139
258,41,208,137
262,46,209,143
258,43,209,141
259,41,208,140
256,42,209,138
260,43,209,139
261,41,209,138
254,39,211,136
261,43,206,137
262,44,211,139
255,44,212,136
259,48,210,140
258,48,208,139
258,41,211,135
258,47,210,138
256,44,209,136
254,44,207,136
255,42,210,137
254,44,215,140
258,44,213,141
253,43,216,141
253,45,214,141
249,46,214,140
250,44,213,138
248,42,219,142
252,40,216,140
255,37,216,139
258,39,217,141
253,36,216,137
257,37,213,138
264,38,215,141
265,36,217,141
259,35,218,141
258,40,214,139
264,41,212,139
262,39,216,142
266,40,214,140
268,39,209,136
271,37,209,138
277,36,205,135
270,30,210,132
266,30,211,135
268,27,211,133
279,33,207,134
279,32,206,134
276,29,207,131
276,32,206,133
281,26,207,130
283,27,207,131
290,31,205,136
280,28,207,132
290,20,211,134
283,25,211,135
285,32,205,137
284,28,206,134
285,25,207,134
289,28,202,135
286,28,204,134
286,22,207,133
285,24,207,133
287,24,206,133
287,21,206,134
286,25,204,135
288,24,205,133
279,22,208,131
283,20,209,133
285,21,209,133
288,19,210,135
287,20,209,135
286,18,210,135
282,18,210,134
284,18,211,132
280,18,213,135
281,15,211,135
284,17,210,135
281,21,210,136
284,20,209,134
287,23,210,138
281,15,214,136
286,21,214,138
280,18,214,135
285,17,214,138
283,7,219,134
289,9,213,134
288,16,215,137
281,21,216,136
271,22,216,136
266,21,215,134
277,21,214,134
273,12,215,132
277,10,210,130
281,6,210,132
286,-4,209,128
291,-11,215,133
287,-17,215,132
298,-8,219,134
290,-5,219,134
287,0,218,134
290,-4,214,132
309,-18,215,133
307,-15,211,135
323,-15,212,132
316,-9,205,127
305,-3,205,126
307,-4,204,124
303,-4,203,127
313,-10,204,126
306,-8,198,125
318,-10,200,123
318,-4,192,119
317,-0,198,121
313,10,198,123
315,13,197,123
317,17,192,119
313,24,191,119
308,25,191,119
313,31,188,121
318,32,188,122
309,37,186,119
305,46,187,116
304,50,189,117
295,56,189,119
293,56,188,117
293,55,188,116
294,57,187,116
283,57,188,118
285,57,188,116
282,62,183,113
284,63,186,115
274,62,188,117
273,63,193,118
273,65,190,117
270,62,191,116
269,62,193,118
268,64,190,117
269,65,188,116
268,65,189,120
272,65,187,117
265,65,190,117
265,68,192,120
264,70,188,119
262,66,189,117
265,69,189,116
267,69,189,116
260,72,188,118
264,69,189,117
261,65,190,116
263,63,193,117
263,61,190,117
257,68,193,121
259,67,194,120
265,70,192,119
266,66,190,117
267,68,189,118
267,66,188,116
264,68,189,117
267,67,190,117
265,66,193,118
264,69,189,118
269,70,188,117
268,68,190,116
268,69,187,115
267,70,186,116
272,67,187,114
273,69,186,114
266,69,182,117
271,69,186,119
264,70,182,118
267,68,186,118
265,69,188,120
266,67,191,119
262,66,189,115
267,70,191,120
266,65,191,119
265,66,192,121
267,66,191,121
268,61,194,121
253,63,196,124
267,64,195,123
265,64,195,122
268,65,195,122
265,63,193,123
262,64,194,124
268,61,191,120
270,63,192,122
266,63,192,121
269,60,191,120
268,60,191,120
268,62,190,120
269,59,190,119
266,59,188,119
267,60,188,121
268,61,187,118
272,63,187,122
268,58,191,121
266,59,192,121
267,58,188,119
271,60,189,119
272,59,190,120
272,57,190,120
275,60,188,120
271,57,188,119
272,57,191,121
269,54,189,121
269,52,191,119
272,57,187,119
267,55,188,117
273,56,187,119
275,57,187,120
270,55,189,121
270,54,189,121
274,54,191,120
270,55,190,123
272,53,195,125
272,52,196,123
271,53,194,124
266,51,197,123
273,49,192,122
275,54,193,124
272,51,190,121
273,47,190,118
272,50,187,119
272,46,189,117
267,45,190,117
270,49,190,122
267,46,191,117
264,47,191,119
269,43,194,119
265,44,193,120
271,43,191,119
269,48,187,122
269,44,187,118
271,44,191,119
273,42,187,117
269,39,189,116
271,39,191,119
269,36,189,117
266,34,191,118
273,36,186,116
272,37,183,115
270,39,180,116
270,37,182,116
265,40,179,115
270,37,183,116
274,37,185,118
266,37,181,117
267,35,184,116
271,35,185,117
270,35,185,118
267,35,185,119
272,33,187,118
268,33,184,116
270,32,184,113
270,34,183,118
273,31,184,114
270,32,185,116
266,32,184,116
269,31,183,116
272,30,185,115
273,31,184,116
274,30,183,114
273,31,183,116
269,33,183,119
269,28,185,113
263,32,188,118
252,31,188,116
257,25,186,115
269,20,186,113
269,21,184,114
263,26,184,114
266,29,183,114
265,30,183,115
265,28,184,114
261,24,182,110
259,27,182,114
264,26,183,113
261,27,183,113
261,26,185,113
258,25,185,112
257,27,187,116
261,26,188,115
251,26,188,115
254,24,187,115
255,24,183,113
263,26,183,113
263,26,182,112
256,26,182,112
253,24,181,110
256,23,185,112
253,22,185,112
254,22,184,111
257,22,181,111
256,22,182,112
255,24,182,111
257,26,177,109
263,24,180,111
256,23,179,109
252,23,178,109
258,22,184,111
255,22,182,111
256,22,187,114
256,23,183,114
256,24,184,115
252,25,182,114
255,23,180,113
258,22,182,115
253,20,179,112
258,24,182,114
263,23,179,110
257,24,179,112
255,20,180,110
258,21,182,111
257,20,181,111
257,23,185,112
259,20,184,110
257,20,184,111
260,21,184,114
252,19,182,111
257,20,182,111
257,20,183,112
259,19,184,112
251,19,179,110
260,20,181,111
254,20,180,110
258,18,179,110
254,17,178,109
262,18,180,110
264,20,180,111
258,20,184,111
258,17,181,108
259,21,181,111
263,20,179,110
263,17,181,110
258,19,179,112
260,18,179,110
260,17,178,108
261,16,176,107
262,17,179,109
260,17,179,108
257,18,178,110
259,18,175,106
256,18,175,105
261,20,170,107
257,18,172,107
259,16,170,105
260,17,171,106
262,17,172,105
257,17,168,105
259,18,169,107
262,18,167,106
263,16,169,103
263,17,169,105
260,16,165,103
262,17,167,105
256,16,168,105
260,16,168,105
262,14,172,106
257,15,170,105
257,15,171,104
258,15,170,105
259,16,171,106
259,16,173,106
261,15,171,104
257,14,171,107
257,13,173,104
259,13,176,106
256,16,174,109
258,14,174,106
259,13,174,106
258,13,176,109
265,15,174,106
262,15,168,104
270,11,173,106
272,6,174,106
268,7,170,104
264,7,168,103
267,6,168,102
263,6,169,104
262,6,171,104
262,5,171,104
261,7,173,107
261,5,172,104
257,7,176,109
260,5,171,106
264,1,176,108
259,1,172,103
259,2,174,105
259,-1,175,106
263,-0,172,104
264,0,171,104
263,1,174,108
259,1,174,106
262,-1,175,106
261,-2,174,106
263,-4,174,106
262,-0,177,108
262,-3,174,105
256,-1,175,104
258,1,179,107
260,0,177,105
258,1,175,104
256,5,182,105
255,4,179,104
257,4,181,105
261,6,184,106
256,8,182,107
259,8,179,105
255,10,184,107
263,9,181,104
260,9,176,103
258,12,177,106
262,11,179,105
257,13,177,104
257,14,180,105
257,15,178,105
257,15,177,105
255,16,180,103
256,21,185,110
258,15,183,104
256,18,180,107
254,19,179,106
254,18,181,105
255,16,182,105
249,21,182,109
252,21,187,110
249,22,185,109
248,18,188,108
250,22,191,113
247,20,188,112
244,20,186,112
246,22,183,111
241,21,184,112
241,22,185,113
244,19,186,112
239,21,184,116
237,19,179,113
241,20,181,115
241,21,184,114
239,22,190,118
240,21,187,115
237,23,192,119
245,21,195,120
238,20,191,116
238,21,191,119
236,20,190,117
243,19,200,122
236,19,198,120
236,21,198,121
231,22,197,121
239,22,199,121
232,23,199,119
234,19,198,118
242,21,201,121
229,23,196,119
232,20,195,118
235,19,201,119
237,21,200,118
240,22,199,119
238,21,198,119
243,19,199,119
240,22,203,120
245,20,201,119
246,21,201,119
239,23,201,118
243,22,201,119
239,20,199,117
233,22,202,118
233,22,203,117
230,24,204,118
224,24,204,119
221,22,210,120
223,24,210,121
223,26,212,121
216,23,213,121
214,28,214,122
216,29,217,122
206,31,216,121
210,29,216,123
207,28,216,123
209,29,214,124
204,30,219,124
204,31,218,124
205,29,219,124
201,32,216,123
201,36,213,122
198,33,213,121
206,29,215,123
196,32,216,122
197,34,222,124
195,33,219,123
190,34,221,122
192,34,221,123
197,31,219,124
195,33,220,123
190,35,219,122
188,32,217,123
189,33,218,123
186,32,222,123
183,31,218,121
189,31,222,124
184,30,217,122
182,31,218,122
180,33,221,122
181,29,220,122
185,31,221,125
184,31,220,123
185,31,222,125
186,30,218,124
193,28,223,125
184,31,221,122
190,31,221,123
187,29,218,122
181,29,218,120
184,29,219,123
186,29,214,121
188,27,215,122
183,28,214,120
183,27,215,122
184,28,211,121
184,28,210,120
187,25,209,121
182,27,210,119
188,26,209,119
186,24,208,119
190,23,208,119
186,22,207,118
183,23,205,117
188,25,208,118
186,25,209,120
186,22,213,122
184,22,213,120
186,21,217,123
182,18,213,121
180,19,216,121
182,23,220,123
179,24,219,123
178,21,217,123
178,23,219,123
182,21,215,123
178,21,216,123
184,20,212,123
182,20,210,122
180,20,210,122
176,20,209,121
178,21,211,122
179,20,210,121
178,21,210,121
174,19,213,122
177,19,211,121
177,18,212,121
175,18,210,121
179,18,211,122
176,15,213,125
173,18,212,123
177,20,216,126
175,19,217,124
172,20,219,125
171,18,219,125
172,18,216,124
170,19,220,126
173,18,221,126
171,19,218,125
169,20,222,126
168,20,223,126
165,20,224,127
165,21,228,130
165,15,226,131
166,17,228,131
161,19,227,129
161,19,227,131
162,20,225,130
161,23,224,129
161,23,224,129
157,25,226,128
160,29,225,126
164,26,227,127
165,24,225,128
164,23,226,130
163,19,229,133
163,22,228,132
157,25,224,130
167,27,221,129
168,29,221,129
167,28,219,126
165,30,223,127
173,25,219,127
166,28,221,127
163,27,222,127
168,27,221,127
167,30,220,127
169,29,223,128
171,28,221,128
172,29,218,127
169,28,215,125
174,29,216,126
174,28,216,126
173,25,216,126
168,29,218,125
170,30,219,125
177,30,222,128
173,27,218,126
174,28,218,127
180,29,222,128
176,28,220,129
176,27,219,127
178,28,212,125
180,29,217,127
179,29,222,128
172,27,222,128
171,29,222,129
173,27,222,128
171,28,222,128
174,29,220,126
178,27,223,128
174,26,221,128
168,29,218,126
168,25,222,130
170,22,219,130
170,21,218,129
170,23,216,129
175,29,218,126
178,28,220,128
172,28,225,128
173,30,220,126
173,30,218,124
178,27,222,129
177,24,218,127
179,28,222,129
180,28,225,129
177,28,223,128
177,30,224,128
176,29,220,127
170,29,222,127
180,28,224,129
181,26,224,129
172,30,223,127
180,28,232,131
173,32,234,131
169,30,233,131
173,27,233,132
174,26,233,132
172,27,236,133
174,26,236,134
173,31,237,134
173,27,232,132
177,27,237,134
176,24,226,131
174,30,226,129
176,30,224,128
184,26,220,129
181,29,220,127
179,28,221,127
180,30,218,126
178,30,218,126
180,30,214,125
181,30,212,123
186,29,215,126
182,31,212,123
181,31,214,124
181,30,215,125
181,29,212,123
181,31,212,122
185,32,216,124
183,32,214,122
189,30,211,123
185,32,209,121
191,29,207,122
191,31,208,121
187,31,206,120
187,31,207,120
192,32,208,121
187,32,206,120
189,30,208,121
188,29,212,123
191,29,211,124
189,31,210,122
191,30,205,121
194,28,205,122
192,29,204,121
195,28,202,121
188,28,203,121
185,28,208,125
190,28,209,125
189,31,213,124
192,31,214,125
189,30,216,125
190,30,217,126
186,29,217,125
187,29,218,125
186,29,217,124
192,28,221,127
188,31,219,125
183,31,217,123
189,31,218,125
189,28,218,125
185,30,218,124
185,31,219,125
186,29,220,125
182,32,223,126
181,30,224,127
186,29,229,129
178,28,224,126
181,30,228,128
182,29,228,128
185,27,221,127
188,26,219,126
184,29,218,125
188,28,218,125
185,31,220,127
188,27,222,127
186,27,217,125
188,26,217,125
190,28,214,124
186,27,212,123
188,26,217,126
181,28,216,124
183,29,219,124
183,28,216,123
187,26,217,126
189,27,216,125
187,27,213,124
189,26,212,125
184,28,216,124
185,28,212,122
187,25,207,121
188,26,212,123
186,25,211,123
191,27,213,125
190,28,214,125
190,26,214,125
188,26,212,123
186,28,209,121
185,26,211,121
192,23,213,124
186,28,212,122
188,25,215,124
192,26,215,124
192,27,216,125
190,26,218,125
192,26,219,124
190,28,215,124
186,27,218,126
186,28,219,126
187,28,214,124
186,26,214,124
190,26,213,124
193,25,213,125
193,26,209,124
195,26,209,125
195,30,207,123
197,28,207,124
195,29,206,124
197,26,207,125
196,28,209,124
191,28,209,123
197,28,213,127
192,26,211,125
191,26,209,125
193,28,212,127
193,27,208,127
189,31,210,126
192,26,214,128
194,29,210,127
189,26,209,125
189,26,214,127
192,26,209,126
191,25,211,127
187,26,214,127
192,26,214,128
193,27,217,129
187,24,215,128
191,25,217,129
191,26,218,129
188,27,220,129
190,28,221,130
190,26,218,129
195,26,221,131
192,27,219,129
191,27,219,130
190,27,219,129
196,26,221,129
194,26,220,129
195,29,216,127
195,30,214,127
193,27,215,127
195,27,219,128
194,29,216,126
195,26,218,127
197,30,215,126
192,26,217,126
197,28,215,127
194,28,215,127
193,30,219,128
194,28,220,128
194,29,220,128
194,29,220,128
195,28,221,128
195,28,223,128
193,28,218,126
195,27,221,127
197,27,220,128
199,26,224,129
189,26,221,128
194,27,225,130
193,27,221,128
192,26,223,129
190,25,225,129
192,25,223,129
190,27,222,129
193,25,220,128
185,25,218,127
191,28,218,127
201,26,224,129
197,26,221,129
197,25,223,129
199,27,221,127
197,29,220,128
199,25,225,130
200,26,224,129
202,26,224,129
195,25,217,128
197,24,219,128
197,22,223,130
189,22,224,130
199,25,228,132
193,25,232,133
188,23,229,132
192,29,232,133
193,23,233,133
191,27,229,131
195,29,235,135
194,25,233,133
191,25,230,131
187,30,228,131
196,28,229,131
189,26,227,130
184,25,227,130
191,23,229,132
195,27,229,132
190,27,227,131
189,25,229,131
193,25,226,130
196,28,230,132
187,26,226,129
191,28,226,130
193,28,226,131
189,26,225,130
198,25,225,129
