151,45,82,78
151,45,82,78
151,45,82,78
151,45,82,78
151,46,82,78
151,46,82,77
151,46,82,77
151,46,82,78
151,46,82,77
151,46,82,77
151,46,82,77
151,46,82,77
150,46,82,77
151,46,82,77
151,46,82,78
151,45,81,78
151,45,82,78
151,45,82,78
151,46,81,78
151,46,81,78
150,46,81,78
150,46,82,78
150,46,81,78
151,45,81,79
151,45,81,79
151,46,81,78
151,45,81,79
150,46,81,78
150,46,81,78
149,45,82,78
149,45,82,78
149,45,82,78
149,46,80,77
149,46,80,77
149,46,79,76
149,46,80,76
149,46,79,77
148,45,80,76
148,46,79,76
148,45,80,76
148,45,79,76
148,46,80,76
148,45,79,75
148,45,79,76
148,45,80,77
148,45,79,77
148,45,79,76
148,45,79,76
148,45,79,76
149,45,79,76
149,45,79,76
149,45,79,76
149,45,80,76
150,45,79,75
150,47,77,76
149,47,78,76
149,47,79,76
150,48,77,75
150,48,77,76
149,49,78,75
149,49,78,75
150,49,77,75
150,50,77,74
150,50,77,74
151,49,77,74
151,50,77,73
151,49,77,74
151,49,77,74
151,49,78,74
152,49,76,72
153,49,75,73
152,49,76,72
157,48,70,70
157,48,70,71
162,40,64,69
162,40,64,69
163,41,63,68
159,38,67,67
159,38,67,68
159,39,68,67
158,39,68,66
159,39,67,66
160,39,66,66
159,39,67,66
161,40,64,63
163,41,63,63
163,41,63,63
164,41,64,64
163,41,65,64
163,40,65,63
163,40,65,63
163,40,65,63
162,39,67,65
161,39,67,65
159,38,69,66
159,38,70,66
159,38,70,67
156,37,71,65
156,37,72,66
154,35,74,67
154,36,73,66
154,35,73,68
154,35,73,70
153,35,73,69
154,43,71,71
154,42,72,73
154,42,72,72
151,45,76,75
151,45,76,76
150,47,77,76
149,47,77,76
149,47,77,77
149,49,78,76
150,49,78,76
149,52,79,75
149,52,78,74
150,52,78,74
150,53,77,74
150,53,79,74
152,59,77,68
154,57,77,69
153,56,79,71
157,54,75,67
155,54,76,68
164,50,74,73
164,48,75,75
165,50,74,73
164,49,74,75
164,49,74,74
162,48,75,75
163,48,75,76
165,53,72,71
165,53,72,72
165,50,73,74
165,51,72,73
163,50,74,74
162,48,75,76
163,47,75,77
165,49,73,75
164,47,73,76
164,47,73,76
164,49,73,74
164,44,71,76
166,45,70,74
162,38,72,73
163,39,71,73
164,40,70,72
162,37,71,72
163,36,71,72
163,34,69,71
162,34,70,71
162,34,70,71
164,32,68,68
164,32,68,68
161,27,71,65
163,27,68,64
161,27,70,65
159,28,71,64
162,28,68,64
161,29,68,62
162,29,67,61
161,29,68,61
161,29,68,61
161,29,67,62
161,30,67,60
161,30,67,60
161,30,67,60
161,30,67,59
162,30,66,59
162,29,67,60
162,30,67,60
162,30,67,60
158,27,68,59
160,27,66,58
147,33,69,62
146,33,68,62
147,32,69,62
145,35,71,64
144,34,72,65
143,35,73,65
143,35,73,66
143,35,72,65
143,34,76,70
142,34,77,71
142,35,74,67
142,35,75,68
142,35,75,68
142,35,76,69
142,34,76,70
140,34,77,71
142,34,77,71
142,34,77,71
143,33,76,70
141,34,77,72
142,33,76,71
142,32,76,71
141,33,76,70
142,32,74,67
142,32,75,69
144,30,74,67
144,29,74,66
144,30,73,66
144,31,72,66
145,31,71,67
155,26,70,69
157,26,69,67
155,25,69,67
150,27,71,67
149,28,71,67
144,31,70,62
144,31,69,61
145,30,69,60
136,36,72,61
137,35,72,61
128,37,73,63
128,37,73,62
128,37,74,62
126,38,75,64
127,37,73,63
129,37,74,63
128,37,74,63
128,37,73,63
126,38,74,62
128,38,73,60
126,39,72,61
124,40,73,62
126,39,72,61
123,41,72,62
125,40,72,60
122,41,73,61
122,40,73,61
122,40,72,61
123,40,73,61
124,39,73,61
124,40,72,61
123,40,73,61
123,40,72,61
120,40,73,62
120,40,73,64
119,42,71,62
119,42,70,63
120,42,71,60
117,45,69,60
116,44,69,59
108,46,70,60
108,47,70,60
108,47,70,60
108,47,71,61
108,47,71,60
86,59,68,65
83,62,69,69
83,63,68,67
83,64,70,67
85,64,69,66
89,63,68,66
89,64,67,65
90,62,67,64
89,65,69,65
88,65,69,65
90,64,68,65
88,65,68,64
89,63,68,65
89,63,69,64
91,63,68,64
92,63,68,64
91,63,68,65
89,65,69,65
92,64,67,65
88,67,69,65
90,65,70,66
90,64,70,66
90,64,69,65
93,62,69,65
91,64,69,65
94,62,67,64
95,62,66,63
93,63,67,64
94,62,66,63
94,63,66,63
96,60,66,63
96,62,65,61
96,62,65,62
96,63,64,62
97,63,62,59
96,61,63,60
97,62,63,60
97,62,62,59
97,62,62,59
95,63,63,60
94,62,65,62
95,61,65,62
94,62,66,62
94,61,65,62
95,62,65,62
95,62,64,62
96,62,63,60
97,60,63,59
94,63,65,62
94,62,64,61
95,62,63,60
93,62,65,62
94,62,65,61
94,62,65,62
93,62,65,61
93,62,64,59
93,63,63,60
92,63,63,60
93,63,63,60
92,63,64,62
93,62,64,60
92,63,64,60
92,62,65,61
93,62,64,60
93,62,64,60
91,63,64,60
92,63,64,60
92,63,65,60
93,62,64,60
92,62,66,62
91,63,64,61
91,63,64,60
91,62,63,61
91,63,64,61
92,62,63,60
91,64,63,61
92,63,62,60
92,63,62,59
91,63,62,60
93,62,62,59
91,63,62,61
93,63,61,59
92,63,61,60
92,62,62,59
92,62,62,59
91,62,63,60
91,62,63,60
90,63,63,61
90,63,63,62
90,62,63,61
90,63,62,60
88,63,63,62
90,62,63,60
91,61,64,60
89,62,64,62
88,63,63,63
88,62,64,63
89,62,64,62
89,62,63,60
89,62,63,61
89,62,63,62
89,62,63,61
90,61,62,60
90,62,62,60
90,61,62,60
89,62,63,62
89,62,63,61
89,62,63,61
89,61,64,62
90,61,64,62
89,60,64,62
89,61,64,62
89,61,64,63
88,61,65,64
87,60,66,64
89,59,65,62
88,60,65,64
89,61,65,63
88,61,64,62
88,61,64,62
87,60,64,62
87,60,64,61
87,61,63,62
88,61,63,62
88,61,63,62
88,62,62,61
88,61,62,61
89,62,62,60
87,62,62,61
87,61,63,60
88,61,63,61
86,60,64,62
86,60,65,63
87,60,65,63
87,60,65,63
86,60,66,64
86,60,65,63
88,60,63,60
86,60,64,62
86,60,65,63
86,60,65,63
86,61,64,63
87,61,64,61
86,61,64,62
87,60,64,61
87,61,64,61
88,61,64,62
88,60,63,61
86,61,64,62
86,61,64,62
86,60,65,62
85,60,64,62
85,60,64,62
85,60,65,63
86,60,65,62
86,60,65,62
85,60,65,63
85,60,65,63
86,60,64,62
85,60,64,63
85,60,65,63
86,59,65,61
86,60,64,61
87,60,64,61
86,61,64,62
86,60,64,61
86,59,65,63
87,60,64,62
86,60,65,63
86,59,65,62
86,60,65,63
87,58,66,64
86,58,66,65
87,57,67,65
87,57,67,63
87,57,65,63
87,56,65,64
87,57,65,64
88,55,66,64
87,56,66,65
87,56,66,65
87,53,68,65
88,54,67,66
88,53,67,65
89,53,67,64
89,53,68,64
90,55,69,66
91,54,70,65
91,52,72,67
92,52,72,66
93,51,72,65
93,53,72,66
93,52,72,65
96,51,73,66
96,52,72,67
97,51,73,66
96,52,72,67
96,52,72,67
103,48,73,67
102,48,73,69
103,48,74,68
105,46,75,69
104,45,75,70
106,45,79,69
107,45,79,69
106,44,78,70
113,45,74,63
114,45,76,63
122,39,77,67
121,39,77,67
121,39,76,67
126,39,76,65
126,39,76,65
128,39,78,66
129,38,77,67
127,39,78,67
130,39,78,68
130,38,78,69
129,38,77,69
129,38,77,68
130,38,77,68
129,37,77,69
129,38,77,68
128,38,77,69
128,38,77,69
129,38,78,69
130,38,76,67
130,38,76,68
128,37,76,69
128,38,76,68
128,37,76,69
128,37,79,69
129,37,79,70
132,36,79,69
133,36,79,69
134,36,80,68
133,32,79,71
134,34,81,70
138,32,82,72
139,33,81,70
139,32,81,71
141,34,79,71
143,35,79,70
138,34,79,72
138,34,79,71
137,34,79,71
134,31,78,73
134,31,78,74
139,26,76,72
140,26,76,73
140,27,77,72
141,23,80,78
140,23,81,79
142,25,78,79
141,25,77,78
143,24,77,77
147,27,74,74
146,27,74,74
156,27,73,76
156,27,74,76
155,26,75,76
149,27,72,71
149,28,71,70
142,27,74,72
143,25,75,73
142,25,75,73
141,26,71,67
140,26,71,68
135,30,66,67
134,31,67,68
134,29,65,66
132,31,66,66
134,32,66,65
141,28,65,63
141,29,66,64
139,30,67,65
143,26,71,67
144,25,70,65
153,24,71,69
153,25,72,69
152,24,71,69
156,21,75,76
157,21,75,75
159,21,75,70
160,20,75,70
160,22,73,69
165,19,76,68
167,19,75,68
167,19,75,68
167,20,73,67
166,21,74,67
175,41,69,74
176,41,68,74
175,29,68,77
175,28,68,77
176,29,68,76
168,22,72,72
169,23,72,72
167,19,73,74
167,20,73,72
169,20,72,74
166,20,74,73
166,20,74,75
167,21,73,71
166,21,73,71
167,21,72,71
165,27,68,66
165,26,67,66
166,28,73,69
166,29,72,69
166,28,73,69
164,28,74,68
166,28,73,67
165,28,71,64
161,31,69,65
164,31,69,63
163,32,68,63
161,33,69,65
160,31,69,67
158,32,70,68
161,29,70,68
157,32,68,70
155,33,69,70
154,31,71,71
154,30,71,72
154,30,71,72
156,28,73,74
156,27,73,73
160,24,72,74
159,23,73,75
160,24,72,75
158,25,74,76
157,25,74,77
155,30,74,76
155,30,74,76
154,30,75,76
152,30,74,75
151,31,75,76
141,42,72,69
142,40,72,70
141,41,72,70
138,45,71,67
138,46,70,67
135,45,73,68
135,45,73,67
135,44,73,67
138,45,72,68
136,46,72,67
148,42,71,68
147,42,72,69
148,40,71,69
155,37,71,69
158,36,71,69
161,27,74,74
160,26,76,76
162,26,75,75
161,26,75,75
161,25,75,75
158,26,77,76
157,25,76,76
158,25,76,76
157,26,75,74
156,26,75,74
154,26,76,75
156,25,76,75
156,26,75,74
155,27,75,75
159,24,75,74
161,26,75,76
160,26,76,77
160,25,76,77
160,27,76,76
160,27,76,76
158,29,75,77
159,28,75,76
157,29,75,77
161,30,74,74
158,30,75,77
163,30,75,77
164,31,75,75
164,31,73,76
163,31,75,77
162,30,75,78
162,32,74,76
164,32,73,75
164,32,73,74
162,31,74,75
163,32,73,74
159,36,73,73
158,35,74,74
159,35,74,74
159,34,72,73
161,35,72,72
153,41,67,70
151,41,67,70
152,40,68,71
151,41,68,71
152,41,67,71
150,39,68,70
151,38,67,69
152,39,67,69
151,38,68,66
150,36,68,66
147,36,70,64
146,36,71,66
147,36,71,65
146,37,73,67
147,36,72,67
156,40,69,62
155,40,68,62
156,39,68,62
158,40,68,61
157,41,67,61
159,42,67,60
158,43,65,59
158,42,66,60
157,41,64,60
159,41,64,59
155,44,61,56
156,44,62,58
156,44,62,57
153,44,60,57
152,45,60,56
143,43,59,58
145,43,58,57
146,43,58,56
145,38,58,56
146,37,58,57
160,28,57,64
161,28,57,63
159,27,58,64
162,23,60,64
160,22,62,65
163,18,58,64
163,18,58,64
163,17,57,62
163,14,58,62
161,16,59,63
145,21,67,61
146,20,67,62
145,20,68,62
151,17,66,60
150,17,67,60
149,17,68,61
149,17,67,61
151,15,67,59
151,17,66,60
150,18,66,60
153,21,65,62
152,22,64,61
156,20,63,59
157,20,65,58
159,19,64,57
162,19,64,58
161,21,64,59
160,20,65,59
161,19,65,61
160,19,65,61
161,17,64,62
162,18,64,63
162,16,65,62
161,17,65,61
161,17,64,62
159,16,62,59
159,16,62,58
162,17,61,57
160,17,57,56
158,17,56,54
150,21,68,57
152,21,69,58
149,21,69,58
151,20,68,61
151,21,67,60
157,20,73,64
158,20,72,65
154,20,71,64
160,19,73,65
160,18,73,65
172,8,59,60
171,8,59,59
171,8,59,59
174,6,59,61
172,6,60,62
174,8,62,62
172,7,62,62
173,9,62,64
171,11,62,65
172,10,63,66
170,12,63,63
168,14,63,62
168,13,65,64
168,12,65,63
169,11,65,65
165,15,68,68
167,23,62,57
171,24,62,56
162,24,62,53
162,24,62,53
156,26,62,56
155,26,61,55
155,25,61,55
153,27,63,59
153,28,64,60
148,27,65,61
149,27,66,62
149,26,65,61
147,25,66,62
147,26,65,61
147,27,65,61
147,28,65,62
147,27,65,61
144,28,64,61
146,27,65,62
146,28,66,63
147,28,65,62
147,28,64,61
150,29,65,62
149,28,66,62
152,28,64,61
152,28,65,62
152,29,66,63
158,27,63,63
158,28,62,61
141,17,61,60
142,17,60,59
142,16,60,60
142,20,69,69
144,19,68,69
143,25,69,72
144,24,69,72
143,25,71,73
143,28,71,74
144,28,72,76
140,29,78,73
141,29,79,73
141,29,80,74
145,27,77,73
144,27,76,72
145,25,75,70
146,24,75,70
147,23,75,71
147,23,72,68
146,25,74,68
143,17,78,74
145,16,78,75
143,18,78,74
145,15,76,74
145,15,77,75
145,15,77,75
150,14,76,80
150,14,77,80
151,14,77,80
151,15,76,79
151,15,76,80
149,16,77,80
148,16,77,79
149,17,76,78
148,17,77,79
147,16,77,79
144,29,71,73
145,30,71,74
145,24,76,76
145,26,76,77
146,24,76,76
147,23,73,74
146,22,74,75
150,25,74,72
148,25,74,72
149,26,74,72
153,26,75,73
153,29,75,73
151,31,73,71
151,30,73,72
151,31,73,72
150,34,72,73
151,35,73,73
152,35,72,72
151,36,72,72
153,35,71,72
150,32,66,72
149,32,66,72
149,29,66,73
150,28,65,73
148,29,66,73
153,21,67,69
153,22,66,69
161,17,68,68
161,18,69,68
163,18,67,67
163,11,68,71
162,10,70,72
162,12,69,74
162,12,69,74
160,11,70,74
160,11,71,75
161,12,71,75
159,14,72,75
159,14,72,75
158,14,73,75
156,24,68,70
156,24,68,71
155,30,72,74
153,31,72,75
155,32,72,74
157,33,69,68
158,31,69,69
167,27,73,76
164,28,73,77
167,25,73,76
168,26,72,76
168,25,74,78
167,24,75,78
169,24,74,79
167,24,74,78
167,23,76,80
170,22,74,78
170,21,75,79
169,21,75,78
169,21,75,79
166,13,77,80
167,12,78,80
161,14,78,80
160,14,80,82
160,15,80,81
157,16,79,81
156,17,80,81
154,27,73,78
154,27,73,78
154,27,73,78
149,27,75,76
149,29,76,76
151,30,76,77
150,30,76,76
151,30,76,76
150,32,75,77
151,32,75,78
152,36,74,78
151,36,74,78
152,37,74,78
153,40,71,72
151,40,71,71
153,33,70,77
153,34,71,77
153,33,71,78
156,29,72,76
156,27,73,76
158,23,76,81
157,23,76,81
158,22,75,80
149,31,75,73
151,30,73,73
151,35,77,78
149,36,77,78
149,36,77,78
147,33,77,76
149,33,77,76
147,36,73,74
146,36,72,75
147,36,73,75
148,50,73,72
150,49,73,72
152,39,71,77
151,40,71,77
152,40,70,76
155,28,74,77
156,31,73,76
158,26,73,79
159,24,73,79
159,30,73,79
147,39,73,72
148,41,73,72
149,31,75,74
149,30,75,73
148,33,76,74
150,30,71,73
149,31,71,74
149,37,73,74
149,37,72,73
149,39,72,73
150,46,69,75
152,45,67,74
155,42,67,70
154,43,66,70
155,44,66,69
160,33,69,73
163,37,68,72
153,32,70,73
154,34,69,72
153,33,69,72
148,43,66,68
149,41,67,70
147,41,69,70
152,39,67,72
153,41,67,72
148,41,69,69
146,41,70,70
145,50,70,71
145,49,70,71
146,49,70,71
147,51,71,71
147,51,70,70
151,44,68,74
150,42,68,75
150,44,68,75
157,42,69,72
159,40,67,72
158,34,70,75
158,36,71,75
158,35,71,75
151,34,73,75
153,34,73,76
147,39,72,70
146,40,71,70
147,39,71,69
144,25,76,70
142,29,77,71
149,39,71,68
149,41,71,69
148,41,72,70
148,39,73,68
151,39,72,67
143,39,74,71
143,41,74,71
141,43,74,73
140,38,72,73
138,39,71,73
140,32,72,74
141,33,72,73
142,33,72,72
140,34,71,72
141,35,72,71
143,32,71,72
142,33,72,73
143,33,71,72
143,31,73,74
141,32,73,74
142,31,74,74
141,31,72,73
143,31,72,73
146,28,73,73
144,29,73,73
152,26,72,72
152,26,74,73
151,27,73,73
153,27,75,72
156,26,74,71
158,26,74,69
159,26,73,68
159,25,73,67
160,26,72,67
162,24,71,65
162,26,70,67
162,25,69,67
164,25,70,68
166,27,69,65
167,27,69,65
170,28,68,64
169,27,68,64
171,27,68,64
169,29,66,62
171,28,67,63
169,32,64,66
172,31,64,65
169,33,63,65
172,34,61,63
171,35,61,63
162,46,58,60
160,47,59,61
160,48,58,61
155,54,63,65
154,54,62,64
153,55,65,65
153,56,65,64
153,55,64,64
150,57,65,64
153,54,67,64
155,57,65,65
154,57,64,64
155,57,65,65
157,62,67,64
155,62,65,65
149,66,68,66
150,66,68,66
149,67,68,66
145,66,69,69
145,65,68,69
145,63,72,71
144,61,73,72
144,63,72,71
145,65,73,67
145,65,73,67
144,62,76,72
140,63,77,72
139,63,79,74
140,63,79,74
142,62,79,76
139,56,75,73
138,57,76,73
136,57,77,73
137,56,79,73
135,56,78,74
133,53,83,80
134,52,84,81
133,53,84,80
133,59,81,76
133,60,82,76
127,59,87,80
127,59,87,80
127,59,88,81
125,58,89,81
125,59,87,80
122,62,87,83
123,62,86,83
122,62,86,83
122,64,89,84
121,64,89,83
121,65,89,83
121,65,88,83
122,65,89,83
122,67,89,83
121,66,89,84
119,68,89,83
119,69,89,83
119,69,90,82
119,69,90,83
118,70,90,83
117,68,90,85
118,68,90,85
117,68,89,84
117,68,90,84
117,69,90,85
117,66,89,85
117,67,90,84
116,66,90,85
117,67,90,85
117,67,90,85
116,67,91,85
116,66,91,86
116,66,91,86
121,72,90,77
121,72,88,76
127,70,92,83
127,70,92,82
127,70,92,83
128,66,91,85
129,66,91,85
129,66,91,85
129,66,91,85
130,66,91,85
131,66,90,85
130,66,91,85
130,64,89,85
130,64,90,86
131,64,89,86
130,65,90,85
130,64,89,85
130,64,89,85
130,64,89,85
130,64,90,86
130,64,89,85
129,64,89,86
131,63,89,87
130,63,90,87
131,63,90,88
131,63,90,87
132,63,89,87
132,63,91,87
132,62,90,87
132,63,91,88
136,63,90,86
137,62,89,87
147,61,89,86
147,61,90,86
147,61,90,87
149,61,88,88
148,60,89,89
149,59,89,90
149,60,89,88
149,60,89,89
152,56,85,90
151,54,86,93
149,32,80,95
153,31,79,95
150,31,80,96
150,26,81,89
149,26,80,88
148,26,81,81
149,26,80,79
149,26,80,79
153,30,76,68
152,30,77,69
193,28,82,82
192,24,83,83
194,23,83,83
194,25,83,83
192,27,83,83
119,-5,83,83
115,-6,84,84
115,-13,85,85
120,-0,85,85
109,-0,85,85
160,16,85,85
173,10,86,86
187,12,86,86
198,18,88,88
187,23,89,89
181,15,89,89
191,10,90,90
195,18,90,90
195,10,90,90
195,9,89,89
192,17,89,89
194,19,90,90
188,14,89,89
198,28,90,90
196,27,92,92
186,22,93,93
187,23,92,92
185,20,93,93
182,23,93,93
191,24,91,91
139,39,91,91
146,42,90,90
141,46,90,90
175,23,90,90
153,30,91,91
162,23,91,91
157,27,92,92
138,34,90,90
134,38,90,90
153,29,92,92
141,35,93,93
137,30,95,95
137,31,94,94
140,36,96,96
137,27,98,98
130,29,100,100
111,13,102,102
128,38,101,101
130,26,102,102
122,29,103,103
144,30,103,103
126,37,106,106
134,27,107,107
118,36,110,110
118,45,109,109
128,16,109,109
110,8,112,112
112,31,114,114
112,41,114,114
119,15,114,114
118,33,115,115
105,21,113,113
115,6,114,114
102,39,112,112
107,46,112,112
126,28,112,112
115,6,112,112
114,6,113,113
144,21,96,90
141,22,94,88
142,23,94,88
153,19,94,101
153,20,93,101
160,29,89,101
159,30,88,102
159,28,89,103
160,42,89,96
161,42,89,95
165,45,88,94
165,47,87,93
165,46,87,94
167,47,86,89
167,45,86,89
161,48,91,92
162,48,90,92
161,48,90,92
161,48,89,92
160,47,90,92
161,48,89,90
161,47,89,91
160,46,89,91
162,44,88,89
162,43,89,90
159,41,88,88
160,41,88,86
161,42,88,86
158,36,85,83
158,38,85,82
157,36,85,82
157,35,85,82
157,36,85,81
152,42,82,76
150,43,81,75
149,40,82,82
149,40,83,82
149,40,81,81
150,42,82,81
152,42,82,81
155,40,84,83
154,39,84,83
154,39,83,83
157,39,83,83
158,38,83,82
157,39,83,83
157,41,82,82
157,41,80,80
158,40,81,80
159,39,81,79
159,39,81,79
159,41,82,79
159,40,82,80
159,39,81,81
158,40,82,81
159,40,83,80
157,40,84,82
159,39,84,82
155,39,85,82
155,37,84,82
157,41,78,75
156,42,77,75
156,43,79,76
158,40,79,82
158,42,82,80
158,40,80,81
158,40,79,81
159,41,80,79
161,39,79,78
160,39,78,78
171,22,75,78
174,19,75,79
171,20,77,80
176,9,73,76
175,9,74,77
166,17,81,71
165,16,82,70
165,16,82,69
166,16,82,71
165,17,82,73
167,17,82,71
166,17,82,72
167,16,83,70
166,17,82,73
165,18,81,71
167,17,82,72
167,18,80,71
168,17,80,72
169,18,79,71
170,17,79,70
172,17,73,73
173,18,74,75
173,18,74,74
164,35,76,73
163,36,76,72
158,40,76,70
158,39,76,71
158,39,76,71
153,41,75,68
152,41,76,69
145,42,75,70
146,41,75,69
146,42,75,69
143,46,78,72
143,46,80,72
144,45,80,74
144,45,80,73
143,45,80,74
144,46,80,73
144,45,81,73
145,46,80,73
144,45,80,73
144,46,80,73
146,46,81,73
146,46,81,73
146,46,80,72
146,47,80,73
146,47,80,71
148,46,80,72
148,46,80,73
151,45,78,70
151,45,79,70
152,45,78,70
155,42,80,73
155,41,81,74
156,42,80,73
156,42,79,73
154,41,80,74
154,43,81,74
154,42,81,74
156,43,80,74
157,44,79,73
157,43,78,72
157,43,79,73
159,43,78,72
160,43,78,72
159,44,78,72
160,44,78,72
162,42,78,73
162,42,78,73
164,42,76,72
163,42,77,72
163,42,76,71
165,43,75,71
163,42,75,72
163,42,73,72
162,42,73,73
162,42,73,73
155,51,72,69
156,49,74,72
157,49,73,73
157,49,72,72
156,49,73,73
156,50,73,72
155,50,74,72
156,47,73,73
156,46,74,74
155,47,74,73
156,45,74,74
155,46,75,74
154,42,76,75
156,41,76,75
156,43,76,74
156,42,76,74
158,40,74,75
157,39,77,76
157,40,76,76
157,39,76,76
156,40,78,77
157,39,78,77
158,40,77,77
159,39,76,77
161,39,74,76
160,40,75,76
159,40,77,77
162,37,76,77
158,38,77,77
161,37,77,78
160,35,77,73
159,34,77,73
158,37,77,70
159,39,78,70
159,38,77,70
156,40,80,75
156,40,79,75
156,40,80,75
156,40,80,76
156,40,80,75
157,39,78,74
157,39,79,74
158,36,80,75
158,37,80,75
158,35,80,77
160,38,85,73
158,37,85,74
163,37,82,73
163,37,82,72
162,36,83,74
164,32,83,80
162,33,84,81
162,35,82,88
161,36,81,86
163,36,81,87
158,45,80,81
160,46,79,79
159,43,80,79
162,42,78,79
164,43,76,77
161,42,78,78
163,42,77,77
161,44,77,76
164,43,74,75
164,44,74,75
160,44,77,76
162,44,76,76
161,43,76,77
163,45,75,75
161,44,76,77
163,44,74,76
162,43,75,76
161,44,76,76
162,45,75,75
160,43,76,76
162,43,74,77
162,43,75,78
161,43,74,75
160,45,75,74
162,44,73,74
161,46,70,70
161,46,70,70
163,29,71,71
161,28,71,72
163,29,71,71
162,28,71,68
162,29,71,69
163,28,71,69
164,28,71,69
165,28,71,69
164,27,72,70
162,27,73,71
166,29,69,69
167,29,68,67
165,29,69,68
165,30,67,66
166,30,67,66
168,33,65,68
168,32,65,67
168,33,64,66
170,33,65,66
170,33,65,66
167,34,68,66
166,34,68,66
166,35,69,66
166,33,68,65
165,34,69,65
170,31,68,67
172,29,70,69
172,28,69,68
183,26,74,69
184,28,73,68
177,33,75,65
176,33,74,64
177,33,74,64
174,33,75,64
175,32,76,64
174,34,74,63
172,34,73,63
173,35,73,62
162,41,71,64
162,42,72,64
155,41,74,69
155,41,75,69
156,41,76,70
154,43,75,70
153,42,76,71
155,40,77,71
154,40,77,71
154,41,78,72
155,38,78,73
154,39,78,73
152,42,76,70
153,43,76,69
153,43,76,69
148,43,75,69
149,42,77,70
146,42,78,72
146,43,77,71
146,42,77,71
146,42,76,71
147,42,78,72
148,39,78,73
150,38,79,72
149,39,78,72
148,40,76,72
150,38,78,74
147,36,77,73
148,35,76,72
147,36,76,71
151,39,75,66
153,39,75,64
147,37,77,70
148,36,77,69
148,36,77,69
149,36,80,73
149,36,78,73
147,39,76,73
148,39,77,72
148,39,77,72
148,41,77,73
148,41,79,74
153,49,74,72
156,48,75,71
155,48,73,73
152,45,77,72
151,46,78,74
151,46,78,73
153,45,78,73
150,46,78,73
152,44,78,74
154,42,78,74
155,48,75,72
154,48,73,71
156,46,74,70
157,47,75,71
157,48,75,71
155,49,76,72
156,49,77,72
156,49,77,72
149,51,68,69
150,51,70,70
142,50,68,69
141,49,67,70
144,51,70,71
125,47,76,75
126,47,75,73
133,53,70,73
133,53,70,71
133,52,69,71
142,54,69,72
142,56,68,72
138,52,67,70
139,53,67,71
139,51,67,70
139,44,75,72
140,44,76,72
141,46,78,72
140,44,78,71
142,46,79,72
147,45,76,69
146,47,74,69
161,49,73,73
162,49,72,74
162,49,72,72
164,41,69,77
164,40,69,77
172,4,77,77
175,6,68,70
173,7,68,69
176,-5,73,69
173,-6,73,69
175,-9,71,65
175,-10,70,65
176,-10,70,65
183,-15,73,62
183,-13,74,62
181,-22,76,76
183,-14,71,62
184,-15,71,61
173,-6,69,64
172,-6,69,64
174,-3,70,68
172,-2,71,67
172,-3,72,69
172,-1,67,70
172,1,67,69
169,9,68,71
171,8,71,73
168,8,70,73
167,17,76,76
168,17,75,74
166,27,78,73
167,27,77,72
168,28,77,71
162,31,78,72
160,32,77,71
154,35,77,71
155,34,78,73
154,34,78,73
149,34,81,78
149,34,80,76
151,34,80,77
149,38,76,70
149,38,78,71
145,37,78,74
147,36,77,74
146,36,77,74
145,36,76,74
145,37,75,74
147,34,75,79
147,33,75,79
148,34,74,78
150,35,77,81
152,36,77,81
149,36,76,80
151,38,75,79
150,37,75,78
148,37,76,80
148,37,75,79
145,39,71,73
146,40,71,73
145,40,71,73
145,39,75,71
146,39,75,70
150,38,76,70
150,38,75,70
150,37,74,70
152,36,75,72
152,36,76,73
155,36,79,73
153,36,78,73
154,36,78,74
155,35,75,74
155,35,76,74
157,32,76,75
156,33,75,74
156,33,77,75
157,33,76,75
157,32,76,76
158,35,76,76
159,34,74,75
159,34,75,75
160,33,78,77
160,33,80,78
159,33,79,79
160,33,80,80
160,33,81,81
161,30,83,82
161,31,83,83
164,33,85,84
164,34,84,83
164,32,83,83
167,38,83,81
166,38,83,80
161,39,82,72
159,42,78,72
161,42,80,72
160,39,81,79
162,37,82,78
164,38,81,77
162,44,77,75
162,42,78,75
193,37,83,81
189,35,84,81
198,34,83,81
194,34,84,80
195,36,83,79
192,31,84,76
193,31,83,75
187,28,82,75
189,28,83,77
188,28,83,76
185,31,83,76
183,34,82,74
183,29,84,78
183,29,86,79
181,30,85,78
180,30,85,79
181,28,86,80
179,28,85,79
176,29,85,78
179,27,87,83
181,27,86,82
179,27,87,82
179,26,88,82
183,26,87,82
181,28,87,81
179,28,88,81
179,27,88,82
178,27,89,82
180,27,89,82
179,28,88,82
168,28,84,81
170,26,85,83
166,26,87,84
166,29,86,81
166,26,86,82
166,24,86,82
167,24,84,82
168,27,82,81
167,25,82,82
167,26,80,80
163,13,81,87
164,12,80,85
161,4,81,80
160,4,83,82
160,4,83,81
156,0,82,78
161,3,83,81
168,5,84,81
167,3,84,80
169,4,85,82
172,-1,84,77
173,0,84,77
168,0,85,79
166,-2,85,77
172,-0,85,78
167,1,85,79
171,-0,84,78
167,3,84,77
169,2,85,77
166,1,87,78
164,7,85,81
167,6,84,81
163,9,84,81
163,10,84,81
163,7,83,80
165,7,80,80
161,7,81,80
160,2,79,75
162,3,78,74
162,2,78,73
160,15,78,74
160,15,78,73
160,18,78,74
159,15,79,73
160,17,78,72
159,20,78,72
160,19,78,72
160,22,79,73
160,22,77,72
160,22,77,72
160,22,76,71
160,21,77,71
161,21,76,70
160,21,77,71
161,21,78,72
161,18,77,71
161,16,78,70
164,15,78,70
162,14,78,71
164,15,77,70
162,13,79,71
162,14,79,71
162,13,78,72
162,14,79,74
162,13,80,72
161,14,80,75
162,12,80,72
163,14,78,72
166,14,77,70
162,14,78,71
159,17,78,70
160,18,78,70
158,21,77,72
156,19,78,70
159,19,77,71
156,19,77,71
156,20,77,72
155,19,79,75
155,25,80,79
157,22,79,77
145,20,79,72
146,21,78,72
148,18,77,72
148,19,77,71
145,18,78,73
142,18,81,74
140,18,83,76
140,17,84,78
143,16,85,79
138,15,85,78
145,17,82,76
141,17,82,76
146,18,81,77
144,23,81,77
145,20,82,77
143,19,79,75
142,24,79,75
137,27,97,97
144,36,79,74
145,36,81,75
145,38,82,75
145,38,83,75
128,21,100,100
139,36,80,76
141,40,81,77
133,25,86,76
134,26,86,77
131,24,86,78
133,26,85,76
135,23,85,76
136,26,81,77
134,26,80,76
138,40,82,77
137,43,82,78
137,43,83,79
137,37,80,79
137,39,81,80
137,38,80,80
137,40,81,80
138,36,81,79
136,38,82,80
137,37,83,81
135,41,83,82
136,42,82,81
135,43,82,81
136,39,81,80
134,41,82,82
136,40,82,81
137,39,80,79
137,40,79,78
137,37,80,78
139,37,82,79
130,27,86,80
131,22,88,81
129,26,88,82
127,28,89,77
128,32,89,77
126,30,88,76
127,32,87,76
130,33,86,75
126,32,88,75
129,31,88,76
121,30,88,75
123,30,88,75
124,30,86,73
117,37,85,76
118,34,84,75
120,36,83,75
122,35,82,72
122,40,84,75
124,39,84,78
122,38,83,75
128,38,83,75
126,38,82,73
126,37,83,75
134,38,85,78
133,36,86,78
132,42,83,80
133,40,81,76
134,40,82,78
132,38,82,79
133,36,82,77
129,26,85,79
129,31,86,80
128,28,85,79
120,35,88,79
121,34,89,79
123,38,89,81
123,36,89,81
122,38,89,81
123,36,89,83
124,35,89,82
121,37,88,82
122,38,88,82
120,34,87,80
119,38,89,81
117,38,89,81
117,38,89,81
118,40,90,83
117,37,89,81
117,35,89,81
120,38,88,81
119,34,88,80
118,39,88,81
118,36,89,81
116,38,88,81
117,37,88,81
117,39,88,82
116,36,89,81
115,39,88,80
117,37,88,81
117,37,90,82
115,39,89,82
116,37,89,81
114,40,91,84
117,38,91,84
116,40,92,86
117,39,92,85
116,40,91,85
120,38,91,84
115,39,93,86
116,41,93,86
113,40,93,86
118,38,92,86
116,39,94,87
116,39,94,88
114,38,94,88
119,38,95,88
115,37,94,88
120,38,95,88
119,37,93,85
119,37,93,86
120,39,92,86
118,40,93,86
119,38,93,87
126,36,90,86
122,37,92,88
130,35,89,86
130,31,89,84
128,36,89,86
123,37,89,86
125,39,88,85
116,29,93,85
117,29,92,86
117,26,92,84
118,36,91,83
119,35,91,83
120,36,91,82
123,34,90,81
119,34,91,83
118,40,91,85
119,38,91,83
120,38,90,84
121,35,89,82
118,39,90,83
118,36,89,82
117,39,90,83
121,38,88,81
119,40,89,82
122,37,87,80
120,39,87,80
120,39,87,79
120,39,87,82
122,40,88,82
124,36,87,81
121,40,88,82
120,40,89,83
121,38,88,82
119,39,88,82
119,39,88,82
119,40,89,83
121,37,88,81
119,38,90,84
120,40,90,84
118,38,88,82
121,39,89,83
121,38,89,83
123,37,88,83
122,36,88,81
122,40,88,82
122,37,87,81
121,39,89,84
122,39,88,84
123,38,88,83
123,38,88,84
120,38,89,84
123,38,88,84
123,40,90,83
124,40,89,83
123,40,89,82
129,32,88,80
130,29,87,79
164,36,91,80
165,33,91,79
166,34,92,80
172,33,85,76
170,34,84,77
171,36,87,81
171,33,84,77
172,33,87,79
170,28,86,77
170,31,85,77
172,35,85,78
173,32,83,76
173,35,84,78
173,36,86,78
172,36,84,76
174,31,83,79
170,28,83,78
171,30,82,77
171,32,80,77
170,31,80,77
166,37,78,74
164,40,78,73
164,39,78,73
167,41,79,75
165,42,79,74
164,42,79,74
165,42,78,74
166,44,78,74
163,44,78,73
162,44,77,73
164,45,77,73
164,45,76,72
166,46,77,74
166,42,74,73
166,42,74,72
168,31,88,88
162,24,89,89
163,25,91,91
179,13,79,80
178,13,77,81
178,11,79,81
173,2,78,90
173,2,79,90
169,-12,82,88
168,-13,83,88
169,-11,81,88
166,-21,84,88
165,-21,84,88
166,-16,86,78
167,-16,86,79
168,-20,86,79
164,-12,88,85
163,-11,87,86
164,-13,86,84
163,-13,85,83
162,-13,84,83
165,-12,84,85
164,-11,83,84
166,-12,82,81
163,-14,82,82
166,-12,83,83
165,-12,82,82
163,-12,83,85
165,-13,84,84
164,-12,83,84
167,-12,83,81
165,-13,82,81
167,-12,82,82
164,-14,82,82
166,-14,81,80
166,-13,80,80
165,-14,79,79
168,-11,79,81
166,-12,79,79
165,-12,80,80
165,-12,81,82
166,-12,80,79
166,-12,79,79
168,-10,81,81
165,-12,82,83
167,-11,82,82
166,-12,82,81
164,-12,83,81
165,-9,81,81
165,-9,81,81
167,-8,80,80
167,-2,78,80
168,-2,75,78
166,5,76,78
165,4,76,77
164,5,75,76
168,24,74,75
169,22,73,72
168,27,74,70
167,26,73,70
171,29,73,69
172,32,72,68
174,35,72,68
175,37,72,68
172,31,71,65
174,34,71,64
174,39,73,67
174,40,75,67
171,40,75,67
174,40,76,66
171,41,76,69
171,43,77,70
171,42,77,69
170,44,76,68
168,42,76,67
168,43,76,68
167,43,71,68
167,42,71,68
166,51,71,70
168,52,71,70
170,54,70,70
166,59,76,72
164,59,76,71
163,61,77,71
160,60,78,71
162,59,78,71
165,63,76,72
165,64,75,72
165,66,74,70
163,65,74,71
164,65,74,71
160,68,74,72
163,67,73,71
162,68,75,71
166,69,73,70
167,70,73,70
170,67,72,66
171,67,72,66
167,68,73,67
166,68,73,68
167,68,74,68
160,62,78,70
161,61,77,70
162,63,79,73
164,62,77,72
165,62,77,72
172,60,77,75
177,62,74,73
179,65,74,72
177,65,76,74
178,65,74,72
175,66,75,72
175,67,75,72
175,67,74,68
176,67,74,68
175,67,74,70
173,70,74,70
173,71,74,70
171,70,76,71
171,70,76,71
172,70,75,70
176,66,72,70
174,66,73,71
171,65,74,73
174,65,73,72
172,65,74,73
171,67,76,73
169,68,78,76
167,70,79,76
168,70,78,75
168,70,79,77
164,72,82,80
163,72,83,82
161,73,82,82
160,76,84,83
161,71,85,84
151,77,86,83
152,77,85,84
150,74,87,83
149,73,88,84
149,76,88,83
152,72,88,85
151,71,88,84
151,71,89,83
152,72,87,83
152,72,89,85
147,75,88,84
147,73,89,84
146,74,88,85
146,74,88,85
145,74,88,85
145,72,89,86
144,73,89,85
144,72,89,86
145,71,90,87
144,72,88,84
144,72,89,86
144,72,89,86
142,72,90,87
142,71,90,87
142,73,90,87
142,74,91,88
140,76,90,86
138,72,93,89
140,72,92,89
139,73,93,89
139,73,92,89
139,74,91,88
141,74,90,88
140,76,90,87
141,73,89,87
142,72,89,90
142,69,89,90
142,72,87,89
141,70,87,90
141,71,88,89
143,67,87,89
143,68,87,89
146,65,86,89
146,66,86,89
146,66,86,88
150,66,86,90
148,66,86,90
151,64,86,91
149,65,87,89
150,64,87,91
151,67,88,91
152,67,88,91
154,67,87,91
151,66,87,91
152,66,87,91
152,67,88,90
150,67,88,89
152,67,87,89
154,67,87,89
155,67,86,90
155,67,87,90
153,66,88,91
154,66,87,90
154,65,86,89
153,66,87,89
154,65,86,89
155,66,85,88
154,64,86,89
154,65,87,89
155,65,86,89
156,66,87,88
156,66,88,89
158,67,88,89
156,65,88,89
157,66,88,90
157,66,88,88
157,66,88,88
156,65,88,89
155,65,89,89
157,64,89,90
157,66,86,87
156,65,87,87
155,64,88,88
155,64,88,87
158,64,86,87
153,66,88,85
153,66,89,86
159,66,89,87
156,64,91,88
154,65,91,87
162,57,88,81
162,57,88,82
160,57,89,79
162,57,87,78
160,58,88,82
161,57,88,78
164,56,86,78
163,57,87,78
163,57,87,79
161,56,89,78
161,53,85,84
160,54,86,84
163,55,82,80
163,56,83,82
161,58,84,83
159,61,86,85
158,60,87,85
162,64,87,87
161,63,87,86
161,63,87,86
163,62,88,89
164,62,87,90
164,60,89,90
163,60,89,89
165,60,88,89
162,60,88,89
163,58,88,89
162,60,89,90
162,59,89,91
161,59,90,91
156,54,91,92
157,56,90,91
159,53,92,90
159,53,92,89
159,53,90,88
160,57,90,89
161,58,91,90
164,59,88,88
164,57,89,89
164,58,90,89
162,64,91,89
162,63,91,89
164,62,92,90
164,62,93,91
164,59,94,91
163,61,90,93
162,59,92,92
161,56,95,95
162,58,94,95
162,56,95,95
157,58,91,94
156,58,91,94
155,56,89,92
156,56,88,92
156,57,88,92
153,54,92,87
154,57,91,89
156,56,90,89
155,54,90,89
157,54,91,91
156,55,91,89
159,56,89,89
157,57,89,88
159,57,88,88
158,58,89,88
159,56,89,87
157,56,90,87
159,55,89,86
157,56,89,86
156,57,89,85
163,56,90,84
161,55,90,84
174,55,88,87
176,54,88,87
176,53,87,86
175,57,87,84
177,59,88,83
173,59,86,82
177,58,88,82
172,58,87,83
174,59,87,82
172,59,87,82
171,57,85,83
169,60,86,84
170,58,86,83
171,58,85,82
168,59,86,83
162,61,87,83
164,60,87,83
164,58,87,83
166,59,88,83
164,59,88,83
162,59,87,83
165,61,87,83
165,59,87,82
168,56,82,85
167,55,83,86
166,57,87,83
166,58,87,85
169,58,87,83
170,57,86,81
170,58,85,81
167,57,87,82
170,57,87,82
171,57,87,82
166,57,89,82
169,57,88,81
161,57,88,81
164,57,88,82
163,56,88,81
160,57,89,89
162,56,88,90
162,57,90,91
160,58,91,90
161,58,91,90
162,56,91,91
161,56,91,90
162,57,90,89
160,56,91,89
162,56,90,90
162,55,91,90
161,56,92,90
164,55,91,91
161,55,92,91
161,56,91,89
164,55,91,92
163,55,91,91
163,55,92,92
161,55,92,91
162,55,93,93
163,56,91,92
162,56,91,92
161,56,92,92
163,56,91,92
162,56,91,91
162,55,91,92
163,56,91,92
164,55,90,93
163,54,91,93
162,56,91,92
161,55,92,92
159,56,92,91
160,56,92,91
161,57,91,90
160,56,92,92
161,57,91,92
161,55,91,92
162,56,90,90
162,57,89,89
162,56,89,90
164,58,90,87
164,59,90,87
168,59,91,86
164,59,91,86
166,59,91,87
165,56,89,88
164,56,89,88
163,43,86,91
161,41,85,89
163,43,85,92
170,57,87,91
170,56,88,92
169,58,88,87
168,58,87,86
167,58,86,86
168,56,87,87
170,58,88,87
168,54,88,85
169,57,88,86
168,55,88,85
167,56,88,83
169,56,89,84
167,55,87,82
169,53,89,83
168,53,88,84
170,55,88,83
171,56,88,83
169,56,88,82
