942,349,109,90
963,293,108,89
949,265,101,92
963,302,105,87
1023,322,103,86
1038,328,103,86
1038,328,104,87
1036,301,104,87
1032,300,103,86
1028,266,103,86
1031,257,99,83
1014,266,99,83
1048,319,97,81
1112,365,97,81
1117,371,98,82
1127,424,99,83
1143,431,100,84
1090,400,100,84
1044,312,100,84
1040,312,99,83
1037,308,98,82
1091,371,99,82
1088,350,99,82
1092,366,99,82
1074,315,97,81
1044,314,97,81
1036,301,97,81
1027,276,97,81
1078,313,97,81
1102,351,97,81
1109,361,98,82
1144,398,97,82
1149,402,95,80
1175,408,95,80
1168,409,95,80
1175,405,93,79
1172,402,94,79
1177,405,94,79
1159,402,93,78
1163,414,91,76
1159,414,90,75
1175,427,89,75
1173,429,88,74
1192,430,88,74
1197,438,89,74
1188,442,88,73
1186,439,87,72
1176,459,87,72
1183,458,87,72
1189,471,85,70
1186,461,83,69
1176,449,83,69
1183,456,82,68
1192,471,82,68
1190,457,80,67
1193,444,79,66
1181,444,80,67
1187,446,79,67
1189,453,79,67
1196,446,80,68
1197,448,79,68
1190,428,78,67
1181,428,77,66
1185,425,77,66
1184,423,76,65
1178,429,77,66
1176,433,77,66
1199,436,77,66
1193,434,76,65
1194,427,77,66
1197,433,78,67
1186,412,78,67
1183,411,78,67
1175,414,78,67
1184,413,78,67
1196,421,78,67
1198,415,78,67
1197,441,77,66
1185,420,78,67
1178,441,77,67
1186,442,77,67
1183,482,78,67
1189,473,77,66
1200,466,76,65
1202,461,77,66
1195,455,76,65
1190,451,75,65
1185,410,75,65
1183,411,75,65
1200,445,77,66
1198,436,77,66
1188,466,75,65
1175,467,74,64
1189,452,73,63
1193,455,72,62
1186,458,71,61
1185,460,70,60
1174,457,70,60
1158,447,70,60
1167,436,70,60
1194,449,70,60
1210,447,70,60
1203,444,70,60
1211,440,69,59
1211,440,69,59
1206,434,68,58
1208,435,68,58
1205,436,66,56
1219,436,65,55
1204,430,65,55
1180,433,64,54
1207,430,64,54
1209,439,63,54
1215,439,63,54
1218,437,64,55
1195,417,64,55
1215,424,64,55
1213,421,63,54
1212,417,62,54
1203,437,61,53
1202,441,60,52
1215,431,60,52
1216,433,60,52
1211,441,59,51
1207,446,59,52
1206,440,59,52
1205,441,59,52
1208,444,59,52
1212,444,59,52
1210,452,59,52
1209,453,59,52
1210,467,59,52
1218,466,59,52
1214,448,60,53
1209,447,60,53
1204,450,60,53
1206,451,60,53
1209,436,60,53
1211,433,60,52
1209,427,59,52
1208,423,59,52
1213,423,59,52
1216,424,58,51
1216,432,57,51
1221,431,58,52
1217,445,58,52
1219,445,58,52
1219,463,57,51
1217,458,57,51
1223,455,58,51
1228,458,58,51
1222,459,57,50
1222,457,57,50
1220,441,57,50
1218,443,57,50
1220,428,57,50
1218,431,57,50
1218,426,58,51
1216,426,58,51
1219,431,58,51
1216,422,57,50
1214,414,57,50
1213,420,56,49
1220,432,56,49
1220,429,55,49
1219,437,55,49
1220,436,55,49
1219,443,54,48
1221,442,53,47
1212,442,53,47
1207,446,53,47
1207,449,53,47
1212,452,52,47
1213,453,52,47
1214,453,52,47
1212,457,52,47
1211,462,51,46
1219,458,51,46
1217,457,51,46
1209,456,51,46
1212,455,50,45
1222,456,50,45
1224,455,50,45
1225,457,50,45
1227,459,49,44
1219,454,49,44
1211,453,49,44
1228,440,48,43
1229,441,48,43
1226,439,47,42
1227,441,47,42
1231,435,47,42
1227,434,47,42
1228,427,47,42
1225,427,47,42
1224,421,47,42
1225,422,48,43
1223,418,48,43
1220,419,49,44
1222,422,49,44
1223,423,49,44
1223,421,49,44
1224,422,49,44
1223,429,49,44
1223,425,49,44
1225,428,48,43
1224,427,48,43
1225,434,48,43
1226,436,49,44
1223,435,49,44
1219,436,48,43
1220,434,48,43
1218,436,48,43
1220,439,48,43
1220,434,47,42
1215,439,48,43
1213,442,49,44
1215,447,49,44
1223,452,49,44
1216,458,48,43
1218,457,47,42
1220,455,47,42
1219,456,47,42
1217,452,46,41
1217,455,46,41
1220,455,46,41
1218,456,46,41
1213,454,46,41
1213,455,45,40
1218,447,46,40
1221,447,46,40
1222,439,46,40
1226,440,47,41
1226,444,46,40
1229,445,47,40
1227,440,47,40
1227,440,46,39
1231,442,46,39
1227,439,45,38
1227,433,45,38
1226,433,45,38
1230,429,45,38
1229,430,45,38
1223,425,44,37
1225,423,44,37
1232,435,43,37
1230,439,44,37
1226,423,43,36
1225,424,44,37
1228,424,44,37
1228,426,44,37
1228,423,43,36
1230,423,42,35
1230,428,42,35
1231,428,42,35
1228,443,42,35
1224,439,42,35
1224,444,42,35
1226,449,42,35
1225,449,42,35
1226,447,42,35
1219,443,42,35
1221,442,42,35
1221,446,42,35
1220,447,42,35
1216,445,42,35
1220,445,41,34
1218,452,40,33
1214,450,40,33
1217,452,40,33
1217,453,40,33
1216,432,41,34
1217,430,41,34
1219,423,41,34
1225,423,40,34
1224,410,40,34
1227,410,40,34
1228,411,40,34
1226,411,40,34
1231,425,40,34
1230,426,40,34
1228,432,40,34
1229,430,40,34
1226,458,41,34
1235,459,42,35
1230,459,42,35
1233,458,42,35
1232,443,42,35
1229,442,42,35
1221,424,42,35
1226,425,42,35
1223,399,42,35
1222,398,42,35
1214,397,42,34
1214,397,42,34
1219,425,43,35
1221,428,43,35
1218,395,43,35
1217,393,43,35
1217,410,43,35
1224,410,42,34
1223,431,42,34
1226,432,42,34
1221,435,42,34
1223,437,42,34
1224,451,41,33
1224,451,42,33
1216,472,43,34
1218,473,43,34
1211,422,44,34
1213,419,43,34
1219,418,44,35
1217,415,44,35
1221,443,43,34
1220,443,43,34
1232,463,43,34
1226,465,44,34
1229,456,44,34
1230,457,44,34
1233,457,44,34
1232,455,44,34
1238,446,44,34
1235,448,43,34
1230,443,43,33
1232,443,44,34
1230,449,44,34
1231,448,44,34
1232,447,43,34
1230,447,42,33
1234,445,42,33
1234,444,42,33
1234,451,42,34
1237,449,42,34
1229,454,42,34
1225,451,42,34
1231,445,43,34
1228,447,43,34
1221,441,43,34
1226,442,44,35
1225,446,45,36
1226,445,45,36
1224,449,45,36
1225,446,45,36
1225,446,45,36
1223,447,45,36
1219,445,46,36
1217,446,46,36
1216,455,46,36
1213,451,46,36
1220,445,46,36
1219,444,47,37
1227,442,47,37
1226,440,47,37
1221,449,47,37
1223,454,46,36
1222,449,46,36
1222,448,46,36
1231,459,45,35
1230,458,45,35
1230,440,45,35
1232,438,45,35
1234,432,45,35
1230,435,45,35
1234,439,44,35
1233,439,44,35
1229,431,43,34
1229,430,43,34
1233,436,43,34
1232,437,44,35
1228,430,45,35
1233,434,45,35
1229,426,45,35
1229,426,45,34
1231,427,45,34
1232,427,44,33
1232,436,43,32
1228,435,43,32
1230,441,43,32
1228,440,43,32
1223,438,44,33
1229,441,44,33
1226,448,44,33
1230,451,44,33
1227,456,44,33
1223,455,43,33
1227,458,42,32
1225,457,42,32
1225,455,41,32
1224,454,40,31
1224,467,40,31
1226,463,40,31
1229,464,40,31
1229,466,40,31
1205,445,40,31
1212,447,40,31
1223,434,40,31
1224,433,40,31
1234,453,40,31
1237,454,40,31
1239,458,40,31
1240,457,40,31
1236,441,40,31
1238,443,40,31
1236,443,38,28
1237,442,38,27
1237,435,38,28
1238,435,38,28
1234,431,38,29
1236,433,37,27
1234,432,38,27
1235,432,37,28
1233,433,37,27
1234,433,37,27
1233,438,37,28
1234,438,36,28
1235,432,35,28
1234,432,36,27
1236,430,34,27
1235,430,34,27
1228,431,36,27
1229,430,36,28
1219,436,38,30
1230,460,37,26
1234,477,38,30
1237,483,35,26
1235,500,38,31
1231,508,36,26
1226,498,36,28
1226,498,36,27
1234,491,36,28
1235,491,36,28
1229,471,38,32
1224,466,36,28
1229,443,38,32
1220,425,37,30
1229,432,37,29
1230,433,37,29
1236,445,37,29
1237,446,37,29
1237,450,37,29
1237,450,37,29
1234,453,36,28
1234,453,36,28
1235,459,35,28
1236,459,35,27
1236,454,35,27
1237,454,35,26
1232,443,34,25
1233,444,33,24
1233,424,32,27
1228,420,35,25
1231,421,34,26
1231,421,34,26
1233,427,35,26
1234,427,35,26
1234,428,34,26
1234,428,34,26
1232,447,35,25
1239,452,33,26
1228,432,34,29
1220,423,34,29
1215,417,34,29
1217,392,34,29
1190,397,34,29
1177,402,35,30
1163,421,35,30
1150,453,35,30
1162,456,35,30
1150,446,35,30
1146,430,35,30
1153,426,35,30
1173,426,34,30
1170,427,34,30
1169,431,34,30
1167,431,34,30
1167,398,34,30
1166,396,34,30
1164,390,34,30
1169,391,34,30
1170,379,34,30
1165,377,34,30
1170,377,34,30
1167,377,34,30
1162,380,34,30
1163,378,34,30
1165,388,35,31
1163,386,35,31
1166,397,35,31
1167,397,35,31
1163,415,35,31
1162,413,35,31
1157,393,34,30
1159,395,34,30
1161,385,34,30
1158,390,34,30
1165,399,30,23
1165,400,29,23
1161,411,34,30
1164,414,30,23
1161,425,29,23
1160,425,29,23
1157,433,28,23
1154,430,33,29
1158,412,33,29
1162,412,29,23
1164,419,29,23
1164,419,29,22
1168,416,28,22
1168,417,27,21
1165,425,32,28
1170,430,27,22
1172,412,28,22
1171,412,28,22
1168,392,32,28
1169,395,28,22
1169,410,29,23
1170,409,28,22
1153,423,32,28
1160,432,32,28
1171,435,32,28
1174,438,27,22
1174,425,28,23
1174,424,28,23
1163,404,32,28
1161,397,28,22
1170,393,27,21
1169,393,27,21
1168,391,27,22
1168,390,28,22
1167,395,27,21
1166,394,28,22
1164,391,29,22
1165,392,28,22
1164,401,27,21
1164,402,27,21
1159,401,28,22
1159,401,28,22
1160,409,28,22
1160,409,29,22
1168,402,28,21
1167,401,29,21
1165,410,29,22
1165,410,29,22
1169,412,29,22
1168,411,29,22
1153,421,33,28
1157,423,33,28
1182,434,30,22
1186,433,29,23
1189,435,29,23
1188,436,28,23
1176,414,33,29
1179,410,29,22
1171,423,34,30
1174,429,30,24
1164,412,30,24
1165,412,30,24
1153,406,30,25
1154,405,30,25
1167,394,30,24
1167,393,30,24
1168,388,29,24
1168,388,30,25
1165,387,30,24
1166,388,30,24
1166,378,31,24
1167,378,30,24
1166,377,29,24
1166,377,29,25
1167,394,30,25
1167,395,30,25
1167,414,29,24
1166,413,29,24
1162,432,30,25
1163,435,29,24
1171,451,30,25
1173,454,29,24
1163,435,29,24
1163,435,30,25
1160,425,29,25
1160,424,29,25
1165,409,30,25
1165,409,29,24
1170,401,30,24
1169,401,31,25
1168,408,30,24
1169,409,30,24
1167,392,30,25
1168,391,30,24
1168,388,31,25
1169,390,29,24
1169,385,31,24
1168,385,31,24
1170,390,30,24
1169,389,31,24
1170,397,32,24
1170,398,31,24
1171,403,31,25
1170,403,31,24
1166,403,30,24
1167,402,30,24
1166,393,31,24
1165,393,31,25
1164,390,31,25
1165,390,31,25
1164,397,31,25
1163,397,31,25
1163,408,36,33
1167,414,31,26
1171,424,30,26
1171,424,31,26
1173,439,31,26
1173,440,30,25
1161,441,35,32
1161,462,35,32
1152,441,35,32
1167,420,31,26
1177,409,31,25
1178,410,31,25
1175,401,31,24
1176,401,31,24
1182,411,32,25
1184,412,31,25
1181,415,31,24
1182,414,31,25
1178,431,36,32
1182,439,29,26
1175,424,31,25
1176,424,31,25
1184,418,32,28
1184,419,32,28
1174,435,36,32
1172,444,30,27
1169,433,32,25
1170,433,32,25
1155,427,32,29
1154,424,32,28
1152,412,37,33
1175,390,37,33
1176,379,36,33
1161,362,33,27
1160,383,34,28
1160,389,32,26
1163,390,35,33
1159,412,35,33
1157,426,30,26
1157,427,30,26
1162,427,30,26
1162,428,30,26
1165,429,30,26
1166,429,29,26
1166,448,29,26
1167,449,29,26
1172,465,34,33
1178,473,28,25
1175,487,33,32
1176,494,30,31
1170,492,33,32
1152,500,33,32
1148,487,33,32
1126,464,34,33
1136,455,34,33
1171,460,30,26
1182,473,29,27
1182,472,30,27
1200,485,32,30
1201,487,31,29
1199,466,35,34
1190,451,31,28
1193,437,36,35
1180,418,31,30
1179,421,30,26
1179,420,30,26
1178,425,31,27
1179,427,30,26
1181,444,30,27
1182,447,29,26
1168,429,30,27
1168,428,30,27
1161,425,30,27
1161,425,31,27
1167,409,30,25
1167,408,30,24
1172,393,30,25
1172,393,30,25
1150,394,32,28
1146,394,31,27
1160,391,34,33
1178,393,30,26
1176,408,34,33
1181,420,29,26
1183,425,30,26
1183,426,29,26
1177,420,30,26
1177,421,29,26
1174,408,28,25
1175,407,28,24
1174,395,27,24
1173,395,27,24
1175,381,28,23
1174,380,29,23
1178,385,28,23
1179,385,28,23
1175,400,34,32
1180,410,29,25
1177,389,34,32
1176,372,34,32
1179,361,34,32
1184,360,34,32
1190,360,34,32
1196,362,34,32
1198,374,35,33
1184,394,36,34
1163,388,33,27
1162,392,31,25
1168,399,33,27
1167,398,33,28
1175,410,32,27
1175,409,32,27
1188,413,38,36
1191,420,37,36
1174,442,32,31
1173,444,32,29
1167,425,32,29
1167,426,32,29
1171,407,38,37
1177,401,39,38
1179,432,35,33
1182,437,33,31
1179,441,34,29
1180,443,33,28
1173,424,32,28
1173,424,32,28
1166,416,32,28
1167,417,32,28
1167,403,32,28
1168,404,32,28
1174,418,32,28
1173,417,33,28
1175,437,32,29
1175,435,34,29
1177,433,33,30
1178,432,34,30
1172,413,35,30
1171,411,35,30
1162,400,34,28
1163,399,34,27
1165,398,33,28
1165,397,34,29
1164,388,34,29
1164,388,33,29
1171,404,33,28
1171,405,32,27
1166,423,33,30
1165,427,31,27
1168,424,32,28
1168,425,32,27
1174,426,32,27
1175,427,31,27
1176,413,32,27
1177,414,31,27
1177,425,31,27
1177,426,31,27
1171,416,31,27
1171,415,32,28
1168,396,31,27
1169,394,31,25
1168,403,32,26
1168,402,31,26
1172,379,31,28
1173,375,31,24
1179,386,30,25
1179,385,30,25
1179,403,31,27
1180,406,30,26
1176,406,30,26
1175,406,30,26
1172,392,31,26
1171,392,31,26
1169,395,31,26
1170,394,31,27
1167,395,31,28
1167,395,32,28
1171,410,33,30
1173,416,31,29
1174,391,36,36
1169,379,34,33
1175,383,30,27
1175,383,31,27
1166,392,35,35
1187,406,36,36
1194,433,33,33
1196,442,30,28
1213,429,35,35
1231,444,34,34
1237,438,33,33
1262,426,33,33
1261,412,33,33
1261,414,33,33
1260,445,33,33
1249,455,33,33
1222,484,33,33
1214,481,34,34
1197,471,32,31
1183,466,34,34
1205,455,34,34
1220,450,34,34
1217,437,34,34
1208,433,34,34
1197,422,33,33
1176,407,31,28
1162,396,33,33
1151,378,34,34
1158,371,34,34
1152,377,34,34
1140,372,34,34
1134,372,34,34
1122,382,33,33
1099,406,33,33
1070,403,33,33
1068,395,33,33
1050,374,33,33
1067,357,33,33
1068,345,33,33
1073,331,33,33
1087,313,33,33
1080,272,34,34
1080,265,34,34
1070,272,34,34
1066,265,34,34
1074,277,35,35
1047,255,36,36
1039,263,31,36
1042,276,30,36
1041,277,31,37
1042,277,36,36
1041,286,31,36
1036,279,31,37
1035,282,32,38
1034,277,31,37
1032,276,36,36
1034,256,36,36
1037,257,30,34
1034,267,36,36
1034,276,31,37
1010,283,36,36
1005,280,36,36
1013,282,30,36
1012,281,30,35
1001,284,31,36
1002,282,31,36
1002,290,36,36
1004,292,31,36
1013,284,30,35
1014,287,31,36
1030,300,36,36
1053,315,31,35
1054,295,32,37
1055,296,31,36
1041,298,33,38
1043,298,33,38
1032,283,37,37
1032,280,38,38
1028,288,33,40
1028,290,33,39
1013,277,37,37
1014,275,37,37
1030,287,33,39
1032,290,32,37
1037,288,32,36
1035,287,33,37
1036,287,32,36
1036,285,32,36
1038,292,33,37
1037,294,33,37
1043,295,32,37
1042,293,33,37
1050,315,37,37
1058,328,38,38
1043,306,39,39
1039,299,35,40
1034,300,36,40
1034,298,36,40
1013,287,34,40
1012,283,35,40
1030,284,40,40
1047,284,36,41
1041,284,35,40
1028,297,35,41
1021,298,35,40
1020,305,36,41
1020,280,42,42
1019,268,37,43
1039,281,36,40
1039,283,35,40
1016,276,36,43
1010,277,35,42
1025,263,36,43
1026,263,36,43
1029,266,36,44
1029,267,36,43
1037,281,37,43
1036,281,37,43
1024,294,42,42
1020,293,37,44
1012,314,38,43
1010,321,40,44
1006,322,40,43
1006,321,40,44
1008,344,40,43
1008,346,41,44
1009,340,42,45
1010,340,42,46
988,320,43,45
988,317,43,45
985,296,42,46
989,280,40,45
1008,298,45,45
1018,309,39,45
1030,283,46,46
1031,276,41,46
1032,275,43,48
1032,274,44,49
1034,268,44,50
1033,267,45,51
1028,249,43,50
1026,249,45,52
1044,278,46,53
1035,289,47,56
1026,258,48,58
1027,261,46,55
1027,249,47,55
1028,249,46,54
1029,257,47,56
1031,259,46,54
1032,264,47,55
1032,263,47,56
1029,282,48,56
1032,283,47,55
1028,281,47,55
1028,281,48,56
1013,281,46,54
1012,282,46,55
1026,282,47,58
1027,283,47,57
1036,265,47,58
1035,266,47,57
1036,256,46,56
1039,258,45,54
1040,267,45,54
1038,267,46,55
1033,262,47,55
1033,263,47,55
1012,242,45,51
1022,236,44,49
1021,249,47,58
1024,252,46,56
1030,281,48,54
1030,280,48,54
1026,255,47,54
1025,254,48,55
1019,266,46,58
1019,266,47,59
1010,278,47,56
1010,276,46,56
1022,262,47,58
1023,262,47,57
1031,268,49,57
1030,269,49,57
1033,286,46,58
1033,285,46,59
1036,278,47,57
1038,277,47,56
1028,281,50,54
1025,278,50,56
1039,270,49,59
1038,269,50,60
1045,255,51,59
1044,255,51,60
1033,243,49,57
1032,241,49,58
1034,250,50,58
1034,250,50,58
1016,282,47,55
1015,287,48,57
1026,275,48,60
1025,276,48,60
1029,257,48,58
1027,256,48,58
1031,256,48,58
1032,256,48,58
1037,253,48,59
1036,251,48,59
1030,261,46,58
1028,263,46,58
1031,273,48,57
1029,272,50,59
1030,274,49,59
1029,276,49,58
1036,279,51,60
1038,277,51,60
1020,246,57,57
1020,234,48,56
1028,224,51,59
1030,223,50,58
1021,210,49,56
1019,209,48,55
1024,197,50,56
1023,196,51,57
1025,208,49,57
1025,208,49,56
1030,226,51,57
1030,224,51,58
1034,249,50,58
1036,253,51,56
1032,268,50,56
1033,268,49,56
1028,251,49,56
1025,251,51,58
1030,254,51,60
1031,255,51,59
1032,266,48,59
1032,267,48,58
999,269,50,56
994,266,49,54
974,287,56,56
964,285,56,56
998,265,55,55
1032,261,49,58
1035,255,50,54
1035,256,49,53
1048,282,47,55
1047,286,46,54
1042,289,48,53
1041,290,47,53
1046,299,46,53
1044,297,47,55
1060,328,52,52
1037,361,48,50
1057,377,53,53
1058,381,51,51
1084,371,50,50
1098,357,50,50
1057,368,49,49
1056,377,48,48
1046,414,47,47
1049,414,47,47
1052,366,47,47
1035,310,41,49
1012,285,42,47
1007,283,41,48
1001,268,44,48
1000,265,44,48
1030,272,42,51
1029,273,43,51
1035,268,44,48
1038,266,44,49
1041,268,44,50
1039,268,44,49
1030,275,42,49
1029,276,42,49
1042,274,45,49
1043,275,45,49
1048,261,44,51
1048,261,45,51
1045,261,48,55
1046,260,48,56
1038,256,49,57
1039,257,49,58
1043,286,50,56
1044,286,50,55
1038,276,49,56
1038,274,49,56
1038,277,49,57
1039,277,49,57
1024,267,49,56
1022,267,49,57
1011,282,48,56
1011,280,47,56
1014,273,46,55
1014,272,47,55
1003,301,48,55
1004,301,47,55
1002,271,54,54
1007,255,48,56
1016,274,46,54
1018,275,47,55
1022,295,49,57
1024,295,49,57
993,285,52,56
986,282,53,56
1004,251,57,57
1014,238,52,61
1034,239,52,56
1035,237,51,56
1038,208,57,57
1038,184,57,57
1011,225,57,57
1022,238,49,56
1028,241,49,58
1029,242,48,57
1039,264,48,55
1038,263,47,55
1040,260,46,56
1037,259,47,57
1043,280,46,54
1043,280,47,55
1036,292,47,58
1034,290,48,60
1022,300,49,55
1021,301,49,55
990,295,55,55
976,291,51,55
1000,259,48,57
1011,259,49,56
1013,280,48,55
1014,280,48,55
1020,269,47,57
1020,267,47,56
1017,248,47,55
1016,249,46,55
1027,261,46,55
1028,261,46,56
1030,276,47,55
1032,276,47,54
1018,294,48,57
1017,290,48,58
1018,282,49,58
1018,284,50,58
1029,268,51,58
1030,267,52,59
1035,267,56,56
1036,268,55,55
1028,241,49,52
1029,237,48,53
1026,265,46,56
1023,271,48,59
1023,253,50,54
1023,253,50,54
1032,236,47,51
1032,236,47,51
1042,241,48,55
1040,242,49,56
1037,239,48,54
1040,241,50,54
1035,242,50,59
1035,240,51,61
1034,259,50,58
1035,259,49,56
1034,261,48,59
1035,259,48,60
1022,259,50,59
1021,259,51,60
1010,259,50,61
1010,262,49,60
1018,258,50,59
1017,257,50,58
1013,267,52,58
1013,267,52,59
1014,266,50,62
1014,265,49,62
1024,263,50,64
1024,264,50,64
1017,267,53,60
1016,268,52,59
1022,283,51,63
1022,283,53,65
1026,293,53,63
1025,294,52,64
1034,266,54,65
1036,264,54,65
1019,253,54,64
1017,253,54,65
1015,258,56,65
1014,257,56,65
1009,238,56,66
1009,239,56,66
1016,271,56,66
1014,272,56,68
1019,281,57,68
1021,281,57,67
1023,275,56,68
1024,274,55,66
1024,260,59,67
1027,258,59,66
1041,296,60,66
1033,298,59,66
1030,271,57,70
1030,270,57,70
1016,262,60,64
1017,262,60,66
1033,254,57,72
1036,255,56,70
1038,296,65,65
1037,312,56,65
1063,320,66,66
1075,336,65,65
1056,365,65,65
1059,368,64,64
1044,367,64,64
1043,372,64,64
1050,376,64,64
1051,386,64,64
1041,430,65,65
1030,500,65,65
1012,521,65,65
1020,517,64,64
1021,523,64,64
1019,524,64,64
1020,527,63,63
1023,524,63,63
1001,532,62,62
1001,533,61,61
1023,528,60,60
1027,525,60,60
1019,524,59,59
1023,513,59,59
1015,532,59,59
1015,530,59,59
1022,526,59,59
1022,528,59,59
1017,528,59,59
1017,526,58,58
1015,529,57,57
1014,530,57,57
1013,533,58,58
1013,529,58,58
1015,526,58,58
1010,535,57,57
1009,531,57,57
1014,532,57,57
1015,531,57,57
1024,529,56,56
1007,540,54,54
1015,535,53,53
1002,533,53,53
1007,535,52,52
1007,541,52,52
1013,534,52,52
1018,541,51,51
1018,536,51,51
1010,544,50,50
995,552,50,50
1021,531,50,50
1022,534,45,50
1030,534,49,49
1031,535,49,49
1006,535,49,49
982,550,49,49
1005,536,45,52
1023,536,45,52
1027,537,45,47
1029,536,45,47
1026,538,44,46
1024,537,45,47
1033,536,43,48
1033,536,44,48
1010,536,44,47
1007,535,44,48
1019,537,43,47
1023,536,44,47
1026,535,50,50
1029,538,47,47
1031,535,49,49
1030,534,49,50
1025,533,49,51
1023,534,48,50
1027,535,49,49
1027,535,49,49
1032,535,47,49
1033,534,48,50
1029,533,49,52
1029,532,49,52
1039,532,49,52
1035,533,50,53
1030,534,51,52
1030,534,51,51
1032,535,48,50
1031,534,49,50
1038,535,49,49
1038,535,49,49
1028,536,49,49
1027,537,48,49
1033,537,48,49
1032,537,48,49
1036,535,47,49
1037,534,47,49
1038,535,48,50
1036,534,48,51
1039,534,47,51
1036,533,47,51
1036,532,47,50
1034,531,48,51
1031,534,50,52
1032,534,49,51
1031,532,49,52
1031,531,50,53
1032,535,49,53
1032,533,50,54
1026,533,50,52
1025,533,50,52
1031,534,51,50
1029,533,52,51
1034,529,47,56
1036,529,47,55
1025,532,51,53
1023,531,51,53
1020,531,53,53
1019,531,54,54
1026,530,54,54
1027,530,53,54
1009,529,52,57
1006,530,52,56
1026,529,53,56
1028,531,53,55
1029,529,55,58
1026,528,55,59
1031,530,53,57
1031,531,52,56
1029,531,51,58
1034,528,49,56
1029,530,51,56
1029,532,50,54
1035,532,50,53
1030,532,49,52
1037,534,47,53
1039,532,48,54
1036,533,48,53
1035,535,48,53
1032,530,46,54
1032,531,47,55
1028,530,47,55
1027,530,49,57
1025,529,52,58
1026,528,53,59
1021,531,54,54
1022,533,53,53
1021,530,53,54
1018,531,55,56
1021,530,55,56
1021,530,55,56
1023,528,54,57
1023,528,54,57
1021,531,52,58
1021,531,52,58
1025,532,52,56
1028,530,52,56
1025,531,53,56
1026,533,52,55
1026,531,50,55
1026,531,52,56
1026,531,52,57
1027,532,52,56
1025,530,48,57
1026,530,47,56
1025,531,50,55
1026,530,50,56
1027,532,51,55
1029,531,52,56
1016,530,52,55
1013,529,51,55
1017,529,52,56
1019,528,53,56
1044,529,52,56
1040,529,53,57
1036,529,54,56
1037,528,55,57
1033,526,53,61
1034,527,52,59
1040,528,51,59
1041,528,51,59
1056,529,49,56
1055,530,49,56
1037,530,50,57
1035,532,50,56
1045,529,49,56
1047,529,48,55
1061,531,49,55
1061,531,49,54
1027,532,51,54
1025,531,51,54
1031,534,51,53
1030,533,50,52
1028,532,51,54
1028,531,51,54
1025,533,50,53
1027,532,51,53
1027,530,53,54
1025,531,53,54
1030,532,51,52
1030,532,51,52
1031,532,51,53
1033,533,51,53
1025,531,51,56
1026,530,51,57
1024,529,52,57
1021,527,51,58
1027,523,51,64
1028,524,53,65
1035,525,52,61
1036,524,52,62
1039,525,51,62
1037,525,51,63
1025,525,53,61
1024,528,54,61
1018,529,56,58
1016,528,57,59
1021,528,57,59
1023,527,57,60
1022,526,57,61
1020,526,57,61
1015,525,57,61
1017,527,57,61
1019,529,58,59
1019,529,58,58
1018,527,56,61
1020,526,56,60
1025,526,56,63
1025,524,56,64
1023,526,56,63
1026,526,58,64
1025,524,56,62
1024,526,57,62
1025,526,58,63
1024,527,57,61
1025,527,57,63
1025,526,56,63
1022,527,56,63
1022,526,55,63
1023,526,58,62
1023,528,58,61
1024,529,59,60
1024,527,58,59
1024,526,58,61
1022,527,58,61
1037,528,56,59
1032,527,56,58
1024,528,56,61
1025,527,56,61
1023,525,54,63
1025,525,55,63
1029,524,54,62
1028,523,54,62
1010,529,57,58
1008,528,57,59
1019,528,58,58
1020,528,59,59
1021,526,57,62
1021,526,58,63
1031,523,56,66
1029,523,56,66
1029,522,57,63
1026,526,57,62
1029,527,57,60
1030,527,57,59
1025,529,56,59
