473,74,169,200
472,75,170,199
471,73,170,201
472,72,170,202
472,74,171,201
471,72,171,200
469,70,172,201
472,72,170,200
472,71,171,202
471,68,173,203
472,69,171,201
473,70,174,201
472,67,173,203
475,65,173,203
477,66,172,203
477,62,173,207
478,61,173,206
480,59,173,207
481,57,174,207
484,56,175,207
485,54,177,209
490,53,176,208
492,53,178,208
498,51,176,209
499,48,179,209
502,49,178,207
507,50,175,207
507,48,179,209
512,46,177,209
512,45,179,209
521,46,176,208
523,43,179,210
523,45,180,208
528,49,178,207
530,44,180,210
530,58,185,188
536,47,180,207
534,43,185,207
536,43,182,211
530,43,185,208
524,41,187,212
519,40,188,212
516,38,186,213
511,39,188,213
507,39,188,214
505,38,187,215
503,37,191,215
498,37,194,216
497,36,193,217
493,34,198,214
498,32,191,215
494,31,194,218
494,31,193,217
488,29,198,218
489,28,194,218
485,26,199,221
485,25,195,222
482,23,197,222
478,20,202,226
479,23,198,223
474,17,203,229
471,19,205,228
469,13,206,232
469,15,203,229
467,15,205,227
464,14,206,228
464,13,204,226
459,13,212,227
457,13,212,227
455,11,211,231
453,9,208,231
451,9,211,230
446,6,210,233
447,8,209,229
441,6,214,233
439,5,214,231
436,3,214,234
435,3,214,233
432,4,215,232
431,3,211,231
428,2,212,233
428,3,211,231
425,2,210,232
422,1,214,234
419,-1,215,237
420,1,214,236
414,-3,216,236
410,-5,222,240
411,-5,221,237
404,-8,223,237
401,-7,230,241
401,-8,227,241
398,-12,229,241
397,-13,228,242
396,-12,231,242
394,-12,235,244
393,-13,226,241
392,-14,229,243
388,-17,230,244
386,-19,234,246
385,-17,238,245
387,-22,227,247
383,-20,231,245
383,-20,229,246
382,-22,232,247
381,-25,233,252
377,-23,229,250
375,-24,226,251
371,-23,233,251
368,-24,229,250
367,-25,233,254
363,-26,228,253
360,-26,231,254
356,-24,233,255
352,-23,233,253
347,-23,240,256
344,-25,235,258
344,-27,231,259
342,-22,232,255
335,-27,231,259
329,-23,239,259
327,-20,234,257
324,-16,235,254
318,-13,231,256
315,3,222,255
304,2,235,250
309,0,233,255
311,2,233,253
308,0,237,256
310,-1,238,260
314,0,237,257
318,-5,237,259
321,-10,239,264
324,-15,241,265
337,-15,235,260
341,-16,237,262
347,-19,236,263
338,-9,246,256
356,-13,238,255
349,-23,239,265
350,-25,239,262
347,-24,238,259
345,-26,240,261
343,-24,242,256
346,-24,241,258
351,-25,234,261
344,-26,237,259
341,-24,237,256
340,-24,235,256
342,-24,233,257
337,-24,236,257
339,-26,234,260
338,-25,236,261
335,-27,235,262
332,-25,236,258
330,-24,233,256
330,-23,232,257
331,-24,226,259
331,-24,229,260
324,-23,231,256
326,-22,230,258
322,-21,229,257
320,-23,229,257
320,-20,229,257
320,-14,228,252
315,-17,230,255
316,-17,229,256
315,-13,230,253
311,-13,231,254
311,-15,229,258
309,-13,229,254
308,-11,229,253
304,-9,230,249
307,-3,227,249
307,-6,227,250
299,-5,232,247
304,-3,227,248
305,1,227,250
304,2,225,249
305,7,227,244
306,6,225,246
305,10,224,246
306,14,225,244
311,19,223,243
315,23,223,242
316,26,221,242
317,32,220,238
322,33,219,242
322,38,215,241
326,44,214,236
330,44,209,239
333,50,208,234
335,55,208,233
338,59,204,230
340,64,203,228
344,67,199,228
341,67,201,228
346,71,196,225
346,73,195,225
346,75,195,223
352,77,192,221
346,76,195,224
351,80,192,219
353,78,189,221
353,79,189,219
351,78,190,221
353,81,187,220
351,82,186,217
352,79,185,219
352,80,182,218
350,81,182,218
350,82,184,216
349,82,183,216
347,80,184,217
347,80,183,216
347,81,184,215
347,82,183,213
346,78,188,217
347,79,187,216
348,79,186,215
347,78,189,215
350,78,189,215
351,79,186,212
352,78,188,212
352,80,188,210
354,79,186,210
356,80,186,210
356,78,187,210
357,78,187,210
362,78,186,211
364,79,186,212
366,81,186,208
365,78,188,209
367,79,185,207
370,77,184,209
372,79,186,207
372,77,189,209
377,77,187,209
377,77,189,209
380,78,184,206
382,76,183,208
386,78,186,207
386,76,187,208
388,75,186,209
390,75,187,207
391,73,186,210
393,74,186,208
393,72,187,209
397,74,183,208
397,73,185,207
399,71,185,210
400,70,185,209
401,70,185,210
404,70,184,210
404,68,184,212
406,69,184,209
408,67,182,209
407,67,185,211
409,68,185,211
411,70,183,208
413,66,183,210
414,67,183,209
416,65,182,209
416,65,184,210
418,64,183,210
420,64,183,211
422,67,182,208
422,63,182,211
422,66,184,209
425,65,186,209
427,65,184,210
427,61,183,213
428,61,185,212
430,63,186,211
431,61,184,212
433,61,185,212
432,61,184,213
434,60,185,213
435,61,186,213
436,59,185,214
436,58,187,215
439,58,186,215
443,58,184,214
441,56,186,215
442,56,185,215
441,53,187,218
443,53,187,217
444,52,188,218
449,52,183,218
448,53,186,216
449,53,186,216
450,53,185,216
450,50,186,218
453,50,187,217
453,50,187,218
456,49,186,218
455,50,188,215
458,46,186,220
462,49,186,216
464,46,186,219
467,47,186,219
467,47,186,217
471,47,184,218
472,46,186,218
474,44,187,221
478,45,186,221
478,46,185,219
480,46,187,219
482,46,186,218
486,47,186,219
490,48,184,217
492,48,184,217
492,49,185,216
496,50,184,216
497,50,184,215
498,48,186,219
497,49,185,217
500,52,185,216
504,54,184,215
503,52,183,217
506,54,182,217
509,56,182,215
509,58,183,214
511,59,181,214
513,59,180,215
512,59,183,215
514,59,181,216
514,60,182,215
515,61,181,214
517,62,182,214
515,61,185,214
516,61,185,213
517,60,186,214
518,61,184,214
521,60,184,215
522,61,184,214
523,60,183,215
524,60,184,215
526,60,183,215
527,60,183,213
528,61,183,215
529,60,184,216
528,59,185,214
529,57,184,216
530,56,186,217
531,57,185,215
531,55,188,217
533,55,186,216
534,53,186,217
534,53,185,216
534,53,188,217
538,54,183,216
536,52,187,217
537,51,188,217
538,51,186,216
538,53,188,215
538,52,190,217
543,51,185,216
543,51,186,216
546,50,182,215
546,50,184,215
547,51,183,215
549,54,181,212
551,54,181,214
549,51,184,216
550,52,184,216
550,52,185,216
553,55,184,214
554,57,184,214
556,55,181,215
552,59,188,215
555,61,185,216
554,67,187,212
559,69,182,214
560,74,183,213
559,79,186,212
557,82,188,214
559,87,188,215
559,92,187,214
562,99,186,211
564,106,182,211
564,112,183,211
564,122,184,208
564,127,183,208
568,135,181,207
566,141,182,209
568,149,178,206
570,158,179,208
567,162,183,210
567,166,184,211
566,168,185,213
570,175,181,212
568,176,184,213
569,178,182,214
570,181,183,212
571,182,182,214
571,182,181,216
569,181,182,216
570,178,182,217
568,174,185,216
570,168,182,216
569,162,186,218
572,154,183,220
570,149,185,219
569,142,186,219
565,135,190,221
565,128,191,220
563,122,192,219
563,118,194,220
562,111,193,221
562,105,193,221
562,100,194,219
561,95,195,219
560,86,197,223
564,89,187,216
564,77,192,220
563,72,193,221
563,69,194,221
563,66,195,222
563,63,195,222
560,59,197,226
562,58,195,226
560,58,198,224
561,58,197,223
562,58,197,222
561,54,197,226
560,53,199,225
559,51,200,227
559,51,200,228
559,50,200,227
561,52,197,224
561,49,195,226
559,49,199,225
560,50,198,223
558,48,200,225
560,47,197,227
560,46,195,225
558,45,201,227
559,45,199,228
559,45,197,226
557,45,204,227
559,44,203,228
559,42,200,229
559,44,203,230
559,44,204,227
559,40,203,233
558,41,206,231
557,40,206,233
558,41,206,233
559,40,201,233
560,42,204,232
559,45,205,228
559,38,205,235
560,43,204,232
559,40,206,236
559,40,206,236
559,39,206,235
560,40,206,236
561,39,205,237
563,38,201,237
563,39,202,238
565,41,203,237
565,44,203,234
565,44,203,234
566,41,198,237
567,44,202,233
567,40,200,236
566,40,203,238
569,45,201,231
567,42,203,235
567,40,205,238
570,40,201,238
571,42,199,235
569,44,204,235
568,42,206,237
571,41,202,234
573,42,202,236
572,43,201,235
573,42,203,235
574,44,204,232
575,43,196,235
573,43,204,236
576,42,200,234
575,41,203,234
577,48,205,231
577,45,203,235
578,45,198,231
577,47,200,230
579,49,199,230
578,44,201,234
578,45,200,232
578,44,202,235
577,45,204,235
581,48,197,230
580,47,200,231
582,48,199,231
582,50,199,228
583,50,198,228
583,50,198,229
581,50,201,229
580,48,202,231
582,50,198,228
582,52,202,227
582,52,201,228
582,53,203,227
582,55,201,225
582,53,201,226
581,54,203,228
581,55,207,228
581,54,204,226
580,53,205,229
581,54,202,229
579,53,205,231
580,56,204,227
579,57,205,227
580,56,201,228
581,58,203,227
579,59,205,227
580,58,207,228
581,58,199,226
583,60,202,225
582,60,200,226
583,60,200,225
584,62,197,223
584,61,197,222
583,59,199,225
586,61,197,223
588,62,196,223
587,64,195,222
587,64,195,222
588,65,195,223
587,65,194,223
585,64,197,225
584,66,199,224
586,68,198,222
585,67,196,222
584,67,199,222
585,71,199,219
584,68,200,223
584,71,198,219
584,70,199,220
584,71,200,220
586,72,197,219
585,73,198,218
587,72,199,220
586,73,199,220
584,72,202,220
586,75,199,216
584,72,199,219
586,73,197,218
587,75,194,214
586,74,197,215
588,76,195,214
588,76,196,214
589,75,192,215
590,76,191,213
589,74,193,216
590,76,191,214
590,77,194,214
591,76,192,215
591,77,192,212
592,77,190,212
593,82,188,208
593,78,188,211
593,79,188,211
593,78,189,210
595,82,186,206
593,82,188,207
595,82,185,204
595,81,184,205
595,83,185,204
595,80,186,207
595,81,185,204
595,80,184,205
593,81,186,204
594,80,184,205
594,81,184,205
593,82,185,203
595,83,182,200
595,82,182,202
595,81,183,202
594,82,181,202
596,84,182,200
596,83,180,201
596,83,181,203
597,83,178,202
598,83,179,202
599,83,176,200
599,84,176,200
599,85,176,200
600,84,176,201
600,84,176,200
600,85,175,200
603,86,174,199
602,86,175,201
603,87,174,200
602,86,176,202
603,86,175,200
603,86,175,201
606,89,172,196
604,87,175,200
605,87,174,200
606,88,172,199
606,88,174,201
606,88,172,200
608,91,170,195
608,91,171,199
609,92,171,199
610,93,171,199
611,92,170,199
611,92,170,199
612,94,170,199
614,94,169,199
614,93,168,199
614,93,168,200
615,94,169,200
616,93,168,199
618,93,164,199
619,94,164,199
618,95,167,196
620,97,165,196
620,93,165,197
621,93,164,197
619,93,168,199
622,93,162,197
623,93,163,195
624,94,162,194
625,98,162,192
625,97,159,192
626,95,162,195
627,93,161,196
626,91,163,195
627,92,161,196
626,92,164,197
628,94,163,195
628,92,164,195
628,90,164,195
628,90,163,195
629,91,164,194
631,93,162,193
632,94,162,191
632,94,161,190
634,95,161,190
634,94,160,190
636,96,157,190
635,99,161,189
637,97,160,191
637,94,161,193
637,98,160,189
640,98,160,190
640,97,159,191
640,97,159,190
641,98,159,190
643,97,157,192
642,96,158,192
643,96,161,195
643,97,160,194
644,97,158,194
644,98,160,195
643,98,162,194
644,96,160,197
644,95,161,197
645,96,159,198
644,97,163,196
645,97,159,194
646,98,161,195
645,98,159,194
643,96,161,197
644,95,161,197
642,95,160,198
642,95,160,198
640,93,159,197
643,95,157,195
641,94,156,197
639,95,158,197
639,94,159,197
640,94,156,196
637,92,158,197
636,91,157,198
635,93,156,198
631,92,159,198
629,89,161,199
627,89,160,199
625,88,160,201
622,89,161,200
621,87,160,202
618,84,161,204
618,86,159,202
614,86,161,203
612,87,161,202
610,84,160,205
607,82,162,207
604,81,163,207
602,81,162,206
599,81,162,205
597,79,162,207
593,79,165,207
590,78,164,207
586,76,165,209
583,76,165,208
582,74,165,209
577,73,167,211
576,73,167,210
572,73,167,211
568,69,168,211
566,68,167,212
561,70,170,212
557,65,171,216
556,66,171,214
553,65,170,214
549,64,171,215
541,64,175,217
539,61,176,219
537,59,174,217
532,61,175,219
528,59,177,220
526,57,177,223
523,56,177,222
519,55,177,225
515,56,178,222
511,54,180,223
508,52,180,226
504,52,180,224
499,52,181,223
496,49,184,227
491,50,185,226
489,50,183,225
485,48,184,226
479,48,187,227
477,50,186,226
474,49,187,230
470,50,189,228
465,47,190,229
462,48,187,229
458,49,190,229
452,47,193,231
449,48,194,229
445,50,195,229
440,50,195,229
437,46,196,233
432,45,199,234
432,45,196,233
429,46,196,233
421,44,199,235
417,46,200,234
413,44,200,235
408,43,201,237
406,45,200,235
403,46,201,236
399,43,199,239
394,45,200,237
390,44,202,238
389,42,200,242
381,43,204,239
378,44,206,239
375,44,205,241
374,43,203,240
369,42,203,242
362,43,209,241
358,43,207,243
355,40,205,245
354,42,203,244
353,44,202,242
348,43,204,244
344,45,205,242
341,45,206,243
336,47,204,241
335,47,205,241
331,47,204,242
330,47,204,243
325,47,204,243
320,46,206,247
320,49,202,241
315,50,205,242
312,51,201,242
309,53,204,242
306,53,204,244
305,55,201,241
301,56,204,242
295,55,205,244
297,59,202,241
295,59,201,243
290,58,202,243
288,57,199,243
287,61,200,242
284,61,200,243
282,61,199,241
278,62,199,241
277,62,199,241
275,65,199,239
273,65,199,238
267,66,201,238
270,68,200,238
267,71,201,238
263,72,201,237
259,70,201,237
256,73,203,235
253,74,204,236
255,78,200,232
249,78,205,235
254,82,199,229
249,84,201,229
248,86,201,226
243,84,201,229
245,85,199,227
238,86,203,228
242,89,200,225
239,87,202,228
239,88,203,226
236,89,202,226
238,91,201,223
232,90,205,226
231,90,206,225
232,89,205,227
228,88,206,226
226,90,208,226
226,89,206,227
225,92,208,224
224,93,207,223
220,93,208,224
221,92,208,225
222,96,205,221
216,95,207,222
215,96,206,220
214,96,205,221
215,96,205,221
213,95,205,221
210,96,206,220
212,96,205,221
210,95,207,220
206,94,210,221
205,94,209,221
204,94,208,221
199,95,210,220
198,95,211,220
201,96,209,219
198,96,210,218
197,94,210,220
195,95,210,220
190,93,213,221
189,92,215,222
187,89,217,226
183,90,216,222
181,90,216,224
181,89,216,225
178,91,217,222
180,91,215,218
180,89,212,222
179,91,211,218
175,90,211,221
175,91,211,220
175,90,210,223
172,88,210,223
173,86,209,224
172,87,207,222
167,83,210,226
168,84,208,224
165,83,209,223
162,81,210,225
157,77,215,228
155,75,216,229
152,71,219,232
150,74,219,226
148,73,221,227
145,70,224,231
141,68,228,231
137,67,227,233
135,67,226,232
135,66,224,230
130,65,226,234
129,65,226,232
129,64,231,233
125,64,226,233
123,61,230,232
124,61,225,235
124,63,227,231
121,61,227,234
120,59,229,235
121,61,223,233
118,61,224,232
115,62,227,231
112,59,231,235
115,61,229,234
110,61,229,235
109,61,225,233
106,61,223,233
106,58,225,237
102,61,228,235
100,59,226,236
101,62,225,234
99,63,227,233
95,65,224,230
94,62,220,233
93,62,222,232
94,63,219,231
91,61,224,234
90,62,221,232
89,64,222,230
89,63,222,232
87,63,225,232
87,62,219,232
84,64,218,229
86,62,219,231
83,61,216,229
84,61,217,231
83,61,211,227
82,64,218,227
80,64,216,225
79,62,217,227
80,63,217,227
78,63,219,227
78,63,215,225
79,63,220,226
80,64,216,223
78,60,214,226
79,64,214,223
79,64,214,223
82,64,209,223
80,67,212,221
81,66,212,221
79,69,214,219
82,68,211,218
82,73,211,215
82,72,206,214
84,73,206,214
88,70,204,217
87,76,200,212
87,75,205,213
88,79,205,209
89,79,203,212
90,77,202,213
89,79,201,210
91,82,200,207
91,80,195,209
93,83,202,207
93,83,195,206
94,86,196,203
96,86,197,204
101,86,192,203
103,88,191,201
103,87,191,201
107,92,187,199
109,92,188,200
109,95,188,197
112,94,189,198
114,96,188,197
115,98,188,195
119,97,183,194
124,101,181,190
124,101,183,190
128,102,181,189
135,104,177,187
135,105,176,186
140,107,180,185
142,106,175,185
147,109,176,183
150,110,176,183
154,111,172,182
158,112,174,181
161,112,174,181
167,111,173,181
169,111,169,181
174,113,170,179
177,113,174,180
181,114,172,178
187,115,169,176
190,115,168,175
195,115,167,176
199,116,166,175
204,118,164,174
208,116,161,176
212,115,166,175
217,118,162,173
220,118,162,173
224,118,163,172
230,118,161,173
232,117,161,173
238,118,160,173
244,120,158,171
248,121,160,170
252,120,156,171
259,122,155,168
262,124,155,168
266,124,154,168
270,122,153,170
276,123,153,168
281,124,151,167
283,124,153,167
289,125,151,167
294,127,150,166
298,126,150,167
301,125,152,167
306,126,151,167
310,127,151,167
314,126,152,167
317,126,152,166
321,125,153,167
325,126,152,167
329,124,151,169
330,125,151,168
333,123,153,169
337,122,153,169
340,123,152,169
341,123,152,169
348,122,150,168
352,122,151,167
354,121,152,168
360,120,152,170
364,117,150,170
368,116,149,170
372,115,148,168
378,114,145,167
381,114,145,166
383,113,146,164
387,111,143,165
386,110,146,167
386,106,149,167
391,106,148,164
389,107,150,167
391,107,154,165
390,105,152,163
385,105,155,166
387,103,156,166
390,103,158,166
388,100,162,169
396,101,159,166
396,103,157,167
397,99,159,169
401,98,157,168
400,97,158,167
402,99,157,166
402,97,158,167
403,96,157,165
401,95,157,167
399,92,158,166
399,92,160,168
396,89,162,168
403,90,163,170
395,86,167,175
392,86,167,171
398,85,169,175
398,85,168,171
401,85,169,171
395,84,167,172
392,83,165,175
392,81,169,178
390,81,168,175
392,80,167,177
393,79,172,178
385,80,171,177
389,78,173,179
389,77,172,179
385,75,173,182
385,75,177,181
384,74,176,182
382,73,177,185
381,73,177,185
378,72,178,187
376,73,178,187
375,70,179,189
379,71,181,187
373,72,177,188
373,71,178,190
370,72,178,191
366,69,177,195
369,72,177,191
364,71,178,193
361,69,179,198
360,71,181,195
366,70,178,194
365,72,178,193
361,72,179,194
357,70,180,196
358,70,178,195
356,71,180,195
351,72,181,197
357,72,178,193
341,66,185,206
347,68,182,199
347,66,183,202
350,68,181,199
347,67,183,201
340,67,187,202
343,66,183,204
341,69,185,201
340,66,186,204
336,63,187,208
331,63,189,210
337,66,187,204
330,65,191,209
337,66,185,205
331,63,188,209
332,64,186,208
330,65,188,208
330,65,187,207
322,61,191,213
322,62,193,210
320,59,195,213
318,61,196,213
318,60,196,212
317,60,196,215
313,60,197,215
317,59,195,218
311,58,199,220
309,57,200,220
310,57,199,220
316,60,196,216
313,60,197,218
315,61,194,215
312,60,196,217
316,60,193,215
309,60,199,218
307,60,199,216
306,57,199,223
302,58,201,221
304,58,201,221
300,56,201,225
297,54,203,228
298,56,206,224
298,53,206,226
295,53,207,228
292,51,207,230
291,51,211,231
287,47,212,236
288,48,212,233
281,45,218,238
282,45,216,239
283,45,217,238
280,43,218,241
276,39,220,245
275,38,221,245
277,39,220,244
274,39,221,244
275,36,222,247
274,35,222,247
274,33,225,248
278,36,224,247
273,33,230,249
272,27,229,253
272,28,232,251
269,27,233,255
266,24,237,256
268,24,234,256
271,25,233,255
272,25,233,256
271,24,231,256
267,21,234,258
268,20,233,259
268,18,234,260
264,17,237,264
269,18,235,261
265,15,237,263
265,15,237,263
264,14,235,264
265,13,235,265
269,13,236,265
263,9,239,269
267,12,240,267
262,10,239,266
266,10,241,265
265,9,242,266
270,10,240,265
267,10,239,265
267,9,242,266
267,11,241,265
267,8,240,266
267,9,240,266
268,10,239,266
267,9,241,267
267,13,237,265
266,8,240,269
265,11,238,268
264,9,237,270
270,12,237,265
272,14,240,263
266,10,238,268
266,9,238,270
269,13,237,266
266,12,237,268
269,14,235,265
269,14,234,263
268,13,235,265
267,12,236,265
265,10,235,268
267,13,234,265
264,13,235,264
264,11,235,266
268,14,237,262
268,14,240,264
268,12,239,265
271,14,239,264
264,13,238,266
268,16,239,263
269,17,238,262
267,15,238,264
270,16,238,264
269,18,239,262
270,18,239,262
272,19,239,260
275,20,239,260
272,17,241,263
273,21,239,261
278,22,237,258
275,19,239,261
276,21,241,258
277,24,239,255
274,24,240,257
273,22,239,259
276,22,237,259
273,21,237,260
281,25,234,254
279,24,235,258
280,25,237,258
277,24,238,260
278,23,238,260
281,25,236,259
285,28,235,256
280,29,237,256
284,27,235,257
282,28,238,258
285,29,237,254
287,28,233,256
288,30,235,253
290,31,233,252
292,32,233,250
294,32,230,251
292,30,232,254
297,32,232,250
294,28,236,255
297,31,235,249
301,34,232,245
302,31,230,246
297,30,233,249
296,29,234,252
299,29,233,253
305,30,234,248
299,28,237,252
304,26,236,253
303,27,239,252
307,28,237,252
311,29,234,251
307,28,239,252
311,31,238,250
315,30,237,248
313,29,237,250
311,27,240,254
317,30,239,247
316,29,243,250
318,27,244,252
315,26,248,253
320,27,245,252
321,28,246,250
320,26,249,252
328,27,242,251
325,27,244,251
327,26,242,251
332,26,241,251
338,28,239,248
341,27,236,246
340,28,236,246
342,27,236,247
344,25,237,246
346,23,241,249
349,26,238,245
348,24,240,246
348,23,242,247
347,23,243,248
354,22,238,245
350,22,235,249
354,21,237,249
358,22,237,245
358,21,237,248
359,20,234,247
360,20,237,244
358,18,243,248
361,18,238,249
362,18,238,247
366,19,236,246
362,17,237,250
371,17,237,243
370,16,237,245
372,14,241,249
369,13,240,251
364,10,242,260
369,12,240,251
369,9,244,257
373,8,243,258
369,7,241,260
374,8,241,256
371,4,243,265
372,5,243,262
376,5,240,259
371,2,242,264
373,3,245,265
377,4,241,262
368,-1,244,268
375,2,245,260
378,2,242,261
374,-0,245,267
373,-3,244,269
377,-2,243,267
371,-4,245,272
366,-6,247,275
369,-5,243,269
367,-8,245,276
359,-9,246,274
366,-9,245,280
367,-8,241,269
357,-13,247,276
358,-15,245,273
357,-14,244,276
350,-17,244,279
346,-19,249,279
349,-18,243,277
349,-17,244,280
347,-18,240,276
336,-21,246,284
334,-24,245,282
334,-21,244,281
332,-20,243,281
330,-23,237,284
333,-20,232,280
326,-23,236,283
317,-26,241,292
318,-23,240,288
308,-26,240,292
310,-24,239,292
304,-23,238,295
302,-22,234,289
296,-23,235,293
292,-21,234,292
289,-22,233,295
286,-22,236,296
283,-21,238,296
278,-23,237,303
272,-24,236,303
269,-20,236,296
257,-22,239,299
258,-21,233,295
245,-20,230,297
248,-19,222,298
236,-19,228,294
231,-19,224,292
224,-17,225,289
221,-17,224,295
213,-16,226,297
202,-17,227,298
197,-16,226,294
192,-15,227,297
177,-12,231,295
167,-10,228,294
160,-12,226,300
154,-9,227,296
142,-8,227,296
133,-8,222,299
127,-7,220,300
111,-7,227,296
108,-5,222,296
91,-3,224,290
82,-4,224,296
76,1,221,290
62,3,223,289
50,-4,231,302
18,-5,245,294
14,-6,240,297
5,-5,239,296
-2,-1,226,298
-9,-0,224,295
-16,-1,224,298
-32,-5,229,303
-47,-2,227,306
-65,-4,227,305
-82,-3,229,310
-77,3,219,305
-124,7,231,319
-125,2,222,324
-108,42,219,278
-106,35,215,273
-104,47,210,267
-102,49,206,262
-101,47,203,259
-102,-25,206,263
-103,-27,209,266
-104,-21,211,268
-105,-27,213,270
-105,316,212,269
-94,355,207,262
-76,356,205,261
-70,352,205,261
-83,348,203,258
-99,359,201,255
-78,354,197,249
-84,357,198,251
-83,355,197,249
-70,361,192,242
-90,361,194,245
-69,357,193,243
-94,358,193,242
-80,351,192,241
-38,350,190,239
-40,345,189,238
-48,359,188,237
-67,364,187,236
-80,371,185,233
-53,365,184,232
-76,380,184,232
-77,374,182,229
-57,364,181,227
-76,356,178,224
-44,364,177,223
-58,375,176,221
-86,413,174,219
-74,414,170,213
-13,367,170,213
-49,354,167,209
-5,369,162,203
-35,344,163,204
-59,312,162,202
-35,334,162,201
-42,353,161,199
-64,314,158,196
-63,323,156,194
-57,338,156,194
-74,324,154,191
-76,332,154,191
-77,340,156,193
-75,329,153,190
-66,339,153,191
-31,284,150,188
-24,280,152,190
-40,189,154,193
-10,79,155,195
5,65,155,195
18,89,156,196
-15,194,156,197
41,251,156,197
-23,233,155,196
-77,335,156,197
-76,336,153,193
-39,332,154,194
-75,333,153,192
-63,350,155,194
-69,359,159,199
-71,351,163,204
-24,310,165,206
46,327,165,206
-29,333,166,207
75,297,166,207
94,313,162,202
16,376,162,202
-29,429,161,201
-42,471,162,202
-80,620,161,201
-78,622,157,196
-77,624,154,193
-69,577,150,188
-73,627,147,185
-54,529,144,182
-59,587,139,176
-67,634,135,172
-56,588,134,170
-53,541,132,168
-45,538,131,167
-2,407,131,166
-46,267,131,166
-47,242,132,168
-14,334,133,170
-66,379,133,170
-22,401,133,171
-58,384,131,168
-51,385,130,167
-64,383,130,167
-63,383,128,164
-62,383,126,162
-62,385,126,162
-61,389,124,160
-58,389,123,158
-59,390,121,155
-56,390,119,153
-47,393,121,156
-54,391,117,152
-50,386,117,152
-31,392,116,151
-39,391,115,149
-22,396,113,146
-33,389,110,142
-22,395,110,142
-23,389,110,142
-21,402,109,141
-20,402,107,138
-21,405,109,141
-13,400,107,139
-44,385,105,137
-52,381,106,139
-51,382,105,137
-52,374,106,138
-53,372,109,141
-53,371,108,139
-49,372,108,139
-53,371,108,139
-52,368,107,137
-51,376,105,134
-53,366,108,138
-51,362,105,134
-48,359,106,136
-49,361,105,135
-46,359,104,134
-48,360,104,133
-40,365,103,132
-39,361,103,132
-38,383,99,128
-46,448,99,127
-31,429,97,125
-39,448,97,125
-22,398,95,123
-28,417,95,123
-21,419,95,123
-15,357,97,125
-10,376,98,126
-10,378,98,125
-5,376,100,127
-13,417,100,127
10,373,98,125
-60,193,96,145
-43,197,100,137
-39,194,102,134
-31,194,110,135
-20,195,113,131
-18,193,120,134
-9,194,126,132
6,195,127,131
18,196,126,130
29,194,125,132
45,191,123,132
61,193,121,130
75,190,120,132
92,190,119,132
106,187,119,134
122,186,119,135
129,185,116,135
142,181,115,134
157,179,121,135
170,179,116,135
186,177,117,133
202,177,115,129
218,177,116,128
227,175,116,127
238,177,116,125
250,175,116,122
264,174,114,123
276,174,115,122
286,173,115,122
296,174,114,119
308,174,112,118
317,171,113,118
326,171,113,119
338,170,111,118
348,170,110,116
358,169,110,117
368,171,108,114
374,171,105,113
385,172,106,111
392,172,104,111
401,170,104,110
408,170,105,110
416,168,107,110
424,168,108,109
430,171,107,110
434,169,109,110
441,165,110,110
447,166,109,109
452,167,109,108
452,164,108,112
461,165,107,110
466,166,107,108
468,168,108,109
472,167,109,108
478,166,111,107
479,169,108,106
481,169,110,105
482,167,110,107
484,167,107,106
487,169,107,106
489,171,108,105
492,168,107,105
492,166,110,106
492,170,105,105
495,169,108,107
496,164,114,109
496,167,112,109
496,167,112,110
495,166,114,111
495,163,117,112
500,166,118,111
500,162,116,112
498,164,115,112
498,162,116,113
502,163,115,110
503,164,116,111
501,163,113,112
502,163,117,113
502,160,117,112
504,161,115,113
505,160,114,112
505,158,118,112
506,159,117,112
508,161,118,112
504,156,116,114
508,153,119,113
508,156,121,113
508,155,122,114
509,153,123,117
510,151,125,116
511,153,123,116
510,151,126,120
510,152,124,119
513,150,128,120
516,150,127,118
510,146,126,122
516,146,129,120
515,147,128,119
517,147,128,120
519,144,128,118
522,144,129,121
520,143,129,122
521,141,130,122
525,142,130,119
527,140,131,120
528,138,131,121
529,138,131,122
530,137,133,123
528,138,134,124
529,133,134,124
534,134,135,122
529,132,132,125
533,132,135,124
534,130,136,126
533,131,137,127
536,128,136,124
538,126,135,125
537,127,136,125
540,124,137,125
544,123,138,125
540,123,136,125
542,122,136,126
548,122,138,124
547,118,139,126
548,118,140,127
551,118,138,125
550,119,140,126
552,115,142,128
554,115,141,126
558,117,141,126
557,115,143,129
558,112,144,128
563,112,142,127
563,110,141,130
566,109,145,128
564,108,145,130
571,107,144,129
575,106,143,130
571,102,146,132
575,101,146,130
577,99,148,131
586,100,144,130
586,98,145,132
586,96,146,131
586,94,148,132
591,94,144,133
592,92,145,134
591,91,145,137
589,88,148,135
590,87,148,135
590,88,145,133
591,86,144,135
594,87,142,135
586,86,146,136
586,85,147,136
586,82,147,141
579,82,151,140
577,82,151,142
583,83,148,141
579,83,149,142
573,84,152,143
567,85,151,142
564,85,152,143
562,84,152,145
562,86,151,143
561,87,153,143
554,86,154,145
557,87,153,147
556,88,152,148
554,87,154,146
552,89,153,147
551,88,155,146
551,91,152,141
546,90,156,142
548,90,158,144
548,88,155,145
550,88,156,146
550,88,156,145
547,88,156,144
546,87,156,144
548,89,154,145
552,87,152,147
547,86,157,147
544,85,157,145
546,86,156,145
547,86,156,143
550,85,155,144
545,82,158,146
545,83,158,147
544,83,158,145
544,81,159,149
540,79,162,149
541,80,161,148
543,81,160,146
543,80,161,146
542,80,160,146
542,82,161,148
543,80,162,148
541,81,161,148
544,78,160,146
542,80,160,146
541,81,160,146
546,82,158,145
548,81,157,145
544,80,160,146
547,80,157,146
540,79,159,144
545,82,156,143
545,79,158,145
545,80,157,145
542,78,159,145
548,80,156,145
547,79,158,144
548,79,158,146
547,79,158,145
545,79,159,146
544,78,159,146
541,75,164,148
541,75,165,149
543,75,165,148
541,74,168,150
539,74,170,150
542,72,168,151
540,73,169,151
538,73,170,150
537,72,170,149
539,71,169,150
543,73,169,148
542,73,167,150
544,72,166,149
544,71,166,151
541,71,171,149
544,71,169,152
543,69,173,150
540,69,171,150
546,70,168,149
545,70,170,151
539,71,171,150
540,70,174,151
540,71,174,153
542,67,173,157
541,69,174,157
537,71,176,152
534,70,179,154
534,72,178,154
535,71,179,155
532,71,181,156
535,70,180,155
531,73,179,157
529,72,179,156
530,73,181,159
527,74,181,157
527,74,181,160
525,74,179,160
525,74,182,159
524,76,181,162
523,76,180,160
525,75,181,158
523,78,182,158
522,77,179,163
521,78,181,163
520,80,179,161
520,80,179,161
519,81,178,160
522,82,178,159
518,82,179,159
518,84,179,157
517,85,177,158
514,84,179,161
518,85,180,158
518,88,179,156
515,88,179,158
512,86,178,159
510,88,181,162
509,88,181,160
509,87,183,160
508,88,181,161
509,89,184,162
509,90,183,165
510,90,183,163
508,89,185,163
509,91,185,165
507,89,185,165
509,90,182,164
511,91,183,164
509,90,185,165
510,89,186,164
510,90,184,163
510,90,184,164
512,92,183,164
513,91,182,158
514,90,184,163
515,89,185,161
517,91,182,160
514,89,182,163
516,89,182,161
515,88,182,161
514,89,181,163
513,88,184,163
514,88,186,164
514,87,184,165
513,88,184,166
512,85,186,167
511,86,188,165
513,87,185,165
510,86,185,166
509,84,187,167
510,87,184,164
512,87,183,165
511,87,183,165
510,86,184,163
508,88,183,165
508,88,184,166
508,88,183,163
505,88,185,166
507,87,187,165
504,86,188,168
505,87,185,168
504,87,186,168
504,88,186,166
503,86,185,172
505,86,188,165
503,87,189,172
504,86,188,170
500,84,191,176
501,86,187,171
499,86,187,172
501,85,187,169
503,85,188,170
500,85,186,175
504,86,187,167
504,84,190,171
499,82,191,177
502,82,189,174
504,82,190,173
505,84,189,172
505,81,188,174
507,81,190,170
509,82,188,167
509,82,184,174
509,81,183,170
515,82,182,166
514,82,181,168
514,81,181,172
512,79,185,169
514,79,183,169
515,79,184,169
514,79,185,173
510,76,186,175
513,77,188,170
509,74,190,178
512,74,189,177
512,73,190,178
513,73,189,181
515,75,190,173
513,72,189,178
515,72,189,177
515,72,189,183
515,73,188,177
516,74,189,174
513,70,190,181
514,72,190,176
514,70,191,180
514,70,191,180
513,69,194,182
511,68,191,187
511,69,196,184
509,69,196,183
509,68,198,183
511,68,195,182
510,68,198,184
511,67,195,188
509,66,197,189
510,66,197,187
511,67,195,184
510,66,199,188
510,64,199,192
509,64,200,194
505,63,202,197
506,64,202,188
506,65,201,191
508,65,202,189
506,63,202,193
506,64,203,189
503,64,202,195
505,64,202,192
504,62,203,193
500,63,203,194
504,63,203,195
501,61,205,196
505,60,204,194
502,61,204,192
501,60,205,198
501,61,203,195
505,62,202,194
498,59,205,199
502,61,205,197
497,60,207,197
495,58,209,200
498,58,207,204
495,58,211,199
496,58,209,202
497,57,208,202
495,57,210,198
498,56,207,200
496,56,210,202
492,56,211,202
494,55,210,200
493,56,207,199
496,57,207,194
493,56,207,195
495,55,207,197
493,55,209,195
495,56,207,195
493,55,207,197
489,54,211,195
494,54,208,200
491,55,211,195
487,53,213,198
490,52,212,201
489,51,214,200
486,52,213,200
487,51,215,202
488,51,210,202
492,53,211,199
487,51,215,203
485,50,216,205
483,49,216,205
487,52,215,199
486,50,215,207
485,49,218,205
490,50,213,202
489,50,214,203
487,50,214,203
489,50,214,203
489,50,214,201
489,49,213,203
486,48,217,205
485,47,218,205
490,48,214,202
483,47,216,210
485,47,218,204
492,47,212,205
491,48,212,202
488,47,212,207
488,48,213,204
486,46,215,205
491,47,210,206
490,48,212,204
494,48,209,206
491,47,209,206
486,44,214,212
484,47,216,213
484,46,215,209
486,45,217,211
480,44,219,218
481,43,218,216
483,45,216,212
482,45,218,210
483,45,220,213
479,43,220,215
476,43,224,217
476,43,226,218
477,43,223,217
478,43,220,218
471,41,227,224
470,42,225,226
473,42,225,221
472,41,227,223
471,41,226,226
469,41,229,226
471,43,225,221
470,42,226,225
468,42,227,228
465,42,229,225
465,41,231,232
463,42,232,232
463,41,233,234
460,41,232,233
458,44,234,230
460,42,232,236
457,44,233,232
460,45,234,230
455,44,237,236
453,44,239,236
454,45,237,235
456,44,239,239
456,47,237,235
455,44,238,235
450,45,240,239
453,47,243,236
454,47,240,234
459,46,238,239
451,47,243,237
456,45,242,242
458,45,244,241
454,45,247,244
454,44,244,247
454,45,246,245
455,43,244,247
455,45,246,245
458,47,245,241
460,48,242,241
458,46,242,243
458,44,245,247
459,44,245,244
461,45,246,244
465,46,246,244
462,44,247,244
466,43,242,242
462,40,249,249
463,40,249,248
464,38,249,252
464,40,251,250
461,38,254,250
464,38,256,254
459,34,260,258
461,35,258,256
460,35,259,256
462,32,258,261
462,34,255,255
461,30,258,260
465,32,255,257
465,32,256,254
463,27,264,259
462,27,266,259
465,24,264,263
464,22,263,264
464,20,265,266
468,21,264,263
469,17,263,270
475,19,260,262
471,16,264,267
472,16,264,267
471,13,267,268
469,11,272,272
472,11,268,270
475,10,271,271
474,10,268,268
476,10,269,263
475,5,272,275
477,6,272,270
479,4,273,273
479,1,273,276
475,3,275,273
478,-2,276,282
479,-1,277,278
474,-7,278,285
478,-4,277,277
478,-9,282,284
485,-6,278,278
479,-9,282,284
477,-12,281,284
477,-13,280,279
482,-13,280,283
476,-17,282,290
479,-18,276,287
486,-19,275,286
482,-24,280,290
482,-25,281,293
480,-31,282,298
482,-32,280,298
484,-31,281,298
483,-38,282,302
477,-36,285,304
478,-36,287,305
477,-35,284,303
479,-39,285,303
484,-35,281,300
483,-36,284,299
484,-39,287,300
484,-38,286,297
476,-41,286,302
475,-38,286,301
478,-36,287,300
477,-38,291,301
474,-40,295,305
471,-39,301,302
469,-42,300,307
469,-43,306,306
472,-43,304,304
467,-45,307,309
462,-49,308,311
458,-48,306,312
459,-51,314,317
460,-52,314,316
456,-50,317,315
457,-52,313,316
452,-57,316,319
454,-58,316,317
454,-54,315,316
450,-55,320,317
449,-58,317,317
450,-58,322,320
455,-61,321,320
447,-55,329,318
447,-59,320,322
454,-60,323,320
446,-56,325,316
445,-60,325,320
451,-53,324,311
445,-55,324,315
445,-59,320,316
451,-54,321,312
451,-60,318,316
441,-55,318,316
442,-61,320,320
443,-58,325,319
448,-57,324,316
441,-61,327,318
441,-63,326,323
438,-60,331,320
439,-64,329,323
442,-62,333,323
438,-60,331,322
437,-65,330,326
434,-65,335,325
435,-65,333,325
441,-63,325,323
434,-62,330,323
443,-62,332,319
435,-59,332,320
432,-58,330,320
438,-61,332,320
432,-70,332,332
430,-65,338,330
428,-70,336,334
435,-74,338,336
430,-68,342,331
432,-66,337,331
430,-69,335,335
426,-61,342,328
432,-69,337,333
433,-61,338,325
424,-74,338,339
426,-68,340,332
431,-65,338,328
432,-65,336,330
428,-69,340,334
437,-64,336,328
431,-67,333,329
429,-65,342,330
424,-63,342,331
427,-66,341,333
423,-66,339,333
429,-70,341,335
428,-67,342,333
427,-61,341,327
432,-62,335,327
428,-61,344,328
427,-64,339,329
431,-62,340,327
432,-64,339,331
429,-64,335,329
431,-68,337,332
432,-62,335,330
435,-59,334,324
429,-64,338,329
433,-66,330,332
435,-68,338,330
433,-63,335,328
428,-65,336,330
436,-66,341,333
425,-68,343,336
427,-77,342,342
425,-68,341,335
428,-66,345,332
430,-67,338,333
428,-62,345,327
425,-66,347,333
431,-66,341,331
429,-63,343,329
430,-68,339,334
425,-67,343,333
436,-66,331,329
431,-63,338,330
433,-61,337,326
429,-72,336,336
429,-65,338,331
426,-63,347,329
433,-72,334,334
425,-66,343,332
430,-65,341,331
434,-63,342,332
423,-77,344,342
432,-71,340,336
432,-62,342,327
428,-69,343,337
422,-66,344,334
427,-70,348,336
428,-69,342,336
427,-66,339,331
422,-62,340,329
428,-64,343,331
432,-62,342,327
429,-61,338,328
428,-65,340,329
434,-65,340,330
429,-60,335,325
434,-61,336,326
434,-61,336,325
433,-60,333,324
430,-60,328,325
430,-60,335,323
438,-56,331,319
439,-56,331,316
437,-55,327,315
436,-62,328,324
438,-61,332,323
437,-62,333,322
435,-63,334,324
431,-65,337,326
435,-60,330,325
438,-60,329,322
430,-58,334,323
427,-65,340,328
430,-64,335,329
431,-57,334,321
430,-61,329,324
439,-62,334,327
439,-63,333,327
438,-63,333,325
431,-62,337,323
429,-63,331,327
433,-67,338,331
431,-60,341,325
430,-64,335,328
428,-65,336,329
432,-64,342,328
429,-67,338,333
433,-65,328,330
431,-64,335,328
438,-62,333,326
429,-65,341,330
434,-63,339,326
430,-62,337,327
432,-62,339,327
434,-64,340,329
431,-62,336,328
430,-69,334,333
433,-61,337,326
431,-65,335,329
428,-69,340,334
430,-64,339,330
429,-70,344,337
427,-64,342,328
431,-68,328,331
430,-62,337,325
432,-65,334,329
432,-69,333,332
428,-64,337,327
428,-68,341,333
433,-63,335,331
434,-65,337,329
432,-64,333,327
435,-71,335,333
437,-70,332,331
431,-69,330,337
435,-64,337,327
427,-73,335,336
432,-66,332,329
437,-61,332,327
437,-58,333,324
432,-64,334,327
433,-66,331,329
435,-62,338,322
437,-63,331,325
437,-60,328,323
439,-58,327,318
435,-63,331,323
431,-60,335,326
440,-57,333,319
436,-65,336,327
431,-65,336,329
431,-67,335,331
431,-66,332,331
428,-61,332,327
434,-62,332,323
433,-58,331,321
440,-61,333,325
431,-62,329,326
439,-59,329,320
438,-59,324,320
440,-61,328,320
441,-60,329,321
435,-62,323,322
435,-61,328,324
440,-63,331,324
437,-57,323,317
438,-62,324,325
436,-59,324,322
434,-62,325,327
435,-65,329,327
438,-59,331,322
441,-55,327,318
440,-64,329,324
444,-62,331,321
436,-63,330,325
440,-63,325,327
435,-65,333,328
434,-64,335,329
433,-62,327,326
435,-61,330,326
434,-65,333,329
432,-60,331,324
435,-68,330,332
437,-68,336,333
430,-66,336,329
440,-64,330,326
431,-66,329,327
431,-65,336,329
435,-60,330,324
439,-66,330,330
434,-60,330,324
436,-60,329,322
439,-60,325,322
445,-56,320,317
440,-60,320,320
438,-55,324,316
439,-54,327,314
446,-51,321,312
439,-55,320,314
445,-54,324,312
440,-60,322,321
439,-59,323,320
435,-58,321,320
440,-56,322,317
442,-56,321,314
442,-57,321,316
445,-55,325,316
440,-56,318,319
442,-59,324,317
442,-56,320,313
444,-56,322,316
442,-56,321,318
433,-58,324,318
439,-54,323,313
448,-52,315,308
445,-50,317,307
441,-55,314,315
443,-52,312,312
438,-57,320,318
441,-54,324,315
439,-58,322,319
437,-61,327,323
444,-60,325,320
437,-57,319,319
438,-59,329,320
439,-56,325,317
443,-57,325,319
435,-58,329,319
441,-57,321,318
433,-53,323,317
440,-54,325,316
442,-55,321,318
439,-59,325,318
442,-59,320,317
449,-50,320,307
442,-57,321,315
440,-57,325,314
438,-53,323,312
447,-55,323,313
435,-61,323,321
435,-61,330,323
436,-59,329,321
434,-60,331,325
430,-65,335,330
437,-63,328,328
437,-62,330,325
435,-66,326,329
437,-61,329,326
435,-62,329,323
437,-59,333,324
431,-65,329,329
428,-59,332,323
426,-69,333,334
434,-66,336,331
432,-68,335,335
428,-67,339,334
430,-66,340,335
428,-70,334,334
435,-66,341,332
431,-69,339,333
428,-67,334,332
429,-66,338,332
433,-68,331,333
431,-67,339,332
430,-69,334,334
437,-63,332,326
432,-60,325,326
438,-68,332,329
431,-65,331,328
433,-67,331,328
434,-61,329,325
434,-63,329,328
431,-61,332,325
441,-59,327,324
438,-62,336,325
437,-63,331,328
430,-64,321,327
436,-65,332,326
437,-63,327,324
432,-60,327,320
440,-58,321,319
435,-60,327,322
441,-58,323,322
444,-56,329,317
439,-58,326,318
434,-62,326,324
443,-57,324,318
442,-61,326,321
437,-64,324,327
439,-64,330,327
441,-64,333,325
430,-64,334,325
438,-64,328,327
434,-64,325,328
439,-57,331,320
437,-61,332,321
434,-59,335,322
439,-64,329,329
435,-58,332,322
439,-60,328,323
434,-62,328,326
436,-61,330,323
443,-54,329,317
439,-61,325,322
438,-59,325,322
444,-56,325,316
435,-55,332,319
432,-59,325,323
436,-60,329,325
436,-61,327,323
437,-59,330,323
441,-58,329,322
432,-64,336,328
432,-67,336,330
434,-61,330,322
444,-63,330,325
434,-64,331,325
431,-59,329,324
432,-59,335,325
437,-58,326,322
434,-62,331,326
429,-65,336,330
431,-66,326,330
430,-63,336,329
431,-64,335,331
430,-67,333,332
433,-68,335,335
435,-70,335,334
433,-60,335,327
435,-66,334,332
440,-65,332,330
434,-65,333,327
439,-57,326,322
432,-63,335,328
435,-61,330,327
430,-64,344,331
429,-67,346,334
435,-64,338,327
432,-65,338,331
430,-63,335,330
441,-56,330,320
438,-57,327,323
438,-64,333,325
437,-57,333,323
432,-62,337,325
428,-63,336,327
433,-70,331,332
430,-67,336,333
437,-70,331,334
427,-65,336,333
430,-64,338,330
428,-69,340,336
428,-69,342,335
433,-67,337,331
430,-61,333,327
429,-63,331,329
435,-60,335,324
432,-66,339,329
433,-61,329,327
432,-64,339,329
431,-61,337,324
439,-57,329,325
431,-64,332,329
431,-67,329,331
433,-64,334,330
435,-66,331,330
428,-65,336,332
434,-65,339,332
436,-67,331,334
429,-71,338,339
426,-71,341,339
427,-66,338,335
428,-65,341,333
428,-68,335,336
427,-67,340,335
431,-61,336,329
429,-66,337,331
438,-67,328,332
433,-59,334,327
436,-65,328,329
438,-63,327,328
433,-61,329,327
434,-70,326,334
437,-59,323,327
433,-63,326,330
432,-59,330,328
433,-68,332,335
439,-64,327,331
431,-67,325,335
433,-61,330,327
432,-69,326,336
431,-67,330,336
434,-64,328,334
430,-65,329,334
435,-62,333,331
430,-68,331,339
434,-66,328,336
428,-68,332,341
437,-76,321,344
431,-65,328,334
438,-65,323,333
436,-67,323,338
434,-64,323,337
438,-65,321,337
436,-59,323,331
435,-61,318,339
433,-64,322,336
433,-63,318,336
442,-65,314,334
436,-59,313,331
441,-69,307,339
445,-61,303,331
446,-58,306,329
438,-58,303,327
442,-49,302,322
440,-50,303,323
444,-37,300,308
449,-36,295,304
441,-34,299,300
444,-30,299,297
448,-23,293,291
449,-21,289,286
451,-18,286,281
453,-16,283,280
455,-11,280,277
456,-9,278,275
455,-9,276,272
456,-7,276,272
448,-6,284,268
458,-2,269,269
457,-2,270,264
459,1,268,261
456,0,268,265
458,2,268,261
459,5,264,257
461,8,261,254
456,7,259,257
467,7,253,261
465,13,256,251
459,15,255,250
459,13,250,255
458,17,252,247
466,20,246,242
469,21,241,245
471,26,240,235
471,25,235,241
471,29,235,234
473,32,230,229
474,33,229,229
474,33,226,235
475,34,228,231
474,37,224,228
469,37,228,227
469,37,225,230
470,41,223,222
475,42,221,224
477,43,219,225
473,45,220,220
475,47,216,221
475,50,212,216
474,53,211,214
477,52,210,216
477,54,212,209
479,55,208,216
477,58,208,211
475,58,206,212
477,61,205,209
480,64,201,207
477,65,201,205
478,66,200,203
477,67,199,205
480,66,200,206
474,69,198,204
479,70,195,205
476,71,195,206
480,72,197,202
478,75,193,202
478,76,191,202
473,78,193,199
471,79,194,198
478,80,192,198
477,81,191,200
473,83,189,196
477,85,188,194
475,88,185,193
471,91,185,192
475,91,182,193
478,92,180,192
477,94,183,189
476,96,178,189
474,98,180,187
473,98,178,189
473,101,180,184
476,100,178,186
474,100,180,187
475,103,177,182
474,107,175,178
473,106,175,181
474,106,175,182
469,109,176,178
470,110,176,178
472,109,174,181
471,111,175,179
470,111,174,180
472,112,174,180
470,113,175,178
471,115,173,174
471,116,172,176
470,115,172,176
471,118,167,175
472,120,166,170
471,120,168,170
472,122,164,170
469,122,165,170
471,122,166,169
470,125,164,167
471,125,163,165
470,125,163,164
471,127,162,164
468,127,162,166
469,128,161,165
469,128,162,164
469,129,161,162
467,128,163,163
468,129,161,162
468,131,158,161
468,132,158,161
468,133,158,160
464,132,160,160
466,133,160,159
463,133,159,161
465,133,159,159
465,134,158,158
467,135,156,156
467,134,158,159
465,135,159,159
463,134,160,161
463,135,160,159
465,135,161,161
463,135,163,161
464,136,160,159
464,136,158,159
464,137,160,159
462,137,161,160
461,136,162,160
460,136,161,160
463,137,159,158
463,137,157,160
462,137,158,158
461,137,158,158
462,138,158,156
464,139,156,156
457,136,160,160
460,136,159,159
460,137,159,157
459,138,159,158
458,137,157,158
460,138,156,156
456,137,158,161
460,138,156,154
457,136,160,158
457,136,157,159
458,137,156,157
459,137,154,154
456,136,157,159
457,135,157,156
456,134,157,156
457,134,156,156
457,133,157,156
456,132,155,158
455,131,157,159
455,130,156,161
455,130,156,159
454,129,159,161
453,129,157,160
454,128,158,158
453,128,157,158
454,128,157,158
451,127,162,164
451,125,160,161
451,124,160,163
452,124,159,161
452,124,158,161
450,121,163,165
449,120,161,165
451,120,160,162
449,120,163,165
449,118,160,165
450,118,159,166
448,116,161,165
448,115,160,165
449,115,161,164
448,113,165,167
446,113,163,168
447,111,165,169
447,111,163,170
447,111,165,167
447,110,168,169
446,107,166,170
447,109,166,170
446,110,165,168
443,107,171,172
445,105,167,169
445,105,165,170
447,108,167,168
448,105,164,168
444,105,170,172
445,104,168,171
444,103,168,174
445,104,168,170
441,101,174,177
443,99,171,176
442,99,171,177
443,99,171,175
443,98,172,177
441,97,172,178
442,97,173,180
440,95,175,181
442,94,176,180
441,95,172,180
441,93,175,181
439,93,177,179
440,92,177,181
438,91,181,183
439,90,178,185
440,90,180,183
439,89,181,185
438,87,183,188
438,86,183,186
439,85,179,183
439,85,181,186
439,84,179,186
439,84,183,186
438,83,181,187
438,82,186,188
436,81,183,189
435,78,190,192
435,78,189,190
434,76,192,192
435,75,192,193
434,76,193,195
435,73,192,196
435,73,195,196
435,70,195,198
434,71,194,197
435,70,197,196
435,70,197,196
433,69,200,198
432,67,201,201
434,67,202,200
434,66,203,201
434,66,200,202
433,65,199,201
435,65,201,202
433,63,205,206
435,63,205,201
433,62,206,204
432,62,205,208
432,59,209,209
432,58,209,209
434,58,207,207
432,58,212,209
431,55,212,215
434,57,208,208
435,56,207,208
435,55,213,210
432,53,213,213
434,54,211,214
437,54,209,210
436,52,210,213
436,53,209,214
436,51,210,218
437,53,210,211
435,51,217,216
435,50,215,217
436,50,217,215
438,49,213,214
437,49,216,214
437,50,216,215
438,48,216,217
439,50,215,217
436,47,219,218
438,47,218,217
439,48,218,215
438,49,220,216
437,48,219,216
437,48,223,217
439,48,221,217
439,48,221,219
439,46,222,219
438,44,223,222
439,46,220,222
440,46,223,222
441,47,225,223
441,44,221,225
442,45,222,222
441,46,225,221
444,46,223,220
443,44,223,225
444,45,223,225
445,45,224,222
444,43,224,224
444,44,225,225
446,44,222,224
446,43,224,222
445,41,227,228
444,39,228,233
446,41,230,225
445,39,233,226
446,42,230,227
445,38,234,230
446,38,235,229
446,37,235,230
445,36,235,231
445,35,237,231
446,32,240,236
447,36,240,231
448,36,238,231
444,33,244,233
448,34,240,231
447,31,237,235
450,33,235,231
447,31,238,238
448,30,241,235
450,31,237,234
450,30,236,236
451,30,240,233
451,29,236,235
449,28,244,233
453,28,233,232
452,26,233,237
451,26,242,237
449,25,242,238
450,23,241,239
450,21,244,239
452,23,239,236
448,18,249,245
449,18,242,242
451,18,246,240
452,21,244,236
450,18,242,242
448,16,247,242
448,12,249,250
448,16,245,244
447,11,252,250
449,15,247,242
446,13,250,247
447,14,248,246
447,14,247,245
447,16,245,240
445,14,249,243
447,14,248,243
447,15,243,240
445,9,248,248
444,12,248,244
443,11,249,245
441,8,254,250
442,9,250,244
444,8,248,249
441,10,251,246
441,9,253,249
439,10,250,244
440,10,248,247
439,9,250,247
438,9,248,248
437,12,250,245
439,11,244,247
436,12,252,245
436,9,253,249
437,10,250,247
435,8,251,251
438,14,245,241
436,13,246,247
436,13,248,245
436,12,244,248
433,11,249,249
435,15,244,243
432,13,246,248
432,15,245,245
431,14,246,249
430,14,251,248
429,15,245,248
429,17,247,244
431,16,242,243
430,19,243,242
431,16,243,245
429,18,239,247
432,17,243,242
429,19,237,244
430,19,239,243
428,17,244,246
431,20,244,240
426,17,244,246
427,19,247,242
427,17,245,246
423,15,249,250
424,16,248,248
422,16,246,251
422,15,249,251
424,15,253,247
421,17,248,244
421,14,251,251
419,15,250,251
419,15,257,249
420,13,254,252
419,14,250,250
420,14,255,249
419,13,255,250
419,13,255,249
418,12,258,254
419,14,250,251
420,14,253,246
420,13,249,248
419,13,252,248
418,11,255,251
419,13,253,249
420,15,247,246
417,12,253,252
417,11,252,250
419,12,250,251
420,12,252,252
419,12,253,249
418,12,250,249
420,14,249,245
419,13,255,251
416,11,250,254
419,12,251,247
419,11,256,253
419,14,250,245
419,13,252,248
415,13,256,252
420,15,251,248
419,17,248,246
419,16,252,248
420,16,249,248
422,19,248,244
423,18,243,247
420,20,242,244
422,21,244,241
423,23,247,241
423,23,247,241
422,22,246,244
421,24,247,240
422,25,245,241
421,26,245,241
422,25,243,242
423,27,242,240
421,28,238,241
424,26,243,243
424,28,241,241
421,28,241,243
423,28,244,241
424,30,241,240
424,30,244,239
423,31,242,239
425,30,242,240
423,32,242,240
424,33,240,237
425,31,243,242
424,32,238,241
425,34,239,235
428,33,242,237
425,35,235,232
424,32,240,238
425,34,238,234
424,33,243,236
424,31,242,237
424,33,243,234
424,36,236,230
424,36,237,229
425,34,239,232
426,34,240,232
424,34,235,233
424,36,234,231
425,36,232,234
425,36,236,232
424,36,231,232
426,38,229,231
427,37,230,230
426,39,225,229
424,38,229,229
425,39,232,227
422,37,231,233
425,35,237,236
422,37,229,232
424,37,230,231
425,39,229,227
424,38,230,229
424,38,230,233
425,40,228,231
425,42,221,229
424,42,221,223
427,44,217,222
427,42,220,226
425,43,224,222
424,44,222,220
424,43,223,223
425,46,219,225
426,47,218,223
427,47,221,220
426,49,219,218
427,51,217,219
427,53,216,219
426,51,212,220
426,52,214,218
426,52,216,219
424,55,213,218
425,55,213,218
426,55,212,218
428,57,210,214
426,57,209,214
427,58,209,215
426,58,208,215
426,61,208,214
426,61,210,214
421,62,211,212
426,60,213,214
425,61,207,215
422,61,213,214
422,59,214,214
422,63,212,215
425,64,210,215
423,64,211,215
419,64,211,211
422,65,211,214
422,67,209,212
417,67,209,213
421,70,208,208
421,70,207,208
423,70,199,207
421,71,205,207
423,73,204,206
423,73,204,207
422,75,204,207
420,77,200,207
421,78,200,203
421,79,200,204
421,80,198,202
418,79,201,206
421,80,194,205
419,82,196,200
418,82,196,202
416,81,195,203
417,81,196,204
416,81,199,205
415,83,194,202
416,83,196,202
415,82,192,203
415,81,197,202
416,82,193,201
414,82,191,201
413,81,195,202
413,79,193,203
413,78,198,206
409,78,200,207
408,77,203,206
408,75,204,207
406,74,203,210
404,74,202,210
406,73,201,209
407,74,199,208
408,73,193,204
406,75,195,206
404,71,202,210
403,73,200,209
399,71,202,210
399,70,201,212
399,67,204,212
401,67,200,211
399,70,198,210
395,65,200,212
396,64,204,216
397,67,199,211
391,65,205,216
391,59,209,221
394,59,204,215
388,59,209,221
388,56,210,220
390,55,215,223
388,55,217,223
388,53,213,224
385,51,212,226
384,54,211,227
385,52,215,227
385,49,214,226
382,48,216,233
382,45,215,231
383,47,214,231
383,47,213,232
380,47,214,232
381,43,213,232
382,43,209,229
382,46,207,228
379,39,210,231
381,38,212,235
381,40,211,234
379,40,212,236
376,35,215,238
379,37,214,238
379,33,215,237
379,27,215,241
376,26,216,245
378,21,220,249
379,23,220,247
378,19,222,252
376,19,221,253
378,15,222,250
377,15,222,253
377,12,225,257
376,14,223,259
378,13,230,255
375,13,223,258
379,16,227,253
379,12,224,256
377,9,234,262
380,10,229,259
384,9,227,260
378,11,231,260
381,9,230,265
381,9,232,260
380,7,230,262
380,8,232,261
384,6,235,264
383,4,234,265
384,3,231,269
388,5,231,267
388,2,233,271
391,5,232,267
391,5,236,266
392,6,236,266
396,9,233,258
396,8,231,261
400,6,232,265
401,8,238,261
405,8,229,264
408,5,231,269
412,10,216,260
415,8,222,262
418,11,220,254
420,11,223,255
423,11,225,254
428,14,222,254
432,16,208,246
438,16,216,249
440,15,209,248
438,12,206,253
449,12,210,249
456,11,204,244
458,10,208,247
461,10,210,248
469,11,196,241
472,12,193,242
478,13,193,235
485,10,196,235
492,12,190,232
500,12,183,230
505,13,191,229
513,11,190,231
518,9,191,230
520,14,187,228
524,10,183,233
536,6,184,229
540,2,180,232
548,1,176,227
551,11,177,223
558,2,171,223
571,3,166,215
581,5,166,216
587,4,163,215
590,4,161,211
602,3,164,213
605,6,163,213
617,9,170,215
621,2,170,220
629,4,170,220
644,4,170,219
648,7,169,217
664,2,173,220
676,-1,170,214
679,-4,170,222
693,-2,170,220
705,2,171,216
718,0,170,215
725,2,164,211
731,6,163,209
753,4,166,207
763,4,166,209
776,9,168,211
787,12,171,215
799,11,171,220
812,21,176,224
833,30,176,223
848,49,179,220
863,58,179,216
878,41,170,227
895,53,170,222
911,54,169,221
923,52,164,220
934,47,167,225
948,41,168,226
962,46,171,226
974,28,170,235
989,33,174,233
1007,40,176,229
1024,24,174,236
1040,23,171,236
1056,7,170,228
1072,9,172,221
1092,30,176,222
1108,13,169,233
1130,15,172,244
1147,21,169,243
1168,29,168,235
1189,36,158,230
1211,34,161,231
1194,46,172,193
1194,49,171,192
1117,-7,173,194
1124,-9,174,195
1123,-6,173,193
1124,-6,177,197
1117,-3,177,197
1135,-3,177,197
1134,-6,176,195
1130,4,177,196
1128,-10,177,196
1129,2,177,196
1121,-4,176,194
1111,-11,175,192
1112,4,173,190
1141,15,172,189
1125,6,172,189
1133,11,172,189
1124,7,172,189
1119,2,171,188
1148,5,171,188
1143,10,168,185
1113,9,170,187
1123,7,169,186
1132,1,172,189
1128,5,170,187
1154,13,170,187
1165,10,170,186
1134,9,169,185
1114,45,170,186
1183,12,170,186
1146,5,170,186
1176,4,165,181
1177,16,164,180
1180,9,163,179
1200,12,161,177
1185,17,156,171
1201,9,157,173
1203,11,155,170
1187,10,155,170
1184,11,154,169
1187,17,153,168
1185,88,152,167
1099,117,153,168
1078,200,155,170
941,222,156,171
911,250,155,170
981,312,157,172
1001,303,155,170
1010,309,155,170
1008,313,155,170
1033,309,153,168
1055,306,155,170
1060,303,157,172
1142,306,155,170
1104,314,155,171
1125,314,155,171
1126,316,151,167
1140,313,153,169
1156,315,151,167
1142,332,149,165
1182,333,150,166
1207,339,147,162
1176,342,144,159
1094,376,145,161
988,320,144,159
975,330,143,158
1021,376,143,158
987,346,143,158
1008,329,141,156
1056,368,140,155
1102,383,140,155
1075,353,138,153
1067,359,140,156
1064,346,138,154
1076,317,138,154
1104,339,137,153
1099,321,135,151
1101,319,133,149
1124,328,131,147
1123,344,130,146
1122,330,130,146
1135,288,132,149
1140,336,131,148
1144,338,130,147
1150,348,128,145
1150,336,128,144
1158,354,129,145
1159,350,128,144
1147,316,131,147
1149,331,132,148
1155,319,132,148
1155,332,132,148
1142,307,130,146
1147,316,130,146
1135,306,131,147
1139,299,131,147
1141,310,132,148
1116,292,131,147
1107,285,130,145
1073,219,131,146
1090,271,132,147
1085,278,133,148
1064,248,130,145
1067,282,129,144
1061,272,127,142
1051,259,127,142
1049,275,126,142
1037,274,128,145
1022,278,128,144
1014,284,127,143
1005,277,127,143
995,272,126,141
993,276,126,141
980,268,127,142
974,287,125,140
969,286,124,138
962,289,122,137
952,293,121,136
940,289,121,136
938,290,123,138
915,301,122,137
914,297,122,138
906,310,121,137
899,314,122,138
884,316,124,140
890,322,122,138
899,312,123,139
887,314,123,139
881,325,121,137
890,330,120,136
957,338,119,135
1148,311,119,135
1142,315,120,136
1113,285,119,135
1122,336,121,137
1104,344,121,136
1045,351,122,137
1057,341,123,138
1043,349,123,138
1036,355,123,138
1028,356,124,139
1030,359,126,141
1028,349,127,142
1032,360,126,140
1011,315,125,139
1036,350,125,139
1046,305,125,139
989,309,124,138
981,347,124,138
915,316,121,135
888,324,119,133
961,352,119,133
960,292,118,132
1075,316,119,133
1080,283,122,137
1142,314,120,135
1107,309,121,136
1131,364,120,135
1133,366,119,134
1145,374,120,135
1132,331,121,136
1134,331,120,134
1101,333,117,131
1065,338,116,130
1024,295,117,131
957,247,119,133
968,224,117,131
962,224,118,132
987,207,118,133
958,216,118,133
970,254,118,133
964,281,117,131
972,244,117,131
959,247,117,131
938,192,116,130
961,251,117,131
954,286,116,130
948,218,115,129
950,177,116,130
977,192,115,129
1002,188,115,129
969,255,115,129
988,294,115,129
959,223,115,129
975,189,117,131
972,170,117,131
980,174,116,130
969,198,114,128
948,185,114,128
946,192,114,128
935,180,115,129
942,183,115,129
995,155,114,127
1003,152,115,128
990,151,116,129
962,198,115,128
987,150,114,127
945,188,114,127
961,178,117,130
963,171,118,130
953,176,117,128
967,172,116,127
956,181,114,125
964,180,113,124
939,176,115,126
930,171,113,124
949,174,113,124
933,171,115,126
931,154,118,130
923,173,117,129
915,155,115,127
893,183,115,128
915,146,114,126
906,180,113,126
903,183,113,126
908,180,111,124
905,186,112,125
906,193,113,126
906,170,113,125
868,200,112,124
891,200,112,124
879,194,112,124
919,175,115,127
923,179,113,125
897,163,114,126
901,152,112,124
917,174,110,122
912,157,109,120
922,184,108,119
926,164,109,120
916,149,109,120
897,164,108,118
913,144,109,119
889,169,109,118
896,202,110,119
906,198,110,119
920,202,110,119
969,183,109,118
924,200,111,120
976,169,110,119
987,140,94,132
997,151,95,125
997,150,92,123
997,148,93,122
1005,140,107,116
1024,132,96,118
1031,113,93,124
1045,75,98,127
1039,85,108,117
1062,74,95,130
1072,67,94,132
1085,46,95,130
1096,57,95,134
1101,83,99,136
1116,83,102,136
1115,80,101,133
1128,75,102,132
1139,67,100,133
1142,72,117,127
1169,56,98,128
1171,44,118,128
1194,23,92,130
1213,12,95,137
1209,42,121,131
1218,42,123,134
1161,19,123,134
1130,42,124,135
1070,94,123,133
1009,63,122,132
1013,40,122,132
1024,47,123,133
979,43,125,135
990,35,125,135
981,66,126,136
1031,160,125,134
1020,129,126,135
1038,154,126,135
1039,99,127,136
1034,66,128,137
1007,90,130,139
1079,63,126,135
1065,35,125,134
1147,40,123,132
1172,98,122,131
1179,111,123,132
1173,146,122,130
1182,139,123,131
1189,128,121,129
1216,119,120,128
1220,120,121,129
1221,122,119,126
1189,116,116,123
1147,118,115,122
1100,98,115,122
1097,100,115,122
1172,117,116,123
1221,120,117,124
1167,109,116,123
1185,92,116,123
1216,110,116,123
1223,110,114,121
1192,107,113,120
1113,100,114,121
1141,80,114,121
1076,92,115,122
1092,106,115,122
1101,89,114,121
1104,99,112,119
1103,103,113,120
1106,101,115,122
1109,98,116,123
1131,102,115,122
1137,111,116,123
1165,119,116,123
1187,111,114,122
1214,100,113,121
1199,102,110,118
1204,113,107,115
1227,110,106,114
1227,112,105,113
1228,116,104,112
1229,111,102,110
1229,114,102,110
1229,115,102,110
1142,108,101,109
1089,104,99,106
1086,100,98,105
1081,91,98,105
1080,93,99,106
1092,106,98,105
1088,103,96,103
1081,95,97,104
1102,125,96,103
1122,129,95,102
1101,99,95,101
1073,96,96,102
1012,93,94,100
940,97,93,99
903,56,92,98
901,108,90,96
899,100,89,95
963,91,89,95
966,93,88,94
970,90,86,92
968,95,87,93
978,89,74,92
985,90,73,90
988,90,70,89
994,97,71,89
985,84,86,92
970,90,85,91
965,84,86,92
960,93,86,92
963,91,86,92
969,94,77,84
968,94,76,84
970,93,75,84
964,93,85,91
971,95,76,88
969,94,74,86
967,94,73,87
968,90,73,88
971,89,74,89
973,92,72,88
964,93,84,90
965,84,84,90
965,88,84,90
966,88,83,88
966,86,83,88
934,69,83,87
878,33,83,87
831,30,84,88
827,45,84,88
831,48,83,87
829,48,84,88
813,62,85,89
819,45,85,89
812,61,87,91
819,60,87,91
813,57,88,92
807,72,87,91
816,59,86,90
820,42,85,89
825,35,84,88
842,30,85,89
834,34,85,89
829,31,83,87
860,29,82,86
824,37,82,86
813,38,83,86
846,29,84,87
826,54,82,85
807,88,80,83
811,87,80,83
812,80,80,83
825,70,79,82
801,83,78,81
826,80,78,81
821,77,78,81
795,67,78,81
806,71,76,79
829,82,76,79
811,77,76,79
773,67,76,79
744,76,76,79
757,68,75,78
765,73,74,77
798,60,73,76
777,59,73,76
773,42,74,77
773,46,73,76
785,37,73,76
766,46,73,76
784,36,72,75
787,34,72,75
811,43,70,73
784,38,70,73
785,38,70,73
784,36,70,73
788,35,69,72
774,44,70,73
773,49,71,74
756,65,71,74
763,79,71,74
780,47,71,74
758,66,71,74
768,47,70,73
799,64,71,74
787,52,72,75
770,65,72,75
755,71,72,75
788,52,71,74
788,44,70,73
784,42,71,74
789,37,72,75
796,43,72,75
765,67,73,76
790,38,72,75
789,43,72,75
779,41,73,76
764,42,73,76
759,42,74,77
767,40,74,77
779,38,74,77
766,36,76,79
766,30,77,80
744,81,77,80
686,94,77,80
696,111,77,80
599,159,76,79
609,147,76,79
582,158,76,79
592,152,76,79
590,153,76,80
604,148,77,81
617,153,76,80
601,142,76,80
585,154,77,81
596,149,78,82
596,147,78,82
575,153,79,83
564,153,80,84
562,152,82,86
562,163,83,87
560,159,83,87
565,151,84,88
558,145,94,105
554,144,96,109
554,142,99,111
553,142,100,112
553,143,100,115
553,145,101,115
551,142,101,116
551,141,102,118
551,142,102,118
550,141,103,118
549,143,101,116
549,143,102,117
549,142,103,117
548,141,104,117
548,141,104,118
548,144,104,118
547,142,105,117
546,142,105,119
546,141,106,120
545,141,107,121
545,141,105,122
545,138,105,126
542,138,106,125
543,140,107,125
545,138,106,125
544,139,106,124
543,140,106,125
544,140,106,124
545,140,105,124
544,140,106,127
543,139,108,127
543,139,109,126
544,138,108,126
546,137,107,128
545,137,107,130
543,136,109,130
545,137,110,128
547,137,108,129
547,138,107,128
546,137,109,125
548,136,109,126
548,136,110,129
550,136,110,128
549,135,110,129
551,134,109,130
551,136,111,129
552,136,111,128
550,134,112,130
551,133,114,131
554,134,112,131
554,133,113,131
554,133,114,130
555,133,113,129
558,133,113,132
556,134,114,132
558,132,114,131
558,131,114,133
561,131,114,133
561,131,115,132
562,132,114,131
561,131,116,131
562,131,116,132
563,131,117,133
564,130,117,135
565,132,116,132
564,131,117,132
564,131,118,132
565,130,117,134
568,131,116,134
567,132,117,132
568,131,117,134
570,131,116,135
569,130,118,135
570,132,117,136
570,130,116,137
571,130,117,136
572,129,117,135
572,131,117,135
571,130,118,133
572,131,118,135
572,130,118,135
572,130,118,135
573,130,118,135
572,129,119,136
574,130,117,135
573,128,118,135
573,129,119,135
573,129,118,135
573,129,118,138
573,127,119,139
572,126,120,139
572,127,121,139
572,127,120,139
571,126,122,137
570,126,123,140
572,125,121,142
572,126,122,138
572,125,121,141
571,126,123,140
573,124,121,141
573,125,122,139
570,124,123,140
572,124,124,137
573,126,124,137
572,123,124,138
572,125,124,138
571,123,126,140
569,124,125,140
572,123,125,138
571,121,126,142
572,121,125,142
571,121,125,143
572,122,123,143
572,120,125,143
572,120,125,142
572,118,124,145
570,119,126,144
572,117,126,145
572,116,126,145
571,116,126,145
570,117,127,145
572,118,126,144
572,116,126,143
572,114,126,146
570,114,129,145
574,116,122,144
572,114,127,146
572,114,128,146
572,112,126,146
570,111,129,149
572,112,128,146
570,111,130,148
570,111,129,148
571,110,127,150
569,108,130,149
571,109,128,151
571,110,128,150
569,109,133,150
570,108,132,152
570,108,132,152
568,105,134,154
569,104,134,155
569,104,133,154
569,103,133,156
569,103,133,155
569,103,133,155
569,103,134,157
568,102,135,156
569,102,134,156
568,101,135,158
568,102,137,156
568,102,136,158
568,102,136,157
568,101,137,158
567,101,137,159
569,102,136,156
568,100,136,159
565,102,140,159
566,102,140,159
567,99,138,162
566,100,141,159
565,98,143,160
566,99,141,161
565,98,141,160
565,98,143,161
565,98,141,161
566,98,143,160
566,98,143,161
565,97,143,160
567,97,142,159
565,95,145,161
564,96,145,160
564,96,143,162
564,95,146,161
563,94,147,162
562,92,145,164
560,95,149,161
560,94,147,163
561,94,144,163
557,93,148,164
558,92,145,164
556,93,149,163
553,94,149,166
553,92,148,166
551,93,149,166
549,94,148,167
548,94,148,167
544,95,150,168
543,97,148,167
539,98,149,168
536,99,150,168
534,98,149,169
531,100,150,169
530,102,149,168
527,105,150,169
524,106,151,169
519,107,153,172
520,109,151,170
515,111,152,170
514,114,151,170
510,115,152,171
509,117,151,170
505,120,153,170
506,132,146,163
497,124,153,165
504,127,153,164
504,118,153,167
506,114,150,167
508,114,151,168
510,111,151,170
513,109,149,169
513,107,150,172
515,105,150,170
517,106,150,171
519,104,150,172
522,102,148,174
522,102,150,174
525,101,147,173
528,101,146,173
529,100,146,173
530,99,146,170
533,98,146,173
532,97,148,173
533,94,146,176
534,92,147,178
534,91,148,178
535,91,146,177
536,90,146,178
535,91,146,177
535,90,148,177
535,88,148,175
536,89,146,175
534,88,148,176
534,88,149,175
533,89,148,175
532,87,148,176
533,88,146,175
530,88,149,175
530,89,149,176
528,87,149,176
527,88,149,175
525,85,149,176
522,88,150,174
521,89,150,175
518,89,151,175
516,92,150,175
512,93,151,175
511,96,151,177
497,101,154,173
500,99,152,173
496,102,153,172
493,102,156,171
488,100,158,172
489,101,156,170
491,106,155,169
489,103,156,170
486,99,157,172
486,99,159,172
486,100,158,172
485,99,159,172
486,98,159,171
484,95,162,175
484,93,161,176
484,93,165,175
484,90,165,178
484,88,166,179
484,85,167,180
485,83,167,181
486,81,166,180
488,78,164,180
491,78,163,180
492,73,165,182
475,71,170,181
500,74,161,185
494,71,162,172
500,74,162,175
511,70,159,175
501,60,166,177
508,57,162,185
513,53,162,184
518,50,161,185
522,48,162,186
524,47,163,185
526,44,164,185
529,41,162,186
533,42,162,184
535,40,164,185
537,37,162,186
539,37,164,185
542,37,164,184
543,37,164,185
548,36,163,185
554,35,165,182
555,33,160,183
559,32,156,181
566,34,155,179
566,49,160,158
573,28,155,178
570,27,151,180
568,32,156,179
564,35,153,178
560,35,155,177
557,39,155,176
556,45,152,171
552,47,154,173
550,44,155,177
550,48,154,174
549,52,152,171
548,52,154,172
545,52,155,173
549,54,154,175
547,56,155,174
548,56,154,175
547,58,153,173
547,59,152,173
548,60,154,174
548,60,154,172
548,60,154,174
548,62,153,173
549,63,153,174
552,62,152,175
550,64,151,174
553,63,151,176
555,62,152,176
554,63,152,177
556,64,151,176
557,63,152,177
556,62,150,179
557,61,150,180
558,61,148,181
560,59,149,182
560,60,149,182
559,62,150,180
558,61,153,182
558,60,151,183
559,61,151,180
556,62,151,182
558,62,152,182
558,57,152,184
557,60,151,184
556,63,152,181
552,62,155,184
554,57,153,188
552,62,154,185
552,59,154,187
549,65,157,185
548,66,155,185
547,69,154,181
544,70,153,183
544,74,154,180
539,73,157,183
540,75,155,183
538,76,155,183
536,79,155,182
534,81,157,181
532,83,158,183
532,84,155,183
528,85,158,181
528,86,157,180
528,89,156,181
525,90,156,181
523,91,155,182
522,93,157,181
522,95,157,180
520,92,158,185
520,95,156,183
519,95,158,185
520,94,156,186
516,94,158,184
518,95,158,184
519,97,153,183
516,97,156,183
515,95,157,183
517,95,157,182
513,95,160,183
513,94,159,185
513,91,160,188
511,91,161,187
511,89,161,188
510,90,164,189
509,87,162,190
509,84,161,190
509,88,162,189
506,86,165,191
506,85,166,192
506,83,164,194
507,83,165,193
506,83,164,192
502,82,169,194
502,80,168,195
502,78,168,195
502,81,168,195
501,78,168,195
498,78,169,196
497,74,170,198
497,73,171,201
496,72,172,199
495,73,172,197
495,68,171,201
494,68,172,199
493,68,171,199
490,69,175,202
491,68,175,202
489,64,176,201
490,61,174,203
489,63,174,205
486,62,175,204
485,59,179,205
486,60,176,206
486,60,175,205
485,60,176,202
484,59,179,204
483,60,178,202
482,57,177,205
483,57,176,207
482,56,177,207
482,57,178,208
481,53,179,209
480,55,179,208
480,56,177,207
480,55,179,207
478,54,179,208
477,52,180,209
479,52,179,209
478,54,181,207
478,52,180,209
475,54,182,209
476,52,182,209
477,53,179,210
477,52,179,210
476,50,180,211
476,53,180,210
474,51,183,211
475,50,182,211
475,51,179,210
475,50,180,212
475,53,180,211
473,51,182,214
473,51,181,214
474,48,182,214
474,50,181,216
471,50,183,217
471,49,182,216
470,47,185,218
471,47,182,218
470,49,184,217
470,47,184,214
469,47,183,217
470,50,185,217
467,49,185,215
469,47,183,218
469,49,183,216
466,49,185,216
464,55,187,214
466,50,186,217
468,51,186,217
466,55,184,215
466,53,184,214
468,54,183,213
466,51,183,215
466,57,183,213
467,54,182,214
465,54,183,212
465,57,181,214
468,56,182,214
467,54,182,215
466,54,182,214
466,57,182,212
465,55,184,214
466,57,183,209
466,59,180,211
464,57,184,212
466,59,182,211
466,59,181,209
466,58,181,211
465,58,181,212
465,59,181,208
466,60,180,209
468,63,178,207
461,59,181,210
467,62,178,208
466,61,178,208
467,63,178,207
466,60,179,209
464,60,179,210
463,64,181,206
465,66,179,205
462,62,181,209
467,65,177,204
463,63,177,204
463,65,180,206
462,68,180,203
467,66,176,204
467,66,176,205
467,68,176,203
469,69,173,202
467,69,175,201
468,69,174,204
470,71,173,198
465,71,178,202
466,68,176,203
471,70,173,202
468,71,176,202
467,71,175,201
468,70,176,201
469,71,175,202
472,74,173,200
469,73,174,200
471,72,173,201
471,74,173,200
474,75,172,196
474,76,170,198
475,73,171,201
473,74,171,197
474,73,171,200
474,75,172,199
473,76,170,198
476,76,170,198
475,75,171,198
477,75,169,197
476,76,171,198
477,75,169,199
477,77,170,197
478,76,168,198
478,76,167,197
478,78,169,197
481,80,165,196
480,77,166,197
481,79,166,195
482,81,164,193
481,79,167,198
480,77,167,196
481,78,165,195
481,77,165,196
479,82,167,193
481,82,167,191
483,82,165,192
482,81,167,193
482,83,167,193
482,83,166,192
483,81,166,195
484,80,166,193
485,82,166,193
484,81,165,194
486,81,164,193
484,81,165,192
484,83,165,192
486,84,164,188
482,84,167,191
484,82,167,193
486,83,164,193
486,85,165,189
484,85,165,191
487,86,165,191
487,83,164,191
484,84,166,191
487,85,164,189
488,85,165,191
485,85,166,190
488,84,163,190
488,88,162,186
490,87,161,189
490,89,160,186
488,88,162,185
488,89,160,188
488,88,161,187
488,88,162,186
489,90,160,187
484,88,165,190
487,89,161,185
490,91,160,184
490,90,159,186
490,90,158,186
484,87,161,187
488,90,159,184
487,91,159,184
488,90,157,186
489,90,156,185
490,91,157,184
487,91,161,185
490,91,157,183
490,90,156,185
489,90,156,184
489,93,155,181
490,93,155,183
490,91,155,183
490,92,154,183
489,94,153,180
489,92,155,183
488,91,156,185
489,93,155,182
489,94,153,181
490,93,154,181
488,95,155,181
489,94,154,181
488,97,154,179
489,95,152,177
487,96,157,178
487,95,156,181
488,96,154,180
490,98,153,178
490,96,154,179
491,99,151,177
489,96,154,180
488,98,154,177
490,98,151,176
490,97,150,178
489,98,153,177
490,100,151,175
491,95,150,178
490,99,150,177
489,100,150,176
490,99,150,175
489,99,151,175
491,99,150,177
490,100,150,175
491,98,148,176
490,101,151,174
492,99,149,174
493,99,147,174
491,98,148,177
491,99,149,177
492,100,147,174
490,102,149,175
491,101,149,173
492,102,148,172
492,102,148,174
492,102,149,174
492,102,148,174
491,102,148,173
493,102,149,174
491,103,150,172
494,103,147,170
495,104,147,171
494,103,148,171
494,103,147,172
494,104,147,172
494,105,147,171
494,104,148,170
496,105,147,170
495,107,147,168
496,107,147,169
495,106,146,169
495,106,146,168
496,108,145,168
498,109,144,166
496,109,148,166
498,109,144,166
497,110,144,165
497,111,143,165
497,110,143,164
498,110,143,165
498,110,143,166
497,110,147,164
498,110,146,165
499,111,143,164
498,110,145,165
498,109,145,165
498,109,144,165
498,112,145,163
498,110,145,164
498,110,144,163
499,110,143,163
498,111,145,163
499,110,144,164
498,111,145,163
499,111,145,164
498,110,145,162
500,110,145,163
498,110,145,163
499,111,145,162
498,109,146,165
500,110,144,162
501,109,143,163
499,110,143,163
500,109,143,164
499,109,146,164
500,111,144,162
498,110,147,162
499,110,145,160
498,111,146,161
498,110,146,162
497,111,147,161
497,111,143,159
498,112,147,160
499,110,145,163
499,111,145,162
498,111,145,161
498,112,146,163
498,111,144,163
498,112,143,161
499,114,145,158
497,113,144,161
498,115,142,159
498,114,140,158
498,114,142,160
498,115,141,157
498,114,139,159
498,113,142,160
497,115,141,158
495,116,141,158
499,115,140,158
499,114,139,159
499,116,138,159
498,114,139,159
498,114,139,157
498,116,141,158
497,115,141,160
498,114,140,158
499,114,138,158
499,114,138,158
498,115,139,159
499,113,139,160
499,112,140,158
499,113,138,160
496,113,141,160
498,111,140,160
498,112,139,160
498,112,138,159
498,113,139,160
498,114,139,157
497,113,140,158
494,113,141,158
498,113,139,157
499,113,137,158
499,113,137,157
498,113,139,157
497,114,138,157
496,114,140,156
499,115,138,156
495,115,140,156
497,114,140,157
497,114,139,158
497,115,138,155
496,114,139,157
497,115,139,154
499,116,138,154
498,116,139,155
498,115,137,155
497,115,138,155
498,116,138,155
498,118,138,154
496,118,139,155
496,118,138,154
496,119,138,152
496,119,139,154
496,119,138,153
496,117,136,156
495,118,138,154
497,118,136,154
497,117,137,156
495,117,139,155
496,117,138,156
496,119,139,154
494,118,138,155
495,116,137,156
495,118,136,153
493,117,138,154
494,115,137,156
492,116,140,154
492,115,139,154
493,116,138,154
493,115,139,155
493,114,139,155
493,114,139,154
492,114,138,156
492,115,139,155
493,112,137,158
493,113,138,157
492,114,138,156
492,114,139,154
492,114,137,155
493,114,138,155
492,113,138,156
492,113,137,155
492,112,137,156
493,112,137,156
491,111,138,157
490,113,138,155
492,113,139,154
491,113,139,154
492,112,138,155
491,112,138,154
490,113,138,156
490,113,139,156
492,114,138,155
491,112,138,157
489,112,141,157
492,114,138,154
489,113,140,159
490,113,141,156
489,113,140,155
490,114,139,155
490,113,139,156
489,114,139,157
489,113,139,156
488,114,139,157
491,115,137,156
490,115,138,155
488,115,139,156
489,114,139,155
486,113,142,157
487,113,140,158
487,112,140,160
489,114,139,159
489,115,138,157
489,112,139,159
487,113,140,156
486,112,141,158
488,114,140,158
488,112,139,158
486,112,140,160
486,112,140,162
488,112,140,158
485,111,142,162
485,112,143,161
487,112,141,159
485,111,144,161
487,113,143,158
486,112,142,159
486,111,144,159
483,112,145,159
486,114,144,159
485,111,144,160
486,110,144,162
487,112,144,162
483,111,145,161
485,112,145,161
486,112,143,159
486,111,143,160
486,111,144,162
485,110,145,159
485,111,145,161
485,110,145,163
487,111,144,162
484,111,145,162
486,110,143,160
487,111,143,161
486,110,144,163
487,109,142,162
485,109,143,163
487,110,142,161
484,110,146,161
487,109,142,163
487,111,144,162
486,109,144,162
486,110,144,162
487,109,144,164
488,109,144,164
487,111,146,163
488,111,144,163
486,110,146,165
486,107,147,166
487,106,147,167
485,107,149,167
488,108,147,166
488,108,146,165
487,109,145,163
488,107,147,165
488,108,147,162
489,108,147,164
488,107,145,164
488,108,147,164
489,109,146,161
489,109,145,164
488,109,145,164
490,109,145,163
490,106,145,165
488,108,147,164
492,108,144,161
490,108,145,161
491,110,143,161
491,107,143,162
491,107,143,162
492,108,142,161
492,107,141,164
490,107,145,165
493,108,141,164
491,108,143,165
492,105,143,164
491,105,144,165
493,106,141,165
492,106,144,164
493,106,142,168
493,103,142,168
494,106,142,167
493,104,143,168
492,105,143,168
494,103,142,169
494,103,144,170
496,103,140,167
494,101,143,169
494,102,144,169
495,102,142,170
494,101,145,170
496,101,143,170
495,101,145,170
496,100,143,172
495,102,145,170
497,101,142,171
495,101,146,170
496,100,144,171
496,99,145,170
495,100,146,170
498,100,142,168
496,101,145,169
497,100,145,169
497,99,146,168
498,99,144,169
497,98,146,170
497,99,146,172
499,102,145,167
497,99,147,170
500,100,146,170
498,101,147,170
498,99,147,170
499,99,146,170
499,99,148,172
498,99,147,173
499,98,148,173
499,99,146,173
500,100,146,172
499,97,146,173
498,98,151,173
500,98,149,175
501,98,147,176
501,97,147,171
500,95,147,175
500,95,149,172
500,96,147,174
500,98,148,171
501,95,149,176
501,95,150,175
500,95,149,174
500,93,151,175
500,95,150,176
501,95,150,175
501,95,151,173
500,94,152,174
502,94,149,175
502,95,151,174
501,95,152,174
501,96,151,174
499,96,153,174
499,95,153,176
502,94,150,176
500,94,153,176
502,93,152,177
499,93,151,178
502,94,150,176
504,95,149,176
502,96,150,174
502,94,149,174
502,93,151,178
501,94,155,177
500,93,153,178
501,94,151,178
502,92,152,177
502,92,150,178
502,93,153,177
502,92,152,179
503,91,151,180
502,92,153,180
504,93,152,179
503,92,153,181
501,89,154,181
500,91,154,182
503,90,153,182
502,91,154,181
502,90,153,183
503,89,153,182
501,92,153,181
502,90,152,181
505,90,151,179
504,90,152,182
505,91,151,181
504,90,151,183
504,90,152,183
505,91,151,181
502,91,152,182
501,92,153,180
503,92,150,180
504,91,152,182
505,92,148,180
505,92,149,181
503,93,151,179
506,95,149,178
506,95,148,176
504,96,150,176
506,95,149,178
505,95,150,177
506,96,149,177
506,96,150,176
505,95,148,177
506,96,149,176
505,97,150,176
504,96,151,176
506,96,148,176
506,98,148,175
504,97,150,178
505,97,150,176
505,96,148,177
505,98,147,175
505,98,147,174
505,96,147,176
503,99,148,173
503,97,148,176
505,99,146,174
502,97,150,176
503,97,147,175
502,100,149,172
504,98,146,175
501,99,148,175
501,100,149,174
501,99,148,173
499,99,150,175
499,98,148,176
501,100,148,173
500,100,149,173
500,100,147,173
499,101,148,172
497,100,149,174
498,100,148,173
499,99,147,174
497,102,148,173
498,100,148,174
498,99,147,172
498,101,147,172
495,100,149,173
496,100,148,174
496,100,148,173
497,101,147,172
496,101,146,172
496,103,147,171
494,103,147,171
494,102,147,171
495,103,146,170
495,104,146,171
493,102,148,172
494,102,147,172
492,103,148,172
492,102,149,173
494,102,147,172
491,102,149,172
494,105,148,170
492,104,147,171
492,104,148,170
492,105,147,169
491,104,148,171
491,104,149,169
492,105,147,170
491,104,147,169
490,106,148,171
492,105,147,170
490,105,147,170
490,106,147,171
489,105,147,170
488,106,147,168
489,107,147,169
491,107,145,169
491,106,146,168
488,106,147,169
491,108,144,167
488,109,148,167
490,107,147,168
489,106,147,168
490,108,146,167
487,108,148,167
488,106,149,170
488,107,148,169
489,108,147,168
488,109,147,167
490,110,145,168
487,108,148,168
490,108,148,168
485,108,149,168
487,108,150,169
487,109,148,168
489,110,148,166
490,108,147,170
486,109,149,166
488,109,149,167
483,109,150,165
486,110,151,166
488,111,148,166
485,110,149,166
486,108,150,167
488,110,149,164
486,110,149,165
487,110,147,165
487,108,149,166
488,107,148,169
483,109,150,164
486,109,148,164
488,110,147,165
486,109,148,164
488,109,147,165
487,109,147,164
489,111,144,166
487,109,146,167
488,108,146,166
486,109,147,164
486,109,146,166
486,110,145,165
487,110,146,166
487,111,146,164
486,110,146,164
486,111,146,163
486,110,147,164
485,112,147,163
484,111,147,163
486,112,147,164
487,112,146,165
487,111,146,164
486,113,146,161
486,112,145,164
487,111,146,164
489,115,144,159
486,114,146,162
487,112,143,161
488,115,142,159
489,115,141,160
490,116,140,158
487,115,141,159
489,115,143,159
490,116,141,158
489,117,142,158
489,117,140,159
490,114,141,160
489,115,142,160
488,114,142,161
488,115,141,159
487,115,143,158
490,115,140,161
488,114,141,162
488,113,143,162
491,113,141,164
491,115,141,163
489,114,141,162
489,112,143,163
489,116,141,161
489,116,142,161
489,113,143,164
488,115,143,162
492,115,143,164
488,115,144,163
488,115,143,163
487,115,144,160
491,114,141,162
490,114,142,164
490,114,142,163
491,115,141,163
492,115,142,163
489,114,143,161
493,113,140,165
492,112,141,163
493,114,142,163
492,115,141,164
493,113,141,164
492,113,140,163
493,116,141,160
493,115,141,160
492,115,141,160
491,114,142,163
493,114,140,161
496,114,139,163
494,114,140,162
495,115,139,160
494,115,140,160
495,115,139,161
492,113,140,161
495,113,139,163
495,114,141,163
495,115,140,163
492,112,142,164
495,113,140,164
495,113,139,164
495,113,141,164
494,114,142,163
493,111,143,165
494,112,141,164
495,112,141,165
492,112,144,162
495,113,140,163
494,112,141,163
494,112,141,162
496,115,140,161
496,114,137,161
495,114,140,161
495,117,139,157
496,116,138,157
496,117,137,158
496,117,137,158
498,115,137,160
497,114,137,159
497,117,140,159
497,116,139,160
497,116,138,160
500,117,136,158
497,116,138,159
499,116,137,159
499,115,137,160
500,116,137,160
498,114,139,162
499,114,137,161
498,115,138,160
496,115,140,160
498,114,140,163
498,113,138,161
499,112,138,162
501,114,137,161
500,115,137,159
501,114,135,160
500,117,134,157
500,115,136,159
497,112,139,159
498,110,140,162
499,112,139,162
498,113,140,161
498,114,139,161
500,114,138,161
498,110,139,163
499,113,137,162
499,113,140,163
500,112,138,164
498,112,141,162
498,114,140,161
498,111,140,165
498,113,139,161
499,113,139,162
497,112,140,161
497,112,140,160
497,110,140,161
497,112,143,161
496,112,140,159
497,111,141,163
499,112,139,161
497,112,140,162
497,113,141,161
497,111,139,160
497,111,140,162
499,113,139,160
497,109,141,163
496,110,141,163
497,109,141,164
499,112,139,161
499,110,140,163
497,110,142,163
499,111,140,161
496,110,141,164
496,108,141,165
498,110,140,163
498,109,139,163
499,110,138,163
498,108,139,164
498,112,138,161
499,112,139,162
499,110,138,163
499,113,137,161
498,111,138,160
498,112,138,161
497,111,139,162
498,110,138,163
497,112,141,162
498,113,139,162
498,112,140,163
497,111,140,163
498,113,140,162
499,113,139,163
498,111,140,162
498,108,139,165
498,108,139,166
499,110,138,165
498,111,137,163
499,111,138,162
501,114,138,161
498,112,138,161
496,111,140,162
499,113,137,161
499,113,138,162
500,111,138,163
499,112,138,161
498,111,139,162
502,113,136,161
501,112,137,162
501,111,137,162
499,110,139,162
500,111,139,162
500,111,138,162
501,109,137,164
503,111,138,162
502,110,138,164
502,111,138,163
500,111,140,163
504,111,138,163
503,111,138,163
503,109,140,165
503,108,140,166
501,106,140,166
504,110,139,162
503,110,139,163
504,110,139,164
502,111,141,163
501,111,142,164
507,109,137,167
507,109,138,166
507,111,137,165
506,110,139,165
507,112,139,164
507,109,139,165
507,108,140,167
509,108,139,167
509,108,140,166
509,110,138,162
508,109,139,163
509,111,139,163
511,109,139,165
510,111,139,163
511,113,138,161
512,112,137,163
513,111,137,163
515,112,137,162
515,112,137,163
514,111,140,162
516,114,137,161
517,113,136,163
517,113,137,162
514,111,138,162
518,114,136,160
518,111,137,163
517,110,138,163
516,108,138,164
517,110,138,165
518,111,138,162
520,113,138,163
519,109,138,167
518,106,141,166
521,108,136,167
520,106,139,168
523,109,137,165
519,106,139,167
521,105,138,169
522,106,137,168
522,108,137,166
522,109,136,166
523,108,135,166
523,105,137,167
523,111,136,165
523,110,138,164
521,109,140,163
521,107,140,166
522,109,138,166
521,105,139,168
522,106,139,167
522,109,137,167
521,106,138,168
520,105,138,167
519,106,141,167
521,105,139,168
520,105,139,168
518,104,141,168
519,102,140,170
519,107,140,167
519,107,140,168
518,104,140,168
518,102,140,170
517,105,140,170
518,103,140,171
518,103,139,169
516,100,141,171
515,104,140,168
516,103,140,169
516,105,139,169
515,102,139,169
513,102,141,170
512,103,143,167
513,103,142,166
511,104,142,167
511,105,143,169
510,102,144,170
510,105,143,168
509,102,144,169
510,105,143,168
507,104,144,170
510,102,144,171
508,103,145,171
507,102,145,170
508,101,145,171
508,103,145,169
507,107,146,168
508,104,144,170
508,102,146,172
504,105,146,170
503,101,149,175
507,104,146,172
504,102,149,173
507,103,147,172
506,101,146,173
505,103,149,173
504,103,151,174
504,102,151,175
505,100,150,175
505,101,150,174
506,101,151,174
508,103,150,174
506,101,150,176
509,102,149,173
512,101,148,175
510,100,150,175
514,100,146,175
515,104,147,173
516,100,146,176
516,99,147,176
517,102,148,174
518,101,150,175
516,102,152,175
520,101,149,176
523,103,149,177
523,102,149,175
525,99,149,179
523,100,152,178
527,100,150,178
530,100,149,180
528,103,151,176
531,100,152,179
533,95,151,182
536,99,151,181
535,98,152,181
537,94,153,186
539,93,153,186
540,92,154,187
539,92,157,189
541,93,156,188
545,93,156,186
547,92,155,187
549,95,155,187
548,92,158,188
551,92,157,189
553,91,158,190
554,94,159,187
557,90,158,190
560,89,158,191
562,90,158,192
563,89,161,194
563,88,163,194
566,91,161,191
568,86,163,196
571,94,161,188
571,93,166,191
575,88,163,196
576,86,164,194
579,86,165,193
576,87,172,194
582,85,168,196
580,82,173,201
581,81,173,202
584,79,175,202
587,80,175,199
587,80,177,202
590,79,180,200
593,78,179,201
595,82,183,199
595,81,180,202
596,76,186,204
601,72,187,207
602,74,189,207
605,72,187,208
610,70,189,207
610,66,191,212
612,64,194,214
616,68,196,209
621,65,192,210
623,69,193,208
625,62,197,213
628,58,199,216
629,58,203,217
633,59,201,216
636,56,203,218
635,55,209,219
643,52,209,221
643,52,209,223
648,52,210,222
653,48,207,226
654,49,210,224
658,48,210,224
658,44,216,230
668,45,212,226
670,44,214,228
671,42,219,230
673,41,221,231
677,39,225,233
681,38,225,234
684,41,228,232
685,34,228,239
694,34,231,235
694,31,235,238
695,29,236,244
699,26,238,243
699,26,240,247
702,24,243,248
706,19,246,251
713,19,243,249
714,17,249,249
724,19,238,247
719,15,249,254
728,15,241,254
728,9,251,262
730,9,254,259
730,7,260,264
732,8,262,262
735,3,260,267
739,2,263,268
743,-1,270,271
743,-2,271,274
750,-3,264,275
751,-6,274,277
754,-9,275,278
