203,141,151,112
204,141,150,112
204,140,150,113
204,140,150,114
205,141,149,113
206,141,148,113
206,140,148,113
205,140,148,113
204,139,150,114
205,139,151,115
204,138,154,116
203,138,154,118
203,138,154,118
203,137,155,119
203,138,156,119
203,138,156,120
201,138,159,120
201,138,159,121
200,137,160,123
198,137,163,123
196,135,162,126
196,134,164,127
193,136,168,127
192,135,167,130
188,136,172,130
188,136,171,131
186,135,171,133
188,136,171,132
183,135,171,134
182,136,174,136
184,137,176,137
182,137,177,137
180,136,180,141
176,135,181,140
176,137,182,138
174,136,182,139
175,135,184,139
172,133,182,140
170,131,182,139
172,132,184,139
171,131,186,142
170,130,181,140
172,128,180,140
170,127,178,141
171,127,177,141
172,126,175,140
170,124,173,142
172,123,172,142
164,120,175,144
162,117,175,146
164,116,170,145
166,118,171,143
166,117,169,145
165,117,168,143
163,116,166,145
165,116,168,144
166,115,165,143
168,116,166,143
165,113,166,143
161,111,163,145
161,111,161,146
154,109,163,144
153,108,163,145
158,108,160,146
150,107,165,144
154,108,162,144
144,106,169,145
143,108,169,142
142,108,171,141
145,108,169,143
146,107,169,143
154,110,162,142
165,113,156,141
153,111,160,145
158,112,157,144
162,113,156,143
163,116,154,142
168,115,149,141
175,118,148,143
174,118,147,144
179,118,145,144
178,118,146,142
178,118,141,139
188,117,141,142
190,117,139,142
191,120,138,140
191,121,138,136
195,120,136,138
192,123,136,134
190,128,137,133
195,129,133,131
198,130,132,128
195,132,135,127
196,133,134,129
182,136,138,126
187,137,134,127
179,133,141,127
185,130,136,123
179,132,137,125
183,132,136,124
180,134,137,126
188,136,135,123
191,135,134,123
198,135,135,127
200,135,135,130
201,135,135,129
204,133,134,129
207,131,130,129
208,127,130,131
215,128,128,131
218,125,126,129
217,126,127,131
218,125,126,131
221,125,125,131
226,126,124,128
227,126,125,124
230,128,123,125
230,128,123,124
232,127,124,125
233,126,126,126
235,121,128,123
231,122,125,119
228,122,123,121
230,121,124,119
228,120,120,118
231,121,122,119
232,117,121,121
228,114,121,121
222,114,120,120
225,114,122,120
225,112,120,121
232,112,122,126
229,113,120,124
228,112,121,126
228,112,121,122
230,113,124,123
230,114,122,124
231,114,123,125
241,111,134,128
244,111,134,125
238,116,130,126
240,116,128,124
237,118,123,119
242,118,129,126
239,119,125,123
236,118,124,122
236,115,125,121
235,118,124,122
234,116,126,124
232,117,123,121
229,118,127,124
228,115,126,123
224,118,129,129
226,116,130,129
219,115,128,128
218,116,129,127
216,114,131,126
211,113,131,128
211,112,133,127
207,113,133,129
208,110,133,128
203,111,137,129
200,107,134,128
197,107,137,130
194,107,137,131
194,109,138,131
190,107,140,130
189,108,142,130
185,110,143,129
186,111,145,133
184,110,148,131
183,111,148,132
188,110,148,133
176,112,152,134
173,111,153,135
175,111,155,136
162,112,159,136
156,113,161,137
164,112,161,137
160,112,162,137
165,115,161,138
161,113,162,138
167,115,159,138
162,114,160,139
161,113,161,140
160,115,162,141
171,116,159,141
167,118,161,140
170,119,162,141
173,118,160,140
174,120,158,139
177,121,159,139
174,122,161,139
180,124,159,139
175,126,161,138
180,125,160,139
182,127,159,138
187,129,157,138
187,130,160,138
183,131,162,139
184,131,161,139
188,132,159,138
184,134,162,138
190,132,157,138
187,131,159,137
176,132,161,136
188,126,158,135
178,128,161,135
180,124,162,135
182,121,158,133
198,117,149,132
192,117,151,128
195,115,148,128
199,114,147,130
196,115,149,130
199,115,147,129
198,116,149,130
192,121,153,131
189,122,151,127
193,121,149,128
192,121,152,128
192,122,150,127
195,122,149,126
202,119,146,125
207,119,142,126
208,117,140,126
213,116,136,127
213,119,136,124
221,120,133,125
214,129,135,122
222,125,129,121
220,124,129,122
218,121,128,121
220,125,128,121
224,122,124,118
219,122,124,115
221,123,125,115
219,123,122,113
225,121,120,112
225,121,122,114
226,120,120,112
224,120,116,110
222,122,119,110
226,118,120,112
224,127,126,110
226,125,127,110
222,128,121,109
224,128,120,108
225,137,125,106
225,137,123,105
226,135,120,104
231,130,115,100
231,131,116,100
231,132,112,100
233,130,110,99
232,132,111,99
237,130,112,99
238,130,112,97
240,130,112,97
242,129,109,96
243,132,109,96
243,132,108,97
242,132,106,96
241,130,109,97
244,134,108,96
243,136,109,94
242,138,110,94
245,139,109,92
245,140,108,89
247,143,109,90
249,145,105,88
250,145,105,90
253,145,103,90
252,143,105,91
248,140,100,89
248,138,104,89
248,140,103,89
243,140,102,88
244,143,103,89
245,143,101,87
244,144,100,88
245,144,99,87
246,144,96,83
244,144,97,84
245,143,99,85
245,143,97,84
245,144,98,84
246,143,98,85
245,141,95,83
246,139,95,83
247,142,96,83
247,144,96,84
247,142,96,83
249,142,97,84
247,142,98,83
244,146,100,84
241,146,102,84
242,147,101,84
243,145,102,83
239,145,103,83
235,146,101,81
238,145,101,82
239,146,100,80
230,145,100,81
233,143,101,81
229,144,105,82
232,144,103,80
235,143,101,80
232,145,103,82
232,144,103,81
231,143,102,80
231,142,100,79
228,142,101,80
227,142,100,80
226,141,101,81
224,141,103,82
223,140,104,82
220,140,105,81
215,141,107,82
213,143,108,83
217,141,105,81
213,141,105,80
213,143,104,80
213,144,106,81
210,145,105,81
214,143,103,81
206,145,107,83
208,145,108,84
204,146,108,85
205,148,107,85
200,147,107,87
202,147,108,87
199,148,110,87
198,148,109,87
198,148,109,86
195,147,109,88
173,144,108,86
171,146,108,87
186,148,109,86
196,148,111,89
194,148,109,87
190,148,111,88
182,149,116,90
173,149,117,90
171,152,119,90
169,151,121,91
170,152,121,91
160,152,126,93
163,154,125,93
156,152,129,93
161,154,128,93
160,154,131,95
157,153,131,93
151,153,134,93
150,154,132,91
149,155,134,91
148,155,134,91
146,154,132,91
150,155,132,89
145,153,132,90
143,154,131,91
142,151,130,92
142,152,130,91
141,154,132,92
140,153,132,91
135,150,133,92
133,150,134,93
138,150,134,92
137,150,134,92
128,150,137,93
131,149,137,93
124,149,138,95
130,147,135,94
122,148,138,96
126,147,135,95
130,148,133,94
122,147,135,96
124,147,133,94
123,147,132,94
112,147,139,96
106,146,141,96
113,146,140,97
111,146,139,96
107,146,139,96
103,144,138,96
105,145,138,96
104,146,137,96
106,145,134,94
107,146,137,96
104,150,135,96
107,150,132,96
104,153,135,97
112,155,134,97
108,154,135,97
108,156,136,97
109,156,137,97
111,158,136,96
117,160,136,96
114,160,135,96
113,159,138,97
117,160,138,97
115,162,138,96
116,164,138,96
120,165,137,96
119,165,139,96
117,165,140,97
115,165,141,98
118,167,140,97
116,167,140,97
118,168,141,96
113,166,144,97
114,167,143,96
114,167,141,96
123,165,137,93
115,164,138,96
118,162,137,96
125,161,132,94
122,162,130,93
122,160,130,95
128,158,126,93
126,157,128,94
126,157,127,94
125,156,127,92
122,156,128,93
122,156,128,92
116,155,129,93
119,156,131,95
118,156,132,95
113,157,134,94
112,157,136,95
108,158,138,96
101,159,140,97
102,158,137,94
100,158,136,93
97,159,136,93
99,159,133,92
103,160,127,89
103,160,128,91
104,159,125,90
103,159,122,90
105,159,120,89
107,159,121,87
106,159,123,89
102,159,124,90
104,158,124,88
107,159,122,86
103,157,124,89
103,156,124,89
104,156,121,87
97,156,124,91
95,156,125,90
93,156,126,90
96,156,122,89
100,156,122,88
96,156,124,90
97,156,121,89
101,157,119,88
107,158,116,87
112,159,113,86
106,160,117,88
109,159,115,87
107,160,116,86
104,160,118,85
104,160,116,85
105,159,114,84
101,160,116,86
106,160,113,83
108,159,111,79
109,162,109,79
106,162,110,80
110,161,108,75
111,162,109,78
109,161,108,77
105,161,106,78
102,160,105,77
100,160,105,78
101,161,103,78
100,162,103,78
100,161,103,77
104,160,102,75
106,160,102,76
107,160,101,75
105,160,99,74
104,160,100,75
104,162,99,73
105,161,97,70
98,162,98,75
99,161,101,74
103,159,99,71
101,159,99,72
105,159,96,71
105,157,95,72
104,155,95,72
105,153,97,72
108,152,97,72
111,155,97,73
112,153,97,72
116,152,102,71
119,154,102,71
119,153,101,68
126,152,104,68
127,153,102,68
129,154,104,68
130,154,101,67
139,153,101,69
138,154,96,67
138,156,96,67
140,155,97,68
140,157,92,67
139,156,95,69
139,157,96,71
139,157,95,69
137,158,92,69
137,156,91,68
139,155,89,66
137,157,88,67
137,157,87,67
136,158,86,66
139,159,89,67
139,160,89,68
136,158,88,66
138,160,87,66
138,158,85,65
139,159,84,65
138,159,85,65
139,160,85,67
140,159,82,64
142,158,83,64
142,161,85,66
140,161,84,65
143,161,82,64
145,159,82,62
143,160,81,64
147,162,81,63
146,160,80,64
146,162,80,64
145,161,81,65
146,162,81,65
146,161,82,66
145,162,80,66
147,161,81,66
147,158,82,64
149,161,82,66
148,162,82,66
148,161,83,66
148,158,85,65
150,159,84,66
149,156,84,65
151,156,85,66
149,156,85,66
151,156,86,69
152,153,86,67
153,154,86,67
157,153,86,66
158,153,84,65
158,154,83,66
160,154,81,65
161,153,83,65
158,154,82,66
163,152,83,64
164,151,81,64
164,151,81,64
162,152,82,64
165,152,80,65
167,152,80,65
169,154,80,66
168,152,79,65
170,152,83,66
168,152,81,66
171,150,81,65
174,152,82,65
174,150,83,66
175,149,82,65
174,151,82,67
175,150,82,65
179,152,82,66
178,150,81,66
180,151,79,65
182,150,79,65
180,151,80,65
184,151,82,66
185,151,81,65
187,152,80,65
187,153,81,66
190,153,82,66
191,153,82,66
190,152,81,65
190,152,86,67
190,152,85,66
192,154,83,65
192,157,85,65
193,157,84,65
192,157,83,64
191,158,84,65
191,155,85,65
189,153,88,65
191,152,90,65
192,153,90,66
194,153,88,66
197,154,86,67
196,151,89,68
199,151,86,68
198,149,88,69
198,150,87,69
201,148,87,69
202,147,85,69
202,145,89,70
205,143,88,72
203,141,90,73
203,141,91,74
202,140,91,75
200,139,93,77
202,138,93,77
202,139,93,78
201,141,91,81
202,141,92,81
198,139,94,83
200,138,98,84
199,137,98,86
199,137,104,89
199,135,105,89
200,135,106,89
199,135,107,92
197,134,109,94
199,133,109,93
198,133,111,93
196,132,115,94
194,132,115,96
197,131,116,96
193,130,117,97
196,132,120,97
194,133,121,97
190,130,125,98
193,130,125,99
192,130,126,98
196,129,128,98
191,129,130,98
190,130,135,98
190,130,139,100
194,129,139,100
190,129,140,101
186,129,144,104
186,129,145,105
191,129,143,104
188,128,145,105
190,128,146,107
191,127,149,108
194,128,151,109
196,129,152,108
195,126,148,110
192,126,150,110
201,127,150,109
204,125,151,109
200,125,153,108
189,126,158,109
187,125,160,109
186,126,164,109
193,126,161,107
183,127,164,108
185,126,162,107
185,126,165,107
182,125,164,107
183,126,163,107
180,126,162,106
182,125,162,107
181,125,165,109
181,123,163,109
186,123,162,108
185,121,163,109
186,120,164,110
194,121,162,110
192,118,159,108
194,119,160,109
188,120,161,107
191,116,162,108
196,119,163,107
194,117,162,107
195,117,163,108
201,119,161,108
210,120,159,108
210,117,157,108
209,118,159,109
213,120,159,109
209,121,157,108
210,123,161,108
216,121,160,109
211,122,162,107
222,122,157,107
218,121,156,106
216,121,156,106
219,122,157,108
218,121,158,109
221,123,159,108
218,122,158,108
215,121,159,109
216,123,164,108
223,122,159,105
220,124,158,103
229,122,156,105
223,122,157,104
225,121,153,103
225,121,154,103
229,120,153,103
229,120,148,101
231,120,148,101
239,118,144,100
229,120,145,101
250,117,138,100
237,118,144,102
239,120,145,102
245,116,141,102
242,118,148,104
245,119,145,103
242,118,145,102
242,119,145,102
249,118,146,103
252,119,147,103
248,120,146,103
248,119,142,101
246,119,146,103
244,121,145,102
245,122,145,102
246,124,143,100
244,124,142,100
262,122,134,98
252,125,138,98
249,123,138,99
249,122,136,99
255,122,135,98
255,124,134,98
264,123,131,97
267,125,131,96
271,123,129,96
280,121,128,96
276,125,130,93
278,125,127,92
281,125,125,90
286,124,124,89
286,126,124,89
291,124,124,90
287,125,124,89
289,125,126,90
292,125,124,90
292,122,120,89
295,123,119,89
295,124,117,88
303,121,116,88
296,124,115,86
294,125,111,85
299,123,109,85
303,124,106,85
304,129,107,85
310,124,106,86
306,124,103,84
313,124,104,85
314,124,104,84
312,125,101,82
320,126,99,81
320,126,99,80
317,127,99,82
321,127,97,80
322,128,97,78
323,126,96,78
321,126,95,77
321,126,93,76
321,127,95,77
327,125,96,77
329,124,94,77
329,126,95,77
331,128,97,78
329,127,96,77
329,126,96,77
329,127,98,78
327,126,97,76
328,126,99,77
332,127,98,77
331,126,95,76
332,127,95,76
333,127,92,74
333,127,91,73
334,127,92,73
336,128,92,72
338,127,90,73
338,128,90,72
342,126,88,72
344,132,88,71
347,127,86,70
350,130,84,69
350,130,87,69
348,128,86,68
353,130,85,68
354,127,84,68
353,127,83,66
356,130,83,67
358,129,83,66
354,127,83,67
355,129,85,68
356,126,86,68
356,129,86,67
357,129,85,68
359,127,86,69
357,127,86,69
357,129,84,69
357,128,82,68
357,130,84,70
360,131,85,69
358,130,85,69
360,132,84,69
358,133,83,69
359,135,80,68
358,133,78,66
355,135,80,67
355,134,80,66
355,136,81,67
353,136,82,68
350,137,82,69
348,136,81,69
343,133,80,68
341,139,79,66
344,136,79,66
340,135,77,66
339,133,76,65
336,132,77,66
336,131,77,65
335,129,75,64
333,132,77,65
332,129,76,66
332,131,77,68
332,129,78,67
330,129,78,68
330,128,80,68
330,128,79,68
329,126,78,67
330,127,77,67
328,128,77,67
327,128,78,67
325,130,79,67
326,129,78,67
328,126,75,66
327,127,77,67
325,127,76,67
326,125,77,68
326,125,74,67
326,126,74,67
326,126,74,67
325,124,73,66
324,127,73,66
323,124,74,66
323,126,75,67
324,125,72,65
324,126,72,64
323,127,72,65
325,124,71,66
324,124,70,65
324,123,70,66
323,123,70,66
322,121,71,67
323,122,70,65
323,122,69,66
322,121,69,66
323,123,69,65
324,120,70,66
323,120,70,66
323,119,72,66
325,121,72,65
325,120,73,64
323,119,71,64
322,119,74,65
326,117,72,62
328,117,72,63
328,116,72,64
326,117,72,64
323,117,73,63
323,117,74,64
321,122,75,63
324,117,71,62
321,120,74,63
321,123,74,63
320,121,72,63
321,121,70,62
320,121,71,63
318,120,71,62
317,123,70,62
316,120,69,62
314,122,70,62
316,118,69,62
312,119,70,62
311,122,69,61
311,121,68,61
308,122,68,60
305,120,68,60
307,122,67,61
306,123,66,60
304,125,66,60
305,127,65,60
304,127,66,60
304,128,66,60
302,128,67,61
302,127,67,62
303,129,66,62
304,130,66,62
305,132,68,61
307,131,68,62
307,133,68,61
314,135,67,60
315,133,68,60
318,135,68,60
319,138,68,59
323,137,67,59
324,137,68,58
327,138,67,59
327,137,69,60
329,137,68,61
329,137,70,61
329,138,71,62
330,138,70,62
326,139,71,62
328,137,70,62
326,137,71,62
324,134,71,62
323,131,72,63
323,133,73,63
322,130,73,63
320,126,73,65
319,124,72,64
319,124,72,64
319,124,72,63
319,123,72,64
317,119,73,65
320,122,74,63
321,120,75,64
320,122,74,63
322,119,74,65
321,119,76,65
322,121,76,65
323,124,77,64
327,122,78,64
326,121,76,65
324,122,78,65
328,119,78,66
327,121,78,66
328,118,79,67
328,120,79,66
325,121,78,66
325,119,79,68
325,118,80,68
324,119,80,69
323,121,78,68
324,121,77,68
324,119,76,70
325,119,76,69
328,119,75,68
329,120,76,68
328,123,75,68
331,120,76,69
329,117,75,71
330,116,76,72
329,118,75,71
331,114,75,72
332,114,75,72
329,118,76,71
333,117,76,70
332,117,76,71
332,116,77,71
331,117,76,71
333,116,76,72
335,112,75,73
334,117,76,72
336,115,75,73
335,119,77,72
336,116,78,73
333,115,77,73
333,115,78,74
332,115,79,74
329,116,78,74
329,116,79,74
329,114,79,73
330,113,78,74
324,115,78,73
324,114,81,75
320,109,81,77
321,109,83,78
319,109,81,76
315,108,81,76
315,110,81,76
314,111,80,75
309,113,79,75
307,114,81,75
307,112,82,77
302,115,81,78
299,115,81,79
295,116,81,79
293,116,80,78
293,121,80,76
291,119,81,77
288,118,81,78
287,118,81,78
286,117,80,78
285,117,80,78
284,117,79,78
281,116,81,79
280,114,82,81
280,115,83,81
278,116,84,82
278,114,84,82
276,117,83,81
278,115,83,81
280,114,84,81
277,115,83,82
280,115,83,81
280,113,84,82
280,114,82,82
283,118,83,80
282,118,82,79
285,117,82,80
288,120,80,79
289,118,80,80
290,117,81,81
290,117,81,80
291,119,82,81
293,117,82,81
294,119,82,81
295,120,83,80
294,120,83,81
295,116,85,83
296,117,85,82
298,112,82,82
300,111,82,81
299,109,82,82
301,109,83,82
300,109,83,82
302,107,84,82
301,106,84,82
301,107,84,82
305,106,82,82
303,106,83,83
302,107,84,83
302,107,84,83
304,104,83,82
303,106,85,83
304,105,86,83
305,106,85,82
306,108,85,82
305,108,85,82
304,109,86,83
304,110,86,81
303,110,86,82
303,109,87,81
301,112,86,79
299,112,86,80
299,113,86,80
293,115,86,79
291,114,85,79
291,114,87,80
290,115,85,79
289,114,84,79
285,116,85,80
283,113,84,78
287,113,85,79
286,111,83,79
287,111,84,80
288,110,80,78
288,111,81,78
288,112,80,77
288,107,78,79
287,110,77,77
286,108,77,78
286,107,77,78
283,107,77,79
282,108,77,78
285,109,80,76
284,109,80,76
280,110,77,74
280,110,77,74
278,111,79,74
277,107,79,75
276,110,78,75
274,110,79,76
271,112,76,74
273,114,77,74
267,110,79,73
269,115,76,73
269,113,75,72
267,113,77,73
265,113,79,74
267,110,81,71
265,111,82,74
264,111,82,75
266,112,80,74
266,111,80,73
265,110,79,73
264,110,81,74
267,112,79,73
269,109,83,71
271,111,81,74
268,108,83,74
274,108,85,72
275,106,87,72
277,108,88,76
281,111,86,76
284,111,87,75
284,109,87,74
282,108,86,74
286,108,88,74
287,108,87,74
286,110,88,77
285,109,90,77
288,111,89,76
281,111,92,80
282,110,93,77
279,111,93,77
281,112,92,77
277,114,93,80
279,112,93,77
275,115,94,80
281,114,93,78
282,113,93,76
274,112,92,81
269,110,92,84
269,111,94,86
272,111,95,85
270,109,94,84
265,110,97,87
285,113,91,77
289,113,90,73
287,110,92,72
280,114,91,78
268,113,95,84
249,111,100,94
252,111,100,94
256,110,102,91
258,111,101,90
267,109,99,84
282,110,96,77
283,111,96,78
287,113,94,75
286,110,95,74
281,113,96,77
277,113,95,79
283,111,92,74
285,112,92,74
278,111,95,76
278,112,95,77
280,110,96,76
278,112,96,77
280,110,98,77
275,113,99,78
277,115,100,79
275,114,100,79
272,114,100,81
275,114,99,78
277,116,97,78
278,116,96,78
280,116,96,78
276,116,98,81
281,114,96,79
280,114,96,80
280,114,96,79
276,114,98,81
275,114,99,83
271,112,101,85
276,114,100,82
274,113,99,83
279,114,98,82
278,113,97,83
273,113,98,84
269,113,99,86
270,112,98,84
262,114,103,89
265,113,103,90
259,113,104,92
266,112,101,89
258,113,104,94
261,112,103,92
255,112,106,96
256,112,105,94
252,113,109,97
252,113,109,96
245,114,111,99
243,114,113,101
243,113,114,100
242,114,114,97
249,113,108,93
240,114,110,96
245,113,106,93
247,113,105,91
242,112,107,94
240,112,107,94
240,110,104,93
242,110,102,89
245,109,100,87
245,109,99,88
244,108,98,86
239,108,99,87
238,109,99,88
232,108,101,88
233,108,100,86
232,109,99,86
232,107,99,85
229,109,100,85
231,107,100,84
231,107,99,83
231,107,99,83
225,108,99,83
229,108,98,82
228,108,96,82
229,107,95,81
226,107,95,81
232,107,95,81
228,105,95,80
229,106,96,81
223,108,96,81
222,109,96,81
222,109,96,80
226,108,94,81
224,108,95,81
221,108,95,81
224,107,94,84
224,108,93,82
224,109,95,82
225,109,92,80
222,110,93,80
227,109,90,77
230,108,89,75
229,110,89,77
228,110,90,76
227,112,91,76
229,111,91,77
228,113,89,75
236,113,90,76
237,113,89,76
234,114,90,76
235,114,89,73
231,116,89,74
234,115,88,73
229,117,89,73
232,116,90,75
231,117,92,77
227,118,92,77
227,117,93,77
230,117,90,75
229,117,90,74
225,117,91,74
223,117,91,75
222,115,93,75
222,115,94,77
220,115,94,75
220,113,92,74
219,112,94,76
219,111,94,76
217,112,93,75
217,112,94,77
216,111,92,75
214,112,91,73
214,112,92,74
216,112,90,74
215,113,92,74
214,114,91,75
219,112,92,76
217,114,91,76
214,115,90,75
214,116,89,75
217,114,88,74
214,116,88,74
217,115,87,73
214,116,89,74
215,117,88,73
214,116,90,74
212,117,91,74
214,116,89,73
214,117,92,72
219,118,90,71
220,118,92,71
225,119,90,72
231,120,90,71
228,121,90,71
237,122,89,71
242,123,88,70
245,122,86,69
241,126,90,72
241,127,91,71
242,128,90,70
239,129,91,72
239,128,90,73
243,128,90,74
244,128,89,73
239,130,93,76
238,129,94,77
236,128,93,79
233,130,96,79
236,129,94,78
234,128,94,80
240,128,93,80
238,127,92,80
239,127,93,81
241,126,93,80
238,125,92,79
240,124,91,79
240,124,92,80
237,124,93,81
237,125,93,81
238,124,93,80
233,123,92,80
232,123,94,79
236,123,92,79
236,123,92,78
238,124,91,79
235,124,90,78
232,125,92,79
237,125,91,79
236,127,91,80
234,126,92,80
233,124,92,82
231,125,93,83
233,124,92,83
232,124,93,82
236,123,91,80
237,126,92,80
233,125,92,81
234,124,94,81
236,125,94,81
235,124,94,82
233,125,97,82
235,125,96,83
236,125,96,83
236,125,96,82
236,125,97,83
236,126,98,83
235,126,98,83
234,126,99,84
236,125,99,84
236,126,97,84
239,127,97,83
235,129,97,82
239,130,95,81
239,130,95,79
238,130,95,79
241,131,95,78
239,131,96,80
238,130,95,78
239,131,95,78
240,130,95,79
240,128,95,78
236,127,97,79
237,123,97,79
236,123,97,78
235,121,97,78
235,122,96,78
236,121,97,77
236,120,96,77
238,120,95,76
237,121,94,75
235,122,95,75
234,123,93,73
234,123,96,75
236,122,94,75
239,122,93,75
234,122,95,76
235,121,94,75
232,121,94,74
236,120,93,74
240,118,91,74
242,116,90,73
239,117,90,72
241,117,89,72
241,116,89,73
241,115,91,73
242,115,91,72
243,116,93,74
243,118,94,76
241,119,95,76
243,119,95,76
236,121,98,77
243,120,98,76
238,121,101,78
238,122,103,79
238,120,101,78
234,123,101,78
237,123,100,77
235,122,100,78
238,122,98,77
235,122,101,78
236,121,99,78
235,122,101,79
235,123,100,79
238,123,98,79
234,122,98,79
235,122,99,79
232,122,99,80
231,122,99,80
231,122,100,80
230,123,101,81
232,122,99,79
230,124,101,79
228,124,101,79
230,123,101,80
226,124,102,79
229,124,101,78
228,123,101,78
231,121,100,79
226,122,100,79
227,123,101,79
225,123,101,79
226,123,102,80
225,123,100,79
224,123,100,79
225,123,99,78
223,124,100,78
226,122,98,79
227,123,98,79
223,123,100,79
222,123,99,80
217,124,100,80
222,124,99,79
221,122,99,80
220,123,100,80
219,123,101,82
222,124,101,82
219,125,102,83
217,125,103,83
220,124,104,84
219,124,101,83
224,124,102,82
225,123,101,82
229,123,101,83
226,123,101,82
230,123,101,82
234,123,99,81
235,123,99,80
233,123,100,81
236,125,100,81
234,126,101,81
236,127,100,81
236,127,100,79
236,127,99,79
239,127,99,78
243,126,96,78
242,126,97,79
240,127,98,79
240,130,100,81
241,127,99,81
241,128,100,82
241,126,97,80
244,126,97,80
247,125,94,78
247,126,94,77
246,126,94,78
245,127,94,76
249,124,96,77
247,126,96,76
242,125,99,78
247,124,98,77
244,124,99,78
242,123,101,80
243,123,100,80
244,122,100,80
243,124,101,81
248,124,99,81
242,122,103,83
241,122,104,84
242,121,102,83
242,123,102,83
244,122,101,83
242,123,104,84
244,121,101,83
244,119,100,84
244,122,102,84
246,120,101,84
248,120,98,83
245,120,101,85
242,120,102,85
241,118,102,85
242,118,99,84
241,117,101,83
244,117,101,85
241,117,102,83
241,115,101,84
240,112,103,84
240,113,104,85
241,111,105,87
239,111,104,87
241,110,102,86
240,110,99,83
240,108,100,85
239,109,100,84
237,109,102,84
238,109,102,85
234,107,105,87
235,108,104,88
236,108,104,88
233,110,105,90
238,109,103,90
237,108,103,88
236,108,103,89
238,104,104,89
232,108,106,90
229,108,107,89
230,107,107,91
230,107,108,90
227,108,109,92
226,107,109,92
223,106,110,93
227,108,110,94
229,107,110,92
226,104,112,93
226,108,110,94
224,105,112,95
223,108,112,95
221,106,111,96
225,109,111,97
222,108,112,98
224,109,113,101
223,107,115,101
221,110,116,103
220,109,116,102
224,108,115,101
225,109,114,100
220,110,114,99
222,111,114,99
225,110,113,99
223,111,113,99
223,113,113,97
224,112,113,97
223,113,115,97
222,110,115,97
221,112,114,95
220,111,114,94
220,111,114,94
221,110,115,95
218,111,114,96
218,113,115,97
219,112,114,96
221,112,113,97
220,113,113,96
224,112,111,94
219,112,113,95
219,114,114,95
218,113,114,97
222,112,113,96
220,113,113,96
222,113,112,95
220,114,114,96
223,114,113,95
220,114,115,97
221,115,115,96
218,117,116,97
221,113,116,98
218,112,117,98
221,112,116,98
221,115,116,96
227,111,116,97
222,115,116,97
229,113,116,96
228,114,117,97
225,115,119,98
226,115,117,98
235,114,117,98
234,113,118,100
235,116,118,99
234,116,114,98
242,114,113,98
242,115,112,97
236,116,112,97
244,114,111,95
242,115,112,95
247,114,112,95
249,116,110,94
245,118,112,95
246,118,112,95
247,117,111,94
248,118,110,94
245,120,112,95
243,117,113,95
247,119,114,97
246,117,113,97
246,116,115,98
248,118,114,97
248,117,114,99
249,116,114,98
245,116,116,99
249,115,114,98
250,113,114,99
250,116,114,100
245,116,114,101
252,113,113,98
252,115,112,96
250,116,112,96
251,117,112,97
250,115,112,96
248,116,112,97
251,116,113,98
248,115,114,98
247,115,114,98
242,117,115,101
243,114,116,103
244,116,115,104
234,117,117,107
240,113,117,107
236,115,118,108
239,115,118,107
241,114,116,106
237,113,119,109
235,114,120,109
240,114,120,111
238,114,119,109
241,114,119,109
234,115,123,113
239,113,121,113
238,114,120,111
237,121,122,111
239,119,120,110
235,118,122,111
241,120,119,108
242,122,120,107
234,123,125,108
239,124,121,106
242,127,121,103
245,126,120,104
246,126,120,104
246,126,120,102
244,128,122,103
246,127,120,101
251,129,119,101
249,130,119,101
249,130,118,100
247,132,120,102
249,132,120,102
251,132,117,99
252,133,118,100
251,134,118,100
251,133,118,100
257,132,115,98
255,132,116,98
257,133,115,98
256,133,116,100
258,132,116,99
258,133,116,101
