1.000000
0.664020
0.678232
0.586819
0.814278
0.769349
0.707325
0.724744
0.686874
0.671719
0.671719
0.608327
0.532017
0.540655
0.492830
0.714303
0.673491
0.729325
0.754013
0.796799
0.682975
0.682975
0.707912
0.734093
0.765888
0.652904
0.755363
0.730758
0.612929
0.795893
0.791576
0.783364
0.783364
0.737706
0.766150
0.799154
0.636784
0.677261
0.532880
0.523810
0.656883
0.686131
0.639464
0.639464
0.762007
0.639797
0.745030
0.638320
0.484106
0.632909
0.739271
0.714162
0.760343
0.770655
0.770655
0.585717
0.591115
0.737091
0.754388
0.723773
0.626804
0.553906
0.589209
0.533270
0.465449
0.465449
0.671806
0.440524
0.699681
0.628988
0.632935
0.573048
0.685415
0.626677
0.643619
0.682412
0.682412
0.720021
0.742971
0.603046
0.796674
0.708117
0.713120
0.686212
0.677598
0.605456
0.601506
0.601506
0.619033
0.755112
0.696383
0.543939
0.622330
0.658916
0.598516
0.703067
0.703298
0.724494
0.724494
