228	236	80	64
227	235	86	62
230	237	86	61
233	242	84	62
232	254	85	62
229	256	84	60
229	243	81	64
228	230	83	63
225	227	86	62
228	238	80	67
228	238	80	67
223	264	83	62
227	247	82	66
232	223	82	67
231	220	86	61
236	229	83	66
239	244	86	61
255	229	81	65
251	215	84	62
234	213	87	60
207	214	96	65
207	214	96	65
198	237	87	64
232	250	85	61
233	251	88	62
214	250	89	63
191	245	88	63
171	240	86	62
167	240	86	62
183	243	86	62
201	237	87	63
203	222	87	62
203	222	87	62
190	227	89	62
206	227	87	63
211	223	90	62
214	219	87	61
208	221	87	65
210	242	82	67
214	273	86	62
215	273	89	63
203	263	91	62
189	263	91	63
189	263	91	63
178	279	89	63
197	278	87	63
210	280	88	64
213	286	89	63
217	281	87	64
219	261	87	64
232	241	90	65
248	240	88	65
263	256	86	62
259	259	85	62
259	259	85	62
206	240	93	64
201	236	89	64
202	239	93	64
211	245	90	64
227	249	88	65
232	233	90	69
233	223	91	64
232	224	88	64
236	223	91	65
254	220	93	63
254	220	93	63
281	220	87	66
278	237	91	67
261	251	90	64
255	246	89	66
258	231	91	66
266	226	89	64
271	223	91	65
275	207	88	65
257	188	97	63
237	172	94	64
237	172	94	64
201	170	89	65
205	170	91	64
219	166	91	64
221	159	92	64
224	170	93	65
227	185	91	66
224	200	89	66
219	207	90	63
200	205	97	65
184	194	95	64
184	194	95	64
188	169	99	62
209	168	100	69
233	204	99	68
254	231	84	66
247	249	87	64
231	245	91	63
231	224	86	65
224	211	88	63
226	211	89	64
227	213	92	64
227	213	92	64
242	198	91	62
224	193	97	67
213	209	91	64
211	222	100	66
249	224	101	67
287	212	91	67
280	210	92	63
242	206	119	71
228	217	100	66
215	220	92	65
215	220	92	65
215	198	90	65
217	198	91	68
218	213	94	66
231	215	111	73
283	223	91	67
290	220	89	65
247	202	114	70
200	190	112	66
142	184	106	73
133	186	86	66
133	186	86	66
165	186	86	65
166	184	88	65
177	182	90	66
193	177	92	67
209	177	90	67
219	193	84	65
220	199	88	65
226	200	87	65
230	195	88	66
235	194	89	65
235	194	89	65
236	208	88	64
253	207	89	66
273	222	91	66
291	243	79	69
286	261	86	70
283	279	84	68
281	287	86	64
281	279	85	66
281	266	87	67
285	250	85	70
285	250	85	70
286	195	85	69
281	195	87	69
270	228	98	71
259	273	85	66
257	294	84	70
256	295	84	68
241	261	87	72
227	258	89	67
223	262	87	67
224	248	86	69
224	248	86	69
224	231	89	66
238	232	87	68
242	218	84	71
240	197	85	68
227	172	86	65
228	167	87	68
231	179	91	69
246	188	88	66
247	188	88	65
234	187	90	67
234	187	90	67
193	185	92	67
190	174	87	68
205	158	93	69
225	138	83	68
212	123	88	67
212	124	84	67
212	138	86	72
215	147	89	69
232	144	85	68
236	145	86	68
236	145	86	68
238	168	83	66
232	196	88	69
215	213	88	66
214	213	84	66
214	193	83	66
207	157	85	74
190	115	85	69
188	104	85	63
200	121	87	68
214	145	86	69
214	145	86	69
252	162	82	62
250	150	83	64
245	147	84	62
249	152	84	63
249	165	84	62
236	166	85	63
237	178	81	61
236	189	83	62
238	186	85	64
244	184	84	63
244	184	84	63
249	163	84	63
248	171	84	71
245	213	77	74
246	257	83	67
259	274	84	64
261	276	88	64
262	258	83	67
244	244	84	64
248	255	84	65
264	269	83	66
264	269	83	66
267	256	82	65
253	246	85	63
249	242	83	64
252	236	86	65
270	214	82	67
271	194	81	64
263	190	84	63
265	204	80	69
268	228	81	65
264	232	82	63
264	232	82	63
233	213	81	61
231	223	78	68
233	253	81	70
245	274	80	63
250	249	80	72
232	216	86	67
230	212	81	62
248	218	89	64
284	221	84	66
300	205	81	65
300	205	81	65
227	172	94	64
194	184	97	67
180	194	83	61
181	179	83	65
182	166	86	64
198	164	90	63
234	160	92	67
258	157	86	62
258	155	88	64
242	161	86	63
242	161	86	63
199	170	87	68
195	189	81	66
186	204	84	66
161	208	90	64
140	190	88	66
143	173	86	64
160	178	95	66
190	201	87	67
208	226	76	66
199	242	81	61
199	242	81	61
180	223	79	59
178	225	83	63
193	229	84	63
227	229	87	63
270	213	85	66
297	198	80	63
294	199	83	67
272	216	88	69
258	234	80	60
255	216	78	65
255	216	78	65
215	182	82	63
195	182	81	65
195	201	85	68
206	235	106	69
256	256	79	62
240	242	86	65
219	225	86	64
204	220	79	62
205	225	88	66
233	246	99	66
233	246	99	66
284	243	80	64
261	225	91	63
243	209	85	64
241	204	79	61
247	207	104	64
286	223	79	62
262	209	93	64
243	193	83	62
244	191	83	62
262	188	85	63
262	188	85	63
267	174	89	63
255	164	80	61
254	169	80	64
257	184	81	62
262	181	81	63
276	166	82	64
290	169	82	64
305	188	79	67
308	209	78	63
302	212	80	61
302	212	80	61
280	196	86	61
227	196	93	66
195	209	80	66
208	206	85	68
231	189	84	64
249	185	80	62
243	183	81	63
225	188	82	66
231	207	84	65
265	212	87	66
265	212	87	66
308	176	80	67
307	166	82	63
288	168	83	67
284	200	79	69
304	223	83	64
334	205	80	66
340	185	79	63
326	182	83	63
309	191	85	66
294	203	82	64
294	203	82	64
298	200	81	63
292	194	81	64
290	188	80	65
290	186	79	64
285	185	79	65
272	186	80	68
269	189	80	67
269	193	80	68
269	200	79	65
268	202	82	64
268	202	82	64
300	218	80	64
296	223	77	64
276	225	82	60
266	212	80	61
269	214	85	62
289	221	82	61
284	221	84	62
231	221	91	61
222	206	80	68
237	198	80	63
237	198	80	63
251	198	79	63
252	199	82	64
249	204	81	64
246	208	79	64
259	206	80	62
259	204	83	64
245	204	84	64
250	198	85	62
263	185	83	64
251	182	85	62
251	182	85	62
253	186	86	64
259	199	84	62
257	198	82	61
230	186	92	62
225	171	80	62
