1.000000
0.817498
0.790085
0.767880
0.720789
0.503056
0.422046
0.548749
0.683214
0.721994
0.721994
0.724769
0.685827
0.618017
0.739016
0.699055
0.528504
0.638145
0.701919
0.711183
0.716555
0.716555
0.545269
0.637932
0.606308
0.711804
0.660116
0.594112
0.585604
0.608751
0.711486
0.718079
0.718079
0.660728
0.779289
0.767160
0.634616
0.698136
0.595400
0.612618
0.579733
0.613291
0.570248
0.570248
0.584620
0.682106
0.697376
0.660484
0.520740
0.478657
0.545656
0.471142
0.702849
0.724312
0.724312
0.631933
0.746813
0.720649
0.614439
0.467995
0.637150
0.754094
0.729082
0.731599
0.607120
0.607120
0.684140
0.718533
0.673864
0.685575
0.519293
0.717992
0.700202
0.688946
0.739650
0.702040
0.702040
0.745668
0.760680
0.748621
0.720903
0.516230
0.576043
0.738882
0.761903
0.750105
0.545288
0.545288
0.695121
0.756368
0.683474
0.627950
0.435207
0.636399
0.491726
0.615982
0.658876
0.721772
0.721772
0.696533
0.737191
0.453955
0.592527
0.573499
0.566635
0.473656
0.625558
0.490336
0.702707
0.702707
0.491855
0.322028
0.277865
0.231696
0.291075
0.564172
0.427396
0.377246
0.239240
0.377355
0.377355
0.550601
0.349616
0.390192
0.353309
0.372616
0.408382
0.193023
0.465052
0.249601
0.235217
0.235217
0.404394
0.431979
0.683529
0.607674
0.449456
0.404901
0.186438
0.245708
0.320079
0.480510
0.480510
0.401599
0.593861
0.452935
0.431743
0.540058
0.566386
0.537313
0.467573
0.659980
0.604108
0.604108
0.207663
0.340429
0.572145
0.630677
0.655283
0.546818
0.507610
0.270190
0.591642
0.650418
0.650418
0.350620
0.243637
0.270308
0.288829
0.352325
0.274196
0.228774
0.471926
0.205015
0.226020
0.226020
0.293084
0.303860
0.276449
0.524212
0.489897
0.725155
0.657252
0.763209
0.547876
0.561373
0.561373
0.582667
0.573167
0.565072
0.455373
0.725715
0.508759
0.583631
0.586502
0.633306
0.767545
0.767545
0.526594
0.496196
0.665496
0.582524
0.678482
0.654798
0.691366
0.639194
0.554186
0.748669
0.748669
0.647207
0.403887
0.447332
0.425713
0.351186
0.585160
0.473272
0.244326
0.506747
0.620952
0.620952
0.675522
0.520208
0.515911
0.648952
0.531456
0.673747
0.478107
0.553794
0.656443
0.543158
0.543158
0.745895
0.541618
0.488077
0.580632
0.650916
0.692414
0.632988
0.510595
0.331330
0.689387
0.689387
0.523995
0.418892
0.321183
0.373447
0.356731
0.418369
0.478533
0.366243
0.466258
0.472377
0.472377
0.304015
0.621370
0.606642
0.437404
0.332219
0.469155
0.385029
0.694804
0.726328
0.545923
0.545923
0.512465
0.489066
0.595218
0.740542
0.677869
0.442176
0.357584
0.627657
0.682185
0.720313
0.720313
0.584144
0.436553
0.283896
0.521422
0.651950
0.756808
0.769094
0.387162
0.467150
0.652324
0.652324
0.414218
0.658015
0.729939
0.427305
0.447680
0.459634
0.689312
0.533458
0.542046
0.402667
0.402667
0.463736
0.315273
0.616540
0.541946
0.538698
0.368697
0.454572
0.625164
0.545205
0.391838
0.391838
0.573801
0.312092
0.493735
0.430719
0.646143
0.767359
0.731816
0.670559
0.545453
0.609690
0.609690
0.721540
0.460205
0.557458
0.442285
0.468178
0.602218
0.325816
0.231501
0.429586
0.615330
0.615330
0.605226
0.752802
0.682301
0.623186
0.702649
0.708847
0.689389
0.727131
0.705879
0.679656
0.679656
0.377624
0.440173
0.578252
0.453898
0.568116
0.480646
0.375746
0.329257
0.261972
