1.000000
0.757250
0.666402
0.551410
0.549493
0.182672
0.381358
0.280600
0.246096
0.253389
0.253389
0.228384
0.530851
0.466395
0.563409
0.681893
0.604161
0.502716
0.575135
0.381785
0.201521
0.201521
0.531739
0.379958
0.192570
0.184398
0.508143
0.446320
0.265225
0.385416
0.569475
0.377991
0.377991
0.760988
0.673756
0.330163
0.531703
0.439398
0.647927
0.507605
0.643549
0.515943
0.669626
0.669626
0.776560
0.620396
0.681670
0.532153
0.695234
0.723448
0.724320
0.621450
0.619561
0.620838
0.620838
0.659625
0.712843
0.711433
0.741467
0.668167
0.759404
0.769832
0.804691
0.742200
0.690288
0.690288
0.633648
0.648818
0.637165
0.688177
0.682279
