0.010000
0.035009
0.029000
0.041002
0.023008
0.027000
0.042504
0.030010
0.022000
0.025505
0.000000
0.044006
0.034513
0.020999
0.022000
0.042508
0.040504
0.031505
0.043507
0.024000
0.022504
0.000000
0.043008
0.023002
0.022510
0.042506
0.043002
0.041009
0.042504
0.041506
0.023004
0.021507
0.000000
0.023998
0.043011
0.035505
0.023001
0.027011
0.044504
0.039503
0.023504
0.021504
0.026000
0.001000
0.045010
0.023001
0.022516
0.026499
0.043505
0.034505
0.021508
0.021506
0.035502
0.033510
0.000000
0.022510
0.030500
0.043000
0.023020
0.024221
0.026913
0.043010
0.042562
0.044512
0.024051
0.001001
0.031007
0.023000
0.027010
0.042504
0.034504
0.042008
0.029999
0.023001
