0.010000
0.041504
0.035504
0.022507
0.026502
0.043000
0.034507
0.021504
0.027999
0.043008
0.000000
0.033512
0.021998
0.031010
0.042505
0.036001
0.023015
0.035503
0.042504
0.027506
0.022502
0.000000
0.021000
0.023006
0.044015
0.036504
0.043973
0.022861
0.041113
0.035064
0.022066
0.042146
0.000000
0.023017
0.022000
0.033503
0.044010
0.033506
0.021999
0.022504
0.022503
0.022509
0.045000
0.000000
0.042008
0.032506
0.035502
0.042008
0.028002
0.022514
0.030504
0.025504
0.022999
0.030009
0.000000
0.043504
0.031896
0.023317
0.043503
0.033507
0.023504
0.023885
0.023910
0.030998
0.024014
0.000000
0.030507
0.044018
0.038504
0.044505
0.038604
0.038724
0.041504
0.019504
0.023509
0.035978
0.000000
0.026012
0.021999
0.026508
0.043009
0.042504
0.019000
0.021506
0.022509
0.041501
0.042504
0.001000
0.022504
0.020504
0.019000
0.043763
0.040506
0.042505
0.038504
0.024510
0.024025
0.023009
0.000000
0.021000
0.024504
0.043669
0.030303
0.022215
0.021793
0.041541
0.043007
0.022000
0.025139
0.000000
0.042503
0.037507
0.021503
0.023000
0.022505
0.022002
0.021015
0.019002
0.021509
0.029995
0.000000
0.043008
0.028503
0.022001
0.033010
0.043504
0.026000
0.022007
