603.500000,277.500000,17.000000,19.000000
603.500000,277.500000,17.000000,19.000000
603.500000,277.500000,17.000000,19.000000
603.500000,277.500000,17.000000,19.000000
603.500000,277.500000,17.000000,19.000000
603.500000,277.500000,17.000000,19.000000
603.500000,277.500000,17.000000,19.000000
603.500000,277.500000,17.000000,19.000000
603.500000,277.500000,17.000000,19.000000
603.500000,277.500000,17.000000,19.000000
603.500000,277.500000,17.000000,19.000000
603.500000,277.500000,17.000000,19.000000
603.500000,277.500000,17.000000,19.000000
603.500000,277.500000,17.000000,19.000000
603.500000,277.500000,17.000000,19.000000
603.500000,277.500000,17.000000,19.000000
603.500000,277.500000,17.000000,19.000000
603.500000,277.500000,17.000000,19.000000
603.500000,277.500000,17.000000,19.000000
603.500000,277.500000,17.000000,19.000000
603.500000,277.500000,17.000000,19.000000
603.500000,277.500000,17.000000,19.000000
603.500000,281.500000,17.000000,19.000000
603.500000,281.500000,17.000000,19.000000
603.500000,281.500000,17.000000,19.000000
603.500000,281.500000,17.000000,19.000000
603.500000,281.500000,17.000000,19.000000
603.500000,281.500000,17.000000,19.000000
603.500000,281.500000,17.000000,19.000000
603.500000,281.500000,17.000000,19.000000
603.500000,281.500000,17.000000,19.000000
603.500000,281.500000,17.000000,19.000000
603.500000,281.500000,17.000000,19.000000
603.500000,281.500000,17.000000,19.000000
603.500000,281.500000,17.000000,19.000000
603.500000,281.500000,17.000000,19.000000
603.500000,281.500000,17.000000,19.000000
603.500000,281.500000,17.000000,19.000000
603.500000,277.500000,17.000000,19.000000
603.500000,277.500000,17.000000,19.000000
603.500000,277.500000,17.000000,19.000000
603.500000,277.500000,17.000000,19.000000
603.500000,277.500000,17.000000,19.000000
603.500000,277.500000,17.000000,19.000000
603.500000,277.500000,17.000000,19.000000
603.500000,277.500000,17.000000,19.000000
603.500000,277.500000,17.000000,19.000000
603.500000,277.500000,17.000000,19.000000
607.500000,273.500000,17.000000,19.000000
611.500000,269.500000,17.000000,19.000000
611.500000,269.500000,17.000000,19.000000
611.500000,269.500000,17.000000,19.000000
611.500000,269.500000,17.000000,19.000000
611.500000,269.500000,17.000000,19.000000
607.500000,269.500000,17.000000,19.000000
607.500000,269.500000,17.000000,19.000000
607.500000,265.500000,17.000000,19.000000
607.500000,261.500000,17.000000,19.000000
607.500000,261.500000,17.000000,19.000000
607.500000,261.500000,17.000000,19.000000
611.500000,265.500000,17.000000,19.000000
611.500000,261.500000,17.000000,19.000000
611.500000,261.500000,17.000000,19.000000
611.500000,261.500000,17.000000,19.000000
611.500000,261.500000,17.000000,19.000000
611.500000,261.500000,17.000000,19.000000
611.500000,261.500000,17.000000,19.000000
611.500000,261.500000,17.000000,19.000000
611.500000,261.500000,17.000000,19.000000
611.500000,257.500000,17.000000,19.000000
611.500000,257.500000,17.000000,19.000000
611.500000,257.500000,17.000000,19.000000
611.500000,257.500000,17.000000,19.000000
611.500000,253.500000,17.000000,19.000000
611.500000,253.500000,17.000000,19.000000
611.500000,253.500000,17.000000,19.000000
611.500000,253.500000,17.000000,19.000000
611.500000,253.500000,17.000000,19.000000
611.500000,253.500000,17.000000,19.000000
611.500000,249.500000,17.000000,19.000000
611.500000,249.500000,17.000000,19.000000
611.500000,249.500000,17.000000,19.000000
611.500000,249.500000,17.000000,19.000000
611.500000,249.500000,17.000000,19.000000
611.500000,249.500000,17.000000,19.000000
607.500000,249.500000,17.000000,19.000000
607.500000,249.500000,17.000000,19.000000
607.500000,245.500000,17.000000,19.000000
607.500000,245.500000,17.000000,19.000000
607.500000,249.500000,17.000000,19.000000
607.500000,245.500000,17.000000,19.000000
607.500000,249.500000,17.000000,19.000000
607.500000,249.500000,17.000000,19.000000
607.500000,245.500000,17.000000,19.000000
607.500000,245.500000,17.000000,19.000000
607.500000,245.500000,17.000000,19.000000
607.500000,245.500000,17.000000,19.000000
607.500000,245.500000,17.000000,19.000000
603.500000,245.500000,17.000000,19.000000
603.500000,245.500000,17.000000,19.000000
603.500000,245.500000,17.000000,19.000000
603.500000,245.500000,17.000000,19.000000
603.500000,245.500000,17.000000,19.000000
603.500000,245.500000,17.000000,19.000000
603.500000,245.500000,17.000000,19.000000
603.500000,245.500000,17.000000,19.000000
603.500000,245.500000,17.000000,19.000000
603.500000,245.500000,17.000000,19.000000
603.500000,245.500000,17.000000,19.000000
603.500000,245.500000,17.000000,19.000000
603.500000,245.500000,17.000000,19.000000
603.500000,245.500000,17.000000,19.000000
603.500000,241.500000,17.000000,19.000000
603.500000,241.500000,17.000000,19.000000
603.500000,241.500000,17.000000,19.000000
603.500000,241.500000,17.000000,19.000000
603.500000,237.500000,17.000000,19.000000
603.500000,241.500000,17.000000,19.000000
603.500000,241.500000,17.000000,19.000000
603.500000,237.500000,17.000000,19.000000
603.500000,237.500000,17.000000,19.000000
603.500000,237.500000,17.000000,19.000000
603.500000,237.500000,17.000000,19.000000
603.500000,237.500000,17.000000,19.000000
603.500000,237.500000,17.000000,19.000000
603.500000,237.500000,17.000000,19.000000
607.500000,237.500000,17.000000,19.000000
607.500000,237.500000,17.000000,19.000000
607.500000,237.500000,17.000000,19.000000
607.500000,237.500000,17.000000,19.000000
607.500000,237.500000,17.000000,19.000000
607.500000,233.500000,17.000000,19.000000
607.500000,233.500000,17.000000,19.000000
607.500000,237.500000,17.000000,19.000000
607.500000,233.500000,17.000000,19.000000
607.500000,233.500000,17.000000,19.000000
607.500000,233.500000,17.000000,19.000000
607.500000,233.500000,17.000000,19.000000
607.500000,233.500000,17.000000,19.000000
607.500000,229.500000,17.000000,19.000000
607.500000,229.500000,17.000000,19.000000
607.500000,229.500000,17.000000,19.000000
607.500000,229.500000,17.000000,19.000000
607.500000,229.500000,17.000000,19.000000
607.500000,229.500000,17.000000,19.000000
607.500000,229.500000,17.000000,19.000000
607.500000,229.500000,17.000000,19.000000
607.500000,229.500000,17.000000,19.000000
607.500000,229.500000,17.000000,19.000000
607.500000,229.500000,17.000000,19.000000
607.500000,229.500000,17.000000,19.000000
607.500000,229.500000,17.000000,19.000000
607.500000,229.500000,17.000000,19.000000
607.500000,229.500000,17.000000,19.000000
607.500000,229.500000,17.000000,19.000000
607.500000,229.500000,17.000000,19.000000
607.500000,229.500000,17.000000,19.000000
607.500000,229.500000,17.000000,19.000000
607.500000,229.500000,17.000000,19.000000
607.500000,229.500000,17.000000,19.000000
607.500000,229.500000,17.000000,19.000000
607.500000,229.500000,17.000000,19.000000
607.500000,229.500000,17.000000,19.000000
607.500000,229.500000,17.000000,19.000000
607.500000,225.500000,17.000000,19.000000
607.500000,225.500000,17.000000,19.000000
607.500000,225.500000,17.000000,19.000000
593.500000,238.500000,17.000000,19.000000
597.500000,234.500000,17.000000,19.000000
605.500000,226.500000,17.000000,19.000000
605.500000,226.500000,17.000000,19.000000
605.500000,226.500000,17.000000,19.000000
605.500000,226.500000,17.000000,19.000000
605.500000,226.500000,17.000000,19.000000
605.500000,226.500000,17.000000,19.000000
605.500000,226.500000,17.000000,19.000000
605.500000,226.500000,17.000000,19.000000
605.500000,226.500000,17.000000,19.000000
605.500000,226.500000,17.000000,19.000000
605.500000,226.500000,17.000000,19.000000
605.500000,226.500000,17.000000,19.000000
605.500000,226.500000,17.000000,19.000000
605.500000,226.500000,17.000000,19.000000
605.500000,226.500000,17.000000,19.000000
589.500000,241.500000,17.000000,19.000000
589.500000,245.500000,17.000000,19.000000
589.500000,245.500000,17.000000,19.000000
589.500000,245.500000,17.000000,19.000000
585.500000,245.500000,17.000000,19.000000
585.500000,245.500000,17.000000,19.000000
585.500000,245.500000,17.000000,19.000000
585.500000,245.500000,17.000000,19.000000
585.500000,245.500000,17.000000,19.000000
585.500000,245.500000,17.000000,19.000000
585.500000,245.500000,17.000000,19.000000
585.500000,245.500000,17.000000,19.000000
581.500000,245.500000,17.000000,19.000000
581.500000,245.500000,17.000000,19.000000
581.500000,245.500000,17.000000,19.000000
581.500000,241.500000,17.000000,19.000000
581.500000,241.500000,17.000000,19.000000
581.500000,241.500000,17.000000,19.000000
581.500000,241.500000,17.000000,19.000000
577.500000,241.500000,17.000000,19.000000
577.500000,241.500000,17.000000,19.000000
577.500000,241.500000,17.000000,19.000000
577.500000,241.500000,17.000000,19.000000
573.500000,241.500000,17.000000,19.000000
573.500000,241.500000,17.000000,19.000000
573.500000,241.500000,17.000000,19.000000
573.500000,241.500000,17.000000,19.000000
573.500000,241.500000,17.000000,19.000000
569.500000,241.500000,17.000000,19.000000
569.500000,241.500000,17.000000,19.000000
569.500000,241.500000,17.000000,19.000000
569.500000,241.500000,17.000000,19.000000
569.500000,241.500000,17.000000,19.000000
569.500000,241.500000,17.000000,19.000000
569.500000,241.500000,17.000000,19.000000
569.500000,241.500000,17.000000,19.000000
569.500000,241.500000,17.000000,19.000000
569.500000,241.500000,17.000000,19.000000
569.500000,241.500000,17.000000,19.000000
569.500000,237.500000,17.000000,19.000000
569.500000,237.500000,17.000000,19.000000
569.500000,237.500000,17.000000,19.000000
569.500000,237.500000,17.000000,19.000000
569.500000,237.500000,17.000000,19.000000
569.500000,237.500000,17.000000,19.000000
569.500000,237.500000,17.000000,19.000000
569.500000,237.500000,17.000000,19.000000
569.500000,237.500000,17.000000,19.000000
569.500000,237.500000,17.000000,19.000000
569.500000,237.500000,17.000000,19.000000
569.500000,233.500000,17.000000,19.000000
569.500000,237.500000,17.000000,19.000000
569.500000,237.500000,17.000000,19.000000
576.500000,249.500000,17.000000,19.000000
576.500000,249.500000,17.000000,19.000000
576.500000,249.500000,17.000000,19.000000
576.500000,249.500000,17.000000,19.000000
576.500000,249.500000,17.000000,19.000000
576.500000,249.500000,17.000000,19.000000
576.500000,249.500000,17.000000,19.000000
576.500000,249.500000,17.000000,19.000000
576.500000,249.500000,17.000000,19.000000
576.500000,249.500000,17.000000,19.000000
576.500000,253.500000,17.000000,19.000000
576.500000,253.500000,17.000000,19.000000
576.500000,253.500000,17.000000,19.000000
576.500000,253.500000,17.000000,19.000000
576.500000,253.500000,17.000000,19.000000
576.500000,253.500000,17.000000,19.000000
580.500000,253.500000,17.000000,19.000000
580.500000,253.500000,17.000000,19.000000
580.500000,253.500000,17.000000,19.000000
580.500000,253.500000,17.000000,19.000000
580.500000,253.500000,17.000000,19.000000
580.500000,253.500000,17.000000,19.000000
580.500000,253.500000,17.000000,19.000000
580.500000,253.500000,17.000000,19.000000
580.500000,253.500000,17.000000,19.000000
580.500000,253.500000,17.000000,19.000000
580.500000,253.500000,17.000000,19.000000
580.500000,257.500000,17.000000,19.000000
580.500000,261.500000,17.000000,19.000000
580.500000,257.500000,17.000000,19.000000
580.500000,257.500000,17.000000,19.000000
580.500000,257.500000,17.000000,19.000000
580.500000,257.500000,17.000000,19.000000
580.500000,257.500000,17.000000,19.000000
580.500000,257.500000,17.000000,19.000000
580.500000,257.500000,17.000000,19.000000
580.500000,257.500000,17.000000,19.000000
580.500000,257.500000,17.000000,19.000000
580.500000,257.500000,17.000000,19.000000
580.500000,257.500000,17.000000,19.000000
580.500000,257.500000,17.000000,19.000000
576.500000,257.500000,17.000000,19.000000
576.500000,257.500000,17.000000,19.000000
576.500000,257.500000,17.000000,19.000000
576.500000,257.500000,17.000000,19.000000
572.500000,257.500000,17.000000,19.000000
572.500000,257.500000,17.000000,19.000000
572.500000,257.500000,17.000000,19.000000
572.500000,257.500000,17.000000,19.000000
572.500000,257.500000,17.000000,19.000000
572.500000,257.500000,17.000000,19.000000
572.500000,257.500000,17.000000,19.000000
572.500000,257.500000,17.000000,19.000000
572.500000,257.500000,17.000000,19.000000
572.500000,257.500000,17.000000,19.000000
572.500000,257.500000,17.000000,19.000000
572.500000,257.500000,17.000000,19.000000
572.500000,257.500000,17.000000,19.000000
572.500000,257.500000,17.000000,19.000000
572.500000,257.500000,17.000000,19.000000
572.500000,257.500000,17.000000,19.000000
572.500000,257.500000,17.000000,19.000000
572.500000,257.500000,17.000000,19.000000
576.500000,257.500000,17.000000,19.000000
576.500000,253.500000,17.000000,19.000000
576.500000,253.500000,17.000000,19.000000
576.500000,253.500000,17.000000,19.000000
580.500000,253.500000,17.000000,19.000000
580.500000,253.500000,17.000000,19.000000
580.500000,253.500000,17.000000,19.000000
584.500000,249.500000,17.000000,19.000000
584.500000,249.500000,17.000000,19.000000
584.500000,249.500000,17.000000,19.000000
584.500000,249.500000,17.000000,19.000000
588.500000,245.500000,17.000000,19.000000
588.500000,245.500000,17.000000,19.000000
588.500000,245.500000,17.000000,19.000000
588.500000,245.500000,17.000000,19.000000
592.500000,245.500000,17.000000,19.000000
592.500000,245.500000,17.000000,19.000000
592.500000,245.500000,17.000000,19.000000
592.500000,245.500000,17.000000,19.000000
596.500000,241.500000,17.000000,19.000000
596.500000,241.500000,17.000000,19.000000
596.500000,241.500000,17.000000,19.000000
596.500000,241.500000,17.000000,19.000000
600.500000,241.500000,17.000000,19.000000
596.500000,241.500000,17.000000,19.000000
596.500000,241.500000,17.000000,19.000000
596.500000,241.500000,17.000000,19.000000
596.500000,241.500000,17.000000,19.000000
596.500000,241.500000,17.000000,19.000000
596.500000,241.500000,17.000000,19.000000
596.500000,241.500000,17.000000,19.000000
596.500000,241.500000,17.000000,19.000000
596.500000,237.500000,17.000000,19.000000
596.500000,237.500000,17.000000,19.000000
596.500000,237.500000,17.000000,19.000000
596.500000,237.500000,17.000000,19.000000
596.500000,237.500000,17.000000,19.000000
596.500000,237.500000,17.000000,19.000000
596.500000,237.500000,17.000000,19.000000
596.500000,237.500000,17.000000,19.000000
596.500000,237.500000,17.000000,19.000000
596.500000,237.500000,17.000000,19.000000
596.500000,237.500000,17.000000,19.000000
596.500000,237.500000,17.000000,19.000000
596.500000,237.500000,17.000000,19.000000
592.500000,237.500000,17.000000,19.000000
592.500000,237.500000,17.000000,19.000000
592.500000,237.500000,17.000000,19.000000
592.500000,237.500000,17.000000,19.000000
592.500000,237.500000,17.000000,19.000000
592.500000,237.500000,17.000000,19.000000
592.500000,237.500000,17.000000,19.000000
592.500000,237.500000,17.000000,19.000000
592.500000,237.500000,17.000000,19.000000
592.500000,237.500000,17.000000,19.000000
592.500000,237.500000,17.000000,19.000000
592.500000,237.500000,17.000000,19.000000
592.500000,237.500000,17.000000,19.000000
592.500000,237.500000,17.000000,19.000000
592.500000,237.500000,17.000000,19.000000
592.500000,237.500000,17.000000,19.000000
592.500000,237.500000,17.000000,19.000000
592.500000,237.500000,17.000000,19.000000
596.500000,237.500000,17.000000,19.000000
596.500000,237.500000,17.000000,19.000000
596.500000,237.500000,17.000000,19.000000
596.500000,237.500000,17.000000,19.000000
596.500000,237.500000,17.000000,19.000000
596.500000,237.500000,17.000000,19.000000
596.500000,237.500000,17.000000,19.000000
596.500000,237.500000,17.000000,19.000000
596.500000,241.500000,17.000000,19.000000
596.500000,241.500000,17.000000,19.000000
596.500000,241.500000,17.000000,19.000000
596.500000,241.500000,17.000000,19.000000
596.500000,241.500000,17.000000,19.000000
596.500000,241.500000,17.000000,19.000000
596.500000,241.500000,17.000000,19.000000
596.500000,241.500000,17.000000,19.000000
596.500000,241.500000,17.000000,19.000000
596.500000,241.500000,17.000000,19.000000
596.500000,241.500000,17.000000,19.000000
592.500000,245.500000,17.000000,19.000000
592.500000,245.500000,17.000000,19.000000
592.500000,245.500000,17.000000,19.000000
592.500000,241.500000,17.000000,19.000000
588.500000,245.500000,17.000000,19.000000
588.500000,245.500000,17.000000,19.000000
584.500000,245.500000,17.000000,19.000000
584.500000,245.500000,17.000000,19.000000
580.500000,245.500000,17.000000,19.000000
580.500000,245.500000,17.000000,19.000000
580.500000,245.500000,17.000000,19.000000
576.500000,245.500000,17.000000,19.000000
576.500000,245.500000,17.000000,19.000000
576.500000,245.500000,17.000000,19.000000
572.500000,245.500000,17.000000,19.000000
572.500000,245.500000,17.000000,19.000000
568.500000,245.500000,17.000000,19.000000
568.500000,245.500000,17.000000,19.000000
564.500000,245.500000,17.000000,19.000000
564.500000,245.500000,17.000000,19.000000
564.500000,241.500000,17.000000,19.000000
560.500000,241.500000,17.000000,19.000000
560.500000,241.500000,17.000000,19.000000
560.500000,241.500000,17.000000,19.000000
556.500000,245.500000,17.000000,19.000000
556.500000,245.500000,17.000000,19.000000
556.500000,241.500000,17.000000,19.000000
552.500000,245.500000,17.000000,19.000000
552.500000,245.500000,17.000000,19.000000
552.500000,241.500000,17.000000,19.000000
548.500000,245.500000,17.000000,19.000000
548.500000,245.500000,17.000000,19.000000
548.500000,241.500000,17.000000,19.000000
544.500000,245.500000,17.000000,19.000000
544.500000,245.500000,17.000000,19.000000
544.500000,245.500000,17.000000,19.000000
544.500000,241.500000,17.000000,19.000000
544.500000,241.500000,17.000000,19.000000
544.500000,241.500000,17.000000,19.000000
544.500000,241.500000,17.000000,19.000000
544.500000,241.500000,17.000000,19.000000
544.500000,241.500000,17.000000,19.000000
544.500000,241.500000,17.000000,19.000000
540.500000,241.500000,17.000000,19.000000
540.500000,241.500000,17.000000,19.000000
540.500000,241.500000,17.000000,19.000000
540.500000,241.500000,17.000000,19.000000
544.500000,241.500000,17.000000,19.000000
544.500000,241.500000,17.000000,19.000000
544.500000,241.500000,17.000000,19.000000
544.500000,241.500000,17.000000,19.000000
544.500000,237.500000,17.000000,19.000000
544.500000,237.500000,17.000000,19.000000
544.500000,237.500000,17.000000,19.000000
544.500000,237.500000,17.000000,19.000000
544.500000,237.500000,17.000000,19.000000
544.500000,237.500000,17.000000,19.000000
544.500000,237.500000,17.000000,19.000000
548.500000,237.500000,17.000000,19.000000
548.500000,237.500000,17.000000,19.000000
548.500000,237.500000,17.000000,19.000000
548.500000,237.500000,17.000000,19.000000
548.500000,237.500000,17.000000,19.000000
548.500000,237.500000,17.000000,19.000000
548.500000,237.500000,17.000000,19.000000
548.500000,241.500000,17.000000,19.000000
548.500000,241.500000,17.000000,19.000000
548.500000,241.500000,17.000000,19.000000
548.500000,241.500000,17.000000,19.000000
548.500000,241.500000,17.000000,19.000000
548.500000,241.500000,17.000000,19.000000
548.500000,245.500000,17.000000,19.000000
548.500000,245.500000,17.000000,19.000000
548.500000,245.500000,17.000000,19.000000
548.500000,245.500000,17.000000,19.000000
548.500000,245.500000,17.000000,19.000000
548.500000,245.500000,17.000000,19.000000
548.500000,245.500000,17.000000,19.000000
548.500000,249.500000,17.000000,19.000000
548.500000,249.500000,17.000000,19.000000
548.500000,245.500000,17.000000,19.000000
548.500000,245.500000,17.000000,19.000000
548.500000,245.500000,17.000000,19.000000
548.500000,245.500000,17.000000,19.000000
548.500000,245.500000,17.000000,19.000000
548.500000,245.500000,17.000000,19.000000
548.500000,245.500000,17.000000,19.000000
548.500000,245.500000,17.000000,19.000000
548.500000,245.500000,17.000000,19.000000
548.500000,245.500000,17.000000,19.000000
548.500000,245.500000,17.000000,19.000000
548.500000,245.500000,17.000000,19.000000
548.500000,245.500000,17.000000,19.000000
548.500000,245.500000,17.000000,19.000000
548.500000,245.500000,17.000000,19.000000
548.500000,245.500000,17.000000,19.000000
548.500000,245.500000,17.000000,19.000000
548.500000,245.500000,17.000000,19.000000
548.500000,245.500000,17.000000,19.000000
548.500000,245.500000,17.000000,19.000000
548.500000,245.500000,17.000000,19.000000
548.500000,245.500000,17.000000,19.000000
548.500000,245.500000,17.000000,19.000000
548.500000,245.500000,17.000000,19.000000
548.500000,245.500000,17.000000,19.000000
548.500000,245.500000,17.000000,19.000000
548.500000,245.500000,17.000000,19.000000
548.500000,245.500000,17.000000,19.000000
548.500000,245.500000,17.000000,19.000000
548.500000,245.500000,17.000000,19.000000
544.500000,249.500000,17.000000,19.000000
544.500000,249.500000,17.000000,19.000000
544.500000,249.500000,17.000000,19.000000
544.500000,249.500000,17.000000,19.000000
544.500000,249.500000,17.000000,19.000000
540.500000,249.500000,17.000000,19.000000
540.500000,245.500000,17.000000,19.000000
540.500000,245.500000,17.000000,19.000000
540.500000,245.500000,17.000000,19.000000
536.500000,249.500000,17.000000,19.000000
536.500000,249.500000,17.000000,19.000000
536.500000,249.500000,17.000000,19.000000
536.500000,249.500000,17.000000,19.000000
532.500000,249.500000,17.000000,19.000000
532.500000,249.500000,17.000000,19.000000
532.500000,249.500000,17.000000,19.000000
532.500000,249.500000,17.000000,19.000000
532.500000,249.500000,17.000000,19.000000
532.500000,249.500000,17.000000,19.000000
532.500000,249.500000,17.000000,19.000000
532.500000,249.500000,17.000000,19.000000
532.500000,249.500000,17.000000,19.000000
532.500000,249.500000,17.000000,19.000000
532.500000,249.500000,17.000000,19.000000
532.500000,249.500000,17.000000,19.000000
532.500000,249.500000,17.000000,19.000000
532.500000,249.500000,17.000000,19.000000
532.500000,249.500000,17.000000,19.000000
532.500000,249.500000,17.000000,19.000000
532.500000,245.500000,17.000000,19.000000
532.500000,245.500000,17.000000,19.000000
532.500000,245.500000,17.000000,19.000000
536.500000,245.500000,17.000000,19.000000
536.500000,245.500000,17.000000,19.000000
536.500000,245.500000,17.000000,19.000000
540.500000,245.500000,17.000000,19.000000
540.500000,241.500000,17.000000,19.000000
540.500000,241.500000,17.000000,19.000000
544.500000,241.500000,17.000000,19.000000
544.500000,241.500000,17.000000,19.000000
544.500000,241.500000,17.000000,19.000000
544.500000,241.500000,17.000000,19.000000
548.500000,241.500000,17.000000,19.000000
548.500000,241.500000,17.000000,19.000000
548.500000,241.500000,17.000000,19.000000
552.500000,237.500000,17.000000,19.000000
552.500000,237.500000,17.000000,19.000000
552.500000,237.500000,17.000000,19.000000
552.500000,237.500000,17.000000,19.000000
552.500000,237.500000,17.000000,19.000000
548.500000,228.500000,17.000000,19.000000
556.500000,236.500000,17.000000,19.000000
556.500000,236.500000,17.000000,19.000000
556.500000,236.500000,17.000000,19.000000
556.500000,236.500000,17.000000,19.000000
556.500000,232.500000,17.000000,19.000000
556.500000,232.500000,17.000000,19.000000
556.500000,232.500000,17.000000,19.000000
560.500000,228.500000,17.000000,19.000000
560.500000,228.500000,17.000000,19.000000
560.500000,228.500000,17.000000,19.000000
560.500000,224.500000,17.000000,19.000000
560.500000,224.500000,17.000000,19.000000
560.500000,224.500000,17.000000,19.000000
560.500000,228.500000,17.000000,19.000000
560.500000,228.500000,17.000000,19.000000
560.500000,228.500000,17.000000,19.000000
560.500000,224.500000,17.000000,19.000000
560.500000,228.500000,17.000000,19.000000
560.500000,228.500000,17.000000,19.000000
560.500000,228.500000,17.000000,19.000000
560.500000,224.500000,17.000000,19.000000
560.500000,228.500000,17.000000,19.000000
560.500000,228.500000,17.000000,19.000000
560.500000,228.500000,17.000000,19.000000
560.500000,228.500000,17.000000,19.000000
560.500000,228.500000,17.000000,19.000000
560.500000,228.500000,17.000000,19.000000
560.500000,228.500000,17.000000,19.000000
560.500000,228.500000,17.000000,19.000000
560.500000,228.500000,17.000000,19.000000
556.500000,232.500000,17.000000,19.000000
556.500000,232.500000,17.000000,19.000000
556.500000,232.500000,17.000000,19.000000
556.500000,232.500000,17.000000,19.000000
556.500000,232.500000,17.000000,19.000000
556.500000,232.500000,17.000000,19.000000
556.500000,232.500000,17.000000,19.000000
552.500000,232.500000,17.000000,19.000000
552.500000,236.500000,17.000000,19.000000
552.500000,236.500000,17.000000,19.000000
552.500000,236.500000,17.000000,19.000000
552.500000,236.500000,17.000000,19.000000
552.500000,236.500000,17.000000,19.000000
552.500000,236.500000,17.000000,19.000000
552.500000,240.500000,17.000000,19.000000
552.500000,240.500000,17.000000,19.000000
552.500000,240.500000,17.000000,19.000000
552.500000,240.500000,17.000000,19.000000
552.500000,240.500000,17.000000,19.000000
552.500000,240.500000,17.000000,19.000000
552.500000,240.500000,17.000000,19.000000
552.500000,240.500000,17.000000,19.000000
552.500000,240.500000,17.000000,19.000000
552.500000,240.500000,17.000000,19.000000
552.500000,240.500000,17.000000,19.000000
552.500000,240.500000,17.000000,19.000000
552.500000,240.500000,17.000000,19.000000
552.500000,240.500000,17.000000,19.000000
552.500000,240.500000,17.000000,19.000000
552.500000,236.500000,17.000000,19.000000
552.500000,236.500000,17.000000,19.000000
552.500000,236.500000,17.000000,19.000000
552.500000,236.500000,17.000000,19.000000
552.500000,236.500000,17.000000,19.000000
552.500000,240.500000,17.000000,19.000000
552.500000,240.500000,17.000000,19.000000
552.500000,240.500000,17.000000,19.000000
552.500000,240.500000,17.000000,19.000000
552.500000,240.500000,17.000000,19.000000
552.500000,240.500000,17.000000,19.000000
552.500000,240.500000,17.000000,19.000000
552.500000,240.500000,17.000000,19.000000
552.500000,240.500000,17.000000,19.000000
552.500000,240.500000,17.000000,19.000000
552.500000,240.500000,17.000000,19.000000
552.500000,240.500000,17.000000,19.000000
556.500000,240.500000,17.000000,19.000000
556.500000,240.500000,17.000000,19.000000
556.500000,240.500000,17.000000,19.000000
556.500000,240.500000,17.000000,19.000000
556.500000,240.500000,17.000000,19.000000
556.500000,244.500000,17.000000,19.000000
556.500000,244.500000,17.000000,19.000000
560.500000,244.500000,17.000000,19.000000
560.500000,244.500000,17.000000,19.000000
560.500000,244.500000,17.000000,19.000000
560.500000,244.500000,17.000000,19.000000
560.500000,244.500000,17.000000,19.000000
560.500000,244.500000,17.000000,19.000000
560.500000,244.500000,17.000000,19.000000
560.500000,244.500000,17.000000,19.000000
560.500000,244.500000,17.000000,19.000000
560.500000,244.500000,17.000000,19.000000
560.500000,244.500000,17.000000,19.000000
560.500000,244.500000,17.000000,19.000000
560.500000,244.500000,17.000000,19.000000
560.500000,244.500000,17.000000,19.000000
560.500000,244.500000,17.000000,19.000000
556.500000,244.500000,17.000000,19.000000
556.500000,244.500000,17.000000,19.000000
556.500000,244.500000,17.000000,19.000000
556.500000,244.500000,17.000000,19.000000
556.500000,244.500000,17.000000,19.000000
556.500000,244.500000,17.000000,19.000000
556.500000,244.500000,17.000000,19.000000
556.500000,244.500000,17.000000,19.000000
556.500000,244.500000,17.000000,19.000000
556.500000,244.500000,17.000000,19.000000
556.500000,244.500000,17.000000,19.000000
556.500000,244.500000,17.000000,19.000000
556.500000,244.500000,17.000000,19.000000
556.500000,248.500000,17.000000,19.000000
556.500000,248.500000,17.000000,19.000000
556.500000,248.500000,17.000000,19.000000
556.500000,248.500000,17.000000,19.000000
556.500000,248.500000,17.000000,19.000000
556.500000,248.500000,17.000000,19.000000
556.500000,248.500000,17.000000,19.000000
556.500000,248.500000,17.000000,19.000000
556.500000,248.500000,17.000000,19.000000
552.500000,248.500000,17.000000,19.000000
552.500000,248.500000,17.000000,19.000000
552.500000,248.500000,17.000000,19.000000
552.500000,248.500000,17.000000,19.000000
552.500000,248.500000,17.000000,19.000000
552.500000,248.500000,17.000000,19.000000
552.500000,248.500000,17.000000,19.000000
552.500000,252.500000,17.000000,19.000000
552.500000,252.500000,17.000000,19.000000
552.500000,252.500000,17.000000,19.000000
552.500000,252.500000,17.000000,19.000000
556.500000,252.500000,17.000000,19.000000
556.500000,252.500000,17.000000,19.000000
556.500000,252.500000,17.000000,19.000000
556.500000,252.500000,17.000000,19.000000
556.500000,252.500000,17.000000,19.000000
556.500000,256.500000,17.000000,19.000000
556.500000,256.500000,17.000000,19.000000
556.500000,256.500000,17.000000,19.000000
556.500000,256.500000,17.000000,19.000000
556.500000,256.500000,17.000000,19.000000
556.500000,256.500000,17.000000,19.000000
556.500000,256.500000,17.000000,19.000000
556.500000,256.500000,17.000000,19.000000
556.500000,256.500000,17.000000,19.000000
556.500000,256.500000,17.000000,19.000000
556.500000,256.500000,17.000000,19.000000
556.500000,256.500000,17.000000,19.000000
556.500000,256.500000,17.000000,19.000000
556.500000,256.500000,17.000000,19.000000
556.500000,256.500000,17.000000,19.000000
556.500000,256.500000,17.000000,19.000000
556.500000,256.500000,17.000000,19.000000
556.500000,256.500000,17.000000,19.000000
556.500000,256.500000,17.000000,19.000000
552.500000,256.500000,17.000000,19.000000
552.500000,256.500000,17.000000,19.000000
552.500000,256.500000,17.000000,19.000000
552.500000,256.500000,17.000000,19.000000
552.500000,256.500000,17.000000,19.000000
552.500000,256.500000,17.000000,19.000000
552.500000,260.500000,17.000000,19.000000
552.500000,260.500000,17.000000,19.000000
552.500000,260.500000,17.000000,19.000000
552.500000,260.500000,17.000000,19.000000
552.500000,260.500000,17.000000,19.000000
552.500000,260.500000,17.000000,19.000000
552.500000,260.500000,17.000000,19.000000
552.500000,260.500000,17.000000,19.000000
548.500000,260.500000,17.000000,19.000000
548.500000,260.500000,17.000000,19.000000
548.500000,260.500000,17.000000,19.000000
548.500000,260.500000,17.000000,19.000000
548.500000,260.500000,17.000000,19.000000
548.500000,260.500000,17.000000,19.000000
548.500000,260.500000,17.000000,19.000000
544.500000,260.500000,17.000000,19.000000
544.500000,260.500000,17.000000,19.000000
544.500000,260.500000,17.000000,19.000000
544.500000,260.500000,17.000000,19.000000
544.500000,260.500000,17.000000,19.000000
544.500000,260.500000,17.000000,19.000000
544.500000,260.500000,17.000000,19.000000
544.500000,260.500000,17.000000,19.000000
544.500000,260.500000,17.000000,19.000000
544.500000,260.500000,17.000000,19.000000
544.500000,260.500000,17.000000,19.000000
544.500000,260.500000,17.000000,19.000000
544.500000,260.500000,17.000000,19.000000
544.500000,260.500000,17.000000,19.000000
548.500000,260.500000,17.000000,19.000000
548.500000,260.500000,17.000000,19.000000
552.500000,260.500000,17.000000,19.000000
552.500000,260.500000,17.000000,19.000000
552.500000,260.500000,17.000000,19.000000
556.500000,260.500000,17.000000,19.000000
556.500000,260.500000,17.000000,19.000000
556.500000,264.500000,17.000000,19.000000
556.500000,264.500000,17.000000,19.000000
556.500000,264.500000,17.000000,19.000000
560.500000,264.500000,17.000000,19.000000
560.500000,264.500000,17.000000,19.000000
560.500000,264.500000,17.000000,19.000000
560.500000,268.500000,17.000000,19.000000
560.500000,268.500000,17.000000,19.000000
560.500000,268.500000,17.000000,19.000000
564.500000,268.500000,17.000000,19.000000
564.500000,268.500000,17.000000,19.000000
564.500000,268.500000,17.000000,19.000000
564.500000,268.500000,17.000000,19.000000
564.500000,268.500000,17.000000,19.000000
564.500000,272.500000,17.000000,19.000000
564.500000,272.500000,17.000000,19.000000
564.500000,272.500000,17.000000,19.000000
564.500000,272.500000,17.000000,19.000000
564.500000,272.500000,17.000000,19.000000
564.500000,272.500000,17.000000,19.000000
564.500000,272.500000,17.000000,19.000000
564.500000,272.500000,17.000000,19.000000
564.500000,272.500000,17.000000,19.000000
560.500000,272.500000,17.000000,19.000000
560.500000,272.500000,17.000000,19.000000
560.500000,272.500000,17.000000,19.000000
560.500000,272.500000,17.000000,19.000000
560.500000,272.500000,17.000000,19.000000
560.500000,272.500000,17.000000,19.000000
560.500000,272.500000,17.000000,19.000000
556.500000,272.500000,17.000000,19.000000
556.500000,272.500000,17.000000,19.000000
556.500000,272.500000,17.000000,19.000000
556.500000,272.500000,17.000000,19.000000
556.500000,272.500000,17.000000,19.000000
556.500000,272.500000,17.000000,19.000000
556.500000,272.500000,17.000000,19.000000
556.500000,272.500000,17.000000,19.000000
552.500000,272.500000,17.000000,19.000000
552.500000,272.500000,17.000000,19.000000
552.500000,272.500000,17.000000,19.000000
552.500000,272.500000,17.000000,19.000000
552.500000,272.500000,17.000000,19.000000
552.500000,272.500000,17.000000,19.000000
548.500000,272.500000,17.000000,19.000000
548.500000,272.500000,17.000000,19.000000
548.500000,272.500000,17.000000,19.000000
548.500000,268.500000,17.000000,19.000000
548.500000,268.500000,17.000000,19.000000
548.500000,268.500000,17.000000,19.000000
548.500000,268.500000,17.000000,19.000000
548.500000,268.500000,17.000000,19.000000
548.500000,268.500000,17.000000,19.000000
548.500000,268.500000,17.000000,19.000000
548.500000,268.500000,17.000000,19.000000
548.500000,268.500000,17.000000,19.000000
548.500000,268.500000,17.000000,19.000000
548.500000,268.500000,17.000000,19.000000
548.500000,264.500000,17.000000,19.000000
548.500000,264.500000,17.000000,19.000000
548.500000,264.500000,17.000000,19.000000
548.500000,264.500000,17.000000,19.000000
548.500000,264.500000,17.000000,19.000000
544.500000,264.500000,17.000000,19.000000
544.500000,264.500000,17.000000,19.000000
544.500000,264.500000,17.000000,19.000000
544.500000,260.500000,17.000000,19.000000
544.500000,260.500000,17.000000,19.000000
544.500000,260.500000,17.000000,19.000000
544.500000,260.500000,17.000000,19.000000
544.500000,260.500000,17.000000,19.000000
548.500000,260.500000,17.000000,19.000000
548.500000,260.500000,17.000000,19.000000
548.500000,264.500000,17.000000,19.000000
548.500000,264.500000,17.000000,19.000000
548.500000,264.500000,17.000000,19.000000
548.500000,264.500000,17.000000,19.000000
548.500000,264.500000,17.000000,19.000000
548.500000,264.500000,17.000000,19.000000
548.500000,264.500000,17.000000,19.000000
552.500000,260.500000,17.000000,19.000000
552.500000,260.500000,17.000000,19.000000
552.500000,264.500000,17.000000,19.000000
552.500000,264.500000,17.000000,19.000000
552.500000,264.500000,17.000000,19.000000
552.500000,264.500000,17.000000,19.000000
552.500000,264.500000,17.000000,19.000000
552.500000,264.500000,17.000000,19.000000
552.500000,264.500000,17.000000,19.000000
552.500000,264.500000,17.000000,19.000000
552.500000,264.500000,17.000000,19.000000
552.500000,264.500000,17.000000,19.000000
552.500000,264.500000,17.000000,19.000000
552.500000,264.500000,17.000000,19.000000
552.500000,264.500000,17.000000,19.000000
552.500000,264.500000,17.000000,19.000000
552.500000,264.500000,17.000000,19.000000
552.500000,264.500000,17.000000,19.000000
552.500000,260.500000,17.000000,19.000000
552.500000,260.500000,17.000000,19.000000
552.500000,260.500000,17.000000,19.000000
552.500000,260.500000,17.000000,19.000000
552.500000,260.500000,17.000000,19.000000
552.500000,260.500000,17.000000,19.000000
552.500000,260.500000,17.000000,19.000000
552.500000,260.500000,17.000000,19.000000
556.500000,260.500000,17.000000,19.000000
556.500000,260.500000,17.000000,19.000000
556.500000,260.500000,17.000000,19.000000
556.500000,260.500000,17.000000,19.000000
556.500000,260.500000,17.000000,19.000000
556.500000,260.500000,17.000000,19.000000
552.500000,264.500000,17.000000,19.000000
552.500000,260.500000,17.000000,19.000000
552.500000,260.500000,17.000000,19.000000
552.500000,260.500000,17.000000,19.000000
552.500000,260.500000,17.000000,19.000000
552.500000,260.500000,17.000000,19.000000
552.500000,260.500000,17.000000,19.000000
552.500000,260.500000,17.000000,19.000000
548.500000,264.500000,17.000000,19.000000
548.500000,260.500000,17.000000,19.000000
548.500000,260.500000,17.000000,19.000000
548.500000,260.500000,17.000000,19.000000
548.500000,260.500000,17.000000,19.000000
548.500000,260.500000,17.000000,19.000000
548.500000,260.500000,17.000000,19.000000
548.500000,260.500000,17.000000,19.000000
548.500000,260.500000,17.000000,19.000000
544.500000,260.500000,17.000000,19.000000
544.500000,260.500000,17.000000,19.000000
544.500000,260.500000,17.000000,19.000000
544.500000,260.500000,17.000000,19.000000
544.500000,260.500000,17.000000,19.000000
544.500000,260.500000,17.000000,19.000000
544.500000,260.500000,17.000000,19.000000
544.500000,260.500000,17.000000,19.000000
544.500000,260.500000,17.000000,19.000000
544.500000,260.500000,17.000000,19.000000
544.500000,260.500000,17.000000,19.000000
544.500000,260.500000,17.000000,19.000000
544.500000,260.500000,17.000000,19.000000
544.500000,260.500000,17.000000,19.000000
544.500000,260.500000,17.000000,19.000000
544.500000,260.500000,17.000000,19.000000
544.500000,260.500000,17.000000,19.000000
544.500000,260.500000,17.000000,19.000000
544.500000,260.500000,17.000000,19.000000
544.500000,260.500000,17.000000,19.000000
544.500000,260.500000,17.000000,19.000000
544.500000,260.500000,17.000000,19.000000
544.500000,260.500000,17.000000,19.000000
544.500000,260.500000,17.000000,19.000000
544.500000,260.500000,17.000000,19.000000
544.500000,260.500000,17.000000,19.000000
544.500000,260.500000,17.000000,19.000000
544.500000,260.500000,17.000000,19.000000
544.500000,260.500000,17.000000,19.000000
540.500000,264.500000,17.000000,19.000000
536.500000,268.500000,17.000000,19.000000
536.500000,268.500000,17.000000,19.000000
536.500000,268.500000,17.000000,19.000000
536.500000,268.500000,17.000000,19.000000
536.500000,268.500000,17.000000,19.000000
536.500000,268.500000,17.000000,19.000000
540.500000,268.500000,17.000000,19.000000
540.500000,268.500000,17.000000,19.000000
540.500000,268.500000,17.000000,19.000000
540.500000,268.500000,17.000000,19.000000
540.500000,268.500000,17.000000,19.000000
540.500000,268.500000,17.000000,19.000000
540.500000,268.500000,17.000000,19.000000
540.500000,268.500000,17.000000,19.000000
540.500000,268.500000,17.000000,19.000000
544.500000,268.500000,17.000000,19.000000
544.500000,268.500000,17.000000,19.000000
544.500000,268.500000,17.000000,19.000000
544.500000,268.500000,17.000000,19.000000
544.500000,268.500000,17.000000,19.000000
544.500000,268.500000,17.000000,19.000000
544.500000,268.500000,17.000000,19.000000
544.500000,268.500000,17.000000,19.000000
540.500000,268.500000,17.000000,19.000000
540.500000,268.500000,17.000000,19.000000
540.500000,268.500000,17.000000,19.000000
540.500000,268.500000,17.000000,19.000000
540.500000,268.500000,17.000000,19.000000
540.500000,268.500000,17.000000,19.000000
536.500000,268.500000,17.000000,19.000000
536.500000,264.500000,17.000000,19.000000
536.500000,264.500000,17.000000,19.000000
536.500000,264.500000,17.000000,19.000000
536.500000,264.500000,17.000000,19.000000
536.500000,264.500000,17.000000,19.000000
532.500000,264.500000,17.000000,19.000000
532.500000,264.500000,17.000000,19.000000
532.500000,264.500000,17.000000,19.000000
532.500000,264.500000,17.000000,19.000000
536.500000,264.500000,17.000000,19.000000
536.500000,264.500000,17.000000,19.000000
536.500000,264.500000,17.000000,19.000000
540.500000,264.500000,17.000000,19.000000
540.500000,264.500000,17.000000,19.000000
540.500000,264.500000,17.000000,19.000000
544.500000,264.500000,17.000000,19.000000
544.500000,260.500000,17.000000,19.000000
548.500000,260.500000,17.000000,19.000000
548.500000,260.500000,17.000000,19.000000
548.500000,260.500000,17.000000,19.000000
552.500000,260.500000,17.000000,19.000000
552.500000,260.500000,17.000000,19.000000
552.500000,260.500000,17.000000,19.000000
556.500000,256.500000,17.000000,19.000000
556.500000,256.500000,17.000000,19.000000
560.500000,256.500000,17.000000,19.000000
560.500000,256.500000,17.000000,19.000000
560.500000,256.500000,17.000000,19.000000
560.500000,252.500000,17.000000,19.000000
564.500000,252.500000,17.000000,19.000000
564.500000,252.500000,17.000000,19.000000
564.500000,252.500000,17.000000,19.000000
564.500000,252.500000,17.000000,19.000000
568.500000,252.500000,17.000000,19.000000
568.500000,252.500000,17.000000,19.000000
568.500000,252.500000,17.000000,19.000000
568.500000,252.500000,17.000000,19.000000
568.500000,252.500000,17.000000,19.000000
572.500000,248.500000,17.000000,19.000000
572.500000,248.500000,17.000000,19.000000
572.500000,248.500000,17.000000,19.000000
572.500000,248.500000,17.000000,19.000000
572.500000,248.500000,17.000000,19.000000
572.500000,248.500000,17.000000,19.000000
572.500000,248.500000,17.000000,19.000000
572.500000,248.500000,17.000000,19.000000
572.500000,248.500000,17.000000,19.000000
572.500000,248.500000,17.000000,19.000000
572.500000,248.500000,17.000000,19.000000
572.500000,248.500000,17.000000,19.000000
572.500000,248.500000,17.000000,19.000000
572.500000,248.500000,17.000000,19.000000
572.500000,248.500000,17.000000,19.000000
572.500000,248.500000,17.000000,19.000000
572.500000,248.500000,17.000000,19.000000
572.500000,248.500000,17.000000,19.000000
572.500000,248.500000,17.000000,19.000000
572.500000,248.500000,17.000000,19.000000
572.500000,248.500000,17.000000,19.000000
568.500000,248.500000,17.000000,19.000000
568.500000,248.500000,17.000000,19.000000
568.500000,248.500000,17.000000,19.000000
568.500000,248.500000,17.000000,19.000000
568.500000,248.500000,17.000000,19.000000
568.500000,248.500000,17.000000,19.000000
568.500000,248.500000,17.000000,19.000000
568.500000,248.500000,17.000000,19.000000
568.500000,248.500000,17.000000,19.000000
568.500000,248.500000,17.000000,19.000000
568.500000,252.500000,17.000000,19.000000
568.500000,252.500000,17.000000,19.000000
568.500000,252.500000,17.000000,19.000000
568.500000,252.500000,17.000000,19.000000
568.500000,252.500000,17.000000,19.000000
568.500000,252.500000,17.000000,19.000000
568.500000,252.500000,17.000000,19.000000
568.500000,252.500000,17.000000,19.000000
568.500000,252.500000,17.000000,19.000000
568.500000,252.500000,17.000000,19.000000
568.500000,252.500000,17.000000,19.000000
568.500000,252.500000,17.000000,19.000000
568.500000,252.500000,17.000000,19.000000
568.500000,252.500000,17.000000,19.000000
568.500000,252.500000,17.000000,19.000000
568.500000,252.500000,17.000000,19.000000
568.500000,256.500000,17.000000,19.000000
568.500000,256.500000,17.000000,19.000000
568.500000,256.500000,17.000000,19.000000
568.500000,256.500000,17.000000,19.000000
568.500000,256.500000,17.000000,19.000000
568.500000,256.500000,17.000000,19.000000
555.500000,252.500000,17.000000,19.000000
563.500000,256.500000,17.000000,19.000000
563.500000,256.500000,17.000000,19.000000
563.500000,256.500000,17.000000,19.000000
559.500000,260.500000,17.000000,19.000000
559.500000,260.500000,17.000000,19.000000
559.500000,256.500000,17.000000,19.000000
559.500000,256.500000,17.000000,19.000000
555.500000,256.500000,17.000000,19.000000
555.500000,256.500000,17.000000,19.000000
555.500000,256.500000,17.000000,19.000000
551.500000,256.500000,17.000000,19.000000
551.500000,256.500000,17.000000,19.000000
547.500000,256.500000,17.000000,19.000000
547.500000,256.500000,17.000000,19.000000
547.500000,256.500000,17.000000,19.000000
543.500000,256.500000,17.000000,19.000000
543.500000,256.500000,17.000000,19.000000
543.500000,252.500000,17.000000,19.000000
539.500000,256.500000,17.000000,19.000000
539.500000,256.500000,17.000000,19.000000
539.500000,256.500000,17.000000,19.000000
535.500000,256.500000,17.000000,19.000000
535.500000,256.500000,17.000000,19.000000
535.500000,256.500000,17.000000,19.000000
535.500000,256.500000,17.000000,19.000000
535.500000,256.500000,17.000000,19.000000
535.500000,256.500000,17.000000,19.000000
535.500000,256.500000,17.000000,19.000000
535.500000,256.500000,17.000000,19.000000
535.500000,256.500000,17.000000,19.000000
535.500000,256.500000,17.000000,19.000000
535.500000,256.500000,17.000000,19.000000
535.500000,256.500000,17.000000,19.000000
535.500000,256.500000,17.000000,19.000000
535.500000,256.500000,17.000000,19.000000
535.500000,256.500000,17.000000,19.000000
535.500000,256.500000,17.000000,19.000000
535.500000,256.500000,17.000000,19.000000
535.500000,256.500000,17.000000,19.000000
535.500000,256.500000,17.000000,19.000000
535.500000,256.500000,17.000000,19.000000
535.500000,256.500000,17.000000,19.000000
535.500000,256.500000,17.000000,19.000000
535.500000,256.500000,17.000000,19.000000
535.500000,256.500000,17.000000,19.000000
535.500000,256.500000,17.000000,19.000000
535.500000,256.500000,17.000000,19.000000
535.500000,256.500000,17.000000,19.000000
539.500000,256.500000,17.000000,19.000000
539.500000,256.500000,17.000000,19.000000
539.500000,256.500000,17.000000,19.000000
539.500000,256.500000,17.000000,19.000000
539.500000,256.500000,17.000000,19.000000
539.500000,256.500000,17.000000,19.000000
539.500000,256.500000,17.000000,19.000000
543.500000,256.500000,17.000000,19.000000
543.500000,256.500000,17.000000,19.000000
543.500000,256.500000,17.000000,19.000000
543.500000,256.500000,17.000000,19.000000
547.500000,256.500000,17.000000,19.000000
547.500000,256.500000,17.000000,19.000000
547.500000,256.500000,17.000000,19.000000
547.500000,256.500000,17.000000,19.000000
547.500000,256.500000,17.000000,19.000000
547.500000,256.500000,17.000000,19.000000
547.500000,252.500000,17.000000,19.000000
551.500000,252.500000,17.000000,19.000000
551.500000,252.500000,17.000000,19.000000
551.500000,252.500000,17.000000,19.000000
551.500000,252.500000,17.000000,19.000000
551.500000,252.500000,17.000000,19.000000
551.500000,252.500000,17.000000,19.000000
551.500000,252.500000,17.000000,19.000000
551.500000,252.500000,17.000000,19.000000
551.500000,256.500000,17.000000,19.000000
551.500000,256.500000,17.000000,19.000000
551.500000,252.500000,17.000000,19.000000
555.500000,252.500000,17.000000,19.000000
555.500000,252.500000,17.000000,19.000000
555.500000,252.500000,17.000000,19.000000
555.500000,256.500000,17.000000,19.000000
555.500000,256.500000,17.000000,19.000000
555.500000,256.500000,17.000000,19.000000
555.500000,256.500000,17.000000,19.000000
555.500000,256.500000,17.000000,19.000000
555.500000,256.500000,17.000000,19.000000
555.500000,256.500000,17.000000,19.000000
555.500000,256.500000,17.000000,19.000000
555.500000,256.500000,17.000000,19.000000
555.500000,256.500000,17.000000,19.000000
559.500000,256.500000,17.000000,19.000000
559.500000,256.500000,17.000000,19.000000
559.500000,256.500000,17.000000,19.000000
559.500000,256.500000,17.000000,19.000000
559.500000,256.500000,17.000000,19.000000
559.500000,256.500000,17.000000,19.000000
559.500000,252.500000,17.000000,19.000000
559.500000,252.500000,17.000000,19.000000
559.500000,252.500000,17.000000,19.000000
559.500000,252.500000,17.000000,19.000000
559.500000,252.500000,17.000000,19.000000
559.500000,252.500000,17.000000,19.000000
559.500000,252.500000,17.000000,19.000000
559.500000,256.500000,17.000000,19.000000
559.500000,256.500000,17.000000,19.000000
559.500000,256.500000,17.000000,19.000000
559.500000,256.500000,17.000000,19.000000
559.500000,256.500000,17.000000,19.000000
559.500000,256.500000,17.000000,19.000000
559.500000,256.500000,17.000000,19.000000
559.500000,256.500000,17.000000,19.000000
559.500000,256.500000,17.000000,19.000000
559.500000,252.500000,17.000000,19.000000
559.500000,252.500000,17.000000,19.000000
559.500000,252.500000,17.000000,19.000000
559.500000,252.500000,17.000000,19.000000
559.500000,252.500000,17.000000,19.000000
559.500000,252.500000,17.000000,19.000000
559.500000,252.500000,17.000000,19.000000
559.500000,252.500000,17.000000,19.000000
559.500000,252.500000,17.000000,19.000000
559.500000,252.500000,17.000000,19.000000
559.500000,252.500000,17.000000,19.000000
559.500000,252.500000,17.000000,19.000000
559.500000,252.500000,17.000000,19.000000
559.500000,252.500000,17.000000,19.000000
559.500000,252.500000,17.000000,19.000000
559.500000,252.500000,17.000000,19.000000
559.500000,252.500000,17.000000,19.000000
559.500000,252.500000,17.000000,19.000000
559.500000,252.500000,17.000000,19.000000
563.500000,252.500000,17.000000,19.000000
563.500000,252.500000,17.000000,19.000000
563.500000,252.500000,17.000000,19.000000
563.500000,252.500000,17.000000,19.000000
563.500000,252.500000,17.000000,19.000000
563.500000,252.500000,17.000000,19.000000
563.500000,252.500000,17.000000,19.000000
563.500000,252.500000,17.000000,19.000000
563.500000,252.500000,17.000000,19.000000
563.500000,252.500000,17.000000,19.000000
563.500000,252.500000,17.000000,19.000000
563.500000,252.500000,17.000000,19.000000
563.500000,252.500000,17.000000,19.000000
563.500000,252.500000,17.000000,19.000000
563.500000,252.500000,17.000000,19.000000
563.500000,252.500000,17.000000,19.000000
563.500000,252.500000,17.000000,19.000000
563.500000,252.500000,17.000000,19.000000
563.500000,252.500000,17.000000,19.000000
563.500000,252.500000,17.000000,19.000000
559.500000,252.500000,17.000000,19.000000
559.500000,252.500000,17.000000,19.000000
559.500000,252.500000,17.000000,19.000000
559.500000,252.500000,17.000000,19.000000
559.500000,252.500000,17.000000,19.000000
559.500000,252.500000,17.000000,19.000000
559.500000,252.500000,17.000000,19.000000
559.500000,252.500000,17.000000,19.000000
559.500000,252.500000,17.000000,19.000000
559.500000,252.500000,17.000000,19.000000
559.500000,252.500000,17.000000,19.000000
559.500000,252.500000,17.000000,19.000000
559.500000,252.500000,17.000000,19.000000
559.500000,252.500000,17.000000,19.000000
559.500000,252.500000,17.000000,19.000000
559.500000,252.500000,17.000000,19.000000
559.500000,252.500000,17.000000,19.000000
559.500000,252.500000,17.000000,19.000000
559.500000,252.500000,17.000000,19.000000
559.500000,252.500000,17.000000,19.000000
555.500000,252.500000,17.000000,19.000000
555.500000,252.500000,17.000000,19.000000
555.500000,252.500000,17.000000,19.000000
555.500000,252.500000,17.000000,19.000000
555.500000,252.500000,17.000000,19.000000
555.500000,252.500000,17.000000,19.000000
555.500000,248.500000,17.000000,19.000000
555.500000,248.500000,17.000000,19.000000
555.500000,248.500000,17.000000,19.000000
555.500000,248.500000,17.000000,19.000000
555.500000,248.500000,17.000000,19.000000
555.500000,248.500000,17.000000,19.000000
555.500000,244.500000,17.000000,19.000000
555.500000,244.500000,17.000000,19.000000
555.500000,244.500000,17.000000,19.000000
559.500000,244.500000,17.000000,19.000000
559.500000,244.500000,17.000000,19.000000
559.500000,244.500000,17.000000,19.000000
559.500000,244.500000,17.000000,19.000000
559.500000,244.500000,17.000000,19.000000
559.500000,244.500000,17.000000,19.000000
563.500000,244.500000,17.000000,19.000000
563.500000,244.500000,17.000000,19.000000
563.500000,244.500000,17.000000,19.000000
563.500000,244.500000,17.000000,19.000000
563.500000,244.500000,17.000000,19.000000
567.500000,244.500000,17.000000,19.000000
567.500000,244.500000,17.000000,19.000000
567.500000,244.500000,17.000000,19.000000
567.500000,244.500000,17.000000,19.000000
567.500000,244.500000,17.000000,19.000000
567.500000,248.500000,17.000000,19.000000
567.500000,248.500000,17.000000,19.000000
567.500000,248.500000,17.000000,19.000000
567.500000,248.500000,17.000000,19.000000
567.500000,248.500000,17.000000,19.000000
571.500000,248.500000,17.000000,19.000000
571.500000,248.500000,17.000000,19.000000
571.500000,248.500000,17.000000,19.000000
571.500000,248.500000,17.000000,19.000000
571.500000,248.500000,17.000000,19.000000
571.500000,248.500000,17.000000,19.000000
571.500000,248.500000,17.000000,19.000000
571.500000,248.500000,17.000000,19.000000
571.500000,248.500000,17.000000,19.000000
575.500000,248.500000,17.000000,19.000000
575.500000,248.500000,17.000000,19.000000
571.500000,248.500000,17.000000,19.000000
571.500000,248.500000,17.000000,19.000000
571.500000,248.500000,17.000000,19.000000
571.500000,252.500000,17.000000,19.000000
571.500000,252.500000,17.000000,19.000000
571.500000,252.500000,17.000000,19.000000
571.500000,252.500000,17.000000,19.000000
571.500000,252.500000,17.000000,19.000000
571.500000,252.500000,17.000000,19.000000
567.500000,252.500000,17.000000,19.000000
567.500000,252.500000,17.000000,19.000000
567.500000,252.500000,17.000000,19.000000
567.500000,252.500000,17.000000,19.000000
567.500000,252.500000,17.000000,19.000000
567.500000,252.500000,17.000000,19.000000
567.500000,252.500000,17.000000,19.000000
556.500000,243.500000,17.000000,19.000000
564.500000,251.500000,17.000000,19.000000
568.500000,251.500000,17.000000,19.000000
568.500000,251.500000,17.000000,19.000000
568.500000,251.500000,17.000000,19.000000
568.500000,251.500000,17.000000,19.000000
568.500000,251.500000,17.000000,19.000000
568.500000,251.500000,17.000000,19.000000
568.500000,251.500000,17.000000,19.000000
568.500000,251.500000,17.000000,19.000000
568.500000,251.500000,17.000000,19.000000
568.500000,251.500000,17.000000,19.000000
568.500000,247.500000,17.000000,19.000000
568.500000,247.500000,17.000000,19.000000
568.500000,247.500000,17.000000,19.000000
564.500000,247.500000,17.000000,19.000000
564.500000,247.500000,17.000000,19.000000
564.500000,247.500000,17.000000,19.000000
564.500000,247.500000,17.000000,19.000000
564.500000,247.500000,17.000000,19.000000
564.500000,247.500000,17.000000,19.000000
564.500000,247.500000,17.000000,19.000000
564.500000,247.500000,17.000000,19.000000
564.500000,247.500000,17.000000,19.000000
564.500000,247.500000,17.000000,19.000000
564.500000,247.500000,17.000000,19.000000
564.500000,247.500000,17.000000,19.000000
564.500000,247.500000,17.000000,19.000000
564.500000,247.500000,17.000000,19.000000
564.500000,247.500000,17.000000,19.000000
564.500000,247.500000,17.000000,19.000000
564.500000,251.500000,17.000000,19.000000
564.500000,251.500000,17.000000,19.000000
564.500000,251.500000,17.000000,19.000000
564.500000,251.500000,17.000000,19.000000
564.500000,251.500000,17.000000,19.000000
564.500000,251.500000,17.000000,19.000000
564.500000,251.500000,17.000000,19.000000
564.500000,251.500000,17.000000,19.000000
564.500000,251.500000,17.000000,19.000000
564.500000,255.500000,17.000000,19.000000
564.500000,255.500000,17.000000,19.000000
564.500000,255.500000,17.000000,19.000000
564.500000,255.500000,17.000000,19.000000
564.500000,255.500000,17.000000,19.000000
564.500000,255.500000,17.000000,19.000000
564.500000,255.500000,17.000000,19.000000
564.500000,255.500000,17.000000,19.000000
564.500000,259.500000,17.000000,19.000000
564.500000,259.500000,17.000000,19.000000
564.500000,259.500000,17.000000,19.000000
564.500000,259.500000,17.000000,19.000000
564.500000,259.500000,17.000000,19.000000
564.500000,259.500000,17.000000,19.000000
564.500000,259.500000,17.000000,19.000000
568.500000,259.500000,17.000000,19.000000
568.500000,259.500000,17.000000,19.000000
568.500000,259.500000,17.000000,19.000000
568.500000,259.500000,17.000000,19.000000
568.500000,259.500000,17.000000,19.000000
568.500000,259.500000,17.000000,19.000000
564.500000,259.500000,17.000000,19.000000
564.500000,259.500000,17.000000,19.000000
564.500000,259.500000,17.000000,19.000000
564.500000,259.500000,17.000000,19.000000
564.500000,259.500000,17.000000,19.000000
564.500000,259.500000,17.000000,19.000000
564.500000,259.500000,17.000000,19.000000
564.500000,259.500000,17.000000,19.000000
564.500000,259.500000,17.000000,19.000000
564.500000,259.500000,17.000000,19.000000
564.500000,259.500000,17.000000,19.000000
564.500000,259.500000,17.000000,19.000000
564.500000,259.500000,17.000000,19.000000
564.500000,259.500000,17.000000,19.000000
564.500000,259.500000,17.000000,19.000000
564.500000,259.500000,17.000000,19.000000
564.500000,259.500000,17.000000,19.000000
564.500000,255.500000,17.000000,19.000000
568.500000,255.500000,17.000000,19.000000
568.500000,255.500000,17.000000,19.000000
568.500000,255.500000,17.000000,19.000000
568.500000,255.500000,17.000000,19.000000
568.500000,251.500000,17.000000,19.000000
568.500000,251.500000,17.000000,19.000000
568.500000,251.500000,17.000000,19.000000
568.500000,251.500000,17.000000,19.000000
568.500000,251.500000,17.000000,19.000000
568.500000,251.500000,17.000000,19.000000
568.500000,251.500000,17.000000,19.000000
568.500000,251.500000,17.000000,19.000000
568.500000,251.500000,17.000000,19.000000
568.500000,251.500000,17.000000,19.000000
572.500000,251.500000,17.000000,19.000000
572.500000,251.500000,17.000000,19.000000
572.500000,251.500000,17.000000,19.000000
572.500000,251.500000,17.000000,19.000000
572.500000,251.500000,17.000000,19.000000
572.500000,247.500000,17.000000,19.000000
572.500000,247.500000,17.000000,19.000000
572.500000,247.500000,17.000000,19.000000
572.500000,251.500000,17.000000,19.000000
572.500000,247.500000,17.000000,19.000000
572.500000,247.500000,17.000000,19.000000
572.500000,247.500000,17.000000,19.000000
572.500000,247.500000,17.000000,19.000000
572.500000,247.500000,17.000000,19.000000
572.500000,247.500000,17.000000,19.000000
572.500000,247.500000,17.000000,19.000000
572.500000,247.500000,17.000000,19.000000
568.500000,247.500000,17.000000,19.000000
568.500000,247.500000,17.000000,19.000000
568.500000,247.500000,17.000000,19.000000
568.500000,247.500000,17.000000,19.000000
572.500000,247.500000,17.000000,19.000000
572.500000,247.500000,17.000000,19.000000
572.500000,247.500000,17.000000,19.000000
572.500000,247.500000,17.000000,19.000000
572.500000,247.500000,17.000000,19.000000
572.500000,247.500000,17.000000,19.000000
572.500000,247.500000,17.000000,19.000000
572.500000,247.500000,17.000000,19.000000
572.500000,243.500000,17.000000,19.000000
572.500000,239.500000,17.000000,19.000000
572.500000,243.500000,17.000000,19.000000
572.500000,243.500000,17.000000,19.000000
572.500000,239.500000,17.000000,19.000000
572.500000,239.500000,17.000000,19.000000
572.500000,239.500000,17.000000,19.000000
572.500000,239.500000,17.000000,19.000000
572.500000,239.500000,17.000000,19.000000
572.500000,239.500000,17.000000,19.000000
572.500000,239.500000,17.000000,19.000000
572.500000,239.500000,17.000000,19.000000
572.500000,243.500000,17.000000,19.000000
572.500000,239.500000,17.000000,19.000000
572.500000,239.500000,17.000000,19.000000
572.500000,243.500000,17.000000,19.000000
572.500000,243.500000,17.000000,19.000000
572.500000,247.500000,17.000000,19.000000
572.500000,243.500000,17.000000,19.000000
572.500000,247.500000,17.000000,19.000000
572.500000,243.500000,17.000000,19.000000
572.500000,243.500000,17.000000,19.000000
572.500000,243.500000,17.000000,19.000000
572.500000,243.500000,17.000000,19.000000
572.500000,243.500000,17.000000,19.000000
572.500000,243.500000,17.000000,19.000000
568.500000,243.500000,17.000000,19.000000
568.500000,243.500000,17.000000,19.000000
568.500000,243.500000,17.000000,19.000000
568.500000,243.500000,17.000000,19.000000
568.500000,243.500000,17.000000,19.000000
568.500000,243.500000,17.000000,19.000000
564.500000,243.500000,17.000000,19.000000
564.500000,243.500000,17.000000,19.000000
564.500000,243.500000,17.000000,19.000000
564.500000,243.500000,17.000000,19.000000
564.500000,243.500000,17.000000,19.000000
564.500000,243.500000,17.000000,19.000000
564.500000,243.500000,17.000000,19.000000
564.500000,243.500000,17.000000,19.000000
560.500000,247.500000,17.000000,19.000000
560.500000,243.500000,17.000000,19.000000
556.500000,243.500000,17.000000,19.000000
556.500000,247.500000,17.000000,19.000000
556.500000,243.500000,17.000000,19.000000
556.500000,247.500000,17.000000,19.000000
556.500000,247.500000,17.000000,19.000000
556.500000,247.500000,17.000000,19.000000
556.500000,247.500000,17.000000,19.000000
556.500000,247.500000,17.000000,19.000000
556.500000,251.500000,17.000000,19.000000
556.500000,255.500000,17.000000,19.000000
556.500000,255.500000,17.000000,19.000000
556.500000,255.500000,17.000000,19.000000
560.500000,259.500000,17.000000,19.000000
560.500000,259.500000,17.000000,19.000000
564.500000,259.500000,17.000000,19.000000
564.500000,259.500000,17.000000,19.000000
568.500000,259.500000,17.000000,19.000000
568.500000,263.500000,17.000000,19.000000
572.500000,263.500000,17.000000,19.000000
572.500000,263.500000,17.000000,19.000000
576.500000,263.500000,17.000000,19.000000
580.500000,263.500000,17.000000,19.000000
584.500000,263.500000,17.000000,19.000000
588.500000,259.500000,17.000000,19.000000
588.500000,263.500000,17.000000,19.000000
592.500000,263.500000,17.000000,19.000000
592.500000,263.500000,17.000000,19.000000
596.500000,263.500000,17.000000,19.000000
600.500000,259.500000,17.000000,19.000000
600.500000,263.500000,17.000000,19.000000
600.500000,263.500000,17.000000,19.000000
604.500000,263.500000,17.000000,19.000000
604.500000,263.500000,17.000000,19.000000
604.500000,263.500000,17.000000,19.000000
608.500000,259.500000,17.000000,19.000000
608.500000,259.500000,17.000000,19.000000
608.500000,259.500000,17.000000,19.000000
608.500000,259.500000,17.000000,19.000000
612.500000,259.500000,17.000000,19.000000
612.500000,259.500000,17.000000,19.000000
612.500000,259.500000,17.000000,19.000000
612.500000,259.500000,17.000000,19.000000
612.500000,259.500000,17.000000,19.000000
612.500000,259.500000,17.000000,19.000000
612.500000,259.500000,17.000000,19.000000
612.500000,255.500000,17.000000,19.000000
612.500000,255.500000,17.000000,19.000000
612.500000,255.500000,17.000000,19.000000
612.500000,255.500000,17.000000,19.000000
612.500000,255.500000,17.000000,19.000000
612.500000,255.500000,17.000000,19.000000
612.500000,255.500000,17.000000,19.000000
612.500000,255.500000,17.000000,19.000000
612.500000,255.500000,17.000000,19.000000
612.500000,255.500000,17.000000,19.000000
612.500000,255.500000,17.000000,19.000000
612.500000,255.500000,17.000000,19.000000
612.500000,255.500000,17.000000,19.000000
612.500000,255.500000,17.000000,19.000000
612.500000,255.500000,17.000000,19.000000
612.500000,255.500000,17.000000,19.000000
612.500000,255.500000,17.000000,19.000000
612.500000,255.500000,17.000000,19.000000
608.500000,255.500000,17.000000,19.000000
608.500000,255.500000,17.000000,19.000000
608.500000,255.500000,17.000000,19.000000
604.500000,255.500000,17.000000,19.000000
604.500000,251.500000,17.000000,19.000000
600.500000,251.500000,17.000000,19.000000
600.500000,251.500000,17.000000,19.000000
596.500000,251.500000,17.000000,19.000000
596.500000,251.500000,17.000000,19.000000
592.500000,251.500000,17.000000,19.000000
592.500000,251.500000,17.000000,19.000000
592.500000,251.500000,17.000000,19.000000
588.500000,251.500000,17.000000,19.000000
584.500000,255.500000,17.000000,19.000000
584.500000,251.500000,17.000000,19.000000
584.500000,251.500000,17.000000,19.000000
580.500000,251.500000,17.000000,19.000000
580.500000,251.500000,17.000000,19.000000
580.500000,251.500000,17.000000,19.000000
580.500000,251.500000,17.000000,19.000000
576.500000,251.500000,17.000000,19.000000
576.500000,255.500000,17.000000,19.000000
572.500000,255.500000,17.000000,19.000000
572.500000,251.500000,17.000000,19.000000
572.500000,251.500000,17.000000,19.000000
572.500000,251.500000,17.000000,19.000000
572.500000,251.500000,17.000000,19.000000
568.500000,255.500000,17.000000,19.000000
568.500000,251.500000,17.000000,19.000000
568.500000,251.500000,17.000000,19.000000
568.500000,251.500000,17.000000,19.000000
568.500000,251.500000,17.000000,19.000000
568.500000,251.500000,17.000000,19.000000
568.500000,251.500000,17.000000,19.000000
568.500000,251.500000,17.000000,19.000000
568.500000,251.500000,17.000000,19.000000
568.500000,255.500000,17.000000,19.000000
568.500000,255.500000,17.000000,19.000000
568.500000,255.500000,17.000000,19.000000
568.500000,255.500000,17.000000,19.000000
568.500000,255.500000,17.000000,19.000000
568.500000,255.500000,17.000000,19.000000
568.500000,255.500000,17.000000,19.000000
568.500000,255.500000,17.000000,19.000000
568.500000,255.500000,17.000000,19.000000
568.500000,255.500000,17.000000,19.000000
568.500000,255.500000,17.000000,19.000000
568.500000,255.500000,17.000000,19.000000
568.500000,255.500000,17.000000,19.000000
568.500000,255.500000,17.000000,19.000000
568.500000,255.500000,17.000000,19.000000
568.500000,255.500000,17.000000,19.000000
568.500000,255.500000,17.000000,19.000000
564.500000,255.500000,17.000000,19.000000
564.500000,255.500000,17.000000,19.000000
564.500000,255.500000,17.000000,19.000000
564.500000,255.500000,17.000000,19.000000
564.500000,255.500000,17.000000,19.000000
564.500000,255.500000,17.000000,19.000000
564.500000,255.500000,17.000000,19.000000
564.500000,255.500000,17.000000,19.000000
560.500000,255.500000,17.000000,19.000000
560.500000,255.500000,17.000000,19.000000
560.500000,255.500000,17.000000,19.000000
560.500000,255.500000,17.000000,19.000000
560.500000,255.500000,17.000000,19.000000
560.500000,251.500000,17.000000,19.000000
560.500000,251.500000,17.000000,19.000000
560.500000,251.500000,17.000000,19.000000
560.500000,255.500000,17.000000,19.000000
560.500000,255.500000,17.000000,19.000000
560.500000,255.500000,17.000000,19.000000
560.500000,255.500000,17.000000,19.000000
560.500000,255.500000,17.000000,19.000000
564.500000,251.500000,17.000000,19.000000
564.500000,251.500000,17.000000,19.000000
564.500000,251.500000,17.000000,19.000000
564.500000,255.500000,17.000000,19.000000
564.500000,255.500000,17.000000,19.000000
564.500000,255.500000,17.000000,19.000000
564.500000,255.500000,17.000000,19.000000
564.500000,255.500000,17.000000,19.000000
564.500000,255.500000,17.000000,19.000000
564.500000,255.500000,17.000000,19.000000
564.500000,255.500000,17.000000,19.000000
564.500000,255.500000,17.000000,19.000000
564.500000,255.500000,17.000000,19.000000
564.500000,251.500000,17.000000,19.000000
564.500000,251.500000,17.000000,19.000000
564.500000,251.500000,17.000000,19.000000
564.500000,251.500000,17.000000,19.000000
564.500000,251.500000,17.000000,19.000000
564.500000,251.500000,17.000000,19.000000
560.500000,251.500000,17.000000,19.000000
560.500000,251.500000,17.000000,19.000000
560.500000,251.500000,17.000000,19.000000
560.500000,251.500000,17.000000,19.000000
560.500000,251.500000,17.000000,19.000000
560.500000,251.500000,17.000000,19.000000
560.500000,251.500000,17.000000,19.000000
560.500000,251.500000,17.000000,19.000000
560.500000,251.500000,17.000000,19.000000
556.500000,251.500000,17.000000,19.000000
556.500000,251.500000,17.000000,19.000000
556.500000,251.500000,17.000000,19.000000
556.500000,251.500000,17.000000,19.000000
556.500000,251.500000,17.000000,19.000000
560.500000,247.500000,17.000000,19.000000
560.500000,247.500000,17.000000,19.000000
560.500000,247.500000,17.000000,19.000000
560.500000,247.500000,17.000000,19.000000
560.500000,247.500000,17.000000,19.000000
560.500000,247.500000,17.000000,19.000000
560.500000,247.500000,17.000000,19.000000
560.500000,247.500000,17.000000,19.000000
560.500000,247.500000,17.000000,19.000000
560.500000,247.500000,17.000000,19.000000
564.500000,247.500000,17.000000,19.000000
564.500000,247.500000,17.000000,19.000000
564.500000,247.500000,17.000000,19.000000
564.500000,247.500000,17.000000,19.000000
568.500000,247.500000,17.000000,19.000000
568.500000,247.500000,17.000000,19.000000
568.500000,247.500000,17.000000,19.000000
572.500000,247.500000,17.000000,19.000000
572.500000,247.500000,17.000000,19.000000
576.500000,243.500000,17.000000,19.000000
576.500000,243.500000,17.000000,19.000000
580.500000,243.500000,17.000000,19.000000
580.500000,243.500000,17.000000,19.000000
580.500000,243.500000,17.000000,19.000000
584.500000,243.500000,17.000000,19.000000
580.500000,243.500000,17.000000,19.000000
580.500000,239.500000,17.000000,19.000000
584.500000,239.500000,17.000000,19.000000
584.500000,239.500000,17.000000,19.000000
588.500000,239.500000,17.000000,19.000000
588.500000,239.500000,17.000000,19.000000
592.500000,235.500000,17.000000,19.000000
592.500000,235.500000,17.000000,19.000000
596.500000,235.500000,17.000000,19.000000
596.500000,235.500000,17.000000,19.000000
596.500000,239.500000,17.000000,19.000000
600.500000,239.500000,17.000000,19.000000
600.500000,239.500000,17.000000,19.000000
600.500000,239.500000,17.000000,19.000000
604.500000,235.500000,17.000000,19.000000
604.500000,235.500000,17.000000,19.000000
608.500000,235.500000,17.000000,19.000000
608.500000,235.500000,17.000000,19.000000
608.500000,235.500000,17.000000,19.000000
608.500000,235.500000,17.000000,19.000000
608.500000,235.500000,17.000000,19.000000
612.500000,235.500000,17.000000,19.000000
612.500000,235.500000,17.000000,19.000000
612.500000,235.500000,17.000000,19.000000
612.500000,235.500000,17.000000,19.000000
616.500000,235.500000,17.000000,19.000000
616.500000,235.500000,17.000000,19.000000
616.500000,235.500000,17.000000,19.000000
616.500000,235.500000,17.000000,19.000000
616.500000,235.500000,17.000000,19.000000
616.500000,235.500000,17.000000,19.000000
612.500000,235.500000,17.000000,19.000000
612.500000,235.500000,17.000000,19.000000
612.500000,235.500000,17.000000,19.000000
612.500000,235.500000,17.000000,19.000000
612.500000,235.500000,17.000000,19.000000
612.500000,235.500000,17.000000,19.000000
612.500000,235.500000,17.000000,19.000000
612.500000,235.500000,17.000000,19.000000
608.500000,235.500000,17.000000,19.000000
608.500000,235.500000,17.000000,19.000000
608.500000,235.500000,17.000000,19.000000
608.500000,231.500000,17.000000,19.000000
608.500000,231.500000,17.000000,19.000000
604.500000,231.500000,17.000000,19.000000
604.500000,231.500000,17.000000,19.000000
604.500000,231.500000,17.000000,19.000000
604.500000,231.500000,17.000000,19.000000
600.500000,235.500000,17.000000,19.000000
600.500000,231.500000,17.000000,19.000000
600.500000,231.500000,17.000000,19.000000
600.500000,231.500000,17.000000,19.000000
600.500000,231.500000,17.000000,19.000000
596.500000,235.500000,17.000000,19.000000
596.500000,235.500000,17.000000,19.000000
585.500000,238.500000,17.000000,19.000000
589.500000,234.500000,17.000000,19.000000
589.500000,234.500000,17.000000,19.000000
589.500000,234.500000,17.000000,19.000000
585.500000,238.500000,17.000000,19.000000
585.500000,238.500000,17.000000,19.000000
585.500000,238.500000,17.000000,19.000000
581.500000,238.500000,17.000000,19.000000
581.500000,238.500000,17.000000,19.000000
577.500000,238.500000,17.000000,19.000000
577.500000,234.500000,17.000000,19.000000
573.500000,234.500000,17.000000,19.000000
569.500000,234.500000,17.000000,19.000000
569.500000,234.500000,17.000000,19.000000
569.500000,234.500000,17.000000,19.000000
569.500000,230.500000,17.000000,19.000000
569.500000,234.500000,17.000000,19.000000
569.500000,234.500000,17.000000,19.000000
569.500000,234.500000,17.000000,19.000000
569.500000,234.500000,17.000000,19.000000
569.500000,234.500000,17.000000,19.000000
565.500000,238.500000,17.000000,19.000000
565.500000,238.500000,17.000000,19.000000
565.500000,238.500000,17.000000,19.000000
565.500000,238.500000,17.000000,19.000000
565.500000,242.500000,17.000000,19.000000
565.500000,246.500000,17.000000,19.000000
565.500000,246.500000,17.000000,19.000000
565.500000,246.500000,17.000000,19.000000
569.500000,246.500000,17.000000,19.000000
573.500000,246.500000,17.000000,19.000000
577.500000,250.500000,17.000000,19.000000
581.500000,250.500000,17.000000,19.000000
585.500000,250.500000,17.000000,19.000000
585.500000,250.500000,17.000000,19.000000
585.500000,250.500000,17.000000,19.000000
585.500000,250.500000,17.000000,19.000000
585.500000,250.500000,17.000000,19.000000
585.500000,250.500000,17.000000,19.000000
585.500000,250.500000,17.000000,19.000000
585.500000,250.500000,17.000000,19.000000
585.500000,250.500000,17.000000,19.000000
585.500000,250.500000,17.000000,19.000000
585.500000,250.500000,17.000000,19.000000
585.500000,250.500000,17.000000,19.000000
585.500000,250.500000,17.000000,19.000000
585.500000,246.500000,17.000000,19.000000
581.500000,246.500000,17.000000,19.000000
581.500000,246.500000,17.000000,19.000000
581.500000,246.500000,17.000000,19.000000
577.500000,246.500000,17.000000,19.000000
577.500000,246.500000,17.000000,19.000000
577.500000,242.500000,17.000000,19.000000
577.500000,246.500000,17.000000,19.000000
581.500000,234.500000,17.000000,19.000000
581.500000,234.500000,17.000000,19.000000
581.500000,234.500000,17.000000,19.000000
577.500000,230.500000,17.000000,19.000000
577.500000,230.500000,17.000000,19.000000
577.500000,230.500000,17.000000,19.000000
577.500000,226.500000,17.000000,19.000000
577.500000,226.500000,17.000000,19.000000
577.500000,226.500000,17.000000,19.000000
577.500000,218.500000,17.000000,19.000000
577.500000,222.500000,17.000000,19.000000
577.500000,218.500000,17.000000,19.000000
577.500000,218.500000,17.000000,19.000000
577.500000,218.500000,17.000000,19.000000
573.500000,218.500000,17.000000,19.000000
573.500000,218.500000,17.000000,19.000000
569.500000,218.500000,17.000000,19.000000
569.500000,218.500000,17.000000,19.000000
569.500000,222.500000,17.000000,19.000000
569.500000,222.500000,17.000000,19.000000
569.500000,222.500000,17.000000,19.000000
569.500000,218.500000,17.000000,19.000000
565.500000,222.500000,17.000000,19.000000
565.500000,222.500000,17.000000,19.000000
565.500000,226.500000,17.000000,19.000000
561.500000,234.500000,17.000000,19.000000
557.500000,238.500000,17.000000,19.000000
553.500000,238.500000,17.000000,19.000000
549.500000,242.500000,17.000000,19.000000
549.500000,242.500000,17.000000,19.000000
549.500000,246.500000,17.000000,19.000000
549.500000,254.500000,17.000000,19.000000
545.500000,254.500000,17.000000,19.000000
541.500000,258.500000,17.000000,19.000000
541.500000,258.500000,17.000000,19.000000
541.500000,262.500000,17.000000,19.000000
541.500000,262.500000,17.000000,19.000000
541.500000,266.500000,17.000000,19.000000
537.500000,270.500000,17.000000,19.000000
537.500000,274.500000,17.000000,19.000000
537.500000,274.500000,17.000000,19.000000
537.500000,274.500000,17.000000,19.000000
537.500000,274.500000,17.000000,19.000000
533.500000,278.500000,17.000000,19.000000
533.500000,278.500000,17.000000,19.000000
533.500000,278.500000,17.000000,19.000000
529.500000,282.500000,17.000000,19.000000
529.500000,282.500000,17.000000,19.000000
529.500000,286.500000,17.000000,19.000000
529.500000,286.500000,17.000000,19.000000
529.500000,290.500000,17.000000,19.000000
529.500000,294.500000,17.000000,19.000000
529.500000,294.500000,17.000000,19.000000
529.500000,294.500000,17.000000,19.000000
529.500000,294.500000,17.000000,19.000000
525.500000,298.500000,17.000000,19.000000
525.500000,298.500000,17.000000,19.000000
525.500000,298.500000,17.000000,19.000000
525.500000,298.500000,17.000000,19.000000
525.500000,302.500000,17.000000,19.000000
525.500000,302.500000,17.000000,19.000000
525.500000,302.500000,17.000000,19.000000
525.500000,302.500000,17.000000,19.000000
525.500000,302.500000,17.000000,19.000000
525.500000,302.500000,17.000000,19.000000
525.500000,306.500000,17.000000,19.000000
529.500000,306.500000,17.000000,19.000000
529.500000,306.500000,17.000000,19.000000
529.500000,310.500000,17.000000,19.000000
533.500000,310.500000,17.000000,19.000000
522.500000,299.500000,17.000000,19.000000
530.500000,307.500000,17.000000,19.000000
530.500000,311.500000,17.000000,19.000000
530.500000,315.500000,17.000000,19.000000
517.500000,308.500000,17.000000,19.000000
525.500000,312.500000,17.000000,19.000000
529.500000,312.500000,17.000000,19.000000
525.500000,316.500000,17.000000,19.000000
525.500000,316.500000,17.000000,19.000000
525.500000,312.500000,17.000000,19.000000
525.500000,312.500000,17.000000,19.000000
525.500000,312.500000,17.000000,19.000000
525.500000,312.500000,17.000000,19.000000
525.500000,312.500000,17.000000,19.000000
521.500000,312.500000,17.000000,19.000000
517.500000,312.500000,17.000000,19.000000
517.500000,312.500000,17.000000,19.000000
517.500000,312.500000,17.000000,19.000000
513.500000,312.500000,17.000000,19.000000
513.500000,312.500000,17.000000,19.000000
513.500000,312.500000,17.000000,19.000000
509.500000,312.500000,17.000000,19.000000
509.500000,312.500000,17.000000,19.000000
509.500000,312.500000,17.000000,19.000000
505.500000,312.500000,17.000000,19.000000
505.500000,312.500000,17.000000,19.000000
501.500000,312.500000,17.000000,19.000000
497.500000,312.500000,17.000000,19.000000
501.500000,308.500000,17.000000,19.000000
505.500000,304.500000,17.000000,19.000000
501.500000,304.500000,17.000000,19.000000
501.500000,304.500000,17.000000,19.000000
501.500000,300.500000,17.000000,19.000000
501.500000,296.500000,17.000000,19.000000
497.500000,296.500000,17.000000,19.000000
501.500000,300.500000,17.000000,19.000000
505.500000,300.500000,17.000000,19.000000
509.500000,300.500000,17.000000,19.000000
509.500000,304.500000,17.000000,19.000000
513.500000,304.500000,17.000000,19.000000
517.500000,304.500000,17.000000,19.000000
521.500000,304.500000,17.000000,19.000000
521.500000,308.500000,17.000000,19.000000
525.500000,308.500000,17.000000,19.000000
529.500000,308.500000,17.000000,19.000000
529.500000,308.500000,17.000000,19.000000
529.500000,308.500000,17.000000,19.000000
529.500000,308.500000,17.000000,19.000000
529.500000,308.500000,17.000000,19.000000
529.500000,308.500000,17.000000,19.000000
533.500000,308.500000,17.000000,19.000000
532.500000,293.500000,17.000000,19.000000
532.500000,305.500000,17.000000,19.000000
536.500000,305.500000,17.000000,19.000000
536.500000,305.500000,17.000000,19.000000
535.500000,293.500000,17.000000,19.000000
535.500000,305.500000,17.000000,19.000000
539.500000,305.500000,17.000000,19.000000
539.500000,305.500000,17.000000,19.000000
539.500000,305.500000,17.000000,19.000000
539.500000,305.500000,17.000000,19.000000
539.500000,305.500000,17.000000,19.000000
539.500000,305.500000,17.000000,19.000000
539.500000,305.500000,17.000000,19.000000
539.500000,305.500000,17.000000,19.000000
539.500000,305.500000,17.000000,19.000000
539.500000,301.500000,17.000000,19.000000
539.500000,301.500000,17.000000,19.000000
539.500000,301.500000,17.000000,19.000000
539.500000,301.500000,17.000000,19.000000
541.500000,291.500000,17.000000,19.000000
537.500000,303.500000,17.000000,19.000000
537.500000,303.500000,17.000000,19.000000
539.500000,289.500000,17.000000,19.000000
535.500000,301.500000,17.000000,19.000000
537.500000,291.500000,17.000000,19.000000
538.500000,288.500000,17.000000,19.000000
537.500000,290.500000,17.000000,19.000000
538.500000,289.500000,17.000000,19.000000
539.500000,289.500000,17.000000,19.000000
532.500000,307.500000,17.000000,19.000000
536.500000,303.500000,17.000000,19.000000
540.500000,303.500000,17.000000,19.000000
540.500000,303.500000,17.000000,19.000000
544.500000,303.500000,17.000000,19.000000
544.500000,303.500000,17.000000,19.000000
548.500000,299.500000,17.000000,19.000000
548.500000,303.500000,17.000000,19.000000
548.500000,303.500000,17.000000,19.000000
554.500000,287.500000,17.000000,19.000000
554.500000,299.500000,17.000000,19.000000
554.500000,303.500000,17.000000,19.000000
554.500000,303.500000,17.000000,19.000000
558.500000,303.500000,17.000000,19.000000
558.500000,303.500000,17.000000,19.000000
558.500000,303.500000,17.000000,19.000000
558.500000,303.500000,17.000000,19.000000
562.500000,303.500000,17.000000,19.000000
562.500000,303.500000,17.000000,19.000000
566.500000,299.500000,17.000000,19.000000
566.500000,299.500000,17.000000,19.000000
566.500000,299.500000,17.000000,19.000000
566.500000,299.500000,17.000000,19.000000
570.500000,299.500000,17.000000,19.000000
570.500000,299.500000,17.000000,19.000000
570.500000,299.500000,17.000000,19.000000
574.500000,299.500000,17.000000,19.000000
573.500000,284.500000,17.000000,19.000000
573.500000,296.500000,17.000000,19.000000
573.500000,300.500000,17.000000,19.000000
573.500000,300.500000,17.000000,19.000000
573.500000,300.500000,17.000000,19.000000
573.500000,300.500000,17.000000,19.000000
577.500000,296.500000,17.000000,19.000000
577.500000,296.500000,17.000000,19.000000
577.500000,296.500000,17.000000,19.000000
577.500000,296.500000,17.000000,19.000000
577.500000,296.500000,17.000000,19.000000
581.500000,296.500000,17.000000,19.000000
580.500000,284.500000,17.000000,19.000000
578.500000,299.500000,17.000000,19.000000
578.500000,299.500000,17.000000,19.000000
578.500000,299.500000,17.000000,19.000000
578.500000,295.500000,17.000000,19.000000
578.500000,295.500000,17.000000,19.000000
578.500000,295.500000,17.000000,19.000000
578.500000,295.500000,17.000000,19.000000
578.500000,295.500000,17.000000,19.000000
578.500000,295.500000,17.000000,19.000000
582.500000,295.500000,17.000000,19.000000
582.500000,295.500000,17.000000,19.000000
586.500000,291.500000,17.000000,19.000000
586.500000,291.500000,17.000000,19.000000
586.500000,291.500000,17.000000,19.000000
586.500000,287.500000,17.000000,19.000000
586.500000,287.500000,17.000000,19.000000
586.500000,283.500000,17.000000,19.000000
586.500000,283.500000,17.000000,19.000000
586.500000,283.500000,17.000000,19.000000
586.500000,283.500000,17.000000,19.000000
586.500000,283.500000,17.000000,19.000000
586.500000,279.500000,17.000000,19.000000
586.500000,279.500000,17.000000,19.000000
586.500000,279.500000,17.000000,19.000000
586.500000,279.500000,17.000000,19.000000
583.500000,267.500000,17.000000,19.000000
578.500000,266.500000,17.000000,19.000000
574.500000,278.500000,17.000000,19.000000
570.500000,278.500000,17.000000,19.000000
569.500000,266.500000,17.000000,19.000000
565.500000,278.500000,17.000000,19.000000
561.500000,278.500000,17.000000,19.000000
554.500000,282.500000,17.000000,19.000000
554.500000,282.500000,17.000000,19.000000
554.500000,278.500000,17.000000,19.000000
554.500000,274.500000,17.000000,19.000000
550.500000,274.500000,17.000000,19.000000
550.500000,274.500000,17.000000,19.000000
546.500000,278.500000,17.000000,19.000000
546.500000,274.500000,17.000000,19.000000
546.500000,274.500000,17.000000,19.000000
542.500000,274.500000,17.000000,19.000000
542.500000,274.500000,17.000000,19.000000
542.500000,274.500000,17.000000,19.000000
538.500000,274.500000,17.000000,19.000000
538.500000,274.500000,17.000000,19.000000
537.500000,265.500000,17.000000,19.000000
533.500000,277.500000,17.000000,19.000000
533.500000,277.500000,17.000000,19.000000
533.500000,277.500000,17.000000,19.000000
533.500000,277.500000,17.000000,19.000000
520.500000,301.500000,17.000000,19.000000
520.500000,305.500000,17.000000,19.000000
520.500000,305.500000,17.000000,19.000000
524.500000,293.500000,17.000000,19.000000
524.500000,289.500000,17.000000,19.000000
524.500000,285.500000,17.000000,19.000000
524.500000,285.500000,17.000000,19.000000
524.500000,285.500000,17.000000,19.000000
524.500000,285.500000,17.000000,19.000000
518.500000,281.500000,17.000000,19.000000
518.500000,293.500000,17.000000,19.000000
514.500000,297.500000,17.000000,19.000000
514.500000,297.500000,17.000000,19.000000
510.500000,297.500000,17.000000,19.000000
510.500000,297.500000,17.000000,19.000000
510.500000,297.500000,17.000000,19.000000
510.500000,297.500000,17.000000,19.000000
510.500000,297.500000,17.000000,19.000000
506.500000,297.500000,17.000000,19.000000
506.500000,297.500000,17.000000,19.000000
506.500000,293.500000,17.000000,19.000000
502.500000,297.500000,17.000000,19.000000
497.500000,300.500000,17.000000,19.000000
501.500000,296.500000,17.000000,19.000000
501.500000,296.500000,17.000000,19.000000
497.500000,296.500000,17.000000,19.000000
497.500000,296.500000,17.000000,19.000000
497.500000,296.500000,17.000000,19.000000
493.500000,296.500000,17.000000,19.000000
493.500000,296.500000,17.000000,19.000000
493.500000,296.500000,17.000000,19.000000
493.500000,296.500000,17.000000,19.000000
493.500000,296.500000,17.000000,19.000000
493.500000,296.500000,17.000000,19.000000
493.500000,296.500000,17.000000,19.000000
493.500000,296.500000,17.000000,19.000000
493.500000,296.500000,17.000000,19.000000
493.500000,296.500000,17.000000,19.000000
493.500000,296.500000,17.000000,19.000000
493.500000,296.500000,17.000000,19.000000
493.500000,296.500000,17.000000,19.000000
493.500000,292.500000,17.000000,19.000000
493.500000,292.500000,17.000000,19.000000
493.500000,292.500000,17.000000,19.000000
493.500000,292.500000,17.000000,19.000000
493.500000,292.500000,17.000000,19.000000
493.500000,292.500000,17.000000,19.000000
493.500000,292.500000,17.000000,19.000000
493.500000,296.500000,17.000000,19.000000
492.500000,283.500000,17.000000,19.000000
492.500000,295.500000,17.000000,19.000000
493.500000,283.500000,17.000000,19.000000
491.500000,281.500000,17.000000,19.000000
492.500000,283.500000,17.000000,19.000000
490.500000,281.500000,17.000000,19.000000
489.500000,281.500000,17.000000,19.000000
489.500000,293.500000,17.000000,19.000000
489.500000,293.500000,17.000000,19.000000
489.500000,293.500000,17.000000,19.000000
489.500000,293.500000,17.000000,19.000000
489.500000,293.500000,17.000000,19.000000
485.500000,297.500000,17.000000,19.000000
485.500000,297.500000,17.000000,19.000000
485.500000,297.500000,17.000000,19.000000
485.500000,297.500000,17.000000,19.000000
485.500000,297.500000,17.000000,19.000000
485.500000,297.500000,17.000000,19.000000
485.500000,297.500000,17.000000,19.000000
487.500000,281.500000,17.000000,19.000000
487.500000,293.500000,17.000000,19.000000
487.500000,297.500000,17.000000,19.000000
487.500000,297.500000,17.000000,19.000000
487.500000,297.500000,17.000000,19.000000
487.500000,293.500000,17.000000,19.000000
487.500000,293.500000,17.000000,19.000000
487.500000,293.500000,17.000000,19.000000
487.500000,293.500000,17.000000,19.000000
487.500000,297.500000,17.000000,19.000000
487.500000,297.500000,17.000000,19.000000
487.500000,297.500000,17.000000,19.000000
487.500000,297.500000,17.000000,19.000000
477.500000,318.500000,17.000000,19.000000
477.500000,322.500000,17.000000,19.000000
481.500000,310.500000,17.000000,19.000000
481.500000,306.500000,17.000000,19.000000
481.500000,298.500000,17.000000,19.000000
484.500000,282.500000,17.000000,19.000000
484.500000,294.500000,17.000000,19.000000
484.500000,298.500000,17.000000,19.000000
484.500000,298.500000,17.000000,19.000000
484.500000,298.500000,17.000000,19.000000
484.500000,298.500000,17.000000,19.000000
484.500000,298.500000,17.000000,19.000000
484.500000,298.500000,17.000000,19.000000
488.500000,294.500000,17.000000,19.000000
482.500000,298.500000,17.000000,19.000000
482.500000,294.500000,17.000000,19.000000
482.500000,294.500000,17.000000,19.000000
482.500000,294.500000,17.000000,19.000000
482.500000,294.500000,17.000000,19.000000
482.500000,294.500000,17.000000,19.000000
482.500000,294.500000,17.000000,19.000000
482.500000,294.500000,17.000000,19.000000
482.500000,294.500000,17.000000,19.000000
482.500000,294.500000,17.000000,19.000000
482.500000,294.500000,17.000000,19.000000
482.500000,294.500000,17.000000,19.000000
486.500000,294.500000,17.000000,19.000000
486.500000,294.500000,17.000000,19.000000
486.500000,294.500000,17.000000,19.000000
486.500000,294.500000,17.000000,19.000000
490.500000,294.500000,17.000000,19.000000
490.500000,294.500000,17.000000,19.000000
490.500000,294.500000,17.000000,19.000000
490.500000,294.500000,17.000000,19.000000
490.500000,294.500000,17.000000,19.000000
494.500000,294.500000,17.000000,19.000000
494.500000,294.500000,17.000000,19.000000
494.500000,294.500000,17.000000,19.000000
498.500000,294.500000,17.000000,19.000000
498.500000,294.500000,17.000000,19.000000
498.500000,294.500000,17.000000,19.000000
498.500000,294.500000,17.000000,19.000000
502.500000,290.500000,17.000000,19.000000
502.500000,290.500000,17.000000,19.000000
502.500000,290.500000,17.000000,19.000000
502.500000,290.500000,17.000000,19.000000
506.500000,290.500000,17.000000,19.000000
506.500000,290.500000,17.000000,19.000000
506.500000,290.500000,17.000000,19.000000
506.500000,290.500000,17.000000,19.000000
506.500000,290.500000,17.000000,19.000000
506.500000,290.500000,17.000000,19.000000
506.500000,290.500000,17.000000,19.000000
510.500000,290.500000,17.000000,19.000000
510.500000,290.500000,17.000000,19.000000
510.500000,290.500000,17.000000,19.000000
510.500000,290.500000,17.000000,19.000000
510.500000,290.500000,17.000000,19.000000
510.500000,290.500000,17.000000,19.000000
510.500000,290.500000,17.000000,19.000000
510.500000,290.500000,17.000000,19.000000
510.500000,290.500000,17.000000,19.000000
514.500000,286.500000,17.000000,19.000000
514.500000,286.500000,17.000000,19.000000
514.500000,286.500000,17.000000,19.000000
514.500000,286.500000,17.000000,19.000000
514.500000,286.500000,17.000000,19.000000
514.500000,282.500000,17.000000,19.000000
514.500000,282.500000,17.000000,19.000000
514.500000,282.500000,17.000000,19.000000
514.500000,282.500000,17.000000,19.000000
514.500000,282.500000,17.000000,19.000000
518.500000,278.500000,17.000000,19.000000
518.500000,278.500000,17.000000,19.000000
518.500000,278.500000,17.000000,19.000000
518.500000,278.500000,17.000000,19.000000
522.500000,278.500000,17.000000,19.000000
522.500000,278.500000,17.000000,19.000000
522.500000,278.500000,17.000000,19.000000
522.500000,278.500000,17.000000,19.000000
522.500000,278.500000,17.000000,19.000000
522.500000,278.500000,17.000000,19.000000
526.500000,274.500000,17.000000,19.000000
526.500000,274.500000,17.000000,19.000000
526.500000,274.500000,17.000000,19.000000
526.500000,274.500000,17.000000,19.000000
526.500000,274.500000,17.000000,19.000000
526.500000,274.500000,17.000000,19.000000
526.500000,274.500000,17.000000,19.000000
530.500000,274.500000,17.000000,19.000000
530.500000,270.500000,17.000000,19.000000
530.500000,270.500000,17.000000,19.000000
530.500000,270.500000,17.000000,19.000000
530.500000,270.500000,17.000000,19.000000
530.500000,270.500000,17.000000,19.000000
534.500000,270.500000,17.000000,19.000000
534.500000,270.500000,17.000000,19.000000
534.500000,270.500000,17.000000,19.000000
534.500000,270.500000,17.000000,19.000000
534.500000,270.500000,17.000000,19.000000
535.500000,257.500000,17.000000,19.000000
531.500000,269.500000,17.000000,19.000000
531.500000,269.500000,17.000000,19.000000
531.500000,269.500000,17.000000,19.000000
531.500000,269.500000,17.000000,19.000000
533.500000,257.500000,17.000000,19.000000
533.500000,269.500000,17.000000,19.000000
533.500000,269.500000,17.000000,19.000000
533.500000,269.500000,17.000000,19.000000
532.500000,254.500000,17.000000,19.000000
533.500000,254.500000,17.000000,19.000000
533.500000,266.500000,17.000000,19.000000
531.500000,254.500000,17.000000,19.000000
531.500000,266.500000,17.000000,19.000000
532.500000,256.500000,17.000000,19.000000
530.500000,255.500000,17.000000,19.000000
531.500000,254.500000,17.000000,19.000000
531.500000,266.500000,17.000000,19.000000
531.500000,266.500000,17.000000,19.000000
530.500000,256.500000,17.000000,19.000000
529.500000,253.500000,17.000000,19.000000
529.500000,253.500000,17.000000,19.000000
529.500000,253.500000,17.000000,19.000000
529.500000,253.500000,17.000000,19.000000
529.500000,253.500000,17.000000,19.000000
529.500000,253.500000,17.000000,19.000000
529.500000,253.500000,17.000000,19.000000
529.500000,253.500000,17.000000,19.000000
529.500000,257.500000,17.000000,19.000000
529.500000,253.500000,17.000000,19.000000
529.500000,253.500000,17.000000,19.000000
529.500000,253.500000,17.000000,19.000000
529.500000,253.500000,17.000000,19.000000
529.500000,253.500000,17.000000,19.000000
533.500000,249.500000,17.000000,19.000000
529.500000,249.500000,17.000000,19.000000
529.500000,249.500000,17.000000,19.000000
529.500000,249.500000,17.000000,19.000000
529.500000,249.500000,17.000000,19.000000
529.500000,249.500000,17.000000,19.000000
529.500000,249.500000,17.000000,19.000000
529.500000,249.500000,17.000000,19.000000
529.500000,249.500000,17.000000,19.000000
529.500000,249.500000,17.000000,19.000000
529.500000,249.500000,17.000000,19.000000
529.500000,249.500000,17.000000,19.000000
529.500000,249.500000,17.000000,19.000000
529.500000,249.500000,17.000000,19.000000
529.500000,249.500000,17.000000,19.000000
529.500000,249.500000,17.000000,19.000000
529.500000,245.500000,17.000000,19.000000
529.500000,245.500000,17.000000,19.000000
529.500000,245.500000,17.000000,19.000000
529.500000,245.500000,17.000000,19.000000
529.500000,245.500000,17.000000,19.000000
529.500000,245.500000,17.000000,19.000000
529.500000,245.500000,17.000000,19.000000
529.500000,245.500000,17.000000,19.000000
529.500000,245.500000,17.000000,19.000000
529.500000,241.500000,17.000000,19.000000
529.500000,241.500000,17.000000,19.000000
529.500000,241.500000,17.000000,19.000000
529.500000,241.500000,17.000000,19.000000
529.500000,245.500000,17.000000,19.000000
529.500000,241.500000,17.000000,19.000000
529.500000,241.500000,17.000000,19.000000
529.500000,241.500000,17.000000,19.000000
533.500000,241.500000,17.000000,19.000000
533.500000,241.500000,17.000000,19.000000
533.500000,241.500000,17.000000,19.000000
533.500000,241.500000,17.000000,19.000000
533.500000,241.500000,17.000000,19.000000
533.500000,241.500000,17.000000,19.000000
533.500000,241.500000,17.000000,19.000000
533.500000,241.500000,17.000000,19.000000
533.500000,241.500000,17.000000,19.000000
533.500000,241.500000,17.000000,19.000000
533.500000,241.500000,17.000000,19.000000
533.500000,241.500000,17.000000,19.000000
533.500000,241.500000,17.000000,19.000000
533.500000,241.500000,17.000000,19.000000
533.500000,241.500000,17.000000,19.000000
533.500000,241.500000,17.000000,19.000000
533.500000,237.500000,17.000000,19.000000
533.500000,237.500000,17.000000,19.000000
533.500000,237.500000,17.000000,19.000000
533.500000,241.500000,17.000000,19.000000
533.500000,241.500000,17.000000,19.000000
533.500000,241.500000,17.000000,19.000000
533.500000,245.500000,17.000000,19.000000
533.500000,241.500000,17.000000,19.000000
533.500000,241.500000,17.000000,19.000000
533.500000,241.500000,17.000000,19.000000
533.500000,241.500000,17.000000,19.000000
533.500000,245.500000,17.000000,19.000000
533.500000,241.500000,17.000000,19.000000
533.500000,241.500000,17.000000,19.000000
