0.342735
0.238703
0.043504
0.032505
0.021000
0.020000
0.043508
0.040504
0.021502
0.023004
0.042503
0.042507
0.021504
0.022000
0.039505
0.039015
0.025000
0.042510
0.036009
0.022000
0.023505
0.022503
0.021504
0.041503
0.041011
0.041000
0.042009
0.031509
0.022000
0.022002
0.035008
0.041504
0.022002
0.022505
0.030999
0.022505
0.023095
0.020503
0.021000
0.030503
0.022504
0.029505
0.037504
0.042015
0.021998
0.042505
0.028009
0.028193
0.039515
0.042230
0.023008
0.025003
0.042008
0.031504
0.021001
0.021010
0.024001
0.038505
0.042339
0.022000
0.031506
0.021503
0.032505
0.020504
0.033011
0.041504
0.042505
0.043008
0.032814
0.043011
0.021001
0.020505
0.028470
0.022789
0.031501
0.038506
0.043068
0.024167
0.023504
0.022504
0.023000
0.031507
0.024218
0.036981
0.035172
0.043007
0.032519
0.021875
0.036011
0.041503
0.022512
0.021504
0.022000
0.031504
0.041008
0.042504
0.043012
0.041504
0.040878
0.042000
0.041506
0.041507
0.041508
0.042008
0.037503
0.022002
0.034008
0.042506
0.021508
0.022927
0.028338
0.042094
0.030507
0.022793
0.022000
0.034537
0.041000
0.024002
0.021008
0.037000
0.040508
0.023024
0.022000
0.040506
0.037008
0.022000
0.022505
0.042010
0.042505
0.025001
0.022533
0.020999
0.042505
0.039008
0.022000
0.019504
0.042530
0.041505
0.037512
0.022505
0.039503
0.025507
0.024508
0.040504
0.043010
0.026000
0.019999
0.020506
0.040008
0.035508
0.022002
0.029540
0.042504
0.023002
0.021529
0.021000
0.021000
0.020506
0.042008
0.037504
0.041009
0.041504
0.025002
0.025017
0.025001
0.025506
0.037507
0.036504
0.039506
0.025009
0.042503
0.030002
0.022504
0.029000
0.042668
0.031440
0.022000
0.023008
0.022507
0.024009
0.041503
0.041009
0.021999
0.025505
0.043009
0.030000
0.021503
0.023002
0.030503
0.022000
0.026505
0.021503
0.025509
0.037502
0.021002
0.026008
0.022000
0.027503
0.029678
0.021000
0.036504
0.035508
0.021504
0.042505
0.036026
0.021995
0.020507
0.042508
0.039000
0.022504
0.023504
0.027511
0.022001
0.029505
0.022504
0.032505
0.039509
0.035009
0.024000
0.022444
0.039507
0.042000
0.042010
0.033506
0.022504
0.038008
0.042001
0.022003
0.021507
0.042503
0.037512
0.023503
0.021122
0.026506
0.043010
0.028001
0.021999
0.026506
0.026010
0.021000
0.028505
0.021506
0.019502
0.022000
0.020503
0.023285
0.026011
0.043010
0.034035
0.033644
0.022340
0.022002
0.040009
0.020501
0.021001
0.038009
0.038000
0.020273
0.022505
0.037504
0.041509
0.022010
0.022000
0.041506
0.023506
0.022504
0.036577
0.021003
0.018504
0.025001
0.029506
0.020024
0.020504
0.026001
0.039502
0.038529
0.021000
0.020504
0.022507
0.021504
0.021000
0.030505
0.024513
0.029505
0.023000
0.028509
0.043010
0.042505
0.039010
0.023999
0.040509
0.041011
0.020000
0.021506
0.022503
0.032504
0.042508
0.023008
0.023000
0.021503
0.025003
0.042009
0.035509
0.023503
0.019506
0.024000
0.042506
0.033010
0.029502
0.022000
0.023506
0.042505
0.030507
0.021504
0.019505
0.024000
0.043606
0.036009
0.022009
0.020507
0.023009
0.042001
0.037509
0.022505
0.024000
0.021503
0.042009
0.024000
0.042506
0.033008
0.042504
0.034013
0.043000
0.024000
0.022504
0.041502
0.022511
0.021514
0.020513
0.042504
0.038008
0.022000
0.025506
0.042506
0.029504
0.022000
0.027507
0.024007
0.025000
