213	121	21	95
210	147	20	44
212	154	17	31
212	160	17	22
202	157	10	10
199	172	10	10
197	186	10	10
192	200	10	10
204	195	10	10
200	191	10	10
213	186	10	10
210	201	10	10
224	196	10	10
220	211	10	10
217	225	10	10
211	239	10	10
208	253	10	10
216	268	10	10
213	278	10	10
209	278	10	10
204	278	10	10
201	278	10	10
197	278	10	10
192	278	10	10
189	278	10	10
185	278	10	10
181	278	10	10
178	278	10	10
175	278	10	10
172	278	10	10
184	267	10	10
180	278	10	10
175	278	10	10
172	278	10	10
168	278	10	10
164	278	10	10
161	278	10	10
156	278	10	10
152	278	10	10
147	267	10	10
158	278	10	10
153	278	10	10
150	278	10	10
145	267	10	10
140	263	10	10
147	278	10	10
144	278	10	10
139	278	10	10
136	278	10	10
133	278	10	10
127	267	10	10
124	278	9	10
120	268	10	10
116	278	10	10
113	278	10	10
110	278	10	10
107	278	10	10
103	278	10	10
111	278	10	10
108	278	10	10
103	278	10	10
112	278	10	10
124	267	9	10
133	278	10	10
130	278	10	10
127	278	10	10
124	278	9	10
120	278	10	10
116	278	10	10
113	278	10	10
108	278	10	10
105	278	10	10
102	278	10	10
99	278	10	10
96	278	10	10
92	278	10	10
89	278	10	10
98	278	10	10
95	278	10	10
91	278	10	10
88	278	10	10
85	278	10	10
81	278	10	10
78	278	10	10
74	278	10	10
71	278	10	10
66	278	10	10
60	278	9	10
56	278	10	10
53	278	10	10
49	278	10	10
45	278	10	10
42	278	10	10
39	278	10	10
35	278	10	10
32	278	10	10
28	278	10	10
37	278	10	10
34	278	10	10
30	278	9	10
27	267	9	10
23	263	9	10
34	278	10	10
46	267	10	10
42	263	10	10
51	278	10	10
48	268	10	10
43	263	10	10
40	278	10	10
37	278	10	10
34	278	10	10
41	268	10	10
38	265	10	10
33	261	10	10
43	257	10	10
39	254	10	9
35	249	10	10
31	264	10	10
43	259	10	10
55	254	10	9
49	268	10	10
58	265	10	10
66	261	10	10
60	274	10	10
57	278	9	10
51	278	10	10
57	278	9	10
54	278	9	10
63	278	9	10
60	278	9	10
69	278	10	10
66	278	10	10
62	267	10	10
56	278	10	10
53	268	10	10
49	278	10	10
46	278	10	10
42	268	10	10
38	264	10	10
32	259	10	10
43	273	10	10
40	268	10	10
34	263	10	10
45	259	10	10
40	274	10	10
38	268	10	10
33	278	10	10
42	268	10	10
39	278	10	10
48	268	10	10
46	278	10	10
54	268	10	10
60	265	10	10
56	278	9	10
53	278	10	10
50	278	10	10
45	278	10	10
42	278	10	10
38	278	10	10
34	278	10	10
31	278	10	10
28	278	9	10
25	278	10	10
22	278	10	10
17	278	10	10
14	278	10	10
8	278	10	10
5	278	10	10
2	278	10	10
0	278	10	10
0	278	10	10
0	278	10	10
0	278	10	10
0	278	10	10
0	278	10	10
0	278	10	10
0	278	10	10
0	278	10	10
0	278	10	10
0	278	10	10
0	278	10	10
1	278	10	10
1	278	10	10
0	278	10	10
0	278	10	10
0	278	10	10
0	278	10	10
0	278	10	10
0	278	10	10
0	278	10	10
0	278	10	10
0	278	10	10
0	278	10	10
0	278	10	10
0	278	10	10
0	278	10	10
0	278	10	10
0	278	10	10
0	278	10	10
0	278	10	10
0	278	10	10
0	278	10	10
0	278	10	10
0	278	10	10
0	278	10	10
0	278	10	10
0	278	10	10
0	278	10	10
0	278	10	10
0	278	10	10
0	278	10	10
0	278	10	10
0	278	10	10
0	278	10	10
0	278	10	10
0	278	10	10
0	278	10	10
0	278	10	10
1	278	10	10
10	268	10	10
6	278	10	10
12	268	10	10
9	278	10	10
16	268	9	10
13	278	10	10
22	268	9	10
19	278	10	10
28	268	10	10
25	278	10	10
34	268	10	10
32	278	10	10
28	278	10	10
36	268	10	10
34	278	10	10
29	278	10	10
38	268	10	10
35	278	10	10
31	268	10	10
29	264	10	10
27	261	9	10
24	258	9	10
20	273	10	10
17	278	10	10
14	278	10	10
11	278	10	10
7	278	10	10
16	278	9	10
13	278	9	10
10	278	10	10
7	278	10	10
4	278	10	10
1	278	10	10
0	278	10	10
0	278	10	10
0	278	10	10
0	278	10	10
0	278	10	10
0	278	10	10
0	278	10	10
0	278	10	10
0	278	10	10
9	278	10	10
6	278	10	10
2	278	10	10
0	278	10	10
0	278	10	10
0	278	10	10
0	278	10	10
0	278	10	10
0	278	10	10
0	278	10	10
0	278	10	10
0	278	10	10
0	278	10	10
0	278	10	10
0	278	10	10
0	278	10	10
0	278	10	10
0	278	10	10
0	278	10	10
0	278	10	10
0	278	10	10
0	278	10	10
0	278	10	10
0	278	10	10
0	278	10	10
0	278	10	10
0	278	10	10
0	278	10	10
0	278	10	10
0	278	10	10
0	278	10	10
0	278	10	10
0	278	10	10
1	278	10	10
1	278	10	10
0	278	10	10
0	278	10	10
15	278	10	10
12	278	10	10
9	278	10	10
17	278	10	10
13	278	10	10
21	278	10	10
18	278	10	10
13	278	9	10
8	278	10	10
17	278	10	10
12	278	9	10
9	278	10	10
13	278	10	10
24	278	10	10
20	278	10	10
29	278	9	10
26	278	9	10
23	278	10	10
31	278	10	10
27	278	9	10
24	278	9	10
21	278	10	10
15	278	9	10
10	278	10	10
7	278	9	10
7	278	10	10
16	278	10	10
13	278	10	10
10	278	10	10
19	278	10	10
29	278	10	10
25	278	10	10
34	278	10	10
43	278	10	10
39	278	10	10
34	278	10	10
30	278	10	10
25	267	10	10
20	263	10	10
15	259	10	10
12	274	9	10
8	278	9	10
5	278	10	10
15	278	10	10
11	278	10	10
20	278	10	10
18	278	10	10
14	278	9	10
11	278	9	10
8	278	10	10
3	278	10	10
4	278	10	10
0	278	10	10
0	278	10	10
0	278	10	10
0	278	10	10
0	278	10	10
0	278	10	10
0	278	10	10
17	278	10	10
11	267	10	10
8	264	10	10
19	259	10	10
16	256	9	10
12	270	10	10
24	265	10	10
20	278	10	10
31	267	10	10
27	264	10	10
22	277	10	10
19	278	10	10
27	278	10	10
33	278	10	10
30	278	10	10
27	278	10	10
23	278	10	10
32	268	10	10
34	266	11	10
32	278	10	10
40	268	10	10
38	278	10	10
34	278	10	10
31	278	10	10
29	278	10	10
38	267	10	10
34	278	10	10
31	278	9	10
44	267	10	10
40	278	10	10
50	268	10	10
56	264	10	10
64	261	9	10
72	258	10	10
78	255	10	9
84	252	10	9
90	250	10	10
98	246	10	9
107	243	10	10
105	239	10	10
101	234	10	10
96	230	10	10
107	245	10	10
110	259	10	10
107	274	10	10
102	267	10	10
111	278	10	10
108	278	10	10
104	278	10	10
102	278	10	10
104	278	10	10
100	278	10	10
113	278	10	10
110	278	10	10
122	278	10	10
120	278	10	10
129	278	10	10
127	278	10	10
136	278	10	10
136	278	10	10
130	278	10	10
142	267	10	10
151	278	10	10
146	267	10	10
142	264	10	10
139	278	10	10
136	278	10	10
133	267	10	10
129	263	10	10
136	258	10	10
134	253	10	10
132	268	10	10
127	264	10	10
122	260	10	10
117	256	10	10
114	271	10	10
109	278	10	10
105	278	10	10
112	278	10	10
107	278	10	10
119	267	9	10
116	278	10	10
112	278	10	10
123	278	10	10
131	278	10	10
139	278	10	10
148	278	10	10
161	267	10	10
155	263	10	10
166	258	10	10
163	254	10	10
177	257	10	10
176	253	10	9
174	268	10	10
188	270	10	10
186	278	10	10
186	278	10	10
184	278	10	10
180	278	10	10
177	278	10	10
191	266	10	10
201	278	10	10
196	278	10	10
205	278	10	10
208	278	10	10
207	278	10	10
204	278	10	10
202	268	10	10
211	264	10	10
205	277	10	10
212	268	10	10
209	278	10	10
205	268	10	10
202	278	10	10
199	278	10	10
196	278	10	10
208	267	10	10
205	278	10	10
200	278	10	10
194	267	10	10
190	269	10	10
187	278	10	10
199	267	10	10
195	270	10	10
192	265	10	10
202	278	10	10
200	267	10	10
196	263	10	10
197	265	10	10
191	261	10	10
186	257	10	10
183	272	10	10
179	268	10	10
176	265	10	10
173	261	10	10
170	275	10	10
178	268	10	10
175	265	10	10
170	278	10	10
165	267	10	10
163	263	10	10
158	259	10	10
154	273	10	10
150	268	10	10
157	265	10	10
154	261	10	10
150	257	10	10
144	252	10	10
139	267	10	10
148	263	10	10
157	259	10	10
152	254	10	10
147	269	10	10
156	265	10	10
153	261	10	10
148	256	10	10
143	270	10	10
152	267	10	10
164	263	10	10
161	277	10	10
158	268	10	10
152	263	10	10
147	259	10	10
142	274	10	10
151	268	10	10
148	264	10	10
143	259	10	10
138	255	10	10
133	270	10	10
142	266	10	10
139	263	10	10
136	259	10	10
131	255	10	10
125	251	10	10
123	247	10	10
118	243	10	10
114	256	10	10
125	251	10	10
120	265	10	10
133	260	10	10
131	274	10	10
145	265	10	10
143	278	10	10
153	267	10	10
153	270	10	10
149	265	10	10
145	278	10	10
153	266	10	10
149	259	10	10
157	252	10	10
153	246	10	10
151	260	10	10
160	256	10	10
161	250	10	9
158	264	10	10
154	260	10	10
163	254	10	9
158	251	10	10
155	264	10	10
152	277	10	10
150	278	10	10
149	278	10	10
146	278	10	10
155	268	10	10
152	264	10	10
148	277	10	10
160	267	10	10
156	263	10	10
152	258	10	10
149	273	10	10
145	278	10	10
154	278	10	10
150	267	10	10
157	278	10	10
168	278	10	10
162	278	10	10
159	278	10	10
164	278	10	10
160	278	10	10
157	278	10	10
166	278	10	10
162	278	10	10
158	267	10	10
154	278	10	10
150	278	10	10
147	278	10	10
142	278	10	10
139	278	10	10
147	278	10	10
143	278	10	10
151	278	10	10
147	278	10	10
141	278	10	10
136	278	10	10
133	278	10	10
129	278	10	10
138	278	10	10
135	278	10	10
132	278	10	10
129	278	10	10
