1.000000
0.492765
0.369197
0.415336
0.452473
0.105835
0.373912
0.188585
0.249338
0.248818
0.408832
0.382557
0.434039
0.272447
0.309162
0.283955
0.444255
0.376507
0.270139
0.321804
0.503481
0.380056
0.393994
0.349190
0.419328
0.469883
0.383919
0.247420
0.405408
0.339587
0.394603
0.388573
0.164228
0.211142
0.256482
0.116048
0.397519
0.505375
0.434582
0.270035
0.278973
0.314333
0.370777
0.248163
0.289888
0.321523
0.218135
0.127078
0.483396
0.256501
0.354150
0.329636
0.293438
0.264600
0.250213
0.414400
0.365412
0.228397
0.256363
0.362425
0.269215
0.179134
0.202260
0.451338
0.499323
0.254870
0.185822
0.295778
0.242512
0.366569
0.297264
0.251127
0.267513
0.281894
0.342892
0.296838
0.336498
0.159385
0.243210
0.148661
0.156204
0.401353
0.268418
0.337103
0.276101
0.373301
0.279841
0.174835
0.256924
0.104534
0.447689
0.353810
0.157829
0.238640
0.313984
0.372946
0.247845
0.224821
0.320675
0.299156
0.183160
0.239575
0.349315
0.314525
0.356920
0.305406
0.238930
0.169697
0.241772
0.207189
0.279954
0.237548
0.323614
0.179569
0.269447
0.326180
0.337446
0.349988
0.261658
0.186129
0.223139
0.269917
0.370004
0.381601
0.284641
0.443506
0.366220
0.445525
0.342545
0.292476
0.295770
0.379795
0.284159
0.367483
0.197751
0.448249
0.340811
0.284276
0.404662
0.360233
0.355868
0.366474
0.247482
0.235606
0.268008
0.097287
0.316158
0.293176
0.291331
0.346723
0.336841
0.294227
0.413430
0.462317
0.408345
0.301519
0.423577
0.197756
0.210489
0.152149
0.371593
0.359800
0.259265
0.415159
0.452357
0.259738
0.463226
0.377280
0.297868
0.362599
0.361110
0.248415
0.295271
0.451789
0.385854
0.431247
0.472034
0.383358
0.375122
0.437936
0.423198
0.328736
0.223761
0.334285
0.306343
0.214201
0.147988
0.317399
0.260193
0.338720
0.352951
0.359736
0.193913
0.215165
0.410935
0.289946
0.364151
0.104314
0.115419
0.179838
0.200171
0.300966
0.261592
0.266112
0.422880
0.331427
0.355631
0.436045
0.261510
0.326833
0.417180
0.317563
0.229476
0.134757
0.163874
0.177337
0.237210
0.236301
0.164037
0.183734
0.153198
0.131107
0.158776
0.143868
0.208153
0.215603
0.285899
0.222683
0.148646
0.167446
0.166135
0.160339
0.283356
0.222504
0.168510
0.174452
0.159818
0.254540
0.370950
0.228760
0.211893
0.243152
0.185314
0.282398
0.335181
0.277255
0.266544
0.279241
0.203257
0.160742
0.199891
0.348623
0.294411
0.183187
0.129265
0.270133
0.249334
0.298348
0.209460
0.260810
0.183998
0.139271
0.293482
0.141374
0.220858
0.175480
0.370926
0.209790
0.172314
0.251919
0.208773
0.315299
0.293945
0.320142
0.236515
0.559313
0.205818
0.148150
0.433181
0.373988
0.180713
0.195352
0.135675
0.142553
0.237060
0.235998
0.397156
0.339504
0.168587
0.284685
0.163495
0.170315
0.323648
