0.004502
0.038000
0.018506
0.037011
0.031000
0.026526
0.018003
0.037504
0.036504
0.031017
0.037999
0.036004
0.019016
0.033104
0.024547
0.038048
0.022000
0.026011
0.020002
0.038504
0.021505
0.020002
0.031010
0.036000
0.040015
0.021505
0.026001
0.038004
0.033506
0.018511
0.018000
0.027010
0.016999
0.035002
0.017001
0.038007
0.023001
0.038506
0.022012
0.037504
0.037002
0.022506
0.038502
0.019002
0.037007
0.037504
0.018004
0.022008
0.037509
0.035002
0.037504
0.025506
0.026002
0.024504
0.022000
0.030506
0.029008
0.037000
0.035002
0.037009
0.032065
0.036505
0.037508
0.023504
0.038010
0.037504
0.043010
0.038000
0.026509
0.037010
0.022000
0.037503
0.032010
0.019002
0.036503
0.037008
0.018001
0.030506
0.020505
0.039551
0.017291
0.018002
0.037043
0.038614
0.037009
0.018999
0.037504
0.030505
0.037504
0.029504
0.037784
0.030000
0.020002
0.029010
0.023002
0.023000
0.032508
0.037504
0.022503
0.037504
0.036002
0.023602
0.017004
0.038008
0.031504
0.037505
0.026000
0.031504
0.028009
0.020000
0.037504
0.035975
0.030508
0.029506
0.037010
0.036565
0.025003
0.037009
0.017001
0.033504
0.037010
0.029000
0.025504
0.038012
0.019001
0.021504
0.038009
0.024000
0.038504
0.023508
0.017510
0.026999
0.022246
0.018132
0.019002
0.037504
0.033010
0.020000
0.021502
0.033002
0.038007
0.020001
0.037507
0.028719
0.030504
0.024002
0.026876
0.027147
0.037010
0.023559
0.017005
0.037594
0.039011
0.037503
0.025002
0.022008
0.037000
0.041505
0.028504
0.038504
0.030514
0.019506
0.035504
0.037010
0.020000
0.037504
0.036507
0.020700
0.036503
0.021005
0.038503
0.019504
0.040007
0.020608
0.040503
0.037505
0.017000
0.020000
0.041508
0.037507
0.019504
0.037007
0.038000
0.021509
0.037506
0.036505
0.015504
0.037009
0.019000
0.037504
0.037011
0.031001
0.026507
0.033505
0.036000
0.040506
0.019511
0.037504
0.031002
0.038011
0.034503
0.034507
0.040000
0.036507
0.037506
0.039504
0.043010
0.038504
0.021002
0.038806
0.032506
0.031549
0.038010
0.034511
0.017013
0.042000
0.036002
0.038009
0.022001
0.020508
0.037013
0.036504
0.020000
0.031008
0.036504
0.033004
0.039012
0.017002
0.037506
0.037506
0.040504
0.031010
0.038504
0.039001
0.038506
0.034505
0.038011
0.037505
0.028002
0.030008
0.037503
0.036505
0.019503
0.017000
0.019504
0.037507
0.020004
0.021386
0.021441
0.030011
0.037504
0.026000
0.038664
0.038503
0.018006
0.035010
0.028020
0.027002
0.037012
0.017002
0.037412
0.032334
0.037504
0.041009
0.037339
0.026000
0.037508
0.034000
0.037508
0.037503
0.037504
0.032322
0.023418
0.039012
0.028515
0.026190
0.037220
0.018005
0.037000
0.030506
0.020012
0.038000
0.041507
0.029009
0.019000
0.037506
0.033008
0.038505
0.041009
0.037000
0.024999
0.019514
0.037504
0.037504
0.037008
0.037505
0.017002
0.019016
0.036999
0.019507
0.019001
0.038008
0.037503
0.020009
0.038504
0.036509
0.017512
0.037002
0.036504
0.019522
0.016506
0.037503
0.031503
0.025475
0.018999
0.030509
0.037008
0.037503
0.017005
0.037008
0.032504
0.030002
0.037506
0.033505
0.032779
0.037000
0.019004
0.022002
0.038002
0.038503
0.037011
0.029000
0.024508
0.038011
0.035504
0.038395
0.036283
0.026504
0.034514
0.038010
0.028506
0.024010
0.021000
0.029504
0.023002
0.035009
0.025000
0.024504
0.037009
0.028001
0.024505
0.020681
0.037000
0.025507
0.026506
0.022507
0.037504
0.029507
0.037506
0.021503
0.023001
0.037010
0.034503
0.023508
0.020001
0.032001
0.028509
0.019007
0.029000
0.037507
0.025008
0.020000
0.027504
0.033010
0.040000
0.020503
0.037011
0.037000
0.025506
0.033009
0.036505
0.036002
0.037005
0.037503
0.037011
0.037502
0.026002
0.018019
0.030000
0.036505
0.037505
0.024000
0.037506
0.021009
0.025000
0.027201
0.026007
0.037000
0.035509
0.019019
0.037000
0.029503
0.041097
0.041009
0.043261
0.037503
0.020000
0.038010
0.031079
0.037002
0.029508
0.024502
0.038002
0.037504
0.018503
0.022000
0.027009
0.038000
0.024508
0.037009
0.034508
0.038010
0.030000
0.023243
0.037506
0.037503
0.022504
0.024002
0.037504
0.030504
0.037506
0.024000
0.036506
0.031012
0.038000
0.024002
0.038007
0.024000
0.039004
0.037008
0.035504
0.017002
0.038011
0.037504
0.037010
0.018001
0.037504
0.033016
0.019001
0.037504
0.035010
0.019001
0.037504
0.034013
0.022999
0.037503
0.027506
0.018596
0.037505
0.036010
0.044504
0.037507
0.024610
0.021503
0.031767
0.023550
0.038506
0.035039
0.037654
0.037505
0.032011
0.037504
0.035004
0.032012
0.038505
0.023001
0.038504
0.037504
0.028011
0.038504
0.029008
0.038781
0.037507
0.038012
0.029000
0.037508
0.020020
0.035000
0.031506
0.039011
0.038504
0.038505
0.036000
0.036504
0.020018
0.021002
0.037505
0.017003
0.020017
0.037000
0.041510
0.037503
0.035506
0.039972
0.019000
0.020504
0.027507
0.021001
0.016000
0.041507
0.041010
0.037504
0.037010
0.036504
0.018001
0.025008
0.039000
0.038504
0.039378
0.020000
0.038509
0.034009
0.020504
0.038002
0.034008
0.038126
0.037868
0.034506
0.020010
0.022595
0.038000
0.018504
0.019000
0.038007
0.038505
0.020002
0.038880
0.034656
0.027507
0.021000
0.027000
0.035164
0.019352
0.038502
0.028002
0.037898
0.021650
0.041321
0.021505
0.038505
0.037377
0.030000
0.020505
0.039616
0.029013
0.033504
0.037518
0.041503
0.041007
0.042000
0.037001
0.041008
0.040504
0.041008
0.030002
0.037770
0.024010
0.037504
0.038014
0.021000
0.038504
0.039007
0.038000
0.037507
0.043007
0.037505
0.041509
0.039504
0.041009
0.037000
0.036509
0.035007
0.016000
0.027002
0.035010
0.038902
0.019156
0.038009
0.035280
0.021508
0.039504
0.026504
0.030003
0.036008
0.037504
0.017004
0.037009
0.026505
0.037508
0.032000
0.037504
0.040526
0.020000
0.020507
0.038012
0.035000
0.037507
0.025007
0.036504
0.026002
0.021008
0.022000
0.037505
0.038010
0.032000
0.035004
0.017007
0.037502
0.032002
0.035008
0.037505
0.019002
0.037008
0.029503
0.037506
0.036506
0.030504
0.037506
0.024001
0.025505
0.023002
0.038503
0.031503
0.038011
0.028000
0.036507
0.037503
0.024503
0.037003
0.019826
0.022000
0.018504
0.024003
0.023009
0.042505
0.029001
0.024000
0.037504
0.024002
0.039011
0.025376
0.032925
0.025520
0.037506
0.020507
0.020014
0.037504
0.027002
0.037007
0.019000
0.028505
0.039007
0.029505
0.023002
0.031008
0.038503
0.022002
0.024015
0.019001
0.034504
0.017005
0.037009
0.029505
0.037506
0.036000
0.019004
0.028001
0.016504
0.022000
0.036504
0.025007
0.018002
0.022778
0.017001
0.034510
0.019001
0.029504
0.017002
0.037009
0.035509
0.020003
0.038009
0.017003
0.040003
0.019188
0.036504
0.026003
0.024567
0.023506
0.019080
0.024002
0.035009
0.031504
0.023002
0.026505
0.038504
0.022003
0.037009
0.023000
0.027504
0.037008
0.037504
0.039507
0.036502
0.037754
0.033007
0.035503
0.020002
0.030009
0.039277
0.026174
0.022513
0.036505
0.023508
0.023021
0.021000
0.026503
0.037009
0.027000
0.029504
0.037012
0.024001
0.037504
0.035013
0.019000
0.026505
0.037009
0.038001
0.024002
0.037506
0.023000
0.025504
0.026013
0.038000
0.031504
0.019002
0.029504
0.032504
0.041507
0.037576
0.023001
0.020020
0.032002
0.021512
0.020001
0.039036
0.029506
0.026002
0.020008
0.038504
0.031002
0.027010
0.037504
0.020000
0.037011
0.026000
0.038003
0.023012
0.038504
0.031520
0.038002
0.021507
0.027003
0.021008
0.040504
0.042014
0.027000
0.024503
0.037013
0.036999
0.033002
0.037008
0.030000
0.034002
0.026578
0.039099
0.041011
0.023505
0.037009
0.019006
0.038506
0.036511
0.038011
0.037504
0.023000
0.042014
0.036502
0.042017
0.037501
0.018000
0.033011
0.037505
0.025000
0.037008
0.020510
0.020001
0.018004
0.023506
0.036501
0.019002
0.038010
0.028000
0.033005
0.039008
0.024508
0.037007
0.017002
0.016999
0.023505
0.024006
0.036013
0.040506
0.038011
0.018000
0.037503
0.041013
0.022503
0.037004
0.029007
0.021002
0.022506
0.017009
0.038007
0.038037
0.043505
0.036504
0.017473
0.039581
0.028505
0.027003
0.038469
0.020815
0.021005
0.038017
0.026504
0.038895
0.020018
0.043504
0.037505
0.039981
0.021981
0.025506
0.025074
0.025003
0.022003
0.017003
0.031505
0.037504
0.036011
0.017998
0.041505
0.037010
0.022504
0.025747
0.018003
0.036506
0.037504
0.027011
0.037501
0.025999
0.019009
0.037000
0.035002
0.040011
0.044504
0.043010
0.025002
0.036503
0.036014
0.021515
0.019005
0.016004
0.015517
0.037000
0.042507
0.042506
0.046505
0.037012
0.019504
0.037504
0.026002
0.036502
0.027003
0.037503
0.019505
0.031004
0.037003
0.032510
0.019511
0.038018
0.037504
0.035011
0.036503
0.025000
0.037016
0.037504
0.032588
0.037000
0.038503
0.036007
0.019001
0.017510
0.024002
0.038153
0.031552
0.040512
0.038049
0.035507
0.030007
0.037503
0.028008
0.028002
0.037504
0.019003
0.027009
0.027000
0.026504
0.020506
0.019002
0.018002
0.027506
0.038508
0.042504
0.024503
0.038131
0.019510
0.035002
0.032511
0.031504
0.023002
0.031013
0.037505
0.023510
0.021507
0.037503
0.022002
0.037007
0.031503
0.037014
0.027999
0.037504
0.037008
0.023000
0.032503
0.038012
0.023003
0.037505
0.036505
0.027504
0.028000
0.018007
0.024000
0.022001
0.026001
0.021014
0.031000
0.037505
0.033505
0.037504
0.018999
0.024007
0.037000
0.025505
0.037010
0.037503
0.019000
0.032504
0.037506
0.019001
0.021008
0.030982
0.029313
0.020003
0.038047
0.036013
0.037507
0.034503
0.037506
0.038002
0.019506
0.037506
0.023636
0.022000
0.022000
0.025508
0.023004
0.019059
0.037002
0.031509
0.037505
0.031508
0.038001
0.037507
0.037009
0.037504
0.022001
0.036504
0.023506
0.037506
0.017509
0.033503
0.037503
0.019001
0.037504
0.023002
0.037008
0.025507
0.038002
0.024503
0.036504
0.034021
0.020002
0.036503
0.020006
0.028011
0.020999
0.037001
0.024009
0.023998
0.023504
0.030002
0.036505
0.031502
0.018002
0.038008
0.037504
0.029008
0.032504
0.037000
0.026008
0.026000
0.036503
0.018505
0.016999
0.026504
0.023000
0.038386
0.034810
0.023011
0.037530
0.036506
0.020005
0.029505
0.039111
0.036015
0.038505
0.033001
0.037009
0.037505
0.023005
0.037008
0.035504
0.024002
0.030009
0.018503
0.037000
0.037011
0.019001
0.037508
0.035007
0.037504
0.036019
0.018002
0.037504
0.037013
0.033000
0.022503
0.038012
0.037506
0.044008
0.031000
0.042504
0.024009
0.023000
0.037503
0.033008
0.019000
0.026504
0.037009
0.037504
0.037000
0.031008
0.021000
0.033503
0.037010
0.037505
0.040009
0.037001
0.028000
0.042007
0.036503
0.036505
0.037000
0.044506
0.041016
0.038504
0.043212
0.039553
0.029548
0.020022
0.037503
0.034506
0.037001
0.037507
0.021011
0.037000
0.031503
0.038013
0.037503
0.020999
0.037008
0.033508
0.038007
0.041108
0.037189
0.035010
0.022519
0.022003
0.020644
0.038000
0.028000
0.038010
0.031890
0.020000
0.037508
0.035504
0.034372
0.039505
0.024515
0.025003
0.025781
0.037505
0.035506
0.038000
0.035507
0.037008
0.033511
0.038002
0.034508
0.037504
0.036014
0.018000
0.038221
0.026010
0.020000
0.036504
0.023002
0.033008
0.024504
0.034002
0.038018
