1.000000
0.418639
0.261146
0.270833
0.297935
0.256465
0.222776
0.286251
0.253666
0.164304
0.291908
0.258778
0.267126
0.229334
0.324295
0.360196
0.370459
0.397782
0.419451
0.329615
0.213547
0.377054
0.306872
0.361115
0.226012
0.381361
0.314385
0.310779
0.276447
0.312595
0.361680
0.266869
0.364302
0.263987
0.271491
0.350580
0.329033
0.364424
0.437089
0.433311
0.401229
0.335312
0.410402
0.353212
0.316290
0.421749
0.435440
0.320766
0.212562
0.239603
0.391070
0.341840
0.231221
0.318555
0.398969
0.280709
0.294292
0.338290
0.251835
0.195627
0.156349
0.190672
0.188862
0.292315
0.395536
0.396211
0.385680
0.315558
0.313922
0.299371
0.311203
0.259625
0.384653
0.296014
0.343755
0.228812
0.335557
0.313199
0.251842
0.325235
0.272785
0.333207
0.224052
0.269380
0.300312
0.293489
0.201645
0.155743
0.255997
0.250304
0.209250
0.135659
0.224977
0.228620
0.248953
0.337737
0.387149
0.482190
0.445640
0.499824
0.323560
0.321356
0.256742
0.335495
0.314449
0.341866
0.193493
0.341543
0.245762
0.329443
0.229235
0.195658
0.186286
0.256963
0.175613
0.233758
0.165249
0.193448
0.353480
0.243556
0.188084
0.154647
0.141259
0.268141
0.338340
0.284225
0.532857
0.464107
0.439199
0.500342
0.280553
0.391983
0.267157
0.259516
0.197235
0.192775
0.316118
0.234468
0.385446
0.359697
0.281388
0.182761
0.343099
0.467879
0.484307
0.469332
0.371588
0.354474
0.281447
0.284221
0.276819
0.289229
0.223186
0.302567
0.385240
0.247135
0.238004
0.220670
0.152416
0.120205
0.153110
0.192230
0.285901
0.435260
0.365972
0.368074
0.236396
0.271094
0.282617
0.251532
0.217221
0.246990
0.345543
0.310901
0.269667
0.207568
0.223556
0.213383
0.242420
0.131458
0.171995
0.206662
0.279163
0.272733
0.338033
0.366287
0.324340
0.416449
0.445575
0.482870
0.341841
0.366121
0.358498
0.306579
0.314598
0.367265
0.385693
0.252875
0.327393
0.259188
0.226063
0.248032
0.228507
0.252364
0.233572
0.194379
0.167620
0.248051
0.346347
0.208436
0.280635
0.276949
0.205465
0.205055
0.200292
0.165448
0.425663
0.424225
0.366527
0.290239
0.342657
0.412639
0.243366
0.357010
0.329457
