0.011001
0.024505
0.015505
0.036504
0.036000
0.033016
0.024505
0.016000
0.036015
0.035504
0.018000
0.030507
0.023505
0.036507
0.036502
0.017505
0.021000
0.017505
0.019000
0.036009
0.035504
0.029000
0.037012
0.022000
0.038505
0.036010
0.036505
0.039504
0.018508
0.022506
0.040341
0.037011
0.037052
0.042007
0.036011
0.029000
0.039011
0.034000
0.027504
0.036008
0.036255
0.018999
0.036009
0.041506
0.019999
0.037011
0.036000
0.024506
0.032504
0.040506
0.039999
0.035506
0.024510
0.018998
0.037006
0.036530
0.018548
0.026501
0.043504
0.024002
0.034505
0.035504
0.027505
0.021000
0.035010
0.035506
0.022002
0.032098
0.037284
0.026000
0.029514
0.036500
0.016003
0.037010
0.035502
0.016000
0.035505
0.020504
0.036504
0.021000
0.036012
0.035504
0.015000
0.036011
0.018000
0.017507
0.039001
0.042507
0.040506
0.016505
0.026506
0.022000
0.021504
0.029504
0.016504
0.028509
0.021998
0.022504
0.016504
0.037956
0.026415
0.035515
0.036008
0.018504
0.036008
0.035504
0.018001
0.035506
0.035506
0.016505
0.016001
0.021502
0.036507
0.036504
0.037008
0.017999
0.037506
0.019000
0.035599
0.036503
0.017000
0.036009
0.034506
0.029000
0.037011
0.025508
0.027000
0.036008
0.036499
0.041301
0.031505
0.036505
0.019000
0.035625
0.035505
0.041509
0.036507
0.036000
0.016507
0.025506
0.036505
0.021000
0.037013
0.029510
0.019000
0.036012
0.023000
0.036505
0.030508
0.040006
0.039507
0.025006
0.022002
0.031503
0.037936
0.025000
0.022504
0.019000
0.023507
0.035504
0.016504
0.035000
0.036504
0.028504
0.036506
0.022504
0.026000
0.036003
0.037144
0.017574
0.036549
0.036066
0.039014
0.036001
0.029012
0.022505
0.028000
0.036010
0.019000
0.020504
0.035503
0.023505
0.035506
0.024999
0.016507
0.036506
0.035505
0.037013
0.032504
0.018000
0.036018
0.036504
0.024000
0.022000
0.036009
0.035506
0.019000
0.040016
0.031505
0.021504
0.020506
0.041081
0.020031
0.018000
0.023008
0.033504
0.018000
0.021974
0.026215
0.037504
0.037000
0.026404
0.038099
0.034504
0.036504
0.037698
0.022269
0.022503
0.037504
0.038505
0.019341
0.035505
0.027999
0.036008
0.038506
0.019501
0.036506
0.036504
0.030000
0.036013
0.035504
0.016000
0.035009
0.029215
0.035505
0.030511
0.036503
0.034003
0.018202
0.019451
0.035508
0.036051
0.036009
0.028000
0.035013
0.036000
0.033000
0.026011
0.036504
0.034000
0.039011
0.035505
0.039506
0.036504
0.035506
0.019000
0.037009
0.034505
0.035503
0.016002
0.035505
0.036507
0.016509
0.035499
0.036000
0.038008
0.035508
0.036508
0.039024
0.036000
0.034009
0.017000
0.035507
0.036009
0.026999
0.036505
0.023511
0.028504
0.030507
0.043006
0.022000
0.028504
0.035505
0.035505
0.021505
0.036507
0.021509
0.018000
0.035505
0.035012
0.020000
0.019504
0.036000
0.030513
0.021499
0.034000
0.036009
0.027002
0.035505
0.035007
0.035504
0.029001
0.036012
0.017503
0.037000
0.035997
0.041186
0.021036
0.037511
0.035509
0.017997
0.035012
0.036505
0.027001
0.036008
0.035007
0.035002
0.036006
0.033504
0.035507
0.019505
0.023000
0.022506
0.037008
0.034000
0.025505
0.033510
0.043010
0.034999
0.036512
0.033504
0.017002
0.029507
0.036008
0.036000
0.016506
0.021505
0.029508
0.035999
0.037008
0.036504
0.042009
0.036502
0.036000
0.016508
0.035506
0.025504
0.020000
0.036008
0.036503
0.026000
0.037508
0.030504
0.037506
0.036504
0.019351
0.018000
0.021500
0.026505
0.035505
0.026501
0.036505
0.035504
0.036505
0.035503
0.036504
0.035012
0.016999
0.036506
0.035504
0.019006
0.022594
0.042559
0.037602
0.041547
0.037514
0.035503
0.015001
0.021503
0.037507
0.036503
0.017000
0.035006
0.039675
0.036506
0.036009
0.026751
0.024000
0.033010
0.035504
0.032506
0.035503
0.042504
0.027508
0.036505
0.022505
0.036503
0.016505
0.024520
0.022001
0.025506
0.032507
0.018504
0.028000
0.037013
0.028504
0.023003
0.028502
0.027510
0.019504
0.021000
0.035010
0.036504
0.028001
0.041012
0.022998
0.023000
0.036005
0.035507
0.016997
0.027503
0.018510
0.035504
0.039000
0.023007
0.035504
0.020000
0.017000
0.036010
0.036503
0.025504
0.025506
0.035507
0.019000
0.022504
0.028503
0.036504
0.024505
0.035505
0.040504
0.034008
0.021000
0.022504
0.021301
0.030272
0.024000
0.036545
0.032010
0.036596
0.025506
0.036503
0.035504
0.016000
0.023000
0.025011
0.035506
0.019003
0.018511
0.036507
0.036504
0.019000
0.036008
0.035505
0.018999
0.036010
0.038507
0.020000
0.019506
0.037504
0.035504
0.040008
0.019000
0.020504
0.036507
0.036005
0.027000
0.022002
0.036011
0.036504
0.040506
0.022506
0.024503
0.039506
0.035505
0.030504
0.036504
0.020504
0.036505
0.035508
0.041011
0.023999
0.021505
0.036505
0.036504
0.030000
0.035507
0.030504
0.036508
0.036008
0.019001
0.017001
0.032009
0.029000
0.023510
0.021999
0.031013
0.035504
0.022002
0.040009
0.036506
0.018000
0.036008
0.020001
0.022503
0.030002
0.026251
0.026162
0.029537
0.037513
0.035504
0.020211
0.036826
0.023000
0.032002
0.030248
0.036309
0.037000
0.037008
0.037728
0.036879
0.036504
0.037505
0.016280
0.022125
0.020000
0.037505
0.029506
