1.000000
0.613357
0.608158
0.609353
0.563745
0.551713
0.606416
0.601283
0.609703
0.605829
0.603598
0.591579
0.589882
0.571045
0.471470
0.503705
0.516995
0.521681
0.499971
0.538650
0.578407
0.567073
0.552292
0.544127
0.433770
0.440163
0.554535
0.454270
0.437972
0.516735
0.459956
0.476178
0.510903
0.555190
0.546810
0.575212
0.600582
0.592873
0.562992
0.574785
0.578151
0.580590
0.596807
0.582599
0.606839
0.598692
0.619777
0.606311
0.584677
0.610438
0.587679
0.580782
0.579277
0.593705
0.595732
0.578766
0.589454
0.585394
0.591199
0.589006
0.593281
0.594476
0.606657
0.606976
0.585207
0.580921
0.576923
0.597982
0.606064
0.615418
0.605446
0.604953
0.594063
0.595714
0.606678
0.591810
0.598594
0.599241
0.610652
0.599947
0.601992
0.598438
0.601503
0.592996
0.609557
0.602565
0.598724
0.608870
0.602324
0.598414
0.599088
0.599383
0.550467
0.545488
0.495297
0.461490
0.395862
0.273293
0.196724
0.382461
0.305645
0.216370
0.472849
0.486775
0.455100
0.439718
0.520617
0.556308
0.557428
0.513620
0.518128
0.412720
0.432287
0.408640
0.358634
0.365095
0.315832
0.360818
0.333821
0.352843
0.491192
0.430561
0.501693
0.406900
0.477028
0.529440
0.559139
0.518713
0.560961
0.579892
0.596178
0.593305
0.613059
0.613891
0.617451
0.626224
0.623641
0.612751
0.612552
0.624597
0.619780
0.628572
0.619659
0.622204
0.606256
0.606104
0.609870
0.602511
0.610449
0.619629
0.621695
0.619979
0.622952
0.619496
0.617360
0.617311
0.604606
0.603425
0.611231
0.604997
0.600324
0.596834
0.583516
0.590569
0.567401
0.564581
0.573996
0.586097
0.600929
0.601657
0.609174
0.608278
0.589556
0.585235
0.593618
0.591262
0.561895
0.568403
0.571594
0.572310
0.577543
0.564140
0.557181
0.593256
0.600470
0.613259
0.625405
0.614765
0.606096
0.549356
0.494593
0.558202
0.508373
0.421825
0.395434
0.299007
0.463506
0.471976
0.489793
0.507527
0.485018
0.461167
0.520413
0.578832
0.482100
0.569990
0.542693
0.392112
0.553568
0.479009
0.540289
0.504434
0.406215
0.483445
0.465704
0.513856
0.505715
0.521434
0.432883
0.349342
0.321900
0.369921
0.498297
0.502251
0.356944
0.302315
0.332357
0.290407
0.269035
0.328271
0.432033
0.496801
0.477820
0.510565
0.500655
0.529105
0.509002
0.510092
0.496512
0.483121
0.522245
0.523216
0.406286
0.483832
0.494446
0.492636
0.264363
0.304808
0.403502
0.472864
0.359779
0.499277
0.446885
0.400982
0.339819
0.356593
0.323807
0.414725
0.423953
0.418958
0.419777
0.415780
0.438076
0.446007
0.499897
0.495532
0.390605
0.342648
0.448276
0.480630
0.258448
0.383051
0.410737
0.281721
0.425910
0.394981
0.368944
0.371085
0.218317
0.458354
0.444548
0.367861
0.307396
0.315608
0.335851
0.374927
0.395225
0.266641
0.437440
0.532271
0.522748
0.543346
0.572857
0.564556
0.537499
0.505268
0.497767
0.537825
0.528623
0.462081
0.424483
0.438928
0.418238
0.470741
0.454163
0.540209
0.470952
0.537522
0.581181
0.495435
0.409229
0.422080
0.407990
0.310740
0.302413
0.447646
0.482983
0.450374
0.385466
0.559465
0.550283
0.414667
0.544522
0.477696
0.387300
0.319586
0.237255
0.300424
0.383937
0.418519
0.406233
0.441480
0.471116
0.394135
0.324818
0.220675
0.255656
0.294410
0.300050
0.280780
0.308831
0.434462
0.341095
0.259402
0.315252
0.302769
0.215972
0.370509
0.185839
0.436334
0.382754
0.365797
0.391608
0.402200
0.482055
0.404543
0.504507
0.427142
0.479241
0.415406
0.503241
0.470265
0.425932
0.424618
0.479658
0.327523
0.346564
0.381473
0.486146
0.488527
0.316845
0.416939
0.470688
0.457930
0.431419
0.328675
0.315883
0.412053
0.407392
0.503075
0.399312
0.507502
0.431819
0.426705
0.421112
0.304526
0.185259
0.286533
0.205212
0.226648
0.212726
0.303219
0.227969
0.401064
0.402987
0.489687
0.464074
0.527269
0.389740
0.338890
0.459622
0.453500
0.291081
0.311408
0.406642
0.252642
0.293873
0.517604
0.453753
0.299284
0.523337
0.397244
0.312067
0.399120
0.267874
0.540160
0.387594
0.304302
0.380088
0.485452
0.424892
0.385504
0.339180
0.561249
0.510770
0.344812
0.288307
0.395262
0.362678
0.354292
0.433235
0.491540
0.434153
0.262873
0.358793
0.404362
0.266657
0.264465
0.164273
0.437168
0.419717
0.427493
0.243058
0.315092
0.183157
0.278556
0.455453
0.404952
0.219072
0.201359
0.301390
0.377776
0.334869
0.388651
0.288807
0.308237
0.439697
0.288092
0.342557
0.255959
0.268073
0.192868
0.397441
0.535745
0.515978
0.498932
0.432381
0.420387
0.396709
0.459501
0.573989
0.561902
0.519848
0.408127
0.383948
0.299102
0.228760
0.466676
0.293544
0.332057
0.389707
0.327233
0.397803
0.268009
0.331800
0.363882
0.405669
0.391189
0.366364
0.363841
0.359832
0.463806
0.405350
0.445542
0.472158
0.494855
0.521095
0.486799
0.416986
0.270363
0.344122
0.265807
0.390345
0.304860
0.418161
0.357344
0.357801
0.296295
0.341809
0.337407
0.315561
0.362343
0.397411
0.279994
0.246769
0.317602
0.332677
0.172556
0.276307
0.401723
0.279409
0.296035
0.320577
0.412210
0.305584
0.371929
0.365278
0.285503
0.257996
0.368670
0.401901
0.352420
0.296032
0.251630
0.255481
0.346047
0.276254
0.411371
0.405279
0.401978
0.350650
0.367090
0.493449
0.482552
0.452913
0.277536
0.241654
0.491226
0.491014
0.382844
0.377240
0.341630
0.317076
0.412094
0.421411
0.452857
0.377890
0.469039
0.447811
0.351591
0.310623
0.334687
0.415163
0.361437
0.259706
0.381359
0.430468
0.424365
0.421173
0.368961
0.237424
0.356294
0.371285
0.395525
0.433033
0.318308
0.377213
0.431643
0.547912
0.590134
0.604822
0.533420
0.511690
0.554504
0.541381
0.375055
0.555623
0.451541
0.333696
0.422777
0.436014
0.410369
0.516479
0.279074
0.221692
0.355033
0.408908
0.530591
0.555016
0.566988
0.524338
0.486358
0.484820
0.474683
0.362149
0.305600
0.531172
0.428811
0.419923
0.497391
0.514191
0.452490
0.486955
0.339913
0.308181
0.349790
0.484708
0.529905
0.441040
0.432334
0.331860
0.307837
0.268293
0.405156
0.511490
0.560350
0.573465
0.490287
0.438059
0.420076
0.561378
0.589165
0.563934
0.310171
0.316783
0.515407
0.438158
0.416095
0.343725
0.326767
0.344837
0.523208
0.546806
0.383859
0.511879
0.515859
0.454028
0.380597
0.304207
0.372016
0.491676
0.546484
0.517417
0.490873
0.372486
0.319610
0.370505
0.287541
0.315194
0.297567
0.316402
0.309062
0.389069
0.329057
0.368852
0.494540
0.481413
0.461194
0.444328
0.481178
0.466567
0.451731
0.412006
0.307724
0.288727
0.366654
0.286660
0.345794
0.362691
0.354121
0.220142
0.363323
0.302715
0.383727
0.387414
0.381848
0.364669
0.321798
0.385612
0.373039
0.357290
0.329188
0.190792
0.227475
0.333849
0.323690
0.379165
0.351827
0.354745
0.318180
0.260256
0.280252
0.225991
0.381229
0.445248
0.462179
0.493736
0.503180
0.438361
0.355019
0.341535
0.318777
0.413490
0.386577
0.425904
0.468537
0.368934
0.355852
0.397797
0.418582
0.288759
0.195311
0.345854
0.456633
0.414997
0.401908
0.426152
0.419718
0.455652
0.420905
0.379008
0.564040
0.402704
0.389784
0.380259
0.278966
0.375242
0.261942
0.272318
0.251908
0.317239
0.228149
0.198971
0.227900
0.403764
0.514026
0.356967
0.563385
0.454614
0.222513
0.439208
0.515313
0.454202
0.468697
0.475468
0.374453
0.311742
0.425045
0.297105
0.260264
0.449448
0.314258
0.351745
0.357244
0.442003
0.411902
0.330410
0.360941
0.210158
0.268953
0.281257
0.358982
0.317439
0.248361
0.314577
0.227843
0.220374
0.379907
0.386404
0.407055
0.437023
0.263954
0.268380
0.310088
0.318915
0.237778
0.408161
0.442579
0.388649
0.222693
0.177240
0.466578
0.398496
0.285281
0.406668
0.372448
0.322431
0.309577
0.286405
0.345415
0.401290
0.392274
0.295884
0.292333
0.498706
0.440208
0.332040
0.262968
0.298566
0.493999
0.457004
0.347498
0.419516
0.414342
0.371373
0.504435
0.423813
0.291231
0.298386
0.409796
0.417162
0.332082
0.394719
0.463208
0.466690
0.408436
0.251095
0.352568
0.282588
0.350513
0.467294
0.300646
0.359967
0.373225
0.352452
0.383654
0.249747
0.425227
0.297613
0.395991
0.352659
0.305840
0.395824
0.351724
0.339909
0.244348
0.344209
0.356456
0.306904
0.314014
0.283702
0.346256
0.462820
0.429675
0.376179
0.391438
0.342760
0.481208
0.519240
0.465294
0.487410
0.408020
0.331165
0.277999
0.238232
0.326161
0.258901
0.210850
0.263593
0.302362
0.262841
0.244094
0.292071
0.447921
0.340096
0.194275
0.361218
0.275063
0.333208
0.310074
0.357774
0.294463
0.195564
0.167336
0.203563
0.160678
0.164273
0.133417
0.213352
0.139180
0.361969
0.281980
0.271572
0.251650
0.297060
0.331925
0.372619
0.377921
0.165179
0.092059
0.110013
0.087649
0.124084
0.161215
0.239063
0.179387
0.154035
0.131545
0.312976
0.363389
0.241818
0.157275
0.225478
0.282682
0.270489
0.330202
0.230012
0.170506
0.161454
0.183887
0.269542
0.226434
0.204131
0.341462
0.273276
0.251643
0.140507
0.169408
0.233801
0.218060
0.375291
0.296924
0.336616
0.106735
0.277376
0.288987
0.160048
0.306358
0.340015
0.282538
0.204567
0.305451
0.344302
0.366849
0.251294
0.244725
0.184269
0.202765
0.151110
0.221089
0.336395
0.203773
0.223447
0.167418
0.173177
0.213869
0.255065
0.198932
0.206314
0.129293
0.213455
0.193867
0.277908
0.216628
0.179702
0.274437
0.278679
0.215205
0.326799
0.304277
0.385458
0.294391
0.258578
0.477862
0.318577
0.344211
0.423705
0.281415
0.324495
0.360204
0.305023
0.378111
0.372352
0.174528
0.419004
0.446418
0.229021
0.391613
0.297119
0.280683
0.347831
0.401366
0.359447
0.394178
0.392756
0.397231
0.404067
0.387775
0.370647
0.358108
0.322233
0.483226
0.435693
0.436127
0.449140
0.539369
0.380600
0.455931
0.461847
0.405142
0.460395
0.453798
0.327781
0.487240
0.312837
0.427300
0.337119
0.447335
0.449910
0.447230
0.435143
0.471620
0.461584
0.484351
0.391650
0.463901
0.571840
0.525381
0.449214
0.550211
0.397927
0.538317
0.419659
0.530160
0.466913
0.562584
0.405584
0.465778
0.480832
0.496652
0.423449
0.434704
0.324442
0.434778
0.355902
0.231731
0.391817
0.512504
0.423883
0.409167
0.329496
0.286638
0.271787
0.171038
0.316554
0.433970
0.299963
0.328273
0.359609
0.319594
0.385897
0.382013
0.224803
0.388050
0.526536
0.433136
0.419396
0.408425
0.349127
0.264805
0.304646
0.298661
0.228112
0.324940
0.340531
0.337116
0.337725
0.407556
0.430879
0.476090
0.266980
0.485765
0.390522
0.484086
0.245460
0.455561
0.405355
0.416283
0.546976
0.543114
0.423559
0.392870
0.410832
0.457311
0.403208
0.551054
0.487701
0.436179
0.260093
0.263500
0.409637
0.492159
0.504255
0.423418
0.503315
0.575485
0.525929
0.457611
0.563710
0.477288
0.501705
0.514207
0.443920
0.492305
0.424308
0.426193
0.484530
0.406582
0.542163
0.447665
0.540525
0.390716
0.466971
0.477372
0.363650
0.477266
0.410335
0.417770
0.294505
0.378443
0.346691
0.245879
0.210286
0.338952
0.480339
0.461965
0.502061
0.400813
0.264542
0.180563
0.411694
0.374737
0.366694
0.299573
0.318079
0.513378
0.377936
0.408521
0.454246
0.466742
0.411265
0.425732
0.528893
0.436704
0.318988
0.475471
0.353639
0.400320
0.193595
0.226145
0.436914
0.507125
0.475444
0.427009
0.439154
0.308592
0.492380
0.546749
0.510595
0.373117
0.381146
0.505662
0.244269
0.349742
0.330898
0.266357
0.370970
0.237099
0.472473
0.327467
0.534566
0.533143
0.263826
0.296700
0.365108
0.290109
0.385649
0.525408
0.405092
0.549345
0.427250
0.442906
0.257625
0.530086
0.394744
0.373596
0.458998
0.257667
0.451850
0.271155
0.315524
0.398580
0.332698
0.434322
0.259119
0.264873
0.225437
0.260153
0.359882
0.290090
0.283452
0.260517
0.480965
0.461004
0.442234
0.369182
0.262944
0.312134
0.335588
0.442318
0.310042
0.271272
0.472136
0.386254
0.319255
0.348886
0.313732
0.313310
0.237596
0.160763
0.209699
0.198965
0.274543
0.225101
0.221854
0.262681
0.274419
0.359789
0.377170
0.360296
0.292514
0.383355
0.366930
0.321304
0.286848
0.263095
0.304149
0.280627
0.405246
0.311574
0.304248
0.337552
0.256958
0.247950
0.346947
0.297945
0.260662
0.262727
0.225268
0.237821
0.310044
0.272244
0.236761
0.227618
0.268649
0.301533
0.311455
0.359462
0.269663
0.531049
0.504360
0.453465
0.287534
0.256310
0.367951
0.413988
0.398998
0.309672
0.425639
0.427403
0.345738
0.496155
0.497969
0.426892
0.382383
0.340502
0.443272
0.468211
0.523526
0.434866
0.387877
0.291449
0.276144
0.333272
0.316642
0.306129
0.341102
0.270147
0.333411
0.381065
0.416795
0.432462
0.397475
0.313864
0.404063
0.522716
0.479092
0.309282
0.302527
0.241882
0.390748
0.389956
0.391192
0.298142
0.391884
0.270688
0.346092
0.364336
0.364841
0.366649
0.234899
0.436920
0.526274
0.498741
0.456933
0.361085
0.453044
0.433876
0.496738
0.524066
0.498281
0.479157
0.385764
0.442934
0.520943
0.539708
0.551978
0.451820
0.318072
0.270522
0.395463
0.399312
0.409998
0.321700
0.279706
0.332749
0.479710
0.447388
0.513557
0.539322
0.497349
0.532391
0.510746
0.444472
0.591029
0.549519
0.416519
0.289679
0.332726
0.365734
0.380034
0.304049
0.278484
0.365284
0.291442
0.227238
0.204376
0.331532
0.303362
0.441016
0.424608
0.378517
0.330345
0.317019
0.278806
0.404692
0.338511
0.364948
0.384637
0.369513
0.419517
0.412336
0.465391
0.300839
0.262547
0.374337
0.368061
0.256849
0.296926
0.344437
0.207147
0.343120
0.284691
0.408764
0.404034
0.324166
0.432239
0.465204
0.235743
0.329799
0.258275
0.309370
0.252071
0.236799
0.473352
0.364159
0.478107
0.438550
0.302551
0.428000
0.396470
0.370937
0.264430
0.284949
0.288777
0.334005
0.154951
0.225025
0.220005
0.315845
0.277055
0.274781
0.121487
0.309163
0.263815
0.230453
0.282037
0.223690
0.342570
0.240178
0.323701
0.265040
0.252726
0.277087
0.193842
0.280920
0.192024
0.269467
0.236448
0.204117
0.251578
0.259587
0.282785
0.261304
0.224468
0.254945
0.259526
0.317674
0.247858
0.259678
0.282794
0.329646
0.425274
0.402947
0.303459
0.280536
0.390443
0.444469
0.288744
0.457868
0.450926
0.388887
0.301211
0.253658
0.276983
0.275796
0.360731
0.333947
0.271014
0.221917
0.261014
0.299710
0.236358
0.258278
0.347718
0.242810
0.284571
0.308787
0.206168
0.285295
0.399360
0.425868
0.516317
0.432484
0.440583
0.289423
0.357103
0.323278
0.222437
0.371979
0.255583
0.283849
0.270377
0.425887
0.504873
0.489390
0.548346
0.454441
0.296173
0.344209
0.232994
0.503737
0.418791
0.281110
0.296183
0.359561
0.407854
0.358827
0.349624
0.249723
0.368950
0.342476
0.229108
0.320216
0.524902
0.472193
0.454254
0.408499
0.287916
0.211509
0.401615
0.328098
0.405792
0.455291
0.449679
0.403436
0.378096
0.368086
0.449597
0.420280
0.418728
0.363008
0.368915
0.449779
0.417219
0.297863
0.265542
0.343451
0.377252
0.337556
0.260130
0.305918
0.474721
0.495465
0.501526
0.418070
0.316340
0.331761
0.376268
0.411771
0.300658
0.224677
0.373338
0.324113
0.358247
0.298589
0.371297
0.411173
0.370670
0.388223
0.435372
0.423285
0.385174
0.326972
0.286441
0.244726
0.260163
0.326626
0.295731
0.373011
0.265689
0.182253
0.247615
0.163946
0.281747
0.240680
0.260804
0.256367
0.381757
0.201614
0.227144
0.281791
0.214280
0.249603
0.263766
0.222431
0.314866
0.361051
0.234657
0.230048
0.278608
0.303453
0.328114
0.237279
0.382819
0.254567
0.326744
0.368778
0.258198
0.276728
0.276901
0.205051
0.253226
0.185878
0.314190
0.375705
0.234727
0.242356
0.354802
0.393984
0.327466
0.262843
0.312559
0.283754
0.274562
0.288203
0.254381
0.329728
0.356781
0.303845
0.358600
0.282530
0.309722
0.461483
0.419966
0.405761
0.348265
0.340897
0.386984
0.378624
0.333279
0.392847
0.422451
0.322533
0.249391
0.247233
0.235721
0.269209
0.258425
0.397543
0.480660
0.371134
0.442732
0.419080
0.535336
0.371207
0.557988
0.511758
0.472223
0.394577
0.329935
0.442034
0.455078
0.529637
0.229918
0.365959
0.519916
0.490064
0.364832
0.422475
0.352761
0.228856
0.243638
0.379942
0.251130
0.319899
0.276218
0.309820
0.239219
0.165134
0.363980
0.366712
0.413421
0.307604
0.349616
0.377823
0.336288
0.346343
0.261191
0.353524
0.232036
0.424772
0.332777
0.441315
0.395661
0.322880
0.386997
0.374838
0.335430
0.339730
0.305180
0.254584
0.401568
0.337704
0.304773
0.392298
0.377784
0.369549
0.296909
0.310077
0.438477
0.352602
0.301196
0.278478
0.357730
0.432480
0.330001
0.344819
0.309153
0.444327
0.291206
0.287971
0.350082
0.103890
0.145027
0.326039
0.495667
0.308732
0.265388
0.368758
0.333282
0.254911
0.495987
0.571352
0.454017
0.260081
0.425030
0.489753
0.424302
0.343420
0.362833
0.216518
0.364677
0.445121
0.345555
0.322220
0.455638
0.342406
0.275913
0.464166
0.332888
0.486495
0.426209
0.396695
0.365929
0.299169
0.254885
0.390758
0.408849
0.344255
0.283558
0.277291
0.410899
0.365038
0.261072
0.425258
0.348422
0.366624
0.392875
0.391259
0.312256
0.303709
0.342190
0.293139
0.413355
0.531274
0.360997
0.465670
0.466626
0.462524
0.490402
0.393030
0.455228
0.345253
0.419524
0.212214
0.313291
0.255593
0.333877
0.328456
0.371549
0.401129
0.396234
0.468028
0.540304
0.518364
0.396547
0.359694
0.306141
0.271506
0.303136
0.367641
0.371056
0.289101
0.292668
0.238301
0.428704
0.339117
0.330929
0.334932
0.277849
0.365084
0.323466
0.440627
0.455381
0.439120
0.350351
0.292058
0.284028
0.265104
0.296185
0.306734
0.346669
0.271499
0.304027
0.454723
0.375648
0.375862
0.355371
0.298011
0.313211
0.322736
0.301079
0.265543
0.279530
0.217900
0.208337
0.254210
0.222811
0.230595
0.260179
0.343275
0.346521
0.254778
0.239601
0.283594
0.417271
0.361112
0.420313
0.320602
0.193938
0.208541
0.400969
0.379276
0.254592
0.438895
0.396793
0.469573
0.343859
0.273248
0.299249
0.381377
0.469193
0.488832
0.348053
0.314499
0.457739
0.399241
0.387036
0.340868
0.257672
0.292828
0.487824
0.387411
0.376203
0.490450
0.405697
0.311225
0.382959
0.360856
0.292685
0.394397
0.494680
0.356281
0.343840
0.456810
0.329969
0.327133
0.303626
0.309406
0.311393
0.276413
0.406204
0.318289
0.238953
0.253544
0.263428
0.432807
0.430294
0.355957
0.288050
0.253133
0.257763
0.193101
0.256374
0.164779
0.248762
0.214666
0.308360
0.239496
0.283915
0.363676
0.249256
0.300640
0.226068
0.330316
0.189148
0.216763
0.234097
0.231066
0.169274
0.190623
0.245537
0.268176
0.262934
0.309545
0.201034
0.268766
0.266074
0.299740
0.368461
0.286891
0.280021
0.150575
0.252304
0.234730
0.171713
0.304708
0.388876
0.400428
0.406136
0.410406
0.402521
0.324856
0.179708
0.333901
0.340111
0.263453
0.320275
0.326423
0.318388
0.243192
0.228390
0.377571
0.182471
0.354243
0.249220
0.201409
0.179759
0.162750
0.321416
0.265182
0.279425
0.250952
0.218680
0.251262
0.212691
0.189617
0.266098
0.290126
0.143931
0.159692
0.191102
0.295389
0.156068
0.215218
0.198785
0.197160
0.239364
0.306937
0.323277
0.321570
0.305500
0.246450
0.303244
0.252890
0.360049
0.343446
0.419928
0.409605
0.321263
0.295155
0.278831
0.262043
0.286571
0.297223
0.358247
0.280469
0.391669
0.308001
0.299033
0.278793
0.247074
0.250042
0.196463
0.298573
0.247671
0.390951
0.306626
0.374152
0.373921
0.275847
0.302170
0.302329
0.415002
0.346515
0.336761
0.217390
0.240572
0.306098
0.274974
0.387792
0.258380
0.293595
0.373636
0.464945
0.405714
0.399524
0.408959
0.382317
0.271940
0.289464
0.387528
0.320462
0.389080
0.282496
0.414118
0.295316
0.442415
0.219295
0.262316
0.391252
0.308957
0.282963
0.288446
0.328599
0.369491
0.374836
0.350418
0.375122
0.311961
0.234021
0.273255
0.225224
0.278387
0.273079
0.253626
0.309647
0.312964
0.282990
0.283154
0.306722
0.397334
0.446100
0.484624
0.426692
0.345182
0.484090
0.396987
0.471800
0.352825
0.394748
0.346088
0.325580
0.373915
0.293956
0.472287
0.342556
0.384684
0.259374
0.387751
0.212828
0.310927
0.331383
0.392585
0.347040
0.498586
0.499114
0.488458
0.469440
0.338991
0.338422
0.465685
0.343214
0.259692
0.283796
0.375505
0.314106
0.271968
0.517862
0.334714
0.512768
0.291396
0.448060
0.247280
0.459428
0.349385
0.470190
0.368274
0.374467
0.339610
0.353971
0.327662
0.348736
0.348756
0.345699
0.343078
0.313995
0.342313
0.437619
0.395978
0.291144
0.323940
0.396918
0.336791
0.339234
0.480462
0.458002
0.470085
0.487811
0.383063
0.383245
0.481240
0.457315
0.387273
0.309260
0.338402
0.420253
0.376367
0.533818
0.366776
0.265727
0.519794
0.370142
0.197364
0.362098
0.291430
0.271958
0.384650
0.301580
0.285425
0.184323
0.421617
0.287089
0.309642
0.338375
0.385329
0.300979
0.280961
0.368948
0.262316
0.446155
0.338398
0.293057
0.270164
0.366398
0.454793
0.424648
0.250497
0.322287
0.413167
0.292690
0.296107
0.390195
0.242297
0.322650
0.254210
0.360150
0.308871
0.256308
0.310286
0.241465
0.299629
0.385837
0.255296
0.321458
0.302812
0.414332
0.421510
0.333690
0.368853
0.367183
0.358536
0.434255
0.375877
0.256870
0.187647
0.371920
0.207835
0.384283
0.280181
0.333387
0.377202
0.305111
0.263875
0.253986
0.282829
0.220124
0.498790
0.291720
0.265760
0.322053
0.328480
0.338096
0.334708
0.447174
0.449635
0.415130
0.450881
0.403229
0.297540
0.341981
0.354684
0.352538
0.463022
0.335610
0.339796
0.280375
0.285095
0.264651
0.188115
0.224452
0.268999
0.278921
0.226394
0.328067
0.282074
0.266187
0.398909
0.322228
0.421623
0.493190
0.362399
0.362771
0.382430
0.356744
0.288602
0.188694
0.230444
0.204188
0.352625
0.370456
0.482400
0.485380
0.499246
0.485181
0.349120
0.324692
0.335123
0.385198
0.407860
0.284511
0.502070
0.325462
0.502078
0.454872
0.469445
0.412045
0.419806
0.448448
0.282435
0.352701
0.265393
0.318010
0.331099
0.269360
0.256237
0.248323
0.215390
0.206297
0.282645
0.271009
0.308524
0.253474
0.429485
0.315573
0.378364
0.377503
0.285541
0.348462
0.312702
0.408414
0.449960
0.340344
0.455442
0.386661
0.223247
0.431244
0.471424
0.379715
0.353241
0.358071
0.457512
0.244514
0.236364
0.328333
0.418308
0.322797
0.445175
0.381614
0.482101
0.350104
0.459918
0.270684
0.478453
0.460761
0.266299
0.352272
0.350920
0.377554
0.192628
0.321563
0.313651
0.364274
0.212794
0.420060
0.394980
0.363048
0.265062
0.352492
0.380960
0.377043
0.449927
0.324106
0.345422
0.225128
0.454413
0.339181
0.461031
0.446732
0.352580
0.315115
0.330820
0.369236
0.376548
0.216531
0.287668
0.450979
0.400977
0.308806
0.334780
0.279686
0.278771
0.427208
0.369154
0.325366
0.295951
0.229438
0.256186
0.251421
0.256067
0.268618
0.230616
0.298238
0.236136
0.186572
0.255862
0.188857
0.250862
0.366398
0.330071
0.220594
0.367089
0.250849
0.259975
0.270055
0.447839
0.297644
0.309166
0.350656
0.424986
0.333689
0.297703
0.315207
0.256691
0.325871
0.318665
0.301616
0.284274
0.218543
0.393036
0.315071
0.330922
0.431152
0.396756
0.482142
0.253243
0.250736
0.205587
0.310467
0.180350
0.245965
0.341447
0.258254
0.282008
0.366568
0.287873
0.159314
0.381560
0.268977
0.365605
0.300484
0.254886
0.382967
0.239891
0.263609
0.192180
0.297812
0.199328
0.252985
0.284204
0.332527
0.276394
0.202432
0.223325
0.343013
0.356705
0.291987
0.309379
0.432326
0.313186
0.380767
0.340653
0.264047
0.337476
0.315061
0.254659
0.248677
0.449648
0.295685
0.351482
0.267773
0.248811
0.230985
0.448642
0.351764
0.252153
0.439123
0.345148
0.468172
0.270438
0.378120
0.274263
0.269194
0.279744
0.221272
0.243143
0.294323
0.245450
0.348368
0.307945
0.353345
0.393303
0.396465
0.332910
0.354890
0.252687
0.352068
0.285071
0.338541
0.325477
0.326503
0.286827
0.220105
0.193070
0.185011
0.405098
0.332423
0.289739
0.336722
0.434682
0.333588
0.336382
0.242198
0.314609
0.388581
0.428800
0.342797
0.367073
0.303115
0.406962
0.420128
0.428747
0.266800
0.366956
0.411015
0.400757
0.276489
0.408386
0.368970
0.339173
0.316863
0.303666
0.388550
0.305847
0.425714
0.395370
0.397694
0.327248
0.299609
0.280859
0.285218
0.259842
0.195885
0.328949
0.421209
0.350388
0.510224
0.362694
0.285444
0.433916
0.326081
0.385338
0.335678
0.256804
0.314536
0.299344
0.331197
0.381051
0.340769
0.334349
0.325542
0.382867
0.324450
0.363189
0.270305
0.308736
0.424330
0.340393
0.429268
0.386741
0.332593
0.386077
0.395529
0.433201
0.452606
0.449413
0.392575
0.299148
0.277710
0.349165
0.402584
0.423304
0.425569
0.364527
0.366315
0.322167
0.338011
0.404893
0.442296
0.361395
0.360120
0.377463
0.380500
0.320328
0.392636
0.366261
0.263781
0.286547
0.319490
0.293118
0.298513
0.294969
0.284871
0.383556
0.324623
0.374422
0.368624
0.321382
0.275906
0.248797
0.281668
0.481683
0.391931
0.399848
0.392045
0.409422
0.403031
0.294941
0.265929
0.415164
0.444314
0.478207
0.474162
0.487231
0.480080
0.448180
0.425268
0.336008
0.423619
0.349264
0.372596
0.374148
0.363659
0.239947
0.231328
0.369508
0.295211
0.392273
0.410729
0.410447
0.252364
0.358347
0.350246
0.328596
0.304976
0.314804
0.395778
0.353548
0.363699
0.343880
0.356391
0.297807
0.285714
0.287615
0.436754
0.411205
0.299293
0.316757
0.318637
0.349928
0.365127
0.228360
0.393208
0.413441
0.358142
0.268780
0.377296
0.369727
0.324225
0.364856
0.278278
0.258738
0.346344
0.438995
0.277711
0.223453
0.249389
0.287682
0.215269
0.286482
0.353991
0.404924
0.394032
0.377206
0.353947
0.398212
0.442325
0.416191
0.345244
0.324198
0.254099
0.308192
0.296749
0.395592
0.459342
0.443483
0.334406
0.381192
0.371412
0.313943
0.276698
0.322936
0.262341
0.198396
0.260045
0.278978
0.287604
0.285435
0.337542
0.284683
0.266073
0.343070
0.358356
0.364140
0.366938
0.256790
0.370367
0.284293
0.309667
0.336638
0.284765
0.330398
0.294647
0.307225
0.246668
0.259361
0.313205
0.260890
0.282030
0.254699
0.266460
0.233077
0.297079
0.307415
0.248692
0.338205
0.376854
0.266132
0.269321
0.320508
0.407409
0.382555
0.333753
0.361501
0.298538
0.374376
0.312708
0.299361
0.245370
0.424764
0.324485
0.449000
0.256386
0.298171
0.405470
0.369498
0.294389
0.251420
0.399179
0.377482
0.425346
0.300759
0.291395
0.291407
0.279408
0.348476
0.352707
0.295640
0.332483
0.244486
0.254107
0.260710
0.275645
0.273665
0.273167
0.286900
0.231792
0.295506
0.276147
0.247553
0.228641
0.259284
0.299633
0.301783
0.280506
0.237642
0.346801
0.407099
0.282675
0.467292
0.442303
0.409599
0.386587
0.344484
0.399736
0.278245
0.404868
0.299154
0.356268
0.350204
0.235190
0.262307
0.211849
0.230041
0.358459
0.304169
0.317730
0.341748
0.350114
0.249340
0.223372
0.359061
0.343037
0.337320
0.260961
0.207938
0.259210
0.297304
0.261354
0.272299
0.250395
0.268857
0.168604
0.164393
0.281756
0.200099
0.251858
0.349122
0.344283
0.311543
0.289859
0.317459
0.363916
0.236843
0.183185
0.210925
0.329119
0.303928
0.342064
0.268751
0.352277
0.358900
0.358831
0.253982
0.274887
0.251191
0.240247
0.382776
0.326760
0.410376
0.300460
0.319066
0.419314
0.268840
0.304674
0.382831
0.253619
0.294774
0.316374
0.406891
0.319232
0.366062
0.316310
0.253049
0.244552
0.369280
0.234966
0.298943
0.244307
0.327525
0.274694
0.284503
0.417661
0.339047
0.304363
0.304453
0.158613
0.137445
0.127769
0.201239
0.151203
0.224995
0.208790
0.143997
0.225515
0.218371
0.262149
0.185800
0.244123
0.325831
0.161813
0.208312
0.313574
0.298662
0.279315
0.317073
0.377560
0.158870
0.241828
0.242264
0.266085
0.244259
0.296904
0.272771
0.304506
0.250628
0.350417
0.313497
0.254712
0.219379
0.299690
0.280659
0.293413
0.344877
0.289095
0.264059
0.315004
0.230355
0.239178
0.255606
0.256677
0.172029
0.277365
0.399893
0.323890
0.236451
0.195069
0.413067
0.296396
0.350863
0.338710
0.257353
0.377216
0.284125
0.183683
0.317567
0.357536
0.254219
0.349728
0.329996
0.160612
0.218644
0.225801
0.227834
0.269110
0.181736
0.222419
0.250219
0.248376
0.176049
0.290105
0.197841
0.211882
0.217471
0.275547
0.403275
0.340523
0.246214
0.212766
0.169843
0.202358
0.268787
0.192281
0.282872
0.178006
0.195638
0.227531
0.203408
0.208852
0.204721
0.135382
0.175357
0.212232
0.237372
0.175228
0.154875
0.168754
0.095691
0.216111
0.394055
0.168485
0.130976
0.128602
0.129934
0.156575
0.230884
0.186310
0.115092
0.196860
0.202217
0.108508
0.330503
0.255505
0.179268
0.272997
0.196926
0.201519
0.164395
0.277514
0.199406
0.329610
0.186136
0.229632
0.192390
0.277343
0.184346
0.207295
0.286196
0.247581
0.264398
0.290977
0.236686
0.275203
0.198412
0.406243
0.391113
0.200978
0.211288
0.316739
0.308997
0.332884
0.311589
0.285818
0.397447
0.423272
0.426677
0.368275
0.371742
0.468210
0.380403
0.447775
0.298203
0.300072
0.205760
0.279888
0.259850
0.310216
0.342976
0.402630
0.346007
0.278891
0.242608
0.338507
0.275924
0.386555
0.273686
0.361536
0.331311
0.365859
0.377253
0.409753
0.382712
0.283403
0.287622
0.426167
0.369654
0.388820
0.311452
0.416575
0.288688
0.431085
0.397196
0.293392
0.204394
0.267611
0.359966
0.301438
0.317920
0.224036
0.372424
0.403667
0.306740
0.412187
0.445942
0.270566
0.329386
0.260383
0.242901
0.242246
0.386115
0.301968
0.383686
0.385387
0.322924
0.260343
0.321793
0.424374
0.326685
0.288522
0.363771
0.344626
0.275793
0.372596
0.386367
0.395676
0.262706
0.332033
0.367233
0.225873
0.172644
0.423697
0.275670
0.308864
0.426440
0.226718
0.366891
0.243626
0.250909
0.290846
0.216167
0.430398
0.426695
0.303359
0.413535
0.455437
0.405701
0.302748
0.233176
0.284415
0.415009
0.316137
0.354051
0.410197
0.500128
0.273717
0.468532
0.414893
0.474000
0.454798
0.366158
0.436149
0.379121
0.394524
0.362747
0.466546
0.389502
0.361868
0.451359
0.304098
0.346550
0.301811
0.268862
0.376313
0.354296
0.423793
0.444049
0.402998
0.348905
0.322780
0.252605
0.291264
0.301121
0.327882
0.260985
0.332252
0.255705
0.309594
0.220182
0.372078
0.272740
0.236402
0.243702
0.279331
0.262358
0.265157
0.387082
0.266382
0.313890
0.224943
0.285330
0.356648
0.382756
0.250308
0.305486
0.373203
0.208359
0.277391
0.410767
0.386260
0.399857
0.431997
0.400076
0.422663
0.418174
0.452842
0.365311
0.324373
0.367778
0.402112
0.393486
0.364740
0.311264
0.306835
0.327871
0.329780
0.314185
0.323617
0.438770
0.439586
0.416266
0.389938
0.505632
0.501163
0.318116
0.283394
0.362872
0.401101
0.438358
0.242182
0.319361
0.384428
0.394592
0.346811
0.415371
0.436924
0.388678
0.398746
0.414340
0.397808
0.392891
0.438395
0.367680
0.375380
0.438759
0.385805
0.331170
0.284598
0.425599
0.427014
0.319685
0.322037
0.398511
0.268008
0.234465
0.341903
0.251948
0.118974
0.401395
0.340891
0.273089
0.270740
0.369576
0.123322
0.340411
0.177789
0.192717
0.282811
0.288628
0.492056
0.283597
0.480039
0.495039
0.404339
0.258820
0.405170
0.412399
0.403447
0.218083
0.262804
0.352359
0.447713
0.348748
0.388773
0.373807
0.287143
0.361551
0.418981
0.227113
0.303787
0.149941
0.184102
0.205221
0.392052
0.209060
0.264753
0.240926
0.249195
0.280004
0.319239
0.205864
0.176841
0.307624
0.368520
0.319475
0.295317
0.377598
0.199292
0.295939
0.224459
0.321153
0.242234
0.186960
0.250210
0.210830
0.216869
0.160961
0.171042
0.334345
0.300825
0.361085
0.205861
0.182105
0.267347
0.391127
0.417943
0.294371
0.310779
0.202284
0.307343
0.300120
0.343729
0.355998
0.383405
0.317145
0.231490
0.361791
0.367539
0.247443
0.209587
0.134327
0.151991
0.159438
0.133788
0.083516
0.074195
0.120855
0.111877
0.102569
0.127071
0.214595
0.128077
0.068758
0.193303
0.205458
0.257501
0.176112
0.166418
0.248630
0.287150
0.152210
0.171943
0.185572
0.267608
0.173772
0.324224
0.159329
0.238686
0.218981
0.149252
0.204337
0.130684
0.305709
0.249066
0.203900
0.137303
0.140902
0.100092
0.174261
0.140100
0.317229
0.239623
0.324549
0.291535
0.421295
0.332287
0.465842
0.382975
0.447055
0.329515
0.306736
0.383395
0.302706
0.294572
0.394186
0.324484
0.273555
0.219649
0.403417
0.415683
0.364794
0.296109
0.368984
0.346773
0.340848
0.431930
0.375716
0.378979
0.413255
0.413797
0.383680
0.386954
0.399223
0.327522
0.355042
0.335758
0.302831
0.326781
0.259083
0.334908
0.384805
0.421266
0.431965
0.382558
0.345607
0.381003
0.432596
0.481402
0.419027
0.326821
0.299652
0.285179
0.246182
0.233746
0.282014
0.294306
0.318375
0.293863
0.331195
0.308020
0.296231
0.324480
0.315839
0.328835
0.337752
0.281432
0.233984
0.407832
0.401821
0.323119
0.421460
0.382228
0.374841
0.359115
0.213795
0.318195
0.265605
0.418707
0.401562
0.382587
0.340344
0.380127
0.415056
0.428349
0.418510
0.353411
0.444847
0.453004
0.381512
0.390708
0.262670
0.312730
0.267604
0.267371
0.351879
0.389068
0.362175
0.381579
0.420339
0.387598
0.208435
0.352645
0.265781
0.176834
0.244404
0.196517
0.316265
0.309403
0.374476
0.392598
0.336251
0.410214
0.424623
0.401740
0.407112
0.337270
0.377721
0.406929
0.270504
0.296161
0.211574
0.234782
0.356977
0.439339
0.401808
0.282537
0.308326
0.288597
0.386700
0.352104
0.334305
0.362957
0.285924
0.482506
0.450118
0.419729
0.389050
0.360138
0.433154
0.309854
0.418080
0.321777
0.204713
0.304751
0.368331
0.389704
0.296189
0.211439
0.295927
0.246633
0.276160
0.326011
0.448758
0.375507
0.466330
0.366370
0.383814
0.262138
0.354345
0.369927
0.315981
0.260256
0.311727
0.412951
0.229461
0.275691
0.365537
0.251619
0.369093
0.365107
0.298622
0.289480
0.301610
0.218113
0.276438
0.301325
0.245301
0.411952
0.303523
0.302357
0.356911
0.413013
0.233075
0.332791
0.398178
0.373877
0.251426
0.312789
0.307058
0.270709
0.348511
0.337484
0.367659
0.278735
0.371956
0.358281
0.361948
0.401126
0.377881
0.379765
0.405894
0.403807
0.450472
0.447125
0.407535
0.355811
0.307889
0.285992
0.327482
0.219425
0.313385
0.338078
0.307849
0.312219
0.303044
0.294201
0.228591
0.149761
0.270248
0.330656
0.247143
0.166025
0.165385
0.251757
0.190154
0.170075
0.152079
0.168996
0.118489
0.092148
0.143001
0.139742
0.235139
0.147283
0.124157
0.345614
0.166145
0.191333
0.167175
0.273906
0.199892
0.235559
0.144195
0.234135
0.172317
0.232513
0.206717
0.113939
0.138460
0.094331
0.138415
0.182273
0.211657
0.227843
0.171804
0.182387
0.185729
0.079531
0.155862
0.230529
0.087865
0.199859
0.202050
0.312846
0.238596
0.211849
0.148188
0.086667
0.127476
0.263025
0.260079
0.141730
0.241498
0.263936
0.191732
0.260452
0.431699
0.269391
0.180368
0.188017
0.277351
0.206152
0.301277
0.241006
0.233829
0.262044
0.352703
0.212988
0.362898
0.227404
0.345209
0.298041
0.292951
0.269307
0.157499
0.119190
0.235626
0.140936
0.305498
0.193560
0.204279
0.232664
0.296499
0.373663
0.159161
0.263830
0.286790
0.316624
0.210034
0.187741
0.175643
0.178471
0.269509
0.277321
0.331778
0.277520
0.272225
0.208223
0.225768
0.169799
0.234307
0.296915
0.203971
0.221284
0.330981
0.286292
0.167447
0.254655
0.204287
0.197618
0.153971
0.086807
0.135770
0.179900
0.088864
0.359324
0.165478
0.137041
0.096458
0.172992
0.205329
0.154199
0.394084
0.262860
0.161606
0.162600
0.141850
0.196550
0.167379
0.194090
0.268024
0.191482
0.338567
0.341039
0.243771
0.305471
0.137827
0.315406
0.248470
0.267329
0.204852
0.297504
0.158564
0.182442
0.310099
0.192287
0.190583
0.278818
0.185319
0.110388
0.236056
0.089720
0.107182
0.304138
0.183657
0.145451
0.259797
0.299841
0.257189
0.180328
0.253795
0.246872
0.165722
0.199623
0.171142
0.183776
0.270483
0.164373
0.289737
0.143726
0.347178
0.108177
0.095004
0.120871
0.118349
0.072769
0.134534
0.089594
0.111071
0.106397
0.073881
0.054049
0.085946
0.098307
0.080389
0.132233
0.130688
0.108211
0.151287
0.140521
0.140619
0.102293
0.083243
0.133790
0.114261
0.115948
0.096141
0.159683
0.114890
0.123399
0.159130
0.093467
0.143149
0.052357
0.101632
0.051139
0.090722
0.120091
0.125533
0.088092
0.112078
0.065443
0.101662
0.068703
0.061167
0.092355
0.119456
0.143308
0.053806
0.107549
0.055377
0.125232
0.092613
0.079761
0.059883
0.111866
0.100206
0.107650
0.069216
0.067237
0.061712
0.133448
0.072107
0.078845
0.108177
0.069320
0.168317
0.153903
0.093968
0.192933
0.155860
0.079326
0.187375
0.129889
0.078316
0.129885
0.063587
0.119256
0.110194
0.142607
0.098330
0.067924
0.069771
0.148963
0.088740
0.120565
0.151276
0.137421
0.139019
0.113264
0.099091
0.082835
0.128657
0.155751
0.189087
0.082427
0.059025
0.067501
0.090893
0.068687
0.079591
0.121863
0.096927
0.083660
0.118555
0.089663
0.086689
0.169365
0.080559
0.146004
0.166560
0.103797
0.129872
0.137512
0.154531
0.190836
0.182861
0.180029
0.151194
0.231873
0.161092
0.161846
0.303391
0.301882
0.329744
0.188639
0.116880
0.092253
0.213776
0.250734
0.144017
0.200976
0.117867
0.307633
0.104629
0.120887
0.136099
0.138656
0.155583
0.161309
0.205370
0.164786
0.217155
0.119019
0.128844
0.127825
0.075545
0.052028
0.067974
0.130325
0.339884
0.263404
0.224587
0.170378
0.140606
0.142206
0.120748
0.068704
0.375443
0.284748
0.289108
0.136170
