99	237	27	82
99	237	27	82
111	237	27	82
111	237	27	82
111	237	27	82
111	237	27	82
111	237	27	82
111	237	27	82
123	237	27	82
123	237	27	82
111	237	27	82
123	237	27	82
123	237	27	82
123	237	27	82
123	237	27	82
123	225	27	82
123	225	27	82
123	225	27	82
123	225	27	82
135	225	27	82
135	225	27	82
135	225	27	82
135	225	27	82
135	225	27	82
135	225	27	82
135	225	27	82
135	225	27	82
135	225	27	82
135	225	27	82
135	225	27	82
147	225	27	82
147	225	27	82
147	225	27	82
147	225	27	82
147	225	27	82
147	225	27	82
147	225	27	82
135	225	27	82
135	225	27	82
135	225	27	82
135	225	27	82
135	225	27	82
135	225	27	82
135	225	27	82
123	225	27	82
123	225	27	82
135	225	27	82
135	225	27	82
135	225	27	82
123	225	27	82
123	225	27	82
135	225	27	82
123	225	27	82
135	225	27	82
135	225	27	82
135	225	27	82
135	225	27	82
135	225	27	82
135	225	27	82
135	225	27	82
135	225	27	82
135	225	27	82
135	225	27	82
147	225	27	82
147	225	27	82
147	225	27	82
147	225	27	82
147	225	27	82
147	225	27	82
147	225	27	82
147	225	27	82
147	225	27	82
147	237	27	82
159	237	27	82
159	225	27	82
159	225	27	82
159	225	27	82
159	225	27	82
159	225	27	82
159	225	27	82
159	225	27	82
159	225	27	82
171	225	27	82
171	225	27	82
171	225	27	82
171	225	27	82
171	225	27	82
171	225	27	82
171	225	27	82
171	225	27	82
171	225	27	82
171	225	27	82
183	225	27	82
183	225	27	82
183	225	27	82
183	225	27	82
183	225	27	82
183	225	27	82
183	225	27	82
195	225	27	82
195	225	27	82
195	225	27	82
195	225	27	82
195	225	27	82
195	225	27	82
195	225	27	82
195	225	27	82
195	225	27	82
195	225	27	82
195	225	27	82
195	225	27	82
195	225	27	82
195	225	27	82
195	225	27	82
195	237	27	82
195	237	27	82
195	237	27	82
195	237	27	82
195	237	27	82
195	237	27	82
195	237	27	82
195	237	27	82
195	237	27	82
195	237	27	82
195	237	27	82
195	237	27	82
195	237	27	82
195	237	27	82
207	237	27	82
195	237	27	82
195	237	27	82
207	237	27	82
195	249	27	82
207	249	27	82
207	225	27	82
207	225	27	82
219	225	27	82
219	225	27	82
219	225	27	82
219	225	27	82
219	225	27	82
219	225	27	82
219	225	27	82
219	225	27	82
219	225	27	82
231	225	26	82
231	225	27	82
231	225	27	82
243	225	27	82
243	225	27	82
243	225	27	82
243	225	27	82
243	225	27	82
255	225	27	82
255	225	27	82
255	225	27	82
255	225	27	82
255	225	27	82
255	225	27	82
267	225	27	82
267	225	27	82
267	225	27	82
267	225	27	82
267	225	27	82
267	225	27	82
267	225	27	82
267	225	27	82
267	225	27	82
279	225	27	82
279	225	27	82
279	225	27	82
279	225	27	82
279	225	27	82
279	225	27	82
279	225	27	82
279	225	27	82
279	225	27	82
279	225	27	82
279	225	27	82
291	225	27	82
291	225	27	82
291	225	27	82
291	225	27	82
291	225	27	82
291	225	27	82
291	237	27	82
291	237	27	82
291	237	27	82
291	237	27	82
291	237	27	82
291	237	27	82
291	237	27	82
291	225	27	82
291	225	27	82
291	225	27	82
291	225	27	82
279	225	27	82
279	237	27	82
291	237	27	82
291	225	27	82
291	213	27	82
291	213	27	82
291	213	27	82
291	225	27	82
291	237	27	82
291	225	27	82
291	225	27	82
291	225	27	82
291	225	27	82
291	225	27	82
291	225	27	82
291	237	27	82
291	225	27	82
291	225	27	82
291	237	27	82
303	225	27	82
303	225	27	82
303	225	27	82
303	225	27	82
303	225	27	82
303	225	27	82
303	225	27	82
303	225	27	82
303	225	27	82
303	225	27	82
303	225	27	82
303	225	27	82
303	225	27	82
303	225	27	82
303	225	27	82
303	225	27	82
303	225	27	82
303	225	27	82
303	225	27	82
303	225	27	82
303	225	27	82
303	225	27	82
303	225	27	82
303	225	27	82
303	225	27	82
303	225	27	82
303	225	27	82
303	225	27	82
303	225	27	82
303	225	27	82
303	225	27	82
303	225	27	82
303	225	27	82
303	225	27	82
303	213	27	82
303	213	27	82
303	225	27	82
315	225	27	82
315	225	27	82
315	225	27	82
315	225	27	82
315	225	27	82
315	225	27	82
315	225	27	82
315	225	27	82
315	225	27	82
315	225	27	82
315	225	27	82
315	225	27	82
315	225	27	82
315	225	27	82
315	213	27	82
315	213	27	82
315	213	27	82
327	213	27	82
327	213	27	82
327	213	27	82
327	213	27	82
327	213	27	82
327	213	27	82
327	213	27	82
327	213	27	82
327	213	27	82
327	213	27	82
327	213	27	82
327	213	27	82
327	213	27	82
327	213	27	82
327	225	27	82
327	225	27	82
327	225	27	82
327	213	27	82
327	213	27	82
315	225	27	82
315	213	27	82
315	213	27	82
315	213	27	82
315	213	27	82
327	225	27	82
327	225	27	82
327	213	27	82
327	213	27	82
327	213	27	82
327	213	27	82
327	213	27	82
327	213	27	82
327	213	27	82
327	213	27	82
327	213	27	82
327	213	27	82
327	213	27	82
327	213	27	82
339	213	27	82
339	213	27	82
339	213	27	82
339	213	27	82
339	213	27	82
339	213	27	82
339	213	27	82
339	213	27	82
339	213	27	82
339	213	27	82
339	213	27	82
339	201	27	82
339	201	27	82
339	213	27	81
339	213	27	82
339	201	27	82
339	213	27	82
339	213	27	82
339	213	27	82
339	213	27	82
339	213	27	82
339	201	27	82
339	213	27	82
339	213	27	82
339	213	27	82
327	213	27	82
327	213	27	82
327	213	27	82
327	213	27	82
339	213	27	82
339	213	27	82
339	213	27	82
339	213	27	82
327	213	27	82
327	213	27	82
327	213	27	82
327	213	27	82
327	213	27	82
327	213	27	82
327	213	27	82
351	225	27	82
363	225	27	82
363	225	27	82
363	225	27	82
363	213	27	82
363	213	27	82
375	213	27	82
375	213	27	82
375	213	27	82
375	213	27	82
375	213	27	82
375	213	27	82
375	213	27	82
375	213	27	82
375	201	27	82
375	213	27	82
375	201	27	82
387	201	27	82
387	201	27	82
387	201	27	82
387	201	27	82
387	201	27	82
387	201	27	82
387	201	27	82
387	201	27	82
387	201	27	82
387	201	27	82
387	201	27	82
387	201	27	82
387	201	27	82
387	213	27	81
387	213	27	82
387	213	27	82
387	201	27	82
387	201	27	82
387	201	27	82
387	201	27	82
387	201	27	82
387	201	27	82
399	201	27	82
387	201	27	82
399	201	27	82
399	201	27	82
399	201	27	82
399	201	27	82
399	201	27	82
399	201	27	82
411	201	27	82
399	201	27	82
411	201	27	82
411	201	27	82
411	201	27	82
423	201	27	82
423	201	27	82
423	201	27	82
423	201	27	82
423	201	27	82
423	201	27	82
423	201	27	82
423	201	27	82
423	201	27	82
423	189	27	82
423	189	27	82
423	189	27	82
423	201	27	81
423	201	27	82
423	201	27	82
423	201	27	82
423	201	27	82
423	189	27	82
423	189	27	82
423	189	27	82
423	189	27	82
423	189	27	82
423	189	27	82
447	201	27	81
435	189	27	82
411	189	27	82
411	189	27	82
411	189	27	82
411	189	27	82
411	189	27	82
411	189	27	82
411	189	27	82
411	189	27	82
411	189	27	82
411	189	27	82
411	189	27	82
411	189	27	82
411	189	27	82
411	189	27	82
411	201	27	81
423	201	27	82
411	213	27	81
411	201	27	82
423	189	27	82
423	189	27	82
423	201	27	81
423	189	27	82
423	189	27	82
423	189	27	82
423	189	27	82
423	189	27	82
423	189	27	82
435	189	27	82
435	189	27	82
435	189	27	82
435	189	27	82
435	189	27	82
435	189	27	82
435	201	27	81
435	201	27	82
435	201	27	82
435	201	27	82
435	201	27	82
423	189	27	82
423	189	27	82
423	189	27	82
423	189	27	82
423	201	27	81
423	201	27	82
423	201	27	82
423	189	27	82
423	189	27	82
423	189	27	82
411	189	27	82
411	189	27	82
411	189	27	82
423	189	27	82
423	189	27	82
423	189	27	82
423	189	27	82
423	201	27	81
423	201	27	82
423	201	27	82
435	201	27	82
435	201	27	82
435	201	27	82
435	201	27	82
435	201	27	82
435	201	27	82
435	201	27	82
435	201	27	82
435	189	27	82
435	189	27	82
423	189	27	82
423	189	27	82
423	189	27	82
423	189	27	82
423	189	27	82
411	189	27	82
411	189	27	82
411	189	27	82
411	189	27	82
411	189	27	82
411	189	27	82
399	189	27	82
399	189	27	82
399	189	27	82
399	189	27	82
399	189	27	82
399	201	27	81
399	201	27	82
399	201	27	82
399	201	27	82
399	201	27	82
399	201	27	82
399	201	27	82
399	201	27	82
399	201	27	82
399	201	27	82
399	201	27	82
399	201	27	82
411	201	27	82
411	201	27	82
411	201	27	82
411	201	27	82
411	201	27	82
411	201	27	82
411	201	27	82
411	201	27	82
411	189	27	82
411	189	27	82
411	189	27	82
411	189	27	82
411	189	27	82
411	189	27	82
411	189	27	82
411	189	27	82
411	189	27	82
399	189	27	82
399	189	27	82
399	189	27	82
387	189	27	82
387	189	27	82
387	189	27	82
375	189	27	82
375	189	27	82
375	189	27	82
375	189	27	82
375	189	27	82
375	189	27	82
387	189	27	82
387	189	27	82
387	189	27	82
387	189	27	82
387	189	27	82
387	189	27	82
387	189	27	82
387	189	27	82
399	189	27	82
387	189	27	82
399	189	27	82
399	189	27	82
399	189	27	82
399	189	27	82
411	189	27	82
411	189	27	82
399	189	27	82
411	189	27	82
399	201	27	81
399	201	27	82
399	201	27	82
399	201	27	82
411	201	27	82
411	201	27	82
435	189	27	82
435	189	27	82
435	189	27	82
435	189	27	82
411	201	27	81
399	213	27	81
411	201	27	81
399	213	27	81
399	225	27	81
411	225	27	81
399	225	27	81
375	213	27	82
351	201	27	82
363	189	27	82
363	189	27	82
363	189	27	82
363	189	27	82
363	189	27	82
363	189	27	82
363	189	27	82
363	189	27	82
375	189	27	82
375	189	27	82
363	189	27	82
375	189	27	82
375	189	27	82
375	189	27	82
375	189	27	82
375	189	27	82
375	189	27	82
375	189	27	82
375	189	27	82
387	189	27	82
387	189	27	82
387	189	27	82
387	189	27	82
387	189	27	82
387	189	27	82
387	189	27	82
387	189	27	82
399	189	27	82
399	189	27	82
399	189	27	82
399	189	27	82
399	189	27	82
399	189	27	82
399	189	27	82
399	189	27	82
399	189	27	82
399	189	27	82
399	189	27	82
399	189	27	82
399	189	27	82
399	189	27	82
411	189	27	82
411	189	27	82
411	189	27	82
411	189	27	82
411	189	27	82
411	189	27	82
411	189	27	82
423	177	27	82
411	177	27	82
423	177	27	82
411	177	27	82
423	177	27	82
423	177	27	82
423	177	27	82
423	177	27	82
423	189	27	81
423	189	27	82
423	189	27	82
423	189	27	82
423	189	27	82
423	189	27	82
423	189	27	82
423	189	27	82
435	189	27	82
423	189	27	82
435	189	27	82
435	189	27	82
435	189	27	82
435	189	27	82
435	189	27	82
435	189	27	82
435	189	27	82
435	189	27	82
435	189	27	82
435	177	27	82
435	177	27	82
435	177	27	82
435	177	27	82
435	177	27	82
423	213	27	82
