1.000000
0.573015
0.577563
0.507323
0.515098
0.521011
0.277497
0.311492
0.536168
0.532165
0.515927
0.492095
0.306197
0.500365
0.515920
0.437807
0.496571
0.445019
0.377261
0.450506
0.551804
0.587460
0.536689
0.571511
0.578929
0.557861
0.601349
0.503309
0.483868
0.510888
0.312309
0.318660
0.517911
0.507602
0.525552
0.542326
0.323375
0.523969
0.391039
0.375806
0.463541
0.571900
0.579482
0.570337
0.587336
0.516760
0.489540
0.592753
0.547630
0.506205
0.497591
0.483255
0.541942
0.425838
0.300345
0.475304
0.396979
0.399398
0.407993
0.500072
0.551506
0.491275
0.494886
0.459846
0.371539
0.198542
0.287055
0.159320
0.146656
0.264918
0.141369
0.327438
0.131875
0.318523
0.204234
0.247886
0.244336
0.187874
0.329403
0.371618
0.301695
0.191759
0.203569
0.234098
0.144138
0.179667
0.178448
0.157536
0.182712
0.236585
0.500045
0.313022
0.444900
0.284061
0.246458
0.401021
0.335528
0.257379
0.162483
0.137640
0.172510
0.209720
0.248801
0.209886
0.238776
0.107140
0.247067
0.263380
0.133594
0.123280
0.240612
0.281364
0.190963
0.161298
0.235184
0.303580
0.241694
0.204094
0.202727
0.203974
0.206953
0.201145
0.177995
0.206754
0.188257
0.283302
0.178164
0.147966
0.229671
0.220449
0.234684
0.203060
0.203780
0.172670
0.231200
0.251184
0.248943
0.206063
0.172662
0.153141
0.245910
0.193070
0.190609
0.208108
0.213502
0.157382
0.217928
0.204548
0.226404
0.283898
0.253344
0.318253
0.225760
0.241871
0.289466
0.232093
0.231208
0.241461
0.275110
0.268681
0.264052
0.225973
0.248498
0.180467
0.324115
0.184092
0.181611
0.166281
0.193032
0.130924
0.165783
0.155301
0.172679
0.199180
0.217058
0.181239
0.237969
0.340847
0.240763
0.159896
0.245824
0.191519
0.359312
0.194509
0.173318
0.140987
0.249704
0.209207
0.269328
0.295917
0.209254
0.144746
0.244143
0.142113
0.119714
0.110564
0.143127
0.115824
0.172077
0.155226
0.193142
0.131411
0.226821
0.175824
0.266796
0.179769
0.218848
0.156114
0.169243
0.183595
0.171685
0.117831
0.167296
0.103389
0.192108
0.206572
0.234136
0.158967
0.314223
0.197756
0.151529
0.165291
0.273432
0.163506
0.187325
0.188208
0.224276
0.232179
0.236132
0.234986
0.212837
0.218196
0.210384
0.258739
0.198766
0.167610
0.251453
0.202494
0.173341
0.132354
0.148613
0.189342
0.167408
0.179012
0.157586
0.150513
0.162441
0.189942
0.188232
0.159408
0.193088
0.167487
0.248273
0.181510
0.180714
0.207704
0.184972
0.207766
0.246079
0.250931
0.128354
0.188762
0.255076
0.163663
0.178071
0.193574
0.125173
0.219824
0.128217
0.211800
0.148621
0.165612
0.278853
0.167884
0.146112
0.159032
0.262227
0.381695
0.241766
0.214921
0.179879
0.163742
0.254161
0.212974
0.178898
0.192085
0.194513
0.188413
0.193270
0.227354
0.207442
0.184605
0.292771
0.162842
0.194551
0.150978
0.204806
0.211154
0.207603
0.141984
0.135381
0.207260
0.143422
0.241171
0.244603
0.248021
0.249347
