1.000000
0.517854
0.424416
0.378785
0.314345
0.391693
0.223268
0.274461
0.183178
0.309645
0.270024
0.272369
0.164889
0.214104
0.426980
0.351090
0.491090
0.231954
0.166176
0.221198
0.169200
0.122008
0.066575
0.129010
0.153307
0.086689
0.092764
0.130000
0.141397
0.145607
0.196062
0.243830
0.194809
0.128456
0.068254
0.219149
0.218849
0.169436
0.222110
0.258321
0.182106
0.180981
0.356523
0.120690
0.422258
0.257440
0.136208
0.217493
0.165390
0.161700
0.219047
0.144247
0.069593
0.235809
0.198518
0.266096
0.214384
0.156613
0.094331
0.165572
0.187743
0.203314
0.256952
0.095816
0.286314
0.163210
0.220508
0.166713
0.157482
0.146402
0.214783
0.237346
0.265314
0.172634
0.195213
0.428032
0.215534
0.163768
0.133316
0.217641
0.140214
0.155811
0.075565
0.145028
0.135200
0.132992
0.139358
0.214212
0.165445
0.147858
0.179219
0.109837
0.174324
0.115524
0.072206
0.082899
0.099875
0.191916
0.076170
0.136944
0.125033
0.232896
0.104806
0.176148
0.314597
0.117185
0.226794
0.238045
0.231906
0.202346
0.265146
0.171774
0.319052
0.190145
0.365907
0.185939
0.279286
0.211820
0.297856
0.159033
0.407806
0.147349
