1.000000
0.529015
0.533446
0.529889
0.511524
0.506155
0.510594
0.487114
0.482421
0.440792
0.431866
0.416651
0.389022
0.366217
0.357359
0.321562
0.338607
0.332630
0.298077
0.271742
0.238206
0.245249
0.200891
0.222949
0.197235
0.172068
0.166331
0.171562
0.264169
0.168200
0.269557
0.189824
0.272887
0.363648
0.484666
0.491441
0.503921
0.455508
0.424725
0.387406
0.386346
0.432301
0.437734
0.424898
0.459409
0.456724
0.443117
0.419154
0.432255
0.461241
0.469886
0.479369
0.473309
0.422243
0.298313
0.188502
0.373194
0.440985
0.423708
0.288113
0.143641
0.244977
0.154529
0.183908
0.246620
0.266364
0.233101
0.203196
0.193607
0.185045
0.269823
0.298052
0.331629
0.328158
0.361730
0.389581
0.367656
0.325688
0.243797
0.359042
0.351132
0.347207
0.363047
0.315812
0.304714
0.347600
0.323271
0.307103
0.269303
0.245640
0.280161
0.322974
0.350718
0.294668
0.441957
0.487109
0.417484
0.377123
0.310041
0.239808
0.260737
0.251089
0.299004
0.198021
0.257676
0.314247
0.325610
0.369821
0.357150
0.320863
0.330427
0.258606
0.250194
0.328575
0.271971
0.250610
0.357280
0.396208
0.295990
0.205524
0.217954
0.264289
0.256796
0.305619
0.232135
0.214624
0.270440
0.291257
0.300973
0.312025
0.325560
0.318090
0.282871
0.304614
0.323489
0.343206
0.310968
0.267054
0.259405
0.309853
0.251445
0.225991
0.211888
0.152878
0.215564
0.244067
0.296389
0.304384
0.264902
0.228903
0.215405
0.218867
0.162582
0.170613
0.170486
0.174138
0.198970
0.251649
0.285252
0.262621
0.282723
0.232508
0.226371
0.245529
0.261268
0.243284
0.257792
0.237769
0.243289
0.230147
0.230707
0.192370
0.173653
0.323786
0.340125
0.407946
0.409917
0.462691
0.462360
0.492014
0.485098
0.471671
0.460213
0.446962
0.447346
0.402998
0.419337
0.404786
0.410308
0.405852
0.390268
0.376047
0.360415
0.360824
0.349532
0.297778
0.233595
0.208644
0.240111
0.214524
0.231048
0.249076
0.256144
0.267888
0.267453
0.287154
0.297505
0.255830
0.291472
0.336494
0.331672
0.330744
0.331350
0.350888
0.340313
0.365422
0.338112
0.350661
0.349464
0.337259
0.346844
0.342380
0.339595
0.370290
0.358287
0.341062
0.329522
0.328135
0.323090
0.303015
0.308185
0.324855
0.310328
0.291981
0.355749
0.341827
0.326457
0.320676
0.328120
0.334259
0.328562
0.321613
0.308468
0.308344
0.289323
0.293948
0.301878
0.304200
0.286121
0.265050
0.215787
0.252091
0.412510
0.425990
0.441458
0.454259
0.396286
0.341880
0.299588
0.284750
0.469079
0.452073
0.456019
0.425003
0.414227
0.356743
0.300749
0.350712
0.320537
0.354363
0.409181
0.417977
0.421649
0.408390
0.355688
0.312161
0.340643
0.362561
0.389816
0.404356
0.348552
0.285897
0.302692
0.299974
0.344480
0.328169
0.235565
0.278690
0.185010
0.185791
0.241748
0.248980
0.186532
0.280689
0.329655
0.340476
0.304901
0.246860
0.323014
0.273922
0.309091
0.239977
0.271540
0.295698
0.204438
0.285477
0.253655
0.262055
0.252351
0.246319
0.253957
0.227015
0.258830
0.232101
0.280410
0.301836
0.220396
0.256853
0.291554
0.278663
0.280484
0.209801
0.256458
0.373577
0.457208
0.466372
0.486791
0.498896
0.501781
0.482031
0.410648
0.322338
0.391506
0.422318
0.351123
0.340413
0.373080
0.376087
0.361819
0.186205
0.192138
0.202086
0.149496
0.238961
0.269147
0.343506
0.262417
0.281734
0.249200
0.231900
0.176982
0.275454
0.206012
0.157099
0.184639
0.141355
0.101161
0.194968
0.157675
0.275989
0.224496
0.190074
0.270527
0.208178
0.164740
0.279353
0.241503
0.270104
0.271810
0.374085
0.351089
0.296077
0.213720
0.175942
0.191380
0.280182
0.316457
0.375493
0.308616
0.431090
0.366377
0.385645
0.247077
0.168826
0.240012
0.319463
0.304966
0.269946
0.232743
0.285395
0.215973
0.276222
0.341650
0.437961
0.420773
0.382587
0.281108
0.303144
0.383817
0.462603
0.488452
0.462884
0.438409
0.225403
0.141244
0.434924
0.460478
0.443897
0.385049
0.237382
0.239598
0.409755
0.391880
0.345373
0.172059
0.157126
0.238634
0.350475
0.405624
0.340034
0.186602
0.138573
0.149039
0.216828
0.357010
0.322322
0.220591
0.116417
0.179348
0.165508
0.291936
0.280048
0.260239
0.239373
0.159789
0.194130
0.213651
0.234765
0.179259
0.276212
0.240958
0.325995
0.209945
0.248238
0.160220
0.129330
0.166436
0.169704
0.215122
0.241669
0.221285
0.260001
0.217179
0.213905
0.164268
0.167247
0.129605
0.139998
0.112253
0.126133
0.135557
0.169284
0.165283
0.183437
0.157495
0.213432
0.142235
0.225296
0.139888
0.156365
0.154767
0.132982
0.137678
0.188612
0.175168
0.133582
0.232166
0.173704
0.158792
0.198987
0.312580
0.370152
0.274271
0.160076
0.295576
0.151373
0.142264
0.220389
0.184711
0.224751
0.291106
0.270483
0.339061
0.301597
0.346133
0.337618
0.278651
0.203879
0.182137
0.149724
0.337899
0.395645
0.405460
0.372231
0.350770
0.345640
0.242125
0.295346
0.333190
0.319156
0.399684
0.354386
0.336369
0.270994
0.261831
0.299044
0.291429
0.253696
0.168095
0.192080
0.209252
0.279121
0.265913
0.229617
0.223584
0.278139
0.266151
0.193044
0.210636
0.253975
0.266730
0.264922
0.302587
0.260411
0.144715
0.148536
0.157475
0.201934
0.226652
0.214611
0.243946
0.180608
0.187134
0.247316
0.224006
0.230583
0.265747
0.267258
0.231784
0.227188
0.236324
0.248130
0.158919
0.198129
0.229234
0.263876
0.205556
0.337394
0.422568
0.385982
0.378517
0.378941
0.261664
0.391134
0.450874
0.457525
0.470496
0.371506
0.285043
0.246109
0.270896
0.394026
0.493319
0.460797
0.372907
0.319021
0.235882
0.219174
0.215740
0.216772
0.228568
0.277970
0.297061
0.350836
0.444132
0.420747
0.347973
0.210367
0.253331
0.329525
0.289708
0.259094
0.271545
0.260686
0.299891
0.205719
0.140979
0.198741
0.213397
0.245673
0.215135
0.215658
0.247633
0.225951
0.224929
0.224144
0.210080
0.320817
0.350043
0.336234
0.308481
0.241773
0.230941
0.204165
0.235673
0.229318
0.227207
0.265775
0.209397
0.158106
0.139133
0.122344
0.196340
0.190830
0.166388
0.245230
0.226725
0.271072
0.263683
0.278984
0.280893
0.157653
0.147862
0.140247
0.371753
0.351786
0.218180
0.392029
0.415314
0.395039
0.334572
0.303541
0.315668
0.412141
0.374335
0.364401
0.284793
0.310036
0.433317
0.324651
0.303615
0.235335
0.240765
0.239971
0.333682
0.305121
0.339132
0.283325
0.309767
0.369531
0.315836
0.190818
0.155305
0.237325
0.167815
0.243305
0.228330
0.297393
0.148023
0.302916
0.182289
0.176600
0.218392
0.150285
0.160153
0.154308
0.141308
0.179365
0.180918
0.144393
0.156247
0.112749
0.105839
0.106792
0.181369
0.146033
0.223708
0.284298
0.107179
0.136657
0.160107
0.208720
0.366441
0.332413
0.282700
0.355995
0.332945
0.364390
0.402567
0.375411
0.367773
0.342675
0.252556
0.216005
0.301015
0.303508
0.290893
0.197969
0.230733
0.258100
0.292461
0.380789
0.295207
0.363748
0.303131
0.249646
0.224282
0.229479
0.275486
0.273706
0.286380
0.294530
0.274724
0.310502
0.272145
0.316056
0.277037
0.298309
0.258461
0.335034
0.316806
0.234683
0.256479
0.286877
0.222499
0.265145
0.216803
0.258907
0.350213
0.344314
0.323046
0.183994
0.256882
0.186600
0.196260
0.174188
0.233347
0.196094
0.332965
0.385956
0.243581
0.181780
0.232768
0.325647
0.460872
0.438510
0.425681
0.306298
0.228128
0.189260
0.242060
0.423029
0.428480
0.411932
0.425859
0.414171
0.294682
0.195691
0.185700
0.398911
0.307283
0.259038
0.349928
0.285614
0.252025
0.183901
0.254493
0.321504
0.193916
0.225151
0.285956
0.247646
0.285822
0.306115
0.317889
0.309838
0.225502
0.175828
0.189857
0.182620
0.161524
0.287775
0.306919
0.303372
0.312035
0.255012
0.204526
0.190587
0.235086
0.254142
0.233880
0.279099
0.249845
0.279334
0.309426
0.284592
0.249650
0.226476
0.323530
0.380867
0.319688
0.269045
0.331175
0.339249
0.364779
0.420882
0.409850
0.359258
0.276567
0.374705
0.429337
0.458765
0.400971
0.267855
0.222016
0.228185
0.196968
0.269169
0.343793
0.313036
0.252029
0.244649
0.203688
0.180554
0.184973
0.202925
0.136436
0.121813
0.149160
0.183625
0.128374
0.250722
0.187195
0.133091
0.133865
0.157510
0.178678
0.219816
0.157677
0.215687
0.176842
0.224940
0.221187
0.226869
0.255622
0.200804
0.292566
0.122077
0.126393
0.252345
0.157520
0.380203
0.280497
0.228998
0.443073
0.469115
0.374545
0.269834
0.310840
0.299384
0.243853
0.178749
0.271562
0.324332
0.363406
0.375564
0.428040
0.342836
0.329583
0.318094
0.254598
0.351223
0.333683
0.289628
0.296131
0.359104
0.307853
0.350913
0.347583
0.329017
0.236456
0.274717
0.334747
0.390388
0.367658
0.279169
0.164505
0.190073
0.198379
0.241288
0.300723
0.359279
0.379266
0.156986
0.187218
0.130802
0.147393
0.117202
0.176259
0.123790
0.124408
0.132058
0.091468
0.296026
0.339108
0.148181
0.191460
0.171472
0.179418
0.174159
0.262272
0.173854
0.191436
0.155256
0.131740
0.151496
0.209852
0.234789
0.270480
0.202657
0.154421
0.242597
0.272763
0.203209
0.297332
0.254535
0.167241
0.235207
0.288169
0.286706
0.196449
0.248837
0.112251
0.291321
0.289250
0.255698
0.206187
0.197575
0.193749
0.284655
0.279489
0.276549
0.314735
0.292870
0.183396
0.177398
0.333464
0.253655
0.266702
0.176405
0.235365
0.229643
0.352349
0.303702
0.333764
0.314691
0.346345
0.318242
0.278459
0.271160
0.329167
0.376944
0.375273
0.337533
0.329014
0.352610
0.397201
0.381365
0.389692
0.414611
0.420855
0.430860
0.435630
0.421175
0.413656
0.289624
0.299963
0.325119
0.261204
0.249601
0.355272
0.329897
0.347590
0.333933
0.314419
0.256524
0.206140
0.236009
0.246719
0.282748
0.338991
0.288824
0.196956
0.206141
0.175124
0.211556
0.197307
0.217897
0.214943
0.272038
0.244728
0.222256
0.193890
0.254943
0.283910
0.374992
0.330478
0.212904
0.208195
0.261010
0.155021
0.206946
0.210094
0.328231
0.283742
0.250668
0.362740
0.423512
0.413443
0.310987
0.278817
0.293435
0.266278
0.263604
0.191157
0.280940
0.261407
0.243690
0.301403
0.191346
0.261743
0.209461
0.159899
0.185936
0.159450
0.196222
0.201996
0.197815
0.286428
0.351573
0.356893
0.279682
0.185290
0.261733
0.153012
0.225080
0.154670
0.201991
0.233618
0.280847
0.223421
0.207986
0.190748
0.180925
0.292122
0.292255
0.341166
0.335459
0.251663
0.257352
0.334879
0.222559
0.170498
0.139153
0.266981
0.252531
0.229026
0.190234
0.136137
0.214309
0.187408
0.135804
0.189947
0.204011
0.208937
0.145986
0.169320
0.209518
0.200082
0.147273
0.139346
0.141648
0.213761
0.127175
0.220393
0.326877
0.337722
0.356000
0.357376
0.381098
0.297953
0.269123
0.240173
0.305907
0.250901
0.259246
0.303200
0.280781
0.283542
0.257546
0.280767
0.254391
0.274116
0.257167
0.252391
0.204499
0.162056
0.126770
0.150272
0.208151
0.225132
0.141231
0.159618
0.199801
0.209458
0.148545
0.265794
0.209537
0.224055
0.207416
0.099510
0.236098
0.146753
0.169295
0.207816
0.226296
0.213287
0.195799
0.212341
0.142665
0.174026
0.145297
0.179523
0.201626
0.198571
0.160840
0.177079
0.164224
0.140556
0.146563
0.186243
0.189259
0.211228
0.149082
0.144051
0.119571
0.146184
0.148790
0.253567
0.144791
0.222139
0.103145
0.164008
0.226248
0.130526
0.237095
0.161643
0.174654
0.169222
0.108473
0.190144
0.187287
0.341224
0.377748
0.355254
0.210550
0.168783
0.200158
0.281482
0.340161
0.348606
0.380665
0.374905
0.376993
0.327333
0.337358
0.235357
0.368321
0.322809
0.352603
0.383310
0.367142
0.380600
0.368439
0.360693
0.325674
0.286067
0.231481
0.286602
0.364817
0.240430
0.322808
0.256364
0.282242
0.185730
0.263473
0.204187
0.256057
0.331702
0.277521
0.381984
0.388426
0.295227
0.370198
0.176594
0.216368
0.165790
0.167549
0.351734
0.419529
0.424763
0.321518
0.219305
0.368770
0.233679
0.174591
0.182590
0.196222
0.386493
0.334144
0.342474
0.190023
0.215680
0.229128
0.128589
0.166642
0.163917
0.127199
0.190661
0.173855
0.161058
0.183665
0.168706
0.195706
0.195866
0.270582
0.291676
0.262081
0.209308
0.159243
0.389456
0.367129
0.295602
0.248363
0.237912
0.394375
0.388260
0.371474
0.312285
0.373478
0.438260
0.444000
0.300069
0.192695
0.249119
0.331627
0.359800
0.339073
0.310530
0.303856
0.297437
0.254208
0.255496
0.444033
0.437187
0.192698
0.127720
0.124104
0.132922
0.193229
0.236988
0.148953
0.189114
0.253538
0.207548
0.203981
0.354665
0.341243
0.217617
0.202914
0.178964
0.192617
0.280358
0.272293
0.322751
0.319029
0.304141
0.307776
0.234311
0.213207
0.326838
0.225972
0.239850
0.211319
0.248996
0.233884
0.202790
0.193929
0.262418
0.270516
0.245625
0.266611
0.216732
0.254832
0.262024
0.304774
0.326388
0.308353
0.282517
0.304606
0.289384
0.271691
0.287944
0.296047
0.213014
0.252199
0.247334
0.266036
0.235340
0.215463
0.220936
0.220800
0.238847
0.219004
0.219414
0.238151
0.248784
0.243861
0.226846
0.224773
0.214315
0.208897
0.226250
0.218591
0.218591
