245,71,70,44
244,71,70,44
241,74,71,41
241,74,71,42
243,76,71,39
244,76,69,38
239,79,70,38
239,78,70,39
235,81,70,39
235,81,69,39
231,80,72,41
231,79,70,41
228,78,71,41
228,77,70,43
217,80,73,41
217,80,75,41
213,80,74,42
212,80,73,43
206,83,77,40
205,82,77,42
194,86,78,41
194,85,80,42
186,90,82,42
186,88,83,44
183,91,81,44
182,90,82,45
172,95,79,44
170,94,83,45
160,98,82,44
161,98,81,43
152,98,83,45
156,99,81,44
155,99,80,44
154,98,81,44
150,95,80,45
150,95,81,45
147,95,78,43
145,95,79,44
150,97,79,42
148,95,81,43
145,98,80,42
144,97,81,43
148,97,80,43
148,99,81,42
150,100,80,42
149,99,81,43
144,103,83,43
142,103,84,43
144,103,84,42
143,102,84,43
151,104,82,43
153,105,79,42
143,106,83,44
144,106,83,44
141,100,87,50
145,103,84,47
143,93,88,53
142,93,89,53
140,99,91,49
140,96,91,52
145,91,89,53
145,92,88,52
147,92,89,49
147,90,88,51
143,97,88,48
142,98,88,47
144,95,91,48
146,96,90,48
140,96,90,46
140,95,90,47
134,95,90,48
135,96,87,47
137,92,86,49
136,92,85,49
132,91,87,48
132,91,90,48
128,92,92,48
128,92,91,49
118,94,94,47
118,95,94,47
114,96,96,47
115,95,97,47
115,99,98,45
114,101,97,43
118,97,99,46
118,95,99,47
112,98,95,42
111,98,96,43
115,91,98,45
117,91,97,46
124,91,96,45
121,89,98,45
111,96,94,45
111,95,94,45
111,95,94,44
112,95,93,43
112,96,95,43
113,96,95,43
111,100,97,41
110,101,98,40
113,102,96,42
115,100,95,43
113,96,95,44
107,96,99,44
108,96,100,47
110,96,100,47
111,101,100,46
107,102,102,46
108,100,104,47
106,99,105,48
105,94,103,51
105,94,103,51
95,94,103,51
99,96,102,49
92,99,102,49
92,99,103,48
85,97,96,48
85,96,94,49
83,90,90,49
84,90,92,49
92,88,90,48
92,89,92,47
87,88,91,51
89,90,94,49
82,89,89,50
82,89,91,49
87,87,90,49
90,89,90,48
84,84,91,49
85,84,93,49
73,82,90,49
75,82,88,50
73,81,90,51
74,82,89,50
82,85,86,51
81,84,88,52
84,86,87,51
86,87,85,51
95,81,87,52
95,82,91,51
100,78,88,51
100,78,84,52
103,79,86,51
103,79,87,50
108,79,84,51
109,79,81,51
109,81,81,49
108,81,83,50
111,80,81,48
112,81,81,48
111,82,81,47
110,81,82,47
114,78,81,47
113,78,79,47
120,81,81,44
119,80,79,45
126,77,80,45
126,77,79,46
119,79,83,45
118,79,82,45
123,77,81,47
122,77,81,46
122,80,82,46
123,80,80,46
127,81,78,46
128,81,78,46
131,79,78,44
131,79,77,45
133,77,75,45
134,78,75,44
139,77,72,43
137,77,73,44
141,76,71,43
140,76,72,44
140,74,70,43
139,74,72,43
141,71,72,44
140,71,72,44
141,69,73,44
140,69,75,45
133,70,73,45
132,71,74,45
129,68,75,45
131,69,73,44
133,67,74,44
132,67,74,44
124,65,75,45
124,66,75,44
119,65,75,45
117,64,77,45
127,62,75,45
128,64,72,45
128,63,72,44
129,63,72,43
124,61,74,44
124,62,73,44
136,64,71,43
137,64,70,42
135,65,70,43
133,67,71,43
138,68,73,42
139,69,72,42
151,61,73,43
151,62,73,44
148,58,72,42
147,57,73,42
134,60,75,41
136,59,74,41
138,57,75,41
139,59,74,41
136,63,75,41
136,63,74,40
127,64,78,41
127,64,78,41
132,61,77,41
131,61,77,40
137,56,75,40
137,56,75,41
135,57,74,40
133,58,75,40
130,59,75,40
131,60,72,38
134,61,74,39
134,61,74,39
133,61,75,40
132,61,75,40
131,59,77,41
131,60,77,41
133,59,78,42
133,59,79,42
127,61,79,44
127,61,79,44
127,63,79,44
127,63,79,44
132,62,81,44
131,63,82,44
131,63,81,44
130,63,82,44
125,65,81,45
126,66,80,45
139,72,82,45
141,72,81,45
137,76,81,45
138,74,81,45
145,71,84,45
145,71,85,45
160,72,82,46
160,72,83,47
144,81,86,44
144,81,85,43
152,79,89,44
152,80,89,43
158,83,90,44
158,83,89,44
161,92,91,44
160,92,93,44
170,95,93,43
169,95,94,44
167,96,98,45
168,96,96,44
173,103,96,47
174,102,96,47
168,108,94,46
166,107,94,46
168,109,91,49
170,109,91,49
167,116,91,48
167,115,94,49
164,118,87,46
164,120,86,46
173,109,87,48
172,110,85,47
172,105,78,48
171,105,78,49
183,102,78,48
186,101,79,48
183,104,81,48
185,103,81,48
176,110,79,48
176,109,80,48
168,117,76,47
170,117,77,48
165,110,79,50
167,109,78,48
178,105,74,46
173,107,74,47
173,107,72,46
171,107,73,46
173,109,69,44
172,109,68,44
181,105,68,45
183,105,67,44
177,104,68,43
176,103,67,43
175,102,66,42
172,103,68,44
174,107,66,42
176,106,64,41
154,111,74,45
149,115,71,43
149,110,76,47
149,110,76,46
140,109,75,47
141,109,74,47
147,104,66,45
145,104,65,46
144,110,66,47
142,108,67,48
144,110,67,46
145,109,67,47
143,112,66,45
143,111,66,46
145,112,66,46
143,110,67,47
144,113,65,46
145,114,65,45
147,116,63,46
145,114,63,48
142,105,70,50
143,106,70,52
145,105,72,52
146,107,71,53
142,102,73,54
143,109,72,54
143,103,73,56
142,102,76,56
146,105,80,56
144,105,77,57
151,107,74,54
151,107,74,54
155,112,70,52
152,107,73,56
159,110,69,54
160,111,72,53
159,110,69,56
161,111,69,55
158,109,71,56
159,110,70,56
158,107,72,58
159,107,71,58
163,108,68,55
160,109,69,54
166,112,65,49
166,112,65,48
169,113,67,45
169,113,68,45
173,115,67,47
173,115,67,46
173,116,69,45
171,115,72,46
177,113,67,47
178,113,68,45
172,114,64,44
172,114,65,44
184,111,67,45
185,111,66,46
195,111,68,46
195,110,68,47
182,112,71,47
183,112,69,47
178,107,69,47
179,107,67,47
170,105,66,47
168,106,68,47
169,102,67,47
169,102,68,48
172,101,67,47
170,100,68,48
163,104,67,48
163,104,68,48
157,107,71,47
159,107,69,47
156,108,70,48
156,108,70,48
156,107,70,48
156,107,71,48
158,109,70,48
158,109,69,49
155,115,72,49
155,115,71,49
156,112,73,48
157,111,73,48
153,110,74,48
155,111,73,47
151,107,73,48
151,107,73,48
150,108,73,47
147,107,75,48
153,102,75,48
153,102,76,48
153,102,77,48
150,102,79,49
144,100,80,49
145,100,78,49
139,97,79,48
138,96,80,49
138,102,82,55
139,103,82,55
141,131,84,55
143,132,84,57
153,117,88,57
156,117,86,57
144,77,82,57
143,76,83,57
124,60,77,50
124,59,77,52
103,66,75,55
102,65,74,54
108,72,76,52
108,72,73,49
124,69,76,54
124,69,78,54
136,69,76,54
138,69,75,54
143,79,68,56
143,78,68,56
139,91,69,56
139,92,68,56
134,98,68,57
134,98,68,57
130,106,68,54
129,106,67,54
136,106,67,54
136,107,68,54
135,103,69,54
135,104,68,55
143,101,70,57
143,100,71,57
146,100,71,58
147,100,71,58
147,100,73,59
147,101,71,57
146,106,73,56
146,105,74,56
142,109,72,55
142,110,70,54
139,109,75,56
139,109,76,54
144,110,78,52
144,110,78,53
144,108,78,55
144,108,78,53
146,111,78,54
146,112,77,55
147,109,82,53
147,110,82,53
147,110,81,53
147,110,81,54
150,104,84,55
150,104,83,57
156,101,84,54
155,102,83,56
152,101,85,55
151,102,86,56
146,102,86,56
146,102,84,56
148,95,89,59
148,97,87,58
147,96,89,59
148,94,92,58
147,93,90,58
147,93,91,58
139,95,92,59
138,95,90,60
141,95,90,59
140,95,91,59
140,93,93,58
140,92,94,59
138,92,91,58
137,91,92,58
139,94,91,57
140,94,88,58
137,96,86,56
138,95,87,55
137,96,89,56
136,96,92,55
132,96,93,55
133,97,91,55
132,95,90,56
132,95,91,56
126,93,89,57
126,94,90,56
127,97,87,56
125,96,90,56
125,97,90,56
124,97,89,56
130,97,93,57
131,98,88,57
131,97,89,56
132,97,91,56
128,97,94,57
129,98,97,57
137,96,94,56
137,95,95,57
135,96,96,57
134,95,97,58
136,98,94,58
137,98,98,59
137,103,101,58
137,103,96,58
136,100,97,59
135,100,101,60
134,96,97,58
132,96,99,58
132,98,99,57
133,99,98,57
126,99,95,57
126,99,95,56
131,97,98,57
131,98,95,57
123,100,97,57
123,101,95,56
123,101,91,55
123,101,91,55
120,101,91,56
121,101,91,56
133,103,94,58
133,103,97,58
141,97,94,61
142,97,94,61
121,105,91,60
121,105,92,60
128,98,92,63
127,98,92,62
123,97,89,66
125,97,90,66
119,96,86,65
119,95,87,67
111,93,86,67
113,93,86,66
114,88,83,65
113,88,82,64
112,86,83,63
110,86,84,65
115,82,85,65
116,82,85,65
123,83,85,66
123,83,85,65
111,84,86,65
114,83,86,66
117,80,89,66
117,79,92,67
118,83,92,66
116,84,89,66
115,86,91,66
115,84,89,67
113,83,90,65
111,83,89,66
119,81,86,65
118,80,87,66
102,83,94,67
101,82,94,67
96,81,93,67
94,81,94,68
97,77,89,67
96,78,94,66
92,72,89,68
93,73,88,67
101,68,84,68
101,68,84,66
98,68,87,68
96,66,85,69
100,67,87,70
99,66,88,71
100,61,91,76
101,61,90,75
101,63,91,74
101,63,89,73
102,64,92,73
102,63,92,75
103,65,101,71
104,65,100,72
111,62,102,70
109,63,102,70
110,61,101,73
111,60,101,73
112,61,99,72
115,61,101,70
119,62,99,71
118,62,100,71
127,61,97,71
126,60,100,73
130,62,95,71
128,61,95,73
132,58,94,73
131,58,96,74
136,57,94,72
137,57,93,71
133,61,97,72
133,61,96,73
139,60,96,72
139,60,97,73
138,60,96,72
138,60,97,72
141,59,97,72
144,59,96,71
141,61,94,71
142,61,95,71
137,63,94,72
139,63,93,73
144,64,89,72
144,63,89,72
143,63,88,71
143,62,89,72
140,61,88,73
140,62,88,72
138,64,86,73
138,63,87,72
134,63,85,71
134,63,85,71
137,60,88,72
138,60,87,72
138,64,87,68
138,65,87,68
140,62,85,68
142,63,85,67
138,65,82,67
137,65,83,67
135,68,81,66
136,69,80,65
134,69,82,66
134,69,82,66
126,68,83,65
130,69,81,64
132,69,79,63
131,69,79,64
134,69,77,63
137,70,75,61
134,68,76,61
136,68,73,60
139,65,75,62
138,65,76,62
143,65,75,61
143,66,75,61
143,66,74,61
144,66,74,61
138,67,75,61
137,66,77,62
134,69,76,61
134,69,76,62
132,68,76,60
131,67,78,62
123,67,80,64
126,69,77,62
120,68,77,63
122,68,75,62
122,67,76,63
122,66,75,64
118,65,76,63
119,66,75,62
121,62,75,64
120,62,76,63
127,62,74,63
127,63,74,62
124,65,73,62
125,66,72,61
128,68,71,61
127,66,73,63
123,67,77,64
126,68,74,62
125,66,76,63
128,68,74,61
129,67,73,61
129,66,73,61
127,68,74,61
127,68,73,61
129,71,71,60
131,72,70,59
131,72,73,60
130,72,74,60
134,72,73,58
131,70,75,60
132,73,75,60
131,75,74,58
136,76,71,58
139,76,69,58
139,79,70,57
141,81,68,56
139,81,69,56
138,81,70,56
143,82,67,54
143,83,67,54
144,81,65,54
145,82,63,54
143,83,64,51
144,83,64,51
146,83,65,51
146,83,64,52
149,83,65,52
149,82,66,52
146,83,67,52
146,84,67,51
154,84,66,48
155,85,66,48
154,87,66,47
154,86,67,47
154,90,68,44
153,90,68,44
154,93,70,42
154,93,71,43
156,93,69,42
155,93,71,43
154,93,72,42
153,93,73,43
152,90,71,43
151,91,71,43
152,90,74,43
153,90,74,43
150,89,71,43
150,90,71,43
153,89,68,42
152,89,69,43
150,89,68,43
151,88,68,42
150,87,66,43
150,87,67,43
151,87,69,43
150,86,69,44
152,85,65,44
150,84,66,45
144,81,68,46
143,80,68,46
147,79,70,48
146,79,70,48
145,78,74,49
144,79,73,49
146,76,78,50
147,77,78,49
148,74,79,52
149,73,81,52
143,74,82,49
146,75,81,48
144,78,82,45
147,76,83,47
145,78,83,45
142,77,84,45
145,77,84,44
143,77,83,44
139,72,81,48
140,74,81,48
139,77,82,45
140,77,82,45
133,77,83,46
132,77,85,46
134,74,84,48
134,75,84,48
136,74,80,49
137,73,79,49
133,77,83,48
135,78,81,47
138,76,84,48
139,76,83,48
151,76,84,47
154,74,82,48
169,71,81,46
167,71,82,47
173,74,84,44
173,73,82,45
183,76,80,42
182,77,77,42
184,72,78,45
180,71,76,47
188,74,76,45
187,73,76,46
180,80,79,46
182,81,77,45
185,88,84,43
185,87,84,43
179,86,87,47
176,85,86,48
177,87,89,46
177,86,89,47
170,90,89,44
168,89,90,46
157,90,89,48
158,91,88,48
152,89,86,48
152,89,84,49
152,89,89,49
151,89,87,50
150,97,86,50
148,96,86,50
146,97,85,50
146,97,85,50
152,95,87,51
152,94,86,52
160,88,87,50
160,88,89,50
164,88,88,49
164,88,87,49
159,90,87,46
159,88,87,47
160,87,89,46
163,88,90,45
155,90,90,45
155,89,89,46
151,88,93,45
148,89,92,45
146,94,94,44
146,94,93,44
146,93,94,44
149,93,95,45
144,97,94,44
142,98,94,43
141,98,95,44
140,97,94,45
140,93,95,45
143,94,96,44
137,92,95,46
137,92,93,45
138,97,95,44
139,97,96,46
138,96,97,45
136,96,96,46
127,95,96,46
127,95,95,45
130,91,93,46
130,91,94,46
116,93,99,49
117,93,97,48
118,99,99,44
113,98,101,46
100,99,102,46
98,99,102,46
96,93,102,49
95,93,103,50
94,91,107,51
95,91,107,50
87,89,110,52
88,89,110,52
92,85,107,55
95,86,108,53
100,82,104,53
99,81,107,54
104,84,101,52
105,84,102,52
98,89,99,50
96,88,98,52
100,85,96,51
100,85,97,52
96,82,92,52
96,82,95,51
94,81,93,52
95,81,93,51
101,84,91,49
102,83,90,50
96,87,89,52
96,87,89,52
96,89,90,52
96,89,89,52
102,86,86,54
103,87,85,53
98,92,81,53
98,91,81,54
99,89,78,52
97,87,80,54
110,85,79,50
110,85,80,51
114,89,80,51
115,89,79,51
107,95,79,49
109,96,79,48
109,93,81,50
106,93,80,50
107,89,81,52
106,89,82,51
103,89,80,50
106,89,79,50
105,90,78,50
107,91,78,49
100,96,76,49
99,94,77,50
101,104,79,49
100,103,80,49
91,104,83,50
93,105,82,50
83,109,82,51
82,107,84,53
91,106,83,54
92,108,82,53
90,106,82,55
91,106,81,54
99,111,77,53
98,110,80,54
96,107,77,56
95,107,77,56
94,113,77,54
93,113,79,53
106,115,78,48
105,116,78,47
104,115,81,48
101,115,82,49
112,115,83,50
111,115,85,49
109,116,84,48
109,116,82,49
111,114,87,52
111,114,86,52
110,118,81,52
111,118,80,53
110,127,81,51
107,127,82,51
114,130,80,51
112,130,82,51
114,130,85,52
115,131,84,51
104,130,84,51
102,131,83,51
112,131,87,51
110,131,86,52
112,132,83,51
111,132,86,51
108,133,82,50
107,134,80,50
108,135,83,51
107,135,84,52
101,134,84,53
101,136,82,52
98,137,82,53
97,137,81,52
102,137,82,54
103,134,86,55
93,137,85,57
91,138,83,56
88,139,85,56
88,139,85,56
90,137,87,57
89,139,84,56
86,138,84,56
90,136,85,55
88,138,85,55
89,137,84,54
89,141,85,55
90,140,84,54
100,142,85,53
100,141,85,53
100,142,84,53
99,142,84,53
95,147,85,51
92,149,83,51
100,147,80,52
102,145,82,52
106,148,86,52
105,148,85,52
107,149,86,52
106,149,87,53
105,155,85,51
105,155,85,51
114,152,86,51
114,151,85,51
115,149,82,50
118,150,81,49
125,148,80,48
125,148,81,47
129,142,85,47
128,142,85,48
124,134,86,50
123,133,88,51
132,127,90,51
131,126,91,52
136,126,92,50
137,127,91,49
134,128,91,50
133,126,92,50
144,124,92,51
143,124,91,51
143,119,98,52
144,118,96,53
143,115,96,52
144,115,97,53
148,114,96,54
152,114,94,55
147,116,95,55
148,116,95,55
144,120,96,54
146,119,95,54
147,116,96,55
147,116,95,55
137,119,102,56
138,120,99,55
139,120,99,56
136,120,99,56
141,120,98,55
142,120,98,56
138,120,100,58
145,119,95,57
144,117,96,57
144,117,96,57
145,117,93,57
145,116,94,56
150,114,96,56
153,113,96,57
150,110,96,58
151,111,94,58
141,112,95,57
140,112,95,57
133,114,92,56
130,115,92,56
130,115,90,54
130,115,90,55
129,113,88,53
130,113,87,52
127,110,88,53
130,110,87,53
124,106,88,54
126,105,88,53
131,104,85,52
135,102,85,52
123,109,87,54
122,110,87,55
111,109,87,55
108,111,89,56
111,107,86,57
113,108,84,56
113,113,84,56
111,114,85,55
95,120,88,55
97,119,89,55
95,120,92,57
91,122,93,58
87,124,95,55
87,124,93,55
86,124,95,56
84,124,96,56
87,129,95,58
88,128,96,57
88,130,97,56
90,132,94,57
92,132,98,57
92,135,94,56
96,132,98,58
97,131,98,58
103,128,99,58
108,127,97,58
110,130,97,57
108,129,98,57
98,135,101,57
97,137,96,56
109,135,96,56
107,132,104,59
101,135,102,57
97,136,105,57
98,136,100,57
107,137,95,55
111,133,93,54
104,136,97,56
104,136,94,55
107,136,92,55
109,137,91,54
105,137,92,55
103,138,92,52
100,140,92,53
98,140,92,55
99,140,92,54
99,141,93,53
98,140,94,54
97,141,92,53
97,140,92,53
88,142,90,52
89,143,89,51
89,141,89,52
91,141,87,52
89,144,86,52
89,143,88,52
86,143,85,51
86,143,87,51
88,144,88,50
89,145,87,50
89,146,87,49
88,146,88,50
94,145,86,50
94,145,86,50
97,143,87,50
97,143,87,50
104,142,87,50
104,142,87,50
113,133,90,52
113,133,90,53
112,131,90,52
113,131,89,52
133,117,90,55
131,116,91,56
139,116,93,51
141,116,91,50
152,105,92,54
155,106,91,53
161,96,93,53
164,97,91,52
172,89,94,53
172,89,95,53
170,89,97,50
172,90,95,48
173,89,101,51
175,88,99,50
173,90,100,52
174,90,99,51
176,89,99,51
176,89,100,51
173,86,99,51
172,87,100,51
169,88,101,52
167,87,104,53
170,86,102,51
168,86,102,52
169,89,104,52
168,88,104,53
167,93,102,53
168,95,103,52
172,99,103,52
168,99,104,53
170,99,104,52
168,99,103,53
175,95,104,53
176,95,104,53
171,94,105,53
171,94,105,54
169,92,108,54
169,95,106,53
174,95,107,53
173,95,105,52
175,93,109,54
177,93,110,54
177,91,112,55
177,91,111,55
176,91,114,56
175,93,114,55
180,91,116,55
181,91,115,56
179,94,117,55
179,92,117,57
173,94,123,58
172,93,123,58
170,97,122,57
169,95,125,58
170,96,125,57
173,96,121,56
176,96,123,56
178,96,122,56
180,96,124,56
183,96,120,55
184,95,125,55
194,96,119,55
195,94,122,56
200,94,119,56
198,95,118,55
188,94,119,55
190,94,121,54
194,91,118,55
194,91,119,55
198,96,115,55
201,95,113,54
190,100,115,55
189,99,116,56
190,98,116,55
191,98,115,54
188,98,113,52
184,99,111,53
177,100,108,54
176,100,108,55
174,103,107,55
174,103,109,55
171,106,109,55
170,105,110,55
167,105,106,55
169,106,106,54
164,106,107,56
165,104,108,55
163,107,102,54
165,106,104,54
161,108,102,55
161,108,102,55
161,111,101,56
163,110,102,56
158,110,105,56
158,111,104,57
162,109,107,57
163,111,105,57
167,110,102,56
166,109,101,56
170,106,103,57
166,108,104,57
170,106,99,55
171,105,98,55
179,102,96,55
180,103,95,55
182,104,92,56
181,104,91,54
183,107,90,55
182,107,91,56
185,106,90,56
185,106,91,56
186,107,90,57
190,108,89,56
187,109,88,57
189,109,87,56
188,110,86,55
186,111,87,55
188,113,89,56
185,113,90,56
184,115,88,56
187,114,87,57
179,119,92,56
179,118,92,56
180,121,93,57
178,121,94,57
190,125,96,55
192,126,96,55
194,129,95,55
193,129,96,54
202,130,93,53
204,129,94,53
190,130,93,52
187,131,92,53
186,132,91,53
183,133,91,53
171,135,92,54
171,134,92,54
175,133,94,53
176,132,94,53
177,136,98,55
177,136,98,55
184,148,98,52
183,147,99,52
190,151,96,52
188,150,98,53
174,153,95,54
175,152,96,53
184,141,99,55
185,141,99,52
190,138,96,55
190,138,97,55
178,138,94,51
178,138,92,52
182,137,92,52
184,136,92,51
182,127,93,54
182,126,96,54
177,116,92,55
178,117,88,52
174,115,87,52
172,115,86,53
165,111,98,54
164,111,96,55
153,112,93,54
153,112,94,55
149,103,97,58
150,104,95,57
140,96,96,56
141,95,94,58
135,96,93,54
136,96,93,54
137,99,93,53
135,101,93,53
132,99,99,53
131,98,101,53
123,103,95,50
123,104,93,50
123,103,91,50
124,103,89,50
125,100,85,50
126,99,86,50
123,102,86,50
123,102,85,49
126,103,84,49
126,103,85,49
125,105,82,48
127,105,81,48
125,108,83,49
124,109,82,49
120,110,85,50
120,110,86,50
116,114,84,50
117,113,86,50
124,114,86,50
123,114,86,50
123,113,87,50
122,114,85,50
124,113,88,51
125,113,86,51
126,111,87,49
126,111,88,50
119,114,86,50
119,114,85,50
121,115,85,50
121,115,84,50
122,117,86,50
121,117,87,51
115,117,86,52
115,116,88,52
115,113,90,52
113,114,87,52
113,112,88,52
114,112,88,51
113,114,89,51
113,114,90,52
115,116,88,51
115,116,90,51
111,116,89,51
112,116,89,51
107,113,91,51
108,112,91,51
112,111,90,51
112,111,90,51
111,112,90,50
110,112,90,52
113,113,92,52
115,113,93,52
111,114,92,52
113,114,91,51
112,113,89,52
114,112,89,51
114,112,90,52
114,112,90,52
111,113,92,53
112,113,90,52
112,113,90,52
112,113,90,53
112,111,93,53
112,111,94,53
108,114,91,53
110,113,93,53
110,114,91,52
108,115,90,53
110,116,91,53
111,116,90,53
112,114,91,53
111,115,88,53
112,113,89,51
110,114,88,52
110,114,87,52
110,113,88,53
111,114,87,53
112,114,88,54
106,115,89,53
106,115,88,53
106,113,87,53
105,112,88,54
105,113,87,53
103,113,88,53
105,114,87,53
105,115,86,52
106,116,84,52
107,116,84,51
100,118,84,51
100,117,84,52
100,119,83,50
101,119,84,49
101,118,89,50
100,119,87,50
101,120,88,50
101,119,89,50
104,118,94,50
103,119,92,50
103,120,92,50
105,119,95,51
106,118,91,50
107,118,92,50
107,119,92,51
105,119,91,50
107,120,90,49
107,120,90,50
109,119,90,50
111,118,90,49
110,119,89,49
110,119,89,49
111,117,88,50
113,117,89,49
111,118,88,48
112,118,86,48
110,117,87,48
110,117,88,49
110,116,89,50
107,117,86,49
105,117,89,50
105,117,87,50
104,116,86,51
105,116,85,51
107,117,84,52
106,117,83,52
100,115,81,50
101,114,83,51
101,115,83,52
102,115,84,52
105,114,86,51
105,113,85,51
104,117,88,51
102,117,87,51
100,115,90,51
99,117,88,50
101,113,89,51
101,114,88,52
103,114,85,51
105,112,85,52
103,113,83,52
103,114,83,51
103,116,84,50
101,116,83,51
106,113,85,52
107,113,85,52
109,114,87,53
110,116,87,52
108,114,87,52
113,114,88,52
111,115,90,51
117,116,92,50
118,116,92,50
120,115,91,51
117,115,93,51
115,116,94,51
114,116,97,52
113,116,96,51
118,116,99,52
116,116,98,52
124,116,96,53
123,116,97,53
130,116,93,53
131,116,93,53
131,117,98,55
130,117,96,54
137,118,94,54
135,118,95,54
133,118,94,55
135,118,95,54
130,121,97,54
131,120,98,54
134,120,97,54
133,119,98,53
136,120,96,53
133,120,98,54
134,120,99,54
133,119,99,53
134,124,98,52
133,123,98,53
137,123,97,53
136,123,97,53
137,124,97,52
139,124,96,52
138,124,96,53
137,123,97,53
139,123,97,54
139,123,98,54
147,126,95,52
144,123,96,54
146,126,96,54
146,125,96,54
147,125,98,55
146,124,98,55
146,122,97,55
145,122,97,55
149,120,94,55
149,120,95,55
148,121,96,54
152,121,93,53
147,120,93,54
143,118,94,55
144,116,91,55
142,116,92,55
140,115,97,57
145,115,93,56
132,115,98,57
128,114,101,58
133,111,101,58
128,112,104,58
125,111,107,60
127,110,107,62
117,112,111,59
122,111,109,59
127,107,108,59
126,108,108,59
123,106,109,59
116,108,113,58
131,105,108,59
125,105,113,59
118,103,114,60
118,104,116,61
112,103,114,61
117,102,114,61
120,104,114,62
117,105,116,62
123,105,115,62
122,107,115,61
122,107,112,62
123,108,113,61
129,107,106,61
128,107,108,60
127,104,109,61
127,104,111,62
134,105,114,62
133,105,113,63
137,107,113,63
132,107,114,64
129,108,117,63
126,108,118,64
121,106,119,64
124,107,118,63
127,104,120,63
131,106,119,62
128,106,121,63
126,105,121,63
124,106,122,64
130,106,122,63
127,103,121,68
128,105,120,68
132,101,120,70
129,100,121,70
138,100,119,69
132,98,120,72
125,102,124,73
131,104,122,70
137,102,124,71
136,101,126,71
133,102,127,71
133,102,130,72
134,100,131,70
132,100,130,71
140,99,127,70
138,98,129,70
135,103,129,70
134,102,130,71
142,102,127,70
138,101,129,71
131,101,126,71
131,102,128,71
128,100,130,71
128,103,129,69
130,104,130,69
128,101,131,70
125,101,131,69
124,100,131,70
128,97,128,68
126,96,129,69
118,95,133,67
114,94,133,69
108,95,138,69
112,96,139,68
106,101,137,68
106,100,136,69
107,99,139,67
106,99,135,68
100,99,136,66
98,99,134,67
108,102,128,63
107,102,126,63
107,101,127,62
111,104,126,61
102,102,130,63
104,102,130,62
99,103,134,62
99,103,135,61
105,104,133,61
101,102,135,63
96,104,136,62
101,105,133,60
98,102,136,61
98,101,137,61
102,104,132,60
100,103,132,60
107,106,129,58
112,108,124,56
107,108,125,57
105,108,125,58
112,106,126,56
110,107,125,57
111,105,126,56
110,106,124,57
108,108,125,57
105,107,124,57
110,110,123,57
110,109,125,57
107,110,128,58
105,111,127,58
100,110,128,58
99,111,128,59
102,107,126,60
102,108,125,60
104,109,129,60
102,108,129,61
104,108,128,61
97,106,132,61
98,107,132,62
95,108,129,61
104,107,130,62
104,107,129,62
101,109,127,61
103,106,130,62
106,110,128,61
104,110,129,61
102,110,129,61
104,110,130,61
99,112,129,61
98,110,133,62
99,112,132,62
101,111,133,63
93,111,137,64
95,113,134,63
101,112,137,64
101,112,138,64
98,108,142,66
99,111,138,65
95,109,142,66
97,109,143,67
101,112,140,64
98,110,141,65
100,115,138,63
94,111,142,66
98,118,136,62
96,115,140,64
95,115,142,63
95,115,140,63
98,118,137,62
98,119,135,61
102,120,134,60
103,120,134,60
103,123,132,59
104,122,132,59
101,120,133,62
101,119,134,63
104,118,132,62
105,118,133,62
104,116,135,63
104,115,131,62
105,117,131,62
105,117,132,62
102,120,132,60
103,121,132,59
106,119,135,61
106,118,134,61
103,120,128,60
105,120,131,60
103,121,125,59
104,120,127,59
106,119,123,60
107,119,122,60
101,124,121,59
102,123,122,60
106,126,118,59
106,125,120,59
105,122,122,61
105,125,120,60
108,124,122,59
105,124,121,59
106,125,125,60
106,126,126,59
103,124,128,60
103,125,128,60
105,123,130,61
106,125,130,60
108,129,126,59
108,127,128,60
115,127,127,61
111,126,130,61
111,124,133,62
109,126,133,63
115,122,131,62
116,124,130,62
118,125,130,62
115,123,132,62
122,122,129,62
122,118,132,62
123,119,127,64
116,119,134,66
119,117,135,68
124,119,131,66
123,120,130,67
126,120,127,66
123,120,128,67
124,122,127,67
123,124,123,66
123,126,122,66
120,131,120,64
118,132,121,64
119,132,121,66
121,132,121,66
113,134,118,66
115,134,118,66
112,134,123,66
115,134,121,66
115,131,121,66
113,132,122,66
114,131,123,69
117,131,120,67
114,135,122,67
111,133,127,67
113,138,122,65
112,136,123,66
124,140,116,64
127,140,114,64
125,142,114,64
121,144,115,64
128,147,111,60
133,147,108,60
134,146,111,60
130,147,114,61
129,140,112,61
132,141,109,60
137,135,110,61
136,133,112,62
136,131,108,60
135,131,110,60
136,133,111,59
136,132,110,59
117,131,116,59
116,132,116,60
117,123,117,63
117,123,117,62
119,122,113,60
117,122,113,60
113,125,110,61
114,125,110,61
117,126,111,62
118,126,112,62
120,130,114,62
119,129,114,63
111,137,115,61
108,136,115,63
113,136,114,62
113,137,112,62
114,136,110,62
112,136,109,63
116,135,110,62
114,136,107,62
137,132,115,63
136,132,120,64
172,129,121,64
172,130,127,65
211,134,122,66
211,134,122,65
