649,29,548,667
649,29,547,667
650,34,544,664
650,35,548,663
649,32,544,667
649,28,551,665
649,30,543,665
650,29,547,666
648,30,549,664
650,31,547,669
651,30,546,666
649,29,548,668
649,29,548,669
649,31,547,666
650,32,546,666
650,29,545,668
650,31,546,665
650,28,548,667
648,31,549,669
649,34,547,663
647,34,548,669
649,32,546,665
649,33,549,666
650,31,549,669
649,28,548,669
649,30,550,668
650,27,545,667
647,30,550,666
647,33,548,668
650,27,549,666
647,27,549,668
648,33,548,669
649,29,548,666
649,29,546,667
649,30,549,667
648,30,548,667
650,31,550,665
648,31,545,664
648,31,550,668
649,29,548,667
651,28,549,663
651,28,547,664
651,27,551,668
654,27,551,667
652,27,553,666
652,34,550,665
651,29,561,668
646,26,564,669
649,29,558,667
644,26,567,665
648,26,559,663
649,31,561,661
648,28,559,662
650,29,553,662
650,25,556,662
648,27,560,663
650,27,556,663
646,27,562,665
648,26,557,663
650,25,556,660
649,28,556,665
649,28,559,662
648,27,561,662
649,27,556,664
649,27,560,662
649,26,560,665
649,30,558,660
649,29,558,660
650,30,560,661
649,28,559,660
648,26,562,666
647,29,560,662
648,27,557,662
646,28,560,662
647,26,560,664
647,28,561,661
647,28,565,663
647,25,564,664
649,27,559,662
647,27,563,664
648,28,564,666
651,23,561,663
645,29,567,666
648,26,565,664
647,23,564,669
651,26,560,661
648,24,566,666
648,24,562,666
648,23,563,670
648,25,565,667
647,20,566,670
647,20,568,669
650,20,569,668
645,6,573,676
643,3,577,680
645,0,575,679
643,-13,580,688
646,-20,578,695
643,-26,577,694
641,-25,570,698
640,-23,547,686
636,-37,518,687
630,-39,495,686
632,-32,478,678
628,-33,487,660
638,-39,490,647
566,20,643,698
639,52,513,699
586,40,574,729
500,120,642,695
555,121,650,702
586,39,603,721
622,22,576,705
651,-33,562,684
677,-78,540,656
705,-88,539,627
676,-112,629,667
768,-104,508,602
756,-115,519,586
801,-134,505,599
769,-148,618,656
821,-154,507,610
821,-121,514,606
832,-156,512,618
819,-153,515,615
829,-170,510,622
811,-132,511,595
802,-156,521,612
840,-165,508,627
823,-165,507,625
860,-184,501,656
816,-183,582,616
819,-216,507,662
819,-163,579,612
875,-161,574,607
854,-142,574,607
862,-166,436,622
809,-113,447,599
705,-93,485,591
629,-27,535,634
637,-1,522,627
623,15,541,647
579,31,558,643
579,46,549,659
609,18,542,633
629,17,538,640
628,9,534,617
620,7,541,622
627,6,539,616
627,7,538,624
636,-1,540,631
612,3,555,658
621,25,549,667
621,16,562,667
619,-21,542,628
632,-29,547,627
634,-35,575,613
644,-12,587,615
631,26,571,618
645,6,560,619
642,18,554,619
649,-19,558,615
653,-17,551,609
656,-21,553,602
655,-28,529,589
644,-19,526,588
648,-33,517,581
638,-26,500,573
644,-26,506,573
639,-19,539,590
642,-3,530,574
627,-6,515,579
618,-36,478,580
624,-46,462,584
604,-53,445,589
586,-54,437,569
601,-61,417,571
584,-58,420,570
558,-89,468,582
687,-111,482,565
657,-14,497,591
580,3,564,599
621,105,525,611
622,115,528,619
590,119,551,629
559,148,559,613
486,97,564,626
402,75,545,630
324,31,484,582
253,7,462,572
250,3,448,571
240,121,449,567
252,37,436,584
254,12,450,577
255,16,442,565
254,14,450,557
256,23,436,559
254,25,434,554
255,13,440,551
254,13,438,554
254,20,431,549
253,6,434,536
259,17,424,546
260,13,417,526
259,28,416,563
258,26,415,543
254,13,427,546
256,13,424,527
258,6,422,521
262,12,422,532
256,9,425,531
256,9,424,523
256,2,424,528
257,7,426,547
258,2,423,524
255,10,425,538
257,8,429,535
259,6,423,539
255,6,423,527
259,6,426,535
255,13,424,532
258,4,424,535
258,8,428,541
260,9,423,539
258,6,427,537
258,7,427,553
256,5,423,536
259,6,425,540
259,10,431,555
261,7,424,539
260,9,423,539
258,11,421,526
259,11,419,533
256,11,419,523
260,11,419,512
262,6,420,515
261,2,423,520
256,3,421,509
256,17,419,520
263,14,416,518
261,16,414,515
256,10,419,509
259,13,413,520
258,14,417,516
259,14,414,528
259,7,420,513
260,11,418,531
259,12,421,529
258,9,421,535
260,6,422,521
258,12,421,524
258,9,423,520
257,14,419,531
260,10,419,522
254,8,423,522
258,7,422,514
256,1,420,510
256,5,417,508
258,9,419,517
255,12,420,527
258,2,420,510
259,6,421,508
258,7,422,530
256,4,426,524
258,2,424,535
259,4,427,532
257,4,424,545
258,8,424,542
255,10,427,546
258,1,424,540
257,3,433,542
258,12,424,551
257,3,431,550
256,7,426,550
256,5,429,536
257,5,428,538
254,0,429,531
257,2,429,536
258,-1,428,551
255,-0,433,544
250,2,431,541
254,5,431,541
260,2,427,539
255,5,431,546
258,-1,428,540
254,11,428,556
254,15,428,551
253,2,430,538
256,8,427,543
256,-3,430,545
256,9,425,555
256,7,428,547
258,-3,426,536
255,0,426,532
254,8,427,541
252,5,430,542
253,5,430,544
255,5,430,552
257,-1,429,544
256,-1,434,544
256,-1,429,541
256,-5,432,547
251,3,431,558
255,-3,432,551
256,3,426,554
252,4,430,541
256,6,435,558
258,1,436,555
252,-3,432,549
256,3,430,558
255,-7,433,546
255,-0,435,561
255,0,435,556
254,6,432,564
260,-4,432,548
257,-3,433,551
252,6,427,547
255,-2,431,541
257,-0,426,548
254,-1,435,547
257,5,429,558
254,1,430,547
250,-3,436,548
257,-1,430,546
255,7,429,546
254,2,430,556
250,6,432,558
253,6,426,546
256,2,430,537
258,3,430,534
256,5,426,537
256,3,430,536
255,-2,430,539
253,8,430,550
256,1,428,543
249,7,426,551
254,6,426,540
252,2,432,539
258,3,423,541
254,5,425,541
250,4,431,540
248,6,432,539
255,-1,430,541
253,3,431,550
250,3,442,564
254,4,430,563
251,4,433,565
245,3,438,567
254,-4,440,558
245,2,434,559
243,-3,436,561
254,5,435,587
248,6,435,578
243,0,440,575
248,0,442,579
246,1,441,574
253,5,433,564
253,1,432,566
249,1,442,557
254,3,435,553
253,-4,437,551
255,-3,432,544
252,6,427,548
255,2,428,536
253,3,436,536
254,9,426,543
254,8,432,547
256,5,428,536
249,6,427,548
257,3,429,547
251,12,430,548
255,3,428,554
253,-3,437,556
255,-3,434,556
251,3,433,565
253,5,431,562
258,-0,433,561
255,3,430,573
249,-1,434,566
250,2,436,562
252,3,436,557
255,1,434,557
251,3,431,549
255,0,430,544
251,3,432,555
255,2,435,547
260,5,423,540
254,1,431,537
255,12,420,554
257,6,427,552
258,3,428,537
249,7,428,538
254,4,425,535
256,9,424,542
258,5,427,543
259,3,426,535
256,1,427,521
250,5,428,542
257,-3,422,536
252,6,431,545
248,6,433,544
257,-1,424,542
253,7,427,552
256,10,426,554
252,1,432,538
253,7,426,529
257,3,421,530
256,0,421,526
252,10,426,545
257,7,425,528
247,7,432,543
252,6,434,547
255,4,430,532
254,1,426,546
254,12,429,543
256,14,420,558
256,4,424,536
256,5,425,531
257,5,422,530
256,3,422,514
251,10,425,526
257,6,423,530
256,8,424,540
256,1,426,536
257,0,421,527
251,4,427,531
254,5,423,543
256,4,423,540
250,6,431,537
253,3,424,532
257,6,424,528
256,5,422,534
255,10,424,533
256,11,423,542
256,9,425,536
253,6,428,544
255,7,428,536
252,9,427,559
251,2,428,530
254,2,422,536
254,8,425,541
250,-1,426,532
253,7,427,546
257,5,424,541
251,7,429,534
255,5,422,538
255,7,424,525
256,0,422,532
257,3,422,533
252,11,422,544
259,5,425,514
259,11,418,524
258,5,423,525
254,7,427,517
257,2,429,523
250,10,427,551
250,2,430,534
254,15,429,561
257,8,430,549
256,8,437,552
253,4,438,544
250,7,436,552
254,-1,434,531
256,5,435,550
258,-2,434,538
252,3,435,544
257,-1,433,546
255,6,431,554
252,-3,434,550
256,-1,433,539
256,3,437,556
247,6,435,555
251,2,441,560
252,3,431,553
244,5,439,550
250,4,438,549
254,3,436,550
256,1,428,527
255,7,428,533
257,10,425,529
255,1,425,530
252,10,429,546
249,8,430,545
254,6,426,533
257,7,425,545
253,7,430,547
255,7,426,532
258,10,424,536
253,7,428,529
255,6,428,527
252,2,426,526
254,8,425,536
253,7,427,537
258,8,422,519
253,0,427,509
259,8,425,521
257,3,428,519
259,8,425,519
257,10,424,525
253,6,428,522
253,8,428,538
257,2,426,551
256,0,430,533
250,4,425,529
254,3,430,534
252,1,428,522
254,11,426,549
258,2,429,539
252,9,430,536
254,6,431,537
254,5,428,528
257,8,427,535
249,12,427,541
249,11,433,533
256,10,422,525
257,7,424,539
254,5,430,532
251,5,425,532
253,5,431,540
256,3,427,534
258,8,424,532
254,13,421,527
257,6,423,524
254,7,422,526
257,7,427,526
256,2,422,528
254,14,421,533
255,7,430,527
250,4,428,533
257,-2,427,526
254,16,427,552
253,0,428,538
252,4,428,548
254,-0,427,543
250,4,428,533
251,1,429,532
255,2,427,540
253,1,426,524
257,2,425,523
248,6,427,526
255,7,424,534
249,8,427,534
253,7,427,535
250,7,428,539
253,6,424,547
251,7,430,546
247,7,432,532
256,9,429,539
248,13,424,544
246,2,430,530
253,3,427,534
254,6,429,540
251,3,425,530
254,9,427,554
254,5,426,533
252,8,425,532
253,9,425,530
252,12,423,530
255,13,420,530
255,13,425,543
252,7,427,535
253,3,426,530
250,5,427,535
254,4,427,548
252,3,432,541
257,5,427,538
255,-0,426,535
255,6,433,545
252,8,430,547
257,1,426,528
253,7,428,532
255,10,426,532
254,6,423,534
253,13,425,544
254,9,424,527
256,7,421,515
253,7,428,531
254,12,423,530
254,7,427,531
256,3,430,534
255,5,425,532
254,3,426,529
250,10,428,535
257,3,425,528
252,10,426,527
257,0,424,522
252,7,429,536
255,0,432,541
252,3,433,544
249,7,436,559
245,3,437,556
251,10,433,566
248,4,432,555
250,7,433,563
253,2,433,557
257,5,430,547
250,10,429,557
255,5,431,554
253,5,434,558
252,6,429,553
255,-2,434,550
255,-4,429,540
253,9,431,541
252,11,429,541
257,7,431,541
257,-3,426,538
247,6,433,546
248,11,433,550
250,7,430,549
247,1,434,538
253,2,431,544
253,3,428,546
252,3,431,538
251,2,434,550
251,10,434,556
251,11,429,561
241,12,436,563
247,-1,434,548
253,2,435,551
256,2,434,551
256,-0,430,540
257,9,423,549
253,10,431,554
256,6,431,544
252,7,433,551
254,-1,425,535
249,8,430,546
256,-1,432,551
249,-8,432,537
249,10,433,560
257,1,434,540
255,1,429,550
248,3,428,553
256,1,428,553
243,8,436,553
258,4,424,556
251,2,432,540
257,10,424,560
256,8,426,540
252,8,426,538
249,11,428,556
256,4,425,545
250,2,430,547
245,4,432,549
250,7,425,558
255,1,425,529
252,-0,430,543
256,6,425,544
254,4,425,549
255,1,429,538
257,4,428,547
247,3,431,539
252,6,429,542
252,6,432,545
257,3,427,544
258,2,431,532
244,11,434,558
253,-2,438,548
243,-3,434,551
252,2,434,560
251,5,430,554
256,5,426,548
256,4,425,543
255,0,430,550
254,11,431,542
252,5,429,541
253,8,433,544
247,4,429,533
252,12,431,544
256,7,426,537
256,13,426,539
251,8,426,539
258,8,422,533
251,9,428,530
256,10,428,548
258,6,428,542
254,12,427,556
252,5,431,532
250,11,429,536
254,1,428,538
255,4,430,544
249,9,430,539
252,12,425,557
253,9,430,551
248,6,430,538
257,8,430,539
256,0,430,531
256,6,430,541
254,7,430,549
253,2,426,536
253,5,432,539
247,7,431,549
253,7,433,557
248,11,436,561
251,4,432,554
247,5,432,562
253,-2,435,556
247,5,436,563
247,-1,438,560
246,12,432,567
250,5,438,558
249,4,436,565
252,7,433,570
244,7,436,559
256,5,432,550
247,9,433,554
249,7,434,559
251,5,434,558
255,7,432,559
256,10,431,551
254,3,428,540
256,8,429,548
253,0,432,532
257,3,433,552
252,6,429,556
247,7,433,547
252,2,432,542
253,9,435,546
256,5,427,541
250,6,428,541
254,4,428,539
245,10,434,551
247,6,438,546
247,7,431,543
253,8,431,546
254,-0,430,533
255,1,430,536
256,3,429,543
247,9,430,546
247,4,433,538
245,11,437,565
244,6,435,558
248,8,438,559
247,-1,432,546
244,8,435,566
249,5,434,565
244,5,444,562
249,-0,442,557
250,-2,441,558
243,3,441,569
244,2,440,555
244,4,441,575
240,8,440,591
251,9,438,578
240,3,442,576
242,5,442,575
243,8,442,578
232,-2,447,584
242,4,446,588
241,1,446,586
244,-9,449,575
241,-6,445,582
236,6,448,588
233,7,447,594
242,9,444,592
241,2,448,582
234,9,451,595
236,-0,451,582
240,6,442,571
241,4,445,571
240,2,441,569
250,6,442,560
238,5,445,562
247,8,440,562
244,-2,447,563
251,2,441,565
247,10,440,575
246,10,442,564
240,10,446,564
250,10,435,547
254,6,436,555
240,-1,442,561
237,-2,447,565
244,9,443,562
249,6,444,569
247,0,442,561
244,4,444,561
244,7,443,568
244,12,439,571
241,6,441,561
243,3,436,555
246,5,444,553
249,8,439,554
245,6,435,544
254,7,435,548
250,6,437,549
251,-3,437,549
246,5,438,550
246,7,435,549
245,8,439,547
240,5,439,553
247,5,435,548
250,6,434,541
242,11,435,541
251,7,424,551
243,3,428,560
240,6,434,574
253,9,427,563
254,4,425,582
220,-7,427,569
194,-69,457,553
264,-140,493,518
444,-23,537,545
535,5,549,573
512,8,559,575
532,13,551,573
543,10,555,579
476,38,574,594
500,52,556,581
525,29,562,585
500,50,561,583
508,38,563,577
496,61,567,595
503,75,588,629
506,99,584,636
535,80,585,641
553,74,575,632
592,154,553,640
587,215,577,604
581,136,551,624
588,141,548,620
590,142,548,616
598,154,551,626
619,148,535,618
631,188,543,617
631,180,547,597
616,221,552,576
644,181,520,585
639,167,509,591
649,167,501,584
646,176,495,579
646,148,482,577
653,161,482,568
642,145,484,575
649,151,472,570
644,170,477,557
644,173,478,554
648,165,473,554
660,178,467,541
653,186,473,548
647,176,482,562
653,147,469,562
655,170,473,554
655,190,473,541
653,202,481,545
654,175,476,554
657,171,474,558
656,153,471,568
644,164,481,563
650,177,477,554
651,167,478,564
649,169,482,568
657,163,470,563
661,170,463,553
659,184,472,554
650,177,477,559
656,175,474,561
657,179,467,551
657,172,460,543
666,181,459,538
663,151,456,556
658,167,462,553
654,177,457,546
653,172,467,551
650,152,462,562
661,165,461,560
653,155,475,572
643,163,475,565
649,172,470,561
662,175,468,555
651,162,464,557
659,172,468,560
646,168,476,567
630,144,488,586
634,155,490,587
638,160,491,581
637,160,496,591
644,153,495,596
629,142,494,593
640,144,495,600
637,144,487,590
640,151,487,583
642,162,487,581
653,149,476,583
652,154,475,578
639,154,487,578
654,160,478,575
646,152,481,583
642,158,487,581
644,141,475,580
646,153,481,582
641,143,478,584
641,153,485,581
650,148,476,585
649,148,478,580
645,161,477,574
653,158,477,579
646,151,479,580
641,143,485,593
639,139,490,597
631,140,500,602
643,138,489,598
634,127,488,595
640,140,487,595
630,145,494,594
627,146,499,601
634,127,489,598
641,145,491,593
634,138,489,592
623,135,493,595
647,138,480,590
647,152,482,586
636,140,479,582
643,143,481,589
640,128,482,596
628,131,496,600
623,125,490,593
645,141,479,589
636,138,484,594
647,144,477,583
653,145,476,578
641,146,484,581
646,138,479,589
639,151,482,583
638,144,481,586
634,138,485,592
644,154,484,585
642,145,485,590
650,169,484,579
631,147,490,589
642,139,484,590
643,143,482,589
645,147,489,593
644,142,480,589
636,141,486,590
638,146,486,591
629,128,493,601
633,132,484,596
641,152,487,588
643,122,479,596
644,137,484,595
643,143,483,588
645,152,480,585
634,131,487,595
637,136,488,595
635,136,494,603
640,140,496,601
645,139,489,603
630,130,495,605
635,129,494,606
626,120,493,604
632,124,494,603
636,150,497,595
625,131,499,603
629,121,494,607
639,140,487,596
645,133,483,592
646,152,485,588
647,145,481,588
649,144,472,581
642,155,478,572
636,136,473,577
641,135,473,582
643,136,470,578
652,140,470,575
642,142,477,584
660,149,467,579
643,151,477,580
637,141,480,585
633,140,487,595
639,152,489,592
635,140,493,596
649,136,485,598
623,140,504,607
623,126,496,603
628,125,495,606
634,148,497,602
643,135,488,603
640,141,486,591
625,145,496,595
638,137,481,592
636,139,484,590
647,142,476,589
643,142,488,595
628,135,493,599
636,138,486,595
646,142,482,589
640,156,485,586
649,140,471,583
640,133,478,586
645,135,476,584
645,142,474,584
640,129,473,585
637,139,478,588
643,152,485,583
639,146,484,589
646,145,481,588
644,139,476,586
632,143,489,592
654,144,480,593
640,138,481,588
634,137,485,597
641,145,488,595
637,131,486,597
631,146,493,594
637,133,490,598
641,131,488,601
644,136,485,593
633,132,485,591
634,140,488,592
628,145,497,594
637,117,487,602
631,118,496,611
621,120,502,613
624,120,508,620
633,133,490,602
630,128,497,612
624,138,503,610
629,121,495,607
628,120,494,605
624,136,494,595
621,127,496,603
629,145,497,597
630,123,492,603
639,131,492,604
636,133,492,599
630,136,494,604
630,123,491,602
630,129,495,604
636,136,496,604
632,127,492,603
627,135,492,598
630,131,485,596
637,141,486,596
648,135,475,584
645,124,474,589
637,155,485,585
632,145,482,586
650,141,472,587
643,150,478,582
642,141,473,579
637,131,476,587
640,122,477,589
643,138,479,588
639,139,487,596
628,134,493,600
630,122,492,604
626,127,491,601
634,114,486,605
632,141,492,595
632,129,486,599
640,124,479,595
632,132,487,599
637,131,490,601
630,111,495,614
632,125,492,607
628,122,497,604
621,128,500,605
631,130,492,604
629,114,494,611
632,134,502,611
621,130,503,610
621,129,503,612
622,114,498,614
630,134,496,604
626,126,494,603
629,157,500,595
632,124,489,601
622,141,495,594
637,127,489,599
632,143,488,595
625,151,499,597
625,129,497,604
628,125,495,612
630,124,489,598
630,124,493,603
633,126,492,605
633,140,494,600
640,136,482,594
638,146,489,591
633,143,493,597
642,135,488,599
638,132,491,606
631,120,490,608
632,134,488,595
635,139,490,598
628,111,492,609
627,138,499,606
630,127,489,601
632,135,490,599
636,125,484,601
628,123,492,603
632,123,491,603
626,121,496,599
628,120,493,603
629,130,489,601
637,134,490,600
631,139,497,599
628,129,500,609
622,133,507,611
634,139,495,603
626,138,498,604
630,124,493,608
639,138,492,602
638,133,484,598
629,124,495,605
632,116,492,610
633,124,494,608
623,115,501,613
624,114,494,610
639,134,487,597
630,117,486,605
636,125,484,597
635,123,484,597
621,130,490,598
635,129,486,595
633,128,488,600
630,123,496,611
627,127,494,607
625,127,504,614
635,130,494,603
633,132,497,610
619,128,503,608
617,137,509,607
613,119,506,614
618,136,508,609
623,139,499,603
632,132,494,605
618,120,499,605
619,118,499,613
622,119,503,614
624,144,497,598
614,134,503,603
621,126,497,608
619,110,493,613
615,128,508,615
623,135,497,602
628,122,493,607
624,122,492,607
621,125,502,609
624,118,496,612
626,131,498,609
623,122,499,614
631,135,492,600
621,131,495,602
631,130,492,603
617,119,499,609
617,131,500,603
625,128,498,606
627,135,497,604
626,135,499,608
623,114,492,609
630,126,496,605
622,127,496,605
626,129,491,602
633,124,493,607
622,116,492,606
635,133,493,601
634,117,487,601
635,130,487,596
618,117,500,611
621,118,496,610
629,123,497,609
623,121,501,608
627,128,493,607
623,116,485,598
640,137,480,591
637,132,479,590
633,135,487,592
642,142,482,594
626,126,489,598
633,130,485,595
626,130,493,599
634,142,490,596
636,155,487,587
630,124,477,588
638,142,480,587
628,131,489,595
630,149,494,594
635,132,490,600
626,134,499,605
622,123,497,602
631,137,493,600
640,126,495,608
623,122,500,613
614,133,501,603
634,130,497,611
616,124,502,607
625,136,501,605
623,125,492,605
643,138,488,604
631,135,495,600
627,119,493,608
622,127,499,606
640,143,486,594
625,124,495,605
635,130,498,610
617,130,503,606
623,122,497,608
624,110,495,609
639,123,486,608
622,136,503,609
640,142,486,592
632,122,489,606
635,126,492,603
621,122,493,606
624,128,501,609
619,131,495,599
635,125,491,606
631,132,492,602
626,121,490,606
633,135,485,593
631,132,481,592
639,139,481,591
634,133,480,591
635,131,482,596
635,120,481,595
636,128,485,597
642,134,479,589
637,124,477,595
637,138,479,589
633,121,477,590
652,135,468,584
635,129,471,586
638,149,486,589
643,129,474,588
634,139,483,595
630,122,488,600
632,124,485,600
636,124,485,602
634,137,478,591
632,122,481,595
631,119,486,604
621,136,498,602
637,140,488,597
631,128,490,601
627,132,494,605
625,119,494,609
637,127,497,612
616,107,499,618
631,122,497,613
610,114,505,617
620,114,499,615
624,133,507,617
628,113,493,612
622,133,498,606
628,117,485,605
631,131,486,598
631,149,495,597
629,125,489,600
633,135,493,604
629,119,486,600
625,113,483,597
624,131,479,589
636,126,481,598
633,138,487,595
628,122,486,600
635,135,484,594
638,135,478,591
642,147,478,586
645,135,472,581
640,130,473,585
634,141,474,582
648,125,470,588
633,123,476,591
633,128,473,584
645,147,471,581
627,121,486,598
622,122,491,604
629,136,492,599
616,129,495,597
633,126,487,604
624,115,493,609
620,120,503,613
627,117,491,606
626,130,494,604
624,127,493,604
618,115,488,604
628,126,486,597
624,135,492,599
622,131,494,598
623,122,488,600
639,128,480,594
640,142,476,584
646,141,465,574
652,140,463,577
644,140,462,575
644,136,468,583
645,138,465,578
638,134,471,585
642,129,470,583
635,127,481,598
634,137,484,590
637,141,478,589
636,140,483,590
633,129,475,586
623,141,486,582
631,129,483,593
632,137,490,596
632,138,488,594
626,130,485,594
632,123,477,585
638,133,476,586
638,146,479,587
649,123,468,583
645,151,474,577
643,135,467,579
635,138,469,580
634,126,475,589
635,130,478,591
649,129,469,585
641,145,481,591
631,131,480,589
643,138,477,587
623,137,487,591
624,122,491,598
627,135,494,604
623,117,493,610
621,132,503,608
632,127,498,610
615,116,501,614
630,110,498,621
621,125,497,611
625,115,499,613
618,112,498,615
617,117,501,611
622,119,497,611
625,122,492,607
617,115,499,611
620,118,501,620
619,118,501,617
622,115,501,617
617,124,506,618
621,115,501,620
612,111,504,618
617,126,510,618
609,115,514,625
628,130,505,616
601,120,520,623
608,119,520,627
609,107,506,626
611,116,513,624
611,122,510,618
625,123,503,618
627,112,498,620
627,104,501,621
614,109,500,617
617,110,502,617
623,125,499,611
622,131,500,610
629,133,493,602
627,134,492,597
624,135,494,600
626,132,493,595
626,139,494,599
631,107,484,599
631,131,481,595
630,123,485,600
627,119,487,604
633,118,489,607
641,127,479,593
636,127,484,595
624,117,485,599
632,130,482,595
626,122,488,602
629,119,490,607
625,139,492,595
631,115,489,607
631,128,488,603
622,117,487,602
625,130,491,596
622,118,492,601
627,122,490,604
635,131,499,613
617,110,502,614
616,109,500,617
617,125,506,613
620,103,505,629
606,112,515,623
619,105,499,617
621,129,515,624
611,102,511,628
603,104,514,624
618,116,503,622
614,111,507,621
618,119,503,619
612,117,504,610
628,127,496,609
622,135,503,610
631,130,496,611
610,117,502,609
605,114,511,620
613,112,510,625
621,128,503,612
631,129,495,611
631,120,491,610
623,128,498,610
626,126,496,608
637,116,487,606
626,127,492,603
623,123,494,606
630,123,486,604
622,135,496,602
634,124,482,599
629,130,486,601
631,128,494,608
609,125,504,607
627,134,495,608
622,116,497,614
619,138,507,604
616,127,507,615
611,127,516,617
610,117,517,624
611,110,516,631
620,123,510,624
611,107,514,626
616,113,509,624
611,113,514,624
609,124,515,619
627,106,502,622
614,121,506,616
623,115,502,616
628,122,503,617
626,126,502,615
617,116,505,620
615,132,515,620
609,114,502,612
633,119,493,610
615,111,497,611
622,116,493,607
616,117,496,609
626,120,501,616
631,115,488,608
615,122,504,609
614,121,501,613
615,121,495,605
632,131,489,601
626,129,493,603
629,123,495,607
630,121,491,603
632,114,483,599
642,123,471,590
639,133,471,583
640,123,472,583
639,138,479,589
637,122,477,593
634,140,480,591
623,128,493,604
625,125,493,607
627,122,494,612
629,118,488,611
628,128,491,601
619,123,495,608
634,126,490,605
630,136,487,597
637,127,481,592
646,139,477,592
633,128,486,599
625,126,491,607
634,125,480,594
631,114,484,598
628,122,487,599
636,127,489,601
627,114,486,605
620,120,497,610
623,120,497,609
617,115,497,610
628,120,500,618
618,109,502,623
612,124,507,615
618,116,500,613
622,117,492,605
621,125,491,599
630,127,489,600
621,123,496,604
627,118,489,605
622,122,497,607
616,125,500,609
641,134,488,604
628,133,485,591
632,145,487,595
636,117,479,597
617,125,493,599
624,135,488,598
625,121,492,608
631,136,495,600
625,111,491,609
616,111,498,615
624,112,495,615
615,121,508,616
618,112,513,624
614,117,512,621
601,103,516,627
610,109,513,623
601,104,517,626
603,113,517,624
604,102,512,624
612,107,514,628
599,85,515,633
613,121,518,629
611,106,513,626
614,99,514,639
592,91,528,639
610,103,521,642
608,119,525,637
608,121,521,626
608,105,525,642
610,105,523,636
608,104,530,645
614,120,527,642
595,107,532,639
589,106,530,635
593,115,534,636
601,100,523,633
617,111,512,631
602,113,528,638
604,120,525,630
600,103,522,634
611,111,513,630
608,105,514,631
601,103,523,633
611,103,513,630
621,123,512,628
608,105,518,635
608,112,519,633
615,120,518,630
609,102,513,629
600,106,525,634
602,111,521,630
618,120,508,624
616,113,509,624
605,119,514,624
619,122,514,623
614,119,502,613
623,114,494,611
616,113,501,611
625,113,493,613
623,124,500,611
640,143,494,605
630,113,492,614
643,132,485,601
629,123,491,600
614,132,496,601
634,108,484,605
630,123,489,604
626,135,488,595
628,127,486,600
624,107,485,607
627,128,489,603
618,122,497,610
632,130,487,603
633,123,489,607
621,118,494,604
628,108,491,608
620,132,494,597
619,117,496,607
624,128,491,604
627,116,494,603
628,126,491,603
625,117,491,606
625,110,489,611
630,121,484,603
622,118,487,599
631,120,474,590
645,141,464,574
647,139,457,567
648,129,453,561
654,143,446,555
657,134,446,554
660,134,440,552
652,139,451,557
654,143,451,555
650,138,459,569
644,127,466,582
627,128,481,586
634,130,479,592
638,141,482,588
624,126,488,595
630,128,485,596
629,130,487,598
617,122,495,603
631,123,487,605
623,137,492,594
629,131,488,597
643,137,475,591
632,123,484,599
631,145,491,595
627,120,488,602
633,123,483,600
630,127,488,601
630,119,489,606
624,113,491,607
620,130,502,611
629,101,491,613
633,139,490,603
618,120,493,607
637,127,482,597
626,121,483,599
631,118,478,593
636,121,480,597
635,124,482,595
633,121,475,595
646,167,484,584
637,126,475,590
641,144,476,586
621,129,487,598
631,120,482,600
619,125,488,597
634,115,485,604
631,129,485,603
619,121,490,607
631,123,486,602
628,118,490,606
620,111,491,611
620,109,496,614
622,114,494,612
617,130,504,615
610,121,500,607
623,118,491,607
615,105,496,617
636,121,492,610
