296,134,128,153
296,134,129,153
294,135,129,154
293,136,128,154
290,139,128,153
287,142,128,151
287,142,128,151
284,142,127,151
281,141,126,150
278,139,127,149
278,135,126,150
277,135,127,150
278,131,126,150
278,128,125,149
279,128,124,148
282,128,122,147
281,128,123,147
282,127,121,147
281,127,121,146
280,127,120,145
278,128,120,143
278,128,120,144
274,129,120,143
273,130,119,143
272,129,119,142
272,129,119,141
272,128,119,141
273,127,119,141
274,125,120,142
275,125,120,142
274,125,120,142
273,126,120,141
271,127,119,141
267,129,119,141
265,130,118,141
265,130,119,140
262,132,119,140
260,133,117,139
259,132,119,140
259,132,119,140
260,132,118,140
260,130,118,140
261,127,119,141
263,126,119,142
266,127,119,141
266,127,119,140
268,128,119,142
269,128,120,141
272,128,120,142
275,130,120,141
275,130,121,141
278,132,120,139
282,133,120,140
285,133,120,140
287,132,119,141
287,133,120,139
288,130,119,140
287,128,120,141
285,126,120,141
285,125,119,142
285,126,120,141
286,126,119,142
288,126,120,141
288,124,120,142
287,124,120,141
287,124,121,142
285,127,121,140
284,130,120,138
284,134,122,138
287,135,121,137
288,135,120,138
289,133,122,136
290,127,120,137
291,118,119,138
288,110,122,140
288,110,122,141
284,104,125,143
274,96,130,145
276,96,129,148
276,98,128,147
275,98,129,148
275,97,128,147
278,92,124,146
277,86,123,146
273,79,127,145
273,79,127,146
267,72,131,148
270,71,129,148
270,71,130,150
268,72,132,149
269,72,132,153
268,78,134,151
274,85,132,150
277,89,132,150
281,96,133,150
282,97,132,150
286,101,133,147
294,104,130,148
299,105,130,150
302,98,127,153
303,97,128,155
304,93,128,156
302,86,128,158
293,83,133,160
262,98,152,156
264,98,152,159
255,106,156,160
262,108,151,161
268,105,149,167
277,118,149,170
272,121,153,170
306,123,141,168
334,133,134,166
360,148,127,160
368,153,126,159
372,152,125,159
373,156,125,159
382,157,123,158
386,158,124,157
372,168,129,156
379,165,127,155
387,163,124,155
388,166,125,155
390,166,126,156
388,168,124,154
385,170,126,154
380,167,129,155
384,167,126,154
388,164,124,154
364,168,134,155
381,164,126,155
381,163,125,155
383,161,125,155
377,162,126,154
371,158,128,153
359,162,134,155
361,161,133,157
364,160,130,156
359,161,131,157
360,161,130,158
358,161,133,157
359,160,132,158
361,160,134,160
356,163,136,160
362,156,133,161
364,154,133,162
364,147,134,163
385,136,131,164
393,131,133,165
395,134,132,163
392,134,133,163
398,130,132,160
411,117,135,156
418,112,134,155
427,107,133,155
422,111,132,154
427,109,131,155
432,108,130,154
433,114,128,153
433,112,131,155
433,114,131,153
432,114,132,155
431,114,133,156
424,112,132,153
421,114,131,152
424,113,133,155
422,109,133,154
415,109,131,153
409,106,133,156
408,105,132,156
408,104,131,156
404,109,130,153
408,104,130,155
409,100,127,153
408,97,128,153
409,96,126,153
410,93,128,155
410,90,128,156
408,90,128,156
401,93,130,156
401,93,131,158
397,94,133,160
392,98,132,158
388,100,133,159
386,99,134,159
382,101,135,160
378,101,137,162
374,99,139,162
370,103,139,162
369,106,135,159
373,104,136,161
370,107,133,156
362,110,136,158
354,113,137,156
350,115,136,157
350,116,136,155
348,115,133,153
335,119,136,155
339,117,134,156
341,121,132,156
340,120,133,156
344,119,133,156
340,121,134,155
344,117,135,158
340,118,139,161
342,116,137,161
342,116,138,161
343,114,138,164
339,115,137,162
335,117,138,163
331,118,139,165
328,122,140,165
322,127,140,165
318,131,141,164
317,132,140,165
317,133,140,164
317,135,138,164
321,136,136,164
314,136,137,160
312,139,139,161
324,134,134,160
321,136,135,159
321,135,135,158
317,136,137,158
319,134,136,159
321,136,135,159
322,137,134,157
323,138,133,156
325,139,133,159
320,140,133,158
319,140,134,158
320,138,133,155
322,138,131,155
319,137,133,157
320,136,131,155
322,135,130,155
322,137,133,156
323,137,132,156
327,134,131,156
330,133,130,157
328,133,129,155
329,135,128,154
325,136,128,152
328,135,126,152
321,138,131,155
325,135,130,154
327,136,129,154
325,134,131,154
328,132,131,154
330,131,131,155
331,131,132,156
329,132,133,157
333,128,130,155
333,126,132,157
331,126,134,156
330,126,134,157
333,124,133,156
333,125,133,157
336,125,133,156
335,125,133,158
329,128,133,156
334,128,131,155
333,131,133,156
333,131,132,155
334,132,130,153
331,133,132,155
330,133,131,155
329,132,132,155
331,134,131,154
332,134,130,153
330,135,130,152
338,133,128,153
334,132,129,152
336,131,128,150
335,132,127,150
333,133,129,150
335,132,126,148
331,132,129,150
331,134,127,148
336,135,124,146
333,135,126,147
333,137,125,147
332,138,127,148
329,137,128,150
330,137,126,148
330,137,124,146
326,135,126,147
325,133,126,147
324,133,125,147
326,132,126,148
324,133,127,149
327,133,125,147
329,131,125,147
327,130,127,149
328,128,129,150
328,128,129,150
329,127,129,151
332,126,129,150
336,123,127,146
333,121,129,149
335,118,129,149
334,117,130,153
334,121,132,152
337,124,132,155
342,126,128,151
341,127,130,153
347,130,128,150
349,129,130,149
354,123,128,146
361,116,128,148
358,117,128,147
364,109,125,144
370,106,125,145
371,103,126,146
373,102,127,148
373,102,126,145
368,106,126,144
366,107,126,144
363,111,126,146
362,115,126,143
361,115,125,143
359,118,123,141
358,120,124,142
356,120,123,141
359,120,123,140
359,119,123,140
363,117,122,139
360,117,124,140
362,115,123,140
364,113,122,141
367,113,122,141
362,115,123,139
363,113,122,140
363,114,124,143
359,114,124,140
361,114,126,143
361,114,126,145
359,113,127,143
359,110,126,142
357,109,125,142
357,109,125,140
360,109,127,144
361,109,126,144
361,110,125,143
360,111,127,142
359,112,128,143
359,111,130,146
362,111,127,143
359,111,127,140
363,109,126,141
363,109,128,143
369,106,126,141
373,102,126,141
377,101,126,143
374,103,126,141
373,103,125,139
370,107,127,143
370,108,126,141
367,111,126,141
367,111,124,141
367,112,123,139
369,111,125,143
370,109,124,142
373,108,123,142
371,110,124,143
369,110,123,141
367,114,123,143
366,118,124,143
369,121,123,142
368,124,123,140
368,124,122,139
369,125,123,141
365,131,123,142
367,131,123,139
371,132,124,144
371,130,126,143
373,130,125,142
378,126,124,142
380,124,126,142
389,120,125,139
391,118,125,142
395,115,125,140
397,111,123,138
403,107,123,138
405,109,125,141
405,108,124,137
404,107,125,139
402,105,126,138
402,107,125,137
401,106,124,137
399,106,126,140
401,105,125,139
402,107,125,137
403,105,124,136
405,104,125,137
405,104,128,140
406,104,125,136
409,103,125,138
411,104,125,136
410,105,126,137
410,105,125,136
400,104,130,139
393,102,126,133
382,101,126,133
378,103,126,134
377,103,126,137
375,104,124,136
371,107,127,137
370,111,127,137
370,112,130,139
368,113,130,140
366,115,129,141
366,119,128,138
361,125,130,141
356,128,128,136
357,128,130,139
356,129,130,138
358,129,130,140
358,126,131,140
358,125,132,142
359,124,131,141
357,125,131,140
353,128,132,139
350,128,134,141
350,130,131,141
349,131,132,142
348,136,131,141
347,136,130,138
345,139,131,139
343,139,131,139
343,139,132,141
341,137,133,141
342,135,132,141
341,135,132,140
342,134,130,138
341,134,130,138
343,135,130,139
340,136,130,138
334,135,130,137
333,135,131,140
334,134,130,137
331,135,128,140
331,134,129,139
332,133,128,138
333,133,127,136
336,133,128,137
332,133,128,137
334,134,129,140
334,133,126,137
338,132,127,136
338,132,127,139
341,130,126,139
339,126,126,137
340,124,125,138
339,124,124,137
338,124,125,141
336,125,126,141
324,127,130,137
310,127,132,138
301,124,133,140
303,123,132,139
302,121,129,140
297,121,128,136
302,119,126,137
304,119,126,136
305,119,127,138
302,120,130,142
307,120,124,135
304,121,128,139
302,121,128,138
302,121,126,135
302,120,128,138
304,118,127,136
306,116,127,136
307,117,125,135
308,117,126,138
310,117,124,134
308,118,127,138
315,123,127,137
320,128,126,138
319,128,127,139
318,129,127,142
318,132,126,143
318,136,125,144
317,137,124,143
320,134,124,142
315,134,125,143
315,134,124,143
316,136,125,144
318,135,123,140
314,137,124,144
317,136,124,140
314,136,124,140
315,137,124,140
314,138,123,137
314,139,124,142
316,138,126,141
322,138,124,139
320,139,124,138
319,140,124,140
319,140,124,140
322,142,124,140
324,143,125,139
323,143,125,138
324,143,126,138
323,144,128,141
322,144,126,139
320,146,128,143
316,148,127,142
316,150,125,141
315,149,126,141
312,150,127,143
315,149,127,141
317,148,127,142
319,146,127,142
320,145,126,142
318,146,127,143
319,145,128,143
320,146,127,140
320,147,128,143
317,147,128,142
319,147,127,142
316,147,127,141
314,145,127,141
312,145,125,139
314,144,125,139
313,143,125,139
313,144,125,138
314,142,124,137
315,138,126,139
314,136,126,139
316,132,125,135
312,128,127,138
310,126,131,141
306,126,129,136
304,125,130,136
303,125,128,135
304,127,130,136
304,126,127,138
303,125,127,133
301,125,128,136
297,122,129,136
293,121,129,136
292,122,130,136
294,125,130,135
291,125,131,138
291,127,130,136
292,130,132,139
292,130,132,138
293,131,133,139
296,131,131,137
295,130,133,139
296,130,132,140
297,130,132,140
300,132,131,135
299,132,133,139
301,133,132,138
301,136,133,140
303,139,133,140
301,140,135,140
301,139,135,141
299,140,135,140
298,141,133,138
297,143,134,138
295,144,135,139
297,145,135,137
298,145,135,136
300,146,136,139
298,145,139,141
297,144,140,139
298,146,140,139
300,145,143,139
297,143,142,141
298,144,142,140
296,142,145,143
295,141,147,145
291,139,150,148
293,140,154,149
274,133,165,158
251,129,168,163
252,130,169,166
228,128,174,168
208,124,177,168
206,124,171,177
198,125,173,179
190,123,173,174
192,124,176,183
186,118,179,184
186,116,174,185
180,114,174,185
181,112,175,183
167,112,177,183
166,115,166,187
168,117,162,187
170,125,160,188
172,125,159,186
171,128,163,189
174,132,161,189
171,135,164,190
168,141,174,189
172,143,167,184
179,147,164,182
181,150,167,183
184,148,169,181
185,151,168,182
189,156,170,182
186,156,177,184
191,164,172,179
188,154,176,179
196,160,176,179
196,161,177,178
197,163,175,179
198,157,174,175
197,157,171,174
198,162,173,179
195,163,174,178
199,167,171,178
195,164,170,175
195,166,167,173
193,168,169,174
195,171,168,173
196,172,171,176
198,171,171,175
196,164,168,174
197,173,174,178
197,172,175,178
197,170,178,179
197,172,192,175
206,180,183,175
201,174,188,179
203,173,184,176
206,178,186,175
211,178,187,178
206,165,191,178
213,164,187,180
211,165,188,181
208,163,191,185
208,170,192,183
208,172,192,183
212,173,194,185
210,171,194,184
210,169,195,185
212,166,199,185
217,159,196,189
211,152,194,189
216,153,193,190
201,143,204,190
182,134,212,194
190,132,201,190
189,139,197,186
189,135,197,186
186,134,201,190
193,139,204,193
184,139,207,193
189,135,208,192
195,137,211,197
183,137,215,196
183,136,218,201
178,136,223,200
176,135,228,203
180,135,225,203
178,140,225,201
170,132,229,203
166,135,230,206
163,138,233,206
159,136,231,204
158,140,233,205
159,139,232,204
153,137,227,202
155,134,236,207
155,137,236,207
158,138,228,205
155,136,228,204
153,137,223,202
152,132,228,203
152,137,226,202
149,133,220,200
151,140,222,198
141,143,215,196
139,144,224,201
142,145,224,200
136,143,222,200
132,142,225,201
136,140,227,202
139,136,231,205
132,134,232,207
138,134,237,208
134,139,234,206
134,139,233,206
146,146,229,205
142,144,229,203
137,142,231,204
138,142,228,204
142,144,227,204
144,143,231,205
143,144,226,203
150,147,218,199
155,145,217,200
153,141,218,199
157,144,215,198
150,139,212,195
148,142,208,194
148,140,213,196
149,133,215,201
148,135,215,202
152,135,216,201
158,133,216,202
154,140,214,201
153,137,214,203
154,142,213,203
153,137,219,205
155,139,217,207
153,142,218,207
155,143,222,207
151,138,226,208
154,136,225,206
152,138,226,206
157,143,222,207
155,146,226,210
156,147,221,209
157,144,220,209
161,148,222,208
159,150,226,210
153,154,227,213
162,152,227,212
166,156,222,211
160,151,228,212
161,151,230,212
163,152,228,212
163,152,231,214
159,149,232,216
161,155,233,215
158,155,232,215
161,157,233,214
161,159,234,215
156,160,237,213
163,167,235,212
164,165,233,209
166,169,237,208
168,171,236,209
171,168,238,212
171,172,236,209
165,171,241,209
171,169,236,209
168,168,239,208
169,167,239,210
173,170,238,210
169,169,242,208
179,166,239,212
177,162,241,211
179,167,238,209
180,166,239,209
182,173,235,203
179,172,239,205
175,169,236,203
174,170,236,203
173,167,235,205
177,171,232,204
175,174,232,202
171,168,236,203
173,174,236,203
174,166,236,208
169,164,240,209
172,166,233,204
173,174,235,202
173,168,234,205
170,170,236,206
172,176,234,203
170,168,234,205
183,185,224,195
181,186,224,193
187,188,222,192
190,192,224,193
190,183,230,199
197,192,227,206
183,186,236,211
188,193,231,205
173,181,242,213
173,177,245,220
160,177,252,220
173,176,245,222
163,177,253,222
166,175,253,224
177,171,249,225
157,180,265,221
165,179,262,223
187,183,247,221
163,173,258,225
169,167,251,226
164,165,254,224
165,164,255,226
163,159,253,225
175,162,237,221
182,162,230,220
178,166,228,217
172,163,231,216
181,167,222,213
176,162,227,214
179,163,225,213
185,164,221,212
179,164,221,209
189,167,217,210
187,161,221,212
188,161,220,210
187,160,217,209
182,161,222,209
182,158,223,211
176,160,225,211
179,159,222,211
186,156,221,212
186,157,220,211
185,161,220,210
184,158,219,209
190,160,215,206
189,160,212,205
185,158,216,206
189,158,216,208
180,152,223,208
191,157,217,207
190,155,214,205
189,156,217,205
192,156,216,207
188,153,214,203
184,152,215,203
191,156,209,201
192,155,208,199
185,154,210,198
197,153,204,199
199,156,204,197
196,156,203,197
197,153,204,199
195,154,207,200
193,153,208,197
204,154,201,194
199,155,205,195
200,153,205,196
195,149,207,197
199,149,205,197
204,154,200,195
194,145,207,196
203,148,201,196
199,149,203,197
195,149,206,197
196,150,204,197
206,156,202,196
195,152,205,196
202,152,202,195
201,152,201,195
195,149,204,195
198,154,201,192
200,152,199,193
205,155,197,192
201,160,202,192
204,161,199,191
207,164,196,190
209,158,197,193
203,160,202,194
204,161,200,194
204,161,203,197
202,162,203,196
200,162,205,196
208,165,202,197
212,167,202,195
211,168,206,197
221,181,207,188
219,180,209,190
220,183,211,190
217,186,205,186
218,190,203,186
219,189,198,182
218,190,196,180
227,195,186,178
227,202,181,171
226,207,181,168
232,205,179,170
229,204,178,170
228,203,174,167
227,204,175,169
226,200,172,170
222,197,172,169
229,201,170,167
233,203,169,165
236,201,169,164
236,199,171,166
239,201,170,164
233,197,171,163
237,199,174,165
233,198,175,167
229,195,176,168
227,194,180,168
230,197,181,169
226,192,183,173
230,192,179,169
229,191,182,172
233,194,181,170
236,194,181,171
226,195,181,167
228,197,176,165
229,200,171,162
227,206,167,160
228,205,164,160
233,210,158,159
230,206,157,160
229,208,163,163
230,209,166,163
228,206,168,165
233,205,164,162
232,201,163,163
232,207,166,160
236,209,160,159
236,210,159,159
233,214,159,158
232,211,154,160
230,215,156,156
235,219,154,156
232,220,153,153
230,218,152,154
231,219,150,153
236,221,151,151
235,224,153,150
235,221,151,150
235,223,151,148
234,224,149,148
235,227,151,145
234,225,148,145
237,226,145,144
239,227,146,145
236,228,148,144
235,225,143,144
235,224,147,144
240,221,141,144
237,220,148,147
236,215,150,151
232,209,150,151
234,210,148,151
231,214,150,148
236,214,149,149
234,210,149,151
231,209,149,151
233,209,143,148
233,211,145,150
234,212,145,149
233,213,145,150
234,213,145,149
233,212,147,149
230,209,148,153
229,206,147,154
227,214,150,153
228,214,151,154
229,211,147,153
225,215,153,154
222,209,155,156
225,212,157,155
226,210,158,156
220,210,161,157
223,207,155,155
225,212,158,155
226,210,158,156
231,210,158,156
225,211,163,154
231,211,159,155
233,212,158,153
227,212,160,153
229,213,160,154
229,216,162,155
224,218,164,155
222,214,163,153
233,219,158,153
231,216,158,153
236,215,156,155
237,220,156,152
237,216,155,154
237,218,154,151
240,218,155,152
236,214,157,155
235,215,159,154
239,216,158,155
237,216,159,155
235,217,157,153
234,217,156,155
235,216,159,158
237,215,156,158
235,214,160,159
231,211,158,160
233,212,159,160
231,214,158,158
230,211,158,159
231,212,158,160
232,213,158,160
233,212,156,158
230,213,155,156
230,209,157,159
233,208,159,162
233,205,155,161
231,210,158,158
233,215,158,156
229,210,157,157
228,211,159,158
228,210,158,157
229,214,159,157
229,208,157,158
227,213,159,155
230,212,158,156
231,212,158,156
227,213,158,155
230,211,156,156
227,213,158,155
227,214,157,155
225,213,155,155
227,218,156,154
226,215,155,155
227,217,152,151
229,218,153,151
227,217,155,153
226,217,154,151
229,217,153,151
231,221,151,148
230,217,151,148
231,216,155,152
229,212,156,155
234,217,153,152
229,215,154,153
230,215,156,154
227,219,158,153
228,214,157,155
224,210,160,157
225,211,162,159
222,210,164,160
224,208,161,161
223,211,164,160
223,208,163,160
225,214,163,157
223,212,162,158
222,208,159,159
224,211,160,158
225,215,160,155
220,213,164,158
219,209,164,160
225,211,162,158
224,211,159,157
220,210,164,158
221,210,164,159
222,207,162,160
218,206,162,160
221,205,162,163
221,203,162,163
216,205,167,163
215,207,163,161
215,211,163,159
216,211,165,160
217,212,161,159
219,219,160,154
222,213,158,157
219,216,162,155
223,214,161,157
218,213,163,158
219,212,160,159
221,213,158,158
220,211,155,157
219,214,159,156
224,216,157,154
224,217,155,153
224,219,156,152
225,213,154,155
224,215,156,155
223,215,157,154
224,212,156,157
224,208,153,159
224,213,157,157
225,210,156,158
225,208,154,157
224,217,157,153
221,211,151,152
217,214,156,149
206,217,161,148
204,217,162,148
203,215,162,150
198,214,161,149
193,210,161,151
193,214,159,150
192,214,159,152
188,207,157,152
192,208,157,153
192,209,157,151
191,204,155,151
190,203,156,153
191,200,153,152
188,196,155,153
191,198,155,151
189,192,151,150
189,191,152,153
189,197,155,154
187,199,153,154
183,199,152,154
181,205,154,153
183,203,154,154
183,206,152,151
189,203,154,152
192,204,154,150
195,202,154,152
191,202,157,153
203,205,153,151
205,204,150,150
204,210,154,150
205,216,154,149
205,215,154,148
204,216,155,150
207,218,153,147
207,219,156,147
212,216,153,146
215,219,153,146
217,215,150,144
217,218,150,142
222,223,149,143
219,223,147,140
218,221,147,141
218,223,150,142
216,222,152,143
219,220,152,145
216,218,152,145
217,217,151,145
220,218,151,144
221,221,150,143
220,221,152,144
220,222,151,143
220,223,149,141
220,223,150,143
218,226,153,143
214,222,150,142
219,224,152,142
219,221,153,145
218,223,153,143
216,223,150,141
218,226,153,142
217,225,155,144
216,228,155,143
212,225,154,144
214,226,154,145
213,228,155,144
209,225,155,144
209,225,155,143
211,225,154,142
207,225,157,144
204,221,160,149
211,219,161,150
207,219,161,151
215,224,165,149
216,222,163,149
221,222,159,150
222,224,158,149
226,226,157,149
221,227,154,147
220,229,152,146
221,231,151,144
215,228,152,146
218,231,151,145
217,228,152,146
211,232,153,141
210,221,158,148
187,210,160,150
185,210,158,149
182,198,150,147
189,195,142,143
188,190,141,143
187,181,138,143
185,180,138,144
187,179,136,144
190,178,137,144
191,177,139,145
193,182,139,147
194,183,140,146
196,184,138,146
204,187,139,145
204,186,138,143
197,180,144,146
200,178,142,144
201,178,146,142
211,178,145,139
223,174,142,140
232,169,137,138
234,168,139,139
244,156,136,139
246,143,137,142
246,128,137,142
242,130,138,137
243,129,138,136
245,129,136,135
246,125,132,133
250,120,132,133
255,120,131,132
255,119,130,131
259,120,127,128
255,123,126,123
266,118,127,124
266,115,127,124
265,114,127,124
273,109,127,122
275,104,124,123
277,100,126,122
277,95,126,120
279,89,128,121
281,83,128,120
285,84,130,118
285,83,130,119
280,79,126,117
280,81,126,114
275,81,129,116
276,82,127,115
275,82,131,115
272,81,127,114
271,83,122,112
276,80,121,114
277,76,117,116
278,67,114,120
276,60,110,122
270,55,111,121
259,43,116,124
234,39,121,125
210,39,127,126
196,30,123,125
167,30,127,132
143,32,128,135
116,34,131,137
93,33,134,139
69,32,137,142
51,29,134,140
27,27,136,141
7,28,137,141
-6,22,132,139
-16,17,127,145
-18,18,126,147
-29,18,121,153
-34,16,121,153
-32,19,120,150
-37,21,119,154
-30,33,116,151
-31,37,119,150
-34,38,118,151
-27,37,121,151
-25,39,123,155
-16,38,127,161
-20,48,131,159
-28,56,129,159
-35,64,129,156
-37,59,130,152
-41,57,129,155
-29,46,135,148
-36,47,130,160
-36,41,134,158
-40,32,133,158
-39,31,135,166
-38,19,142,166
-42,18,141,170
-39,20,144,169
-29,29,149,166
-30,36,148,169
-34,39,154,174
-31,49,167,178
-13,54,172,170
-7,59,181,174
-3,60,184,175
-4,65,191,176
15,64,194,176
24,80,197,174
26,87,202,174
46,89,206,176
77,90,209,177
108,79,212,180
135,67,211,179
178,60,210,178
212,46,210,179
236,35,207,178
256,30,206,176
270,18,210,180
291,16,214,180
309,26,216,181
313,25,220,185
316,32,219,185
336,37,213,187
335,39,208,185
337,60,201,183
342,72,193,184
338,85,197,186
343,106,195,176
337,110,203,175
338,112,204,175
343,113,203,174
343,120,203,173
356,120,196,171
352,117,202,174
354,117,201,177
355,125,198,176
349,121,200,179
347,125,199,179
339,117,203,184
343,122,198,182
344,122,193,181
337,111,200,183
343,116,193,178
340,108,195,181
349,105,191,185
346,98,192,188
340,91,196,196
341,84,195,200
340,80,196,203
336,83,199,203
327,78,204,206
320,67,204,215
317,74,205,213
308,73,208,217
308,71,208,222
307,71,204,223
303,73,204,224
305,77,204,219
299,75,208,223
297,77,210,220
291,80,211,217
284,84,213,211
283,79,212,214
280,82,215,214
278,86,216,210
278,88,214,211
273,91,215,209
273,98,214,205
278,96,213,205
281,88,211,211
274,90,212,208
281,93,209,205
276,95,209,204
274,90,210,205
272,99,208,196
287,85,203,207
278,98,203,198
284,95,197,202
279,94,199,204
284,92,199,207
282,91,199,207
287,98,194,202
290,89,195,213
286,91,193,209
288,103,190,199
290,92,192,211
284,102,192,203
279,103,194,205
281,104,193,204
283,102,194,206
284,102,193,207
284,115,193,199
285,113,199,196
284,109,201,199
282,108,204,200
280,104,200,198
277,108,196,196
275,117,190,188
280,105,189,192
277,108,186,188
278,103,185,186
280,103,181,185
283,101,183,184
285,103,186,183
286,97,186,185
286,99,188,183
289,94,188,184
287,96,185,182
287,89,183,182
288,75,187,185
293,71,187,186
294,62,190,187
295,61,188,187
294,56,192,191
291,61,189,189
292,49,193,193
296,62,189,187
290,64,186,188
291,66,189,186
288,64,188,186
286,70,184,184
283,75,183,182
284,69,186,184
285,75,185,183
