484,164,28,20
482,160,27,19
478,161,28,19
473,163,29,20
470,166,30,20
466,169,30,20
461,172,29,20
458,174,30,20
455,173,29,21
450,172,29,20
448,171,29,21
445,169,27,21
441,166,29,21
439,168,30,20
437,167,27,23
434,169,29,22
433,165,30,22
433,163,30,22
432,161,30,23
432,159,28,22
429,156,29,25
429,157,29,24
428,152,29,28
427,147,28,29
431,144,28,30
437,141,28,30
439,138,27,30
441,136,26,31
444,132,27,30
447,128,29,30
450,126,28,30
452,123,31,29
457,121,30,30
465,120,29,30
470,118,29,29
475,114,31,29
480,114,31,29
486,111,32,27
493,112,34,26
498,107,34,26
503,104,36,26
511,103,35,26
516,106,35,24
525,108,35,25
531,111,33,24
539,113,35,24
551,115,34,23
556,117,32,27
566,120,35,23
574,120,34,24
584,119,33,27
594,122,32,26
603,117,32,28
610,115,32,27
613,112,33,29
620,113,31,28
624,113,31,28
630,109,31,30
635,104,32,35
635,110,34,30
636,112,35,32
637,115,34,32
638,120,36,31
638,120,34,33
637,125,36,32
638,129,36,31
633,132,37,30
634,133,36,29
637,134,36,29
634,136,37,30
632,138,40,31
634,140,40,30
634,141,38,30
634,142,37,30
638,143,35,30
638,143,35,31
637,145,36,31
639,145,35,32
642,143,34,33
642,143,36,35
646,145,34,34
647,145,33,36
650,145,34,37
653,148,33,34
655,147,34,34
652,147,34,33
653,144,36,34
654,145,37,31
654,142,38,32
655,137,36,35
655,136,38,37
653,140,40,34
653,141,39,35
650,143,39,34
649,141,39,36
644,141,39,36
637,143,41,34
640,144,40,34
641,144,40,36
636,146,41,34
637,146,40,34
640,148,39,35
638,150,39,33
635,152,39,34
633,152,38,32
635,153,39,32
636,157,37,34
635,158,38,35
636,157,39,33
639,153,38,35
641,157,39,35
649,160,36,35
655,162,37,38
658,164,40,37
665,163,38,38
668,157,38,38
674,151,39,40
680,145,38,41
682,142,41,39
689,134,41,40
693,128,43,40
697,127,42,40
701,121,42,45
702,118,45,44
703,110,44,46
700,109,46,48
699,110,47,46
701,109,46,44
696,108,51,42
697,107,50,41
692,109,50,38
687,104,49,40
686,97,50,39
683,93,45,37
680,88,48,37
675,87,49,38
669,83,49,39
666,75,49,38
658,76,51,36
655,76,49,39
649,82,49,36
643,87,53,36
639,91,50,33
633,95,51,32
626,93,53,33
622,90,52,33
618,92,53,32
616,98,51,33
616,108,48,32
611,113,47,33
605,115,46,36
602,119,46,38
598,122,46,39
596,129,46,34
596,127,43,38
593,125,44,40
589,126,43,42
590,126,40,42
586,124,43,41
584,122,47,40
584,117,47,43
583,111,44,46
585,109,46,44
587,110,45,47
585,110,46,46
585,110,44,46
587,111,44,44
589,111,44,42
582,117,47,41
583,115,45,44
581,120,47,41
582,122,46,42
582,126,47,39
580,128,49,38
588,128,45,38
589,132,47,33
590,133,46,39
595,135,47,36
595,133,48,39
594,134,49,37
596,134,46,37
598,130,44,37
601,124,43,36
604,122,43,36
610,121,42,38
612,122,42,40
617,120,40,42
621,120,41,43
622,123,41,45
624,127,42,44
629,128,39,46
632,130,39,43
632,132,43,42
633,134,44,46
631,137,44,44
631,138,45,45
631,139,43,47
631,141,43,48
627,141,44,47
626,140,43,47
624,139,44,48
620,138,45,50
619,139,45,48
620,136,46,49
620,133,46,47
619,131,45,48
616,134,46,44
614,134,47,46
613,135,48,45
611,134,48,47
614,132,44,47
610,133,46,48
610,131,46,48
613,132,48,49
612,133,48,48
613,134,46,46
611,128,47,50
607,132,49,45
606,132,49,52
610,138,46,45
611,135,47,47
611,133,48,51
611,134,48,50
608,140,48,46
606,140,46,49
605,141,45,52
604,142,46,50
601,139,47,52
599,135,44,52
596,133,46,54
590,135,48,51
584,136,47,54
581,138,48,52
580,138,49,53
576,139,49,53
570,140,50,51
565,141,50,50
560,138,52,56
557,140,52,52
553,143,51,48
550,143,53,51
545,145,51,51
541,148,51,47
539,150,54,48
535,149,54,50
534,149,57,48
533,148,55,49
532,148,55,50
530,148,55,49
529,147,54,51
530,147,54,50
531,147,55,50
533,148,54,51
528,142,50,60
533,144,50,58
536,142,48,60
537,139,48,61
541,140,47,60
543,138,49,60
544,139,49,59
545,141,49,60
548,146,52,57
548,149,52,60
550,152,52,57
552,157,53,55
550,159,58,55
548,159,61,56
553,162,61,52
555,162,64,54
560,161,63,56
564,162,64,54
568,158,63,59
567,160,66,52
570,158,63,53
576,158,63,51
581,155,62,56
584,158,64,54
584,157,63,54
588,157,60,54
595,159,57,54
594,158,59,58
597,156,56,66
597,164,59,64
606,172,60,66
612,183,57,64
614,189,61,64
621,194,62,65
630,201,64,59
636,206,63,57
639,212,64,56
645,226,60,49
651,232,61,52
656,243,65,51
661,251,69,51
664,259,67,50
671,266,65,51
678,276,69,51
683,285,71,58
684,286,72,59
683,295,76,59
682,297,76,70
682,310,72,63
683,326,68,56
685,334,70,60
677,340,75,60
680,347,71,55
684,352,72,58
682,360,72,59
694,366,68,62
688,377,73,58
687,381,70,63
691,387,64,64
687,392,66,58
687,392,66,58
687,388,66,67
685,395,65,62
688,399,60,59
686,395,68,60
687,390,66,60
689,385,64,61
688,385,62,59
686,385,66,57
690,384,61,59
693,383,61,60
693,384,65,60
689,385,63,63
684,394,66,61
680,398,69,60
682,402,67,63
686,412,69,55
683,418,69,51
684,420,71,56
682,423,70,56
678,422,71,57
678,425,72,58
679,426,71,59
683,429,67,59
677,432,68,58
675,435,68,58
664,434,72,64
665,437,67,61
662,436,70,61
663,441,74,60
659,443,76,58
659,447,69,57
658,450,69,56
660,453,68,55
656,455,67,53
656,453,65,57
658,456,60,55
653,456,63,55
648,456,63,58
640,460,69,54
642,461,65,54
641,458,63,57
638,456,61,58
638,453,67,58
633,453,67,61
636,453,66,60
635,452,63,58
634,453,62,60
629,451,67,59
624,446,69,59
624,443,64,63
620,441,72,61
620,438,67,68
618,433,70,66
613,433,68,61
613,426,72,66
610,430,76,66
606,426,69,65
608,428,75,66
603,423,73,69
609,421,77,74
603,419,78,74
601,417,79,72
600,415,81,70
606,416,77,67
595,412,72,62
604,413,75,63
603,411,73,64
595,407,75,65
590,404,73,63
596,405,76,64
585,407,74,65
585,409,77,64
586,411,74,65
573,413,72,66
573,417,76,64
566,420,76,62
570,420,76,68
569,423,75,65
576,426,76,69
577,429,76,66
578,428,78,70
582,430,78,67
585,431,74,67
588,433,80,67
592,435,78,65
597,438,81,66
600,437,78,71
593,435,84,71
592,437,78,68
599,439,79,67
600,441,85,67
603,437,77,69
600,436,76,65
605,430,79,68
603,421,83,75
610,420,80,73
612,414,84,76
615,409,83,73
623,404,79,69
627,407,75,66
629,401,81,68
635,395,77,67
639,391,78,67
642,382,78,69
648,381,77,69
656,381,74,65
658,370,72,68
663,362,73,69
666,362,72,65
668,364,72,66
672,364,69,64
678,364,68,69
679,367,69,69
677,366,70,62
682,366,69,57
687,365,64,56
686,355,67,60
687,343,76,65
691,338,67,64
690,332,75,63
692,327,73,60
703,321,66,63
705,318,70,59
710,310,70,61
710,307,70,58
719,301,67,64
720,301,70,60
718,297,67,64
720,300,68,56
728,297,67,56
733,301,69,52
738,303,71,55
743,300,64,53
753,299,63,57
755,297,61,56
763,297,54,55
763,297,54,57
768,300,55,50
772,303,58,48
773,303,55,49
774,302,53,47
776,306,55,45
777,306,53,44
775,303,55,45
775,302,54,45
772,300,50,44
769,298,53,44
766,297,55,43
762,298,58,40
761,298,53,37
760,298,55,36
762,295,54,38
764,295,54,34
761,293,52,36
763,292,53,36
761,291,53,35
763,288,52,37
764,286,50,40
766,290,47,35
768,288,46,40
768,293,46,32
768,287,44,39
768,287,44,39
770,291,43,34
773,292,43,33
773,293,41,30
775,293,42,28
775,293,42,25
775,292,44,24
776,289,43,24
776,285,42,22
776,279,45,22
776,276,43,23
775,274,43,22
775,272,41,22
773,271,42,23
770,270,41,23
768,267,40,24
766,267,42,24
762,268,42,23
760,271,38,24
758,274,39,25
755,277,38,24
754,279,38,23
753,280,38,24
752,283,36,22
751,284,39,22
754,282,37,22
757,281,37,22
759,281,37,23
760,281,36,21
762,280,37,21
765,279,39,21
768,280,37,22
775,283,36,20
779,283,36,21
783,283,35,19
783,282,35,20
784,283,35,19
786,282,36,20
787,282,36,20
786,281,37,20
786,284,37,20
787,286,36,20
789,288,36,19
790,287,39,20
792,287,38,20
793,288,38,20
793,288,38,20
795,287,39,20
796,286,38,20
795,286,38,20
796,284,39,20
796,281,39,21
795,282,39,20
796,281,38,20
798,279,38,21
800,278,39,22
802,277,38,22
802,276,38,22
802,275,39,22
806,272,38,22
807,270,38,22
807,270,37,24
807,269,39,24
807,267,38,25
808,264,38,25
808,261,38,25
808,259,38,26
809,258,39,25
810,252,39,28
810,249,39,27
813,246,39,28
813,244,39,28
813,244,39,28
812,243,39,28
813,240,39,30
815,237,40,30
816,232,40,31
815,228,40,31
818,221,39,34
820,221,39,34
820,219,39,35
819,213,40,39
821,211,40,39
823,207,39,41
822,205,38,41
822,199,38,43
821,193,41,43
821,186,39,43
821,181,38,45
822,178,38,45
818,175,41,45
815,171,40,46
813,169,39,47
812,168,37,49
810,156,36,57
806,153,36,55
801,156,39,48
798,153,40,51
795,154,41,50
791,152,41,49
786,143,41,55
780,141,40,53
777,139,39,53
773,137,37,52
764,133,39,50
755,132,40,46
747,124,38,51
740,123,37,52
735,126,37,51
728,127,38,49
720,129,38,45
714,126,36,49
709,129,34,49
705,132,34,46
701,131,36,46
696,126,37,46
692,125,37,41
688,126,36,41
684,129,35,41
681,133,37,38
677,132,40,38
674,127,36,40
669,126,36,40
663,126,38,39
660,121,36,43
656,120,37,40
650,122,37,36
647,118,36,39
645,120,37,39
640,122,38,34
637,121,36,34
633,122,36,33
628,119,36,33
622,117,35,36
617,117,36,35
613,117,37,35
607,118,37,35
603,116,38,37
599,114,37,37
595,115,39,36
591,117,37,34
589,114,35,36
581,110,38,38
578,113,37,34
577,109,36,38
573,110,37,36
571,113,36,34
568,111,36,36
567,111,35,36
564,108,38,36
565,107,35,34
564,106,34,36
561,106,35,35
560,104,34,37
560,104,33,33
559,102,34,34
554,99,35,38
554,100,34,34
554,99,33,33
551,95,35,39
551,98,33,37
551,99,34,36
550,100,35,35
549,99,34,36
549,100,34,37
548,100,34,36
549,102,33,34
550,100,34,36
549,102,33,34
549,105,33,33
549,105,33,35
551,105,32,34
548,106,33,33
547,106,33,34
548,106,31,35
547,103,31,36
546,105,32,35
544,104,34,35
544,105,34,34
545,107,33,34
545,107,34,33
545,105,33,34
545,104,32,35
545,104,32,35
547,105,31,32
547,103,31,33
547,105,32,31
549,104,30,32
550,105,32,32
550,106,32,33
549,107,32,32
549,109,31,32
552,108,30,33
553,106,31,32
550,101,31,33
545,101,31,31
544,101,31,35
542,104,31,34
541,110,30,33
541,115,30,30
542,119,31,32
542,120,31,32
542,123,30,31
538,124,30,30
537,124,31,31
536,129,30,30
534,129,31,31
532,129,30,30
530,130,29,30
527,130,30,29
529,129,29,31
532,131,29,30
531,132,30,29
532,130,29,29
533,127,29,29
533,126,28,28
535,123,28,29
537,124,27,27
536,125,28,27
537,126,27,28
540,128,29,28
542,130,29,29
543,132,29,28
542,133,29,29
542,135,29,28
541,135,29,27
542,136,28,26
541,135,29,26
541,133,29,25
543,131,29,26
543,131,29,25
542,131,28,24
541,131,29,25
540,132,27,25
541,132,28,25
543,133,28,25
542,132,29,25
542,129,29,25
543,129,29,25
543,129,28,23
543,128,27,24
542,129,28,23
544,127,27,26
545,126,28,23
546,125,27,24
545,126,27,24
545,128,28,23
546,129,28,25
547,131,28,24
548,132,27,23
549,134,28,23
548,134,28,23
549,136,28,22
550,137,27,23
551,136,28,24
551,138,28,23
550,139,28,23
549,140,28,23
550,141,29,24
551,142,28,24
551,145,27,23
552,148,27,23
552,149,28,23
552,150,28,22
553,151,28,22
555,149,27,24
555,151,26,23
555,152,27,23
558,152,27,23
561,152,27,23
562,152,27,22
562,151,28,22
564,149,28,22
566,147,27,22
565,144,27,22
563,142,27,23
561,142,27,22
561,144,27,22
560,146,27,21
559,148,26,21
558,148,27,21
557,149,27,21
555,150,28,20
553,147,28,21
553,145,29,21
552,142,29,21
551,139,29,21
551,140,28,21
550,141,29,21
552,141,29,20
552,142,28,20
550,143,28,20
550,140,28,20
549,137,27,20
547,134,28,20
548,133,27,20
550,133,25,20
550,134,26,19
552,135,25,21
549,141,26,20
546,143,25,20
545,143,25,21
542,142,26,20
539,143,27,20
537,141,27,21
533,136,26,19
530,130,24,19
526,126,26,19
521,127,25,19
515,130,25,20
512,133,25,19
511,137,24,20
511,138,25,19
512,138,26,21
514,142,25,20
514,143,25,19
512,148,25,20
513,153,25,19
515,156,25,20
514,158,26,20
514,160,25,21
515,163,25,20
513,165,25,20
513,164,25,20
513,162,25,20
513,160,24,19
514,158,26,19
516,157,26,19
518,156,25,19
521,152,24,20
522,146,25,21
523,144,25,20
524,140,24,21
525,142,24,21
526,143,25,21
530,147,24,21
535,153,24,20
535,158,25,20
536,163,25,19
536,165,26,20
536,167,25,20
536,168,25,21
537,168,24,20
539,167,23,20
540,165,24,21
544,164,24,22
546,162,25,20
546,161,24,20
548,159,24,21
551,156,26,22
553,154,24,21
554,150,25,21
556,146,25,20
559,142,25,21
562,136,23,22
569,126,25,21
577,113,25,20
583,99,25,20
588,87,25,20
591,80,25,20
590,76,25,21
590,73,24,21
592,71,25,21
591,70,26,21
590,70,25,21
586,72,24,20
579,76,25,21
570,82,24,20
561,88,24,19
555,95,25,20
551,104,24,20
549,112,24,21
548,117,25,20
548,119,24,21
548,124,24,20
549,128,24,20
549,131,23,20
548,132,24,20
548,133,24,20
547,136,24,20
546,137,25,19
546,137,23,19
544,136,25,20
544,136,24,20
544,136,24,20
544,137,23,20
543,138,23,19
542,139,24,20
543,141,23,20
543,142,23,19
541,140,24,20
540,140,24,20
541,141,24,19
540,141,24,20
541,141,23,19
540,141,23,19
539,142,24,18
540,142,24,19
540,142,24,19
540,143,24,19
539,143,24,18
539,143,24,19
539,143,24,19
537,144,23,19
537,144,23,18
537,144,23,19
537,144,22,19
535,144,22,19
534,143,22,20
532,144,23,19
531,145,23,19
530,145,23,19
529,145,23,18
529,145,23,18
529,146,23,19
529,147,22,18
528,147,22,19
528,150,22,17
527,151,22,17
526,152,21,17
525,154,23,17
525,153,23,18
527,154,22,16
526,154,23,17
525,155,23,16
525,155,22,16
524,155,23,16
524,155,23,16
522,156,23,16
521,156,23,17
521,156,23,15
522,155,22,17
522,156,22,17
521,157,22,17
521,158,22,17
521,160,22,18
521,162,22,17
521,163,22,16
521,164,22,16
521,165,22,16
521,165,23,15
522,165,22,16
522,165,22,16
522,165,23,15
522,163,22,16
521,161,22,17
519,159,24,16
520,158,23,17
520,158,23,16
519,158,23,16
519,158,23,15
520,158,22,16
519,159,22,15
519,159,22,15
519,160,21,16
517,158,22,15
516,150,22,16
515,146,22,16
513,149,21,15
510,154,21,15
510,156,21,14
511,156,21,15
512,155,21,15
512,156,21,14
511,156,22,15
512,163,21,15
516,166,22,15
517,168,22,15
519,168,21,15
521,167,21,15
522,165,20,14
524,164,20,14
528,159,20,14
533,155,20,14
538,148,20,14
551,141,20,14
557,133,22,16
555,141,22,16
547,132,22,16
558,138,22,16
557,132,22,16
545,128,22,16
544,109,22,16
534,91,22,16
524,78,22,16
511,55,22,16
496,51,22,16
492,32,22,16
506,6,22,16
505,-7,22,16
492,-7,22,16
490,-7,22,16
498,-7,23,17
504,-7,23,17
501,-7,23,17
490,-7,23,17
489,-7,22,17
474,-7,22,17
493,-7,22,17
499,-7,22,17
500,-7,22,17
484,-7,22,17
505,-7,22,17
504,-7,22,17
503,-7,22,17
505,-7,22,17
505,-7,22,17
508,-7,22,17
513,-7,22,17
516,-7,22,17
528,-7,22,17
549,-7,22,17
550,-7,22,17
551,-7,22,17
553,-7,22,17
554,-7,22,17
530,-7,22,17
529,-7,22,17
531,-7,22,17
530,-7,22,17
531,-7,22,17
530,-7,22,17
530,-7,22,17
532,-7,22,17
531,-7,22,17
535,-7,22,17
529,-7,22,17
530,-7,22,17
541,-7,22,17
554,-7,22,17
552,-7,22,17
554,-7,22,17
535,-7,22,17
525,-7,22,17
548,-7,22,17
547,-7,21,17
547,-7,21,17
550,-7,21,17
549,-7,21,17
551,-7,21,17
550,-7,21,17
550,-7,21,17
550,-7,21,17
542,-7,21,17
549,-7,21,17
550,-7,21,17
541,-7,21,17
536,-7,21,17
529,-7,21,17
528,-7,21,17
529,-7,21,17
530,-7,21,17
536,-7,21,17
535,-7,21,17
541,-7,21,17
542,-7,21,17
542,-7,21,17
541,-7,21,17
546,-7,21,17
549,-7,21,17
571,-7,21,17
570,-7,21,17
572,-7,21,17
576,-7,21,17
577,-7,21,17
578,-7,21,17
583,-7,21,17
588,-7,21,17
592,-7,21,17
596,-7,21,17
600,-7,21,17
605,-7,21,17
614,-7,21,17
619,-7,21,17
622,-7,21,17
626,-7,21,17
629,-7,21,17
631,-7,21,17
627,-7,21,17
631,-7,21,17
629,-7,21,17
629,-7,21,17
629,-7,21,17
627,-7,21,17
633,-7,21,17
616,-7,21,17
610,-7,21,17
610,-7,21,17
608,-7,21,17
607,-7,21,17
607,-7,21,17
609,-7,21,17
608,-7,21,17
631,-7,21,17
623,-7,21,17
611,-7,21,17
618,-7,21,17
624,-7,21,17
629,-7,21,17
619,-7,21,17
637,-7,21,17
637,-7,21,17
637,-7,21,17
637,-7,21,17
638,-7,21,17
621,-7,21,17
621,-7,21,17
622,-7,21,17
627,-7,21,17
625,-7,21,17
625,-7,21,17
625,-7,20,17
633,-7,20,17
632,-7,20,17
632,-7,20,17
633,-7,20,17
637,-7,20,17
637,-7,20,17
658,-7,20,17
661,-7,20,17
661,-7,20,17
656,-7,20,17
652,-7,20,17
648,-7,20,17
648,-7,20,17
646,-7,20,17
644,-7,20,17
647,-7,20,17
638,-7,20,17
635,-7,20,17
645,-7,20,17
625,-7,20,17
623,-7,20,17
623,-7,20,17
618,-7,20,17
617,-7,20,17
618,-7,20,17
617,-7,20,17
619,-7,20,17
617,-7,20,17
617,-7,20,17
623,-7,20,17
626,-7,20,17
627,-7,20,17
629,-7,20,17
628,-7,20,17
628,-7,20,17
628,-7,20,17
633,-7,20,17
633,-7,20,17
637,-7,20,17
637,-7,20,17
642,-7,20,17
642,-7,20,17
629,-7,20,17
624,-7,20,17
624,-7,20,17
639,-7,20,17
640,-7,20,17
640,-7,20,17
639,-7,20,17
641,-7,20,17
640,-7,20,17
639,-7,20,17
638,-7,20,17
638,-7,20,17
631,-7,20,17
626,-7,20,17
630,-7,20,17
615,-7,20,17
631,-7,20,17
632,-7,20,17
628,-7,20,17
626,-7,20,17
622,-7,20,17
625,-7,20,17
622,-7,20,17
618,-7,20,17
617,-7,20,17
613,-7,20,17
610,-7,20,17
609,-7,20,17
607,-7,20,17
606,-7,20,17
631,-7,20,17
629,-7,20,17
623,-7,20,17
602,-7,20,17
591,-7,20,17
592,-7,20,17
598,-7,20,17
608,-7,20,17
609,-7,20,17
609,-7,20,17
608,-7,20,17
625,-7,20,17
625,-7,20,17
625,-7,20,17
627,-7,20,17
629,-7,20,17
625,-7,20,17
623,-7,20,17
622,-7,20,17
622,-7,20,17
623,-7,20,17
626,-7,20,17
622,-7,20,17
637,-7,20,17
655,-7,20,17
638,-7,20,17
656,-7,20,17
656,-7,20,17
653,-7,20,17
662,-7,20,17
664,-7,20,17
674,-7,20,17
688,-7,20,17
690,-7,20,17
689,-7,20,17
707,-7,20,17
705,-7,20,17
707,-7,20,17
705,-7,20,17
706,-7,20,17
707,-7,20,17
708,-7,20,17
708,-7,20,17
705,-7,20,17
707,-7,20,17
707,-7,20,17
706,-7,20,17
706,-7,20,17
706,-7,20,17
705,-7,20,17
707,-7,20,17
706,-7,20,17
724,-7,20,17
728,-7,20,17
708,-7,20,17
703,-7,20,17
702,-7,20,17
702,-7,20,17
703,-7,20,17
706,-7,20,17
706,-7,20,17
707,-7,20,17
707,-7,20,17
723,-7,20,17
745,-7,20,17
754,-7,20,17
755,-7,20,17
755,-7,20,17
758,-7,20,17
756,-7,20,17
750,-7,20,17
738,-7,20,17
738,-7,20,17
738,-7,20,17
738,-7,20,17
738,-7,20,17
730,-7,20,17
737,-7,20,17
726,-7,20,17
714,-7,20,17
718,-7,20,17
691,-7,20,17
676,-7,20,17
696,-7,20,17
687,-7,20,17
686,-7,20,17
686,-7,20,17
687,-7,20,17
686,-7,20,17
686,-7,20,17
686,-7,20,17
690,-7,20,17
673,-7,20,17
670,-7,20,17
644,-7,20,17
639,-7,20,17
617,-7,20,17
611,-7,20,17
611,-7,20,17
611,-7,20,17
613,-7,20,17
612,-7,20,17
635,-7,20,17
652,-7,20,17
639,-7,20,17
637,-7,20,17
629,-7,20,17
617,-7,19,17
613,-7,19,17
614,-7,19,17
619,-7,19,17
618,-7,19,17
619,-7,19,17
611,-7,19,17
619,-7,19,17
618,-7,19,17
621,-7,19,17
623,-7,19,17
623,-7,19,17
627,-7,19,17
618,-7,19,17
613,-7,19,17
615,-7,19,17
617,-7,19,17
616,-7,19,17
618,-7,19,17
620,-7,19,17
622,-7,19,17
622,-7,19,17
619,-7,19,17
620,-7,19,17
610,-7,18,17
605,-7,18,17
606,-7,18,17
607,-7,18,17
605,-7,18,17
608,-7,18,17
606,-7,18,17
606,-7,18,17
606,-7,18,17
605,-7,18,17
606,-7,18,17
606,-7,18,17
607,-7,18,17
605,-7,18,17
606,-7,18,17
608,-7,18,17
608,-7,18,17
608,-7,18,17
609,-7,18,17
611,-7,18,17
610,-7,18,17
610,-7,18,17
610,-7,18,17
609,-7,18,17
609,-7,18,17
610,-7,18,17
608,-7,18,17
609,-7,18,17
606,-7,18,17
608,-7,18,17
605,-7,18,17
604,-7,18,17
604,-7,18,17
605,-7,18,17
603,-7,18,17
602,-7,18,17
602,-7,18,17
602,-7,18,17
601,-7,18,17
602,-7,18,17
601,-7,18,17
602,-7,18,17
601,-7,18,17
603,-7,18,17
601,-7,18,17
602,-7,18,17
603,-7,18,17
602,-7,18,17
602,-7,18,17
602,-7,18,17
601,-7,18,17
593,-7,18,17
580,-7,18,17
563,-7,18,17
562,-7,18,17
564,-7,18,17
565,-7,18,17
563,-7,18,17
566,-7,18,17
565,-7,18,17
564,-7,18,17
563,-7,18,17
559,-7,18,17
559,-7,18,17
557,-7,18,17
558,-7,18,17
560,-7,18,17
561,-7,18,17
560,-7,18,17
556,-7,18,17
543,-7,18,17
537,-7,18,17
548,-7,18,17
550,-7,18,17
554,-7,18,17
558,-7,18,17
558,-7,18,17
559,-7,18,17
557,-7,18,17
558,-7,18,17
556,-7,18,17
553,-7,18,17
555,-7,18,17
555,-7,18,17
548,-7,18,17
526,-7,18,17
522,-7,18,17
523,-7,18,17
541,-7,18,17
538,-7,18,17
545,-7,18,17
556,-7,18,17
561,-7,18,17
554,-7,18,17
549,-7,18,17
547,-7,18,17
546,-7,18,17
549,-7,18,17
543,-7,18,17
540,-7,18,17
559,-7,17,16
548,-7,17,16
553,-7,18,17
553,-7,18,17
554,-7,18,17
550,-7,18,17
561,-7,18,17
572,-7,18,17
585,-7,18,17
579,-7,18,17
569,-7,18,17
549,-7,18,17
564,-7,18,17
571,-7,18,17
573,-7,18,17
570,-7,18,17
569,-7,18,17
562,-7,18,17
545,-7,18,17
546,-7,18,17
544,-7,18,17
546,-7,18,17
545,-7,18,17
543,-7,18,17
544,-7,18,17
540,-7,18,17
532,-7,18,17
510,-7,18,17
492,-7,18,17
474,-7,18,17
475,-7,18,17
468,-7,18,17
474,-7,18,17
473,-7,18,17
473,-7,18,17
463,-7,18,17
451,-7,18,17
435,-7,18,17
424,-7,18,17
434,-7,18,17
450,-7,18,17
450,-7,18,17
450,-7,18,17
449,-7,18,17
450,-7,18,17
464,-7,18,17
459,-7,18,17
459,-7,18,17
466,-7,18,17
467,-7,18,17
467,-7,18,17
468,-7,18,17
469,-7,18,17
469,-7,18,17
478,-7,18,17
479,-7,18,17
479,-7,18,17
479,-7,18,17
480,-7,18,17
