440,337,40,39
441,337,40,40
441,337,40,40
441,337,40,40
442,337,40,40
442,337,39,41
442,337,39,40
443,337,39,41
443,337,39,40
443,337,39,40
443,338,39,40
443,338,39,40
443,338,39,40
443,338,39,40
443,338,39,40
443,338,39,40
443,338,38,40
443,338,38,40
443,339,38,39
442,338,38,40
442,339,39,40
442,338,38,40
442,339,39,40
442,339,39,40
441,339,39,41
441,340,39,42
441,340,39,42
441,340,40,42
441,341,40,42
441,342,40,41
440,342,41,42
440,343,41,42
439,345,43,42
440,346,41,42
439,347,42,42
439,348,42,41
439,349,42,41
439,349,43,41
439,349,42,41
439,348,42,42
439,349,42,41
439,348,42,41
439,348,42,41
439,349,41,41
439,349,43,41
439,350,43,40
438,350,44,42
438,351,44,42
438,351,44,42
438,351,44,41
438,351,44,41
438,351,44,41
439,351,43,41
439,351,43,41
439,351,43,41
439,351,44,41
439,351,43,41
439,351,44,41
439,351,44,41
439,351,44,41
439,351,45,41
439,351,44,41
439,351,44,41
439,351,45,41
439,351,45,41
439,351,44,40
439,351,44,40
439,352,44,40
439,352,44,40
439,352,43,40
439,352,43,40
439,352,43,41
439,352,43,40
439,352,43,40
439,352,44,40
439,352,43,40
440,352,43,40
439,353,43,39
440,353,43,40
439,353,44,40
439,352,43,41
439,352,43,41
439,353,44,40
439,352,44,41
439,353,44,41
438,352,45,42
438,352,46,42
438,352,45,42
438,352,45,43
438,352,45,43
438,352,45,43
437,352,46,43
438,352,45,42
438,352,45,42
437,352,47,43
437,352,46,43
437,352,46,43
437,352,46,43
437,352,46,42
437,351,46,44
437,352,47,43
436,352,47,42
436,351,47,44
436,352,47,43
436,352,47,43
436,352,46,44
435,351,47,44
436,351,47,45
436,351,47,44
435,351,47,46
436,351,47,45
435,351,48,45
435,351,48,45
435,351,47,45
435,352,48,44
435,352,49,43
435,351,49,45
435,352,48,43
435,351,48,45
434,351,48,45
434,350,49,45
435,351,48,45
434,351,48,45
434,351,49,45
433,350,49,46
433,350,50,47
433,351,49,46
434,351,49,46
434,351,49,45
433,350,50,47
433,351,50,46
432,350,50,48
432,351,50,45
432,351,51,46
432,351,51,46
432,350,51,47
432,350,52,46
432,350,51,47
431,349,52,48
431,349,52,48
431,349,53,48
431,349,51,48
430,349,52,48
431,349,51,48
430,348,53,49
431,348,52,49
431,348,53,49
431,347,53,50
431,348,52,49
431,347,52,50
431,347,52,49
431,347,52,50
431,346,53,50
431,346,54,50
431,347,53,49
431,348,53,48
431,348,53,48
431,347,52,48
431,348,53,48
431,348,53,48
431,347,53,49
431,347,52,49
432,348,52,47
432,348,52,47
432,348,52,47
433,349,51,47
432,348,52,47
432,348,52,47
432,348,52,47
432,348,52,48
432,349,51,47
431,348,53,48
432,348,52,48
432,348,52,47
431,348,52,48
432,348,51,46
432,348,51,46
432,348,51,46
432,348,50,46
432,347,50,47
432,347,50,47
432,346,50,47
432,347,51,46
431,346,51,48
431,346,51,48
431,347,50,48
431,347,51,47
431,347,51,47
431,347,52,48
430,346,53,49
429,347,53,49
430,347,52,49
429,348,54,49
429,348,54,49
429,347,56,51
430,348,56,50
431,349,55,50
431,348,54,51
432,349,54,50
432,349,53,51
433,351,52,50
433,353,53,51
434,358,52,48
434,361,53,48
432,363,55,50
434,367,54,49
435,371,52,49
433,374,54,49
434,380,53,48
434,384,54,48
435,389,52,48
434,395,52,48
435,400,54,48
435,407,54,48
436,410,53,47
436,416,54,45
437,419,54,44
437,421,55,43
438,421,54,44
439,417,49,47
438,414,50,49
437,410,56,51
436,401,51,53
437,397,49,49
436,391,48,43
437,390,51,49
437,385,49,56
437,386,48,54
437,392,52,50
435,395,55,49
441,397,50,49
440,393,49,47
439,388,49,45
438,384,50,47
439,378,49,50
439,376,49,50
438,374,50,51
437,373,52,50
437,373,52,50
437,372,52,50
437,373,52,49
438,373,51,49
438,372,51,50
437,372,52,49
437,372,51,49
437,373,52,49
438,375,51,49
438,378,52,49
436,384,53,50
436,391,53,49
432,399,56,48
428,409,57,49
420,419,58,51
410,428,57,51
398,435,57,50
385,437,59,50
374,439,56,49
365,438,55,48
359,437,55,48
355,436,54,47
355,437,53,47
356,436,54,49
360,439,56,48
368,441,59,50
378,445,61,50
393,447,61,50
409,446,60,50
428,443,59,51
443,440,58,50
456,437,61,48
472,435,62,49
485,433,63,49
499,430,62,48
498,430,62,47
507,429,59,47
513,428,55,46
513,429,55,46
511,429,56,46
502,432,61,47
492,435,62,48
477,438,64,50
463,438,60,50
443,437,61,51
426,436,62,55
410,441,64,50
392,443,64,51
379,442,64,52
368,439,63,51
362,437,61,49
359,436,55,49
358,436,57,50
360,438,55,49
363,440,56,50
369,443,55,49
377,445,58,50
389,447,59,50
403,450,59,49
420,446,60,51
435,441,59,54
448,439,62,52
464,439,61,49
479,438,64,51
492,434,65,51
504,433,62,48
514,430,57,47
518,429,53,47
518,429,54,47
512,429,57,48
503,431,60,48
489,431,64,50
470,433,65,51
455,434,63,50
436,435,65,52
420,437,66,55
404,443,67,52
387,444,66,52
374,442,66,53
362,439,65,53
355,436,63,50
350,434,59,50
348,434,57,50
349,435,57,50
351,437,56,49
356,441,58,49
366,444,58,49
379,447,57,48
395,450,58,47
413,449,58,47
432,443,57,51
447,435,60,52
460,436,62,47
478,434,64,50
492,431,62,49
503,427,64,51
513,426,60,50
518,424,58,50
519,424,57,50
517,424,57,50
510,426,62,50
499,428,62,50
485,431,64,51
469,432,62,51
453,434,61,50
435,434,63,52
419,435,62,54
402,439,64,51
387,441,65,51
373,439,63,50
363,437,63,51
357,433,60,50
355,432,55,50
355,433,55,49
357,433,55,50
361,437,57,49
369,441,59,49
381,444,58,49
393,446,58,50
411,447,58,49
429,443,56,51
443,439,58,51
456,436,60,48
474,434,62,48
487,430,64,52
499,427,65,51
510,424,61,51
517,424,58,49
520,423,57,48
517,423,58,48
509,426,59,48
498,429,64,49
482,432,64,50
467,435,63,50
447,436,61,50
428,436,63,52
412,438,62,51
392,442,63,49
377,441,63,51
365,438,64,50
357,435,60,50
353,435,57,49
353,434,57,49
355,437,56,49
361,440,58,48
370,443,57,48
386,447,58,48
402,448,60,49
426,446,57,50
444,438,58,53
463,436,59,48
483,433,60,47
500,426,61,50
514,419,61,51
524,413,59,50
530,410,55,49
528,409,55,48
522,411,58,49
508,415,64,50
489,419,70,53
467,424,69,53
445,427,67,53
422,429,69,55
404,433,69,56
379,440,69,56
360,442,67,55
343,439,69,55
331,440,66,50
320,440,62,49
314,441,58,48
310,443,55,47
307,443,52,45
305,446,49,45
303,447,47,43
302,447,46,43
301,447,46,43
303,447,45,44
301,448,44,43
301,448,43,43
301,448,43,43
299,449,42,42
299,450,41,42
299,453,41,42
300,456,42,43
300,458,42,45
301,461,42,45
302,463,41,44
304,465,42,45
304,466,42,45
305,466,41,45
306,469,41,44
308,471,40,43
309,472,39,43
312,475,41,45
315,474,45,48
316,476,48,48
319,476,47,48
318,474,47,49
314,472,48,47
313,463,51,46
315,455,54,45
318,449,52,43
317,431,50,50
315,427,54,50
315,435,54,49
309,438,56,44
312,441,53,46
315,446,53,44
315,448,52,46
313,447,52,46
310,445,52,44
310,438,54,49
315,431,54,44
318,427,52,49
322,439,56,45
319,441,57,44
318,445,56,45
318,452,52,44
324,459,54,50
324,463,55,55
327,467,48,57
339,472,41,52
340,466,43,53
329,454,48,54
327,449,54,54
323,440,53,48
327,428,60,49
328,418,59,50
334,405,55,51
326,385,56,55
329,386,57,51
321,387,58,53
323,390,62,49
324,389,62,50
328,392,56,49
324,391,50,56
318,396,56,56
317,406,59,54
307,421,53,51
304,436,61,52
304,453,62,56
305,467,58,55
310,478,57,52
323,481,56,51
340,475,52,51
355,460,55,53
361,439,63,52
361,421,65,54
363,409,52,59
354,404,54,50
338,399,59,47
334,393,58,51
329,390,55,51
320,389,60,54
316,393,53,51
312,394,49,57
300,405,58,53
300,421,58,53
297,434,60,47
299,445,56,51
298,459,54,52
306,474,52,51
316,486,52,52
331,495,50,52
343,498,51,53
350,497,58,53
354,494,59,52
350,484,62,55
346,473,61,56
336,462,59,57
328,444,59,56
319,429,60,53
314,406,53,54
313,384,50,59
309,370,56,54
313,354,57,54
311,339,55,55
314,323,57,57
314,310,60,53
313,305,57,52
306,292,57,58
304,289,56,52
307,284,54,51
308,278,54,51
309,275,57,50
306,275,57,51
301,275,54,51
300,280,55,51
302,286,57,50
311,291,52,50
315,292,54,51
317,297,55,48
316,299,54,49
318,306,54,52
323,316,55,51
324,324,53,50
328,338,54,50
330,352,55,50
334,368,52,54
334,384,54,57
338,403,57,57
345,420,60,56
353,438,65,54
363,453,63,56
377,466,59,58
390,478,56,55
399,482,56,54
405,482,55,52
406,477,54,53
403,464,54,59
400,454,56,56
396,442,61,53
395,426,63,54
401,409,63,57
410,397,61,57
416,385,63,57
424,376,62,55
430,370,63,54
437,364,65,53
445,360,62,55
453,359,59,54
461,361,55,52
468,364,49,52
469,367,57,53
503,358,57,53
504,364,58,54
503,361,59,55
500,364,59,55
500,359,59,55
511,378,58,54
517,394,59,55
523,404,50,55
526,421,50,52
526,437,53,55
527,456,57,54
529,469,56,56
535,482,53,57
540,491,53,56
542,493,54,55
541,491,53,56
535,481,58,57
526,466,60,62
518,444,59,64
510,422,59,59
501,392,53,58
494,358,58,63
480,327,60,69
472,308,62,68
469,297,58,61
464,288,57,55
454,274,53,55
448,268,52,52
435,259,61,55
433,253,55,55
428,247,56,56
421,244,56,54
413,243,55,49
403,242,60,49
389,245,63,50
373,249,62,49
358,251,61,51
336,261,62,52
320,271,61,56
303,286,58,56
292,307,55,59
288,331,57,53
291,359,55,57
314,380,57,53
337,384,58,52
347,365,69,58
357,353,58,58
357,347,55,52
341,341,60,49
334,338,58,51
328,337,54,52
319,339,59,55
312,345,58,52
307,350,52,56
302,346,49,58
290,358,51,58
281,377,54,53
281,399,58,53
305,408,59,49
303,414,59,50
302,418,58,49
303,422,59,50
302,426,60,49
298,427,62,51
302,427,60,48
312,425,57,50
324,417,55,57
338,407,56,60
349,392,57,63
353,367,64,57
346,346,59,50
326,336,65,52
305,335,67,52
284,349,67,54
273,369,61,54
268,402,60,54
281,414,60,54
300,421,59,54
308,419,57,53
313,414,59,53
307,399,56,52
305,383,57,52
320,360,64,51
335,345,61,57
352,336,58,59
368,329,55,60
384,323,56,57
399,320,56,58
414,317,55,59
431,316,56,53
443,315,58,47
453,311,56,51
465,311,55,50
476,312,56,51
487,315,55,55
497,318,56,57
506,322,58,55
514,324,57,56
522,329,58,54
530,331,60,51
540,327,58,54
548,325,58,56
556,325,57,60
567,329,58,58
575,332,56,63
584,339,55,60
594,349,57,56
603,359,55,51
615,370,59,50
620,377,63,53
615,390,64,57
602,399,65,59
584,406,62,60
560,403,59,63
544,392,63,65
536,370,62,66
546,343,57,59
558,336,60,62
575,335,62,63
591,344,59,62
604,362,60,60
606,378,65,57
609,401,64,55
605,407,63,53
589,414,68,59
582,403,68,59
586,393,68,59
587,369,62,57
576,350,60,62
563,334,60,67
545,326,60,66
531,320,60,66
519,317,62,61
506,317,62,56
497,315,64,54
486,314,60,53
477,311,57,57
466,307,57,57
453,304,56,58
441,305,55,57
430,309,54,54
419,314,55,55
409,318,57,55
398,321,58,57
390,324,59,52
381,324,60,51
373,330,60,48
366,332,60,48
361,331,58,49
350,332,55,53
343,336,55,55
333,339,51,59
323,346,54,60
308,360,57,62
299,373,61,62
288,387,60,62
275,399,60,64
278,417,59,56
284,422,57,54
299,446,65,46
313,456,61,50
319,460,61,52
324,464,57,54
328,465,57,53
330,466,55,53
327,464,54,51
325,458,56,53
323,452,56,53
322,445,58,51
316,437,60,50
315,425,64,56
315,410,63,57
315,395,60,55
320,381,60,56
331,365,60,54
342,354,65,51
357,345,64,50
374,339,61,52
387,332,62,54
393,336,71,50
397,332,73,50
412,323,62,49
427,323,58,55
437,327,61,50
449,328,60,50
459,330,59,51
467,334,53,45
467,334,53,45
466,333,51,45
465,333,50,44
463,332,50,45
461,332,54,45
461,329,55,46
463,327,53,45
464,325,51,46
466,325,50,46
467,325,51,45
467,323,51,45
465,321,54,47
459,319,53,47
453,317,54,50
447,317,54,47
442,313,54,46
433,308,55,48
428,304,54,47
427,300,54,47
430,298,54,48
437,298,54,44
440,302,56,39
440,304,58,44
448,321,59,45
476,330,53,45
483,332,51,45
482,334,52,46
486,339,53,45
484,345,57,44
491,343,52,47
484,332,56,43
479,309,55,48
490,315,52,43
491,315,51,42
492,315,51,41
495,314,50,40
498,311,47,41
501,307,48,40
504,305,47,40
506,304,50,41
506,303,50,42
508,303,51,42
511,303,51,43
515,304,50,42
520,306,49,43
522,308,49,43
525,311,50,45
527,314,50,46
529,319,49,47
528,326,51,45
531,335,53,42
530,342,59,41
541,352,55,40
533,358,54,39
542,360,49,43
551,364,52,46
558,373,53,44
568,381,56,45
578,384,57,44
586,388,59,46
594,396,58,48
602,408,58,47
605,417,60,49
607,431,61,47
610,445,57,46
609,460,58,45
608,470,55,46
601,478,56,48
594,486,53,47
586,490,52,47
576,497,51,49
568,500,56,49
554,496,59,53
542,496,62,55
535,495,56,55
535,499,49,49
535,493,52,50
544,483,51,50
543,472,53,48
543,461,53,47
534,444,53,49
525,427,58,49
523,405,53,48
519,392,53,51
515,377,54,51
516,361,54,51
514,343,59,52
503,330,62,45
498,317,61,51
493,311,57,50
492,304,62,51
491,297,58,50
491,290,56,49
481,283,62,47
481,284,60,47
478,279,58,55
469,289,61,50
469,292,61,50
469,298,61,48
472,302,58,48
472,304,61,48
466,299,60,48
464,305,61,44
471,307,58,47
472,306,59,48
473,305,56,46
472,302,58,44
473,301,57,44
475,299,58,43
479,297,58,44
481,296,59,45
484,298,59,48
487,300,58,49
489,306,58,52
490,316,59,53
495,322,55,50
497,332,52,49
493,341,53,53
488,352,54,53
487,359,54,52
486,363,55,49
484,369,54,45
482,372,54,43
480,374,53,40
477,375,52,40
476,377,51,39
473,378,52,37
468,380,53,38
464,376,52,39
459,367,55,41
456,358,57,42
453,350,55,43
451,345,56,42
447,340,63,42
444,331,64,45
446,317,64,45
442,301,68,44
437,289,70,44
436,277,73,45
439,267,62,43
435,259,73,43
434,254,73,45
435,251,72,45
433,248,73,45
433,249,73,44
432,251,75,44
430,255,75,45
432,262,73,44
432,260,72,41
434,265,73,43
433,266,76,45
432,266,73,43
437,266,70,42
437,263,63,39
438,262,63,36
438,263,68,36
438,266,74,43
437,268,77,42
436,268,76,43
437,266,74,41
436,265,72,39
436,267,73,41
438,269,74,40
435,267,72,40
434,267,73,43
432,268,73,43
431,268,73,43
434,263,71,39
432,266,74,41
432,268,75,42
430,267,75,42
430,268,75,43
432,267,73,42
432,267,75,42
436,269,72,42
437,269,71,40
436,269,68,42
432,268,70,42
432,269,73,43
433,272,73,43
433,272,73,43
435,272,70,42
433,270,70,41
432,272,68,41
431,272,71,41
428,272,72,41
429,273,72,42
429,271,74,41
428,273,76,41
427,272,75,41
429,272,74,41
427,272,74,42
431,268,71,40
431,267,71,35
432,271,75,42
433,272,75,40
434,272,76,40
434,271,75,39
434,269,74,40
435,270,75,42
439,271,72,41
438,271,75,39
440,272,71,40
436,271,73,41
436,271,74,40
437,270,74,41
439,270,76,42
440,271,75,40
442,271,76,42
440,271,74,40
440,271,74,40
441,271,73,40
441,271,74,41
444,272,76,41
445,271,74,39
443,271,77,40
442,270,74,41
442,271,75,40
443,270,75,41
443,269,76,43
444,269,76,41
445,269,75,41
445,270,76,42
443,270,76,42
443,271,76,40
443,272,74,42
445,270,74,42
447,268,74,39
446,272,75,42
445,274,76,42
445,274,75,42
445,276,74,41
447,277,72,39
446,278,71,40
448,278,70,38
448,281,74,40
449,283,75,40
446,285,74,41
448,285,73,38
447,284,70,38
447,284,71,39
448,284,72,38
447,286,74,40
446,286,75,39
446,286,74,38
444,287,74,38
442,287,76,39
443,288,75,42
444,282,74,35
442,289,75,40
444,291,75,39
442,291,74,37
441,293,73,37
438,294,73,39
436,296,75,37
435,297,76,38
434,298,76,37
435,297,75,38
433,297,73,38
431,297,73,38
431,298,73,37
428,298,73,38
428,298,72,38
428,299,74,40
430,300,73,38
426,299,76,40
424,298,76,39
424,298,75,39
423,299,75,39
422,298,76,40
424,297,74,38
424,298,71,40
424,297,72,39
423,298,68,39
422,295,68,40
419,294,71,40
419,294,72,39
415,295,75,40
414,294,77,40
414,295,76,41
415,292,73,40
414,292,73,40
413,295,69,40
412,297,69,40
408,295,73,40
405,293,73,40
405,291,75,39
405,292,80,40
401,293,77,40
401,294,75,39
399,294,74,40
397,297,71,40
397,288,62,37
397,286,60,33
397,288,62,33
397,288,63,32
396,288,65,31
396,289,64,31
397,288,63,29
396,288,62,30
398,287,62,30
400,287,64,30
401,289,65,33
407,298,66,38
401,292,73,40
400,289,78,40
401,288,76,40
404,284,70,38
410,280,62,33
413,278,60,33
417,277,61,31
423,288,63,40
424,288,58,39
424,287,58,38
423,285,56,40
425,284,58,40
425,283,59,41
430,284,62,39
435,285,60,38
437,286,57,38
438,284,55,40
442,282,59,41
446,280,60,42
455,278,58,41
460,275,57,40
461,276,64,40
459,274,72,39
466,281,68,38
471,289,61,37
474,292,60,43
479,301,58,44
480,312,65,46
489,324,67,47
503,338,63,49
505,353,68,45
502,385,65,40
511,410,62,47
509,427,62,51
507,438,61,52
509,458,54,51
510,479,54,45
497,485,64,45
487,489,68,46
482,489,63,45
477,487,64,47
473,484,64,47
465,479,63,48
457,473,61,47
449,464,60,49
441,457,61,47
433,451,61,44
430,440,61,45
425,431,59,47
422,419,59,49
418,407,63,49
416,393,63,49
417,379,63,47
425,360,58,48
433,345,60,46
442,333,66,46
458,325,63,45
473,319,59,45
485,313,58,46
489,321,68,43
499,317,72,43
513,307,64,43
529,302,59,48
537,308,58,45
545,310,57,46
552,310,57,46
562,315,57,42
565,320,66,41
564,321,66,41
563,334,66,42
566,337,65,42
562,330,65,42
564,335,64,41
561,323,63,40
560,313,52,40
556,316,54,41
555,315,53,42
555,315,53,43
557,315,53,41
558,315,51,42
558,314,48,42
558,313,51,42
557,310,52,42
552,308,54,44
548,308,53,45
544,307,55,46
538,308,53,44
532,307,54,42
523,307,55,44
520,304,54,44
522,302,53,45
526,304,53,43
527,308,56,37
531,307,48,40
520,332,57,39
518,324,57,39
519,328,52,44
520,316,50,45
525,305,58,42
536,302,60,40
549,300,56,41
560,300,54,41
569,302,52,41
573,304,50,42
573,307,50,41
572,308,50,41
572,308,51,41
572,308,50,41
572,308,50,41
572,308,50,41
573,309,49,41
575,309,48,41
575,311,49,42
572,312,49,42
565,314,54,44
556,318,54,44
549,322,52,44
544,329,52,46
538,336,54,47
525,335,60,49
517,349,61,44
512,362,58,41
507,375,53,43
503,389,49,48
496,412,48,50
489,437,54,49
481,464,55,47
478,488,53,45
471,515,51,46
464,540,53,44
462,550,46,45
463,550,49,43
467,551,48,42
469,551,48,41
472,554,48,42
472,556,49,41
472,559,48,40
470,562,49,41
468,566,50,42
466,569,50,42
464,569,50,43
465,570,50,42
463,570,51,43
463,572,50,42
462,570,51,43
461,568,50,44
459,567,50,44
458,567,49,45
457,566,49,45
454,564,50,45
453,561,50,45
453,561,50,45
452,561,50,45
452,562,47,44
452,563,48,43
452,563,45,42
452,564,45,42
452,565,45,42
453,566,45,40
453,568,44,40
453,567,44,41
454,567,46,41
454,569,44,40
455,569,45,40
455,571,44,40
455,572,46,41
456,574,45,40
457,576,46,40
456,579,47,42
457,582,45,42
456,583,46,42
454,581,47,43
446,572,51,46
435,555,53,47
426,531,51,49
421,503,52,47
422,483,52,41
436,464,52,41
457,472,52,41
454,469,52,41
455,477,52,41
461,489,45,38
464,504,44,39
459,523,51,40
457,541,55,43
461,558,54,42
477,581,54,42
489,594,57,41
506,599,53,42
521,605,52,41
536,611,51,40
557,620,51,40
578,621,50,39
575,625,51,39
584,584,50,38
574,580,51,39
567,572,51,39
569,547,51,39
577,534,51,38
569,516,51,38
591,515,51,38
600,473,51,38
590,448,51,38
530,418,55,44
528,421,53,44
527,425,53,43
527,427,52,42
528,427,52,41
528,426,52,42
530,421,52,44
532,413,54,47
534,405,55,47
537,395,55,48
540,383,56,49
542,371,57,48
545,360,56,49
547,348,55,48
550,336,54,48
553,326,55,49
555,318,54,49
558,309,55,48
560,303,55,46
562,298,54,46
564,294,54,44
567,290,54,41
569,290,53,41
570,289,54,41
571,289,54,41
572,289,53,41
573,289,53,41
573,289,53,41
573,289,52,40
574,289,51,40
574,288,53,40
575,289,52,40
574,289,51,40
573,289,51,40
573,289,52,39
574,289,51,40
574,289,51,40
573,288,51,40
573,289,51,40
572,289,50,40
572,289,50,40
572,288,50,40
572,288,52,41
572,289,51,41
572,288,52,42
572,289,51,41
571,289,52,42
570,290,51,42
570,289,52,42
569,290,50,43
570,290,50,41
569,292,49,41
569,291,49,41
569,291,49,41
569,291,49,41
569,292,48,41
568,291,48,41
568,292,48,41
569,292,48,40
568,292,48,40
568,292,48,41
569,292,48,40
569,292,49,40
569,292,48,39
569,292,47,39
569,292,48,39
568,292,48,39
569,293,48,40
568,292,48,39
568,291,49,40
567,291,49,42
568,291,49,41
567,290,48,41
567,292,50,42
565,291,49,42
565,291,49,42
564,291,49,42
565,291,50,43
563,291,48,44
563,291,49,43
562,292,48,43
561,292,48,43
559,292,48,43
558,293,48,44
557,293,47,43
555,293,47,42
554,293,47,43
552,293,48,42
551,293,47,42
549,294,48,42
548,294,47,42
546,295,48,42
545,295,48,42
543,295,48,42
542,296,49,42
540,295,49,42
538,295,48,41
537,296,49,41
537,296,49,41
537,297,47,42
536,296,47,42
535,297,47,43
536,298,47,42
535,298,47,42
534,299,46,41
534,300,47,41
534,300,47,41
534,300,46,41
534,300,45,40
534,300,46,40
535,300,46,40
535,300,46,40
535,300,47,40
536,301,46,40
536,300,46,40
537,301,46,40
537,301,45,40
537,302,46,40
538,301,46,41
538,302,47,41
538,303,47,41
538,304,48,42
536,306,47,43
535,309,48,44
534,311,48,43
534,312,46,42
535,313,45,40
535,313,44,41
536,313,44,41
536,313,45,41
538,312,45,41
538,313,45,40
539,313,44,41
540,312,44,41
540,313,43,41
541,312,45,41
541,312,44,41
542,311,44,41
542,312,45,42
542,311,44,42
543,311,43,41
543,312,44,42
543,311,45,43
543,311,44,42
543,312,43,41
544,312,43,41
543,313,43,41
543,313,44,41
543,314,43,40
542,314,43,41
542,315,42,41
542,316,43,41
541,317,43,41
540,317,44,41
540,319,42,40
539,320,43,40
539,321,41,39
537,322,42,39
536,323,42,38
535,323,43,40
534,324,42,39
533,325,43,39
531,326,42,40
530,327,42,39
529,327,43,40
527,327,43,40
527,328,42,39
525,327,42,39
525,327,42,40
524,326,43,40
523,325,44,41
522,324,45,42
522,324,46,42
521,323,46,42
520,323,46,42
520,321,47,42
519,321,45,42
518,320,44,42
517,320,45,41
516,320,45,41
515,320,45,41
513,319,45,42
512,319,45,41
510,318,45,42
508,318,46,43
506,317,47,44
504,317,46,43
500,317,47,44
497,317,48,44
493,318,48,44
489,318,49,44
484,319,49,44
479,319,50,44
473,319,50,44
468,319,51,45
463,320,49,44
459,320,48,45
455,320,50,45
452,320,49,47
450,321,50,46
449,321,50,46
448,322,51,45
447,322,51,46
448,323,51,45
448,323,52,46
450,323,52,46
451,323,52,48
453,322,51,49
454,322,52,49
455,321,52,48
456,321,52,46
458,322,51,44
460,323,49,41
465,323,47,39
467,324,47,37
472,325,47,39
479,327,47,37
482,328,49,41
475,327,47,41
480,331,51,42
488,339,51,41
498,347,52,40
512,359,49,41
514,373,52,47
516,390,49,46
521,407,52,46
528,425,57,46
530,442,56,46
530,460,56,49
528,479,57,48
525,495,57,49
522,510,52,46
518,519,50,46
515,524,47,46
512,527,46,47
509,529,47,47
509,529,47,49
508,530,48,47
507,531,48,48
506,530,49,49
506,531,49,49
505,532,49,48
505,531,50,49
505,533,50,49
505,534,49,49
505,535,50,50
505,537,51,51
506,539,51,50
506,539,50,50
506,539,51,50
507,539,50,50
506,538,50,49
506,536,50,50
506,534,50,49
506,532,50,50
506,532,50,49
506,530,50,49
506,530,50,50
507,531,50,49
507,529,49,51
507,524,47,50
509,514,51,49
508,495,53,53
508,490,51,55
512,493,53,49
506,490,54,48
504,489,57,49
502,492,56,48
501,495,53,52
500,498,52,57
499,500,52,58
500,504,52,56
498,508,50,54
495,508,49,51
495,506,50,50
499,504,49,51
501,500,51,53
503,498,54,53
504,497,55,52
505,497,55,50
506,495,53,53
505,493,51,53
505,484,48,50
506,466,53,54
502,457,57,56
508,456,51,53
502,456,56,47
501,453,54,47
500,452,56,48
499,454,54,48
499,459,49,53
501,468,50,56
500,473,52,56
499,480,53,55
494,487,54,51
495,491,48,49
496,492,49,50
497,490,50,50
498,488,50,49
499,486,50,49
500,483,52,49
500,481,53,48
501,480,53,48
502,480,53,48
503,480,54,48
505,480,54,48
505,481,53,48
505,481,52,48
505,475,48,47
505,463,52,50
503,440,57,55
505,435,53,54
507,432,56,48
502,430,62,47
501,428,57,46
498,428,60,45
495,434,59,45
490,443,57,47
485,453,52,54
486,462,52,57
489,474,50,53
486,485,52,53
487,493,49,46
490,495,47,47
492,490,47,47
492,481,48,49
494,468,48,51
494,449,51,55
495,432,54,50
496,411,51,51
494,390,50,55
491,372,49,53
483,352,53,48
484,340,56,48
489,329,55,44
492,319,55,46
489,313,57,50
486,309,58,49
483,302,58,51
481,296,53,51
484,285,55,56
492,276,53,51
488,276,55,48
492,277,56,47
493,279,58,51
492,282,55,51
490,287,56,51
485,292,55,53
486,291,49,54
486,291,48,57
485,289,51,53
479,295,54,47
474,297,55,47
473,295,54,46
475,293,51,45
476,290,49,46
480,288,46,46
486,293,45,47
488,297,45,48
489,301,47,48
486,305,51,50
484,313,52,49
483,322,52,48
482,331,48,48
480,343,43,47
477,351,44,48
476,356,47,47
476,362,48,45
478,367,47,45
480,371,46,45
482,375,47,45
483,378,46,46
483,381,46,45
483,384,46,44
482,384,47,44
481,385,47,44
479,384,47,44
477,382,48,45
475,381,48,46
475,380,48,44
475,378,47,44
474,376,47,45
473,375,47,45
472,373,47,46
472,374,47,45
472,374,47,45
472,373,47,45
472,373,47,45
472,373,47,46
471,373,47,46
472,373,47,45
472,374,46,45
472,374,46,45
472,375,46,44
472,374,46,45
473,376,46,44
473,376,46,44
472,376,45,45
472,376,46,45
472,377,46,44
473,378,45,44
473,378,45,44
472,378,46,44
472,378,46,44
472,378,46,44
472,378,45,44
471,378,46,44
471,379,46,44
471,378,46,45
471,379,46,44
472,379,45,43
471,378,47,45
470,378,47,45
470,378,47,45
471,379,47,44
470,378,47,44
470,377,47,44
470,377,48,45
470,378,47,44
470,378,48,44
471,378,47,43
471,379,47,43
471,378,47,44
471,380,47,42
471,379,47,43
470,379,47,43
471,379,47,43
471,379,46,43
471,380,46,42
471,380,46,43
471,380,46,43
471,380,46,44
471,381,46,42
470,380,46,44
469,380,46,44
469,382,47,43
468,381,47,43
467,381,48,44
467,382,48,43
466,381,47,44
465,381,48,44
465,381,48,45
465,382,48,45
465,382,48,45
466,382,47,45
466,383,47,46
467,382,48,47
468,384,48,45
469,384,49,45
470,384,48,46
472,385,48,46
474,387,48,46
475,388,47,47
475,389,47,47
475,391,48,46
475,392,47,46
475,392,47,46
474,393,48,46
473,393,49,46
472,394,48,46
472,396,47,44
472,396,48,44
471,396,50,45
471,395,48,45
471,395,49,43
472,395,48,44
472,395,49,44
474,395,48,45
474,394,49,46
477,397,47,44
478,398,48,44
480,398,48,44
483,398,48,47
487,400,48,46
489,401,48,46
492,403,48,46
495,403,48,47
497,403,48,46
499,402,48,47
500,402,48,47
501,401,48,47
502,400,47,47
500,399,50,48
501,399,50,47
501,400,50,46
502,400,49,46
502,402,48,45
503,403,49,46
504,404,50,47
505,406,49,46
506,406,51,47
507,407,51,48
508,407,52,49
510,408,52,49
512,408,51,48
514,408,50,49
515,408,52,50
518,409,52,49
520,411,52,48
523,412,50,48
525,413,49,48
526,413,50,48
527,413,50,48
527,413,50,48
527,412,50,48
526,412,49,48
524,411,51,49
524,411,51,49
524,412,49,48
523,413,50,48
521,413,50,49
520,414,50,49
519,414,51,48
519,415,52,49
519,415,50,50
520,416,50,49
520,415,52,50
521,415,52,50
523,416,53,49
526,416,52,50
527,416,51,49
529,416,50,50
530,416,49,50
531,416,50,50
530,419,49,48
530,420,48,48
529,423,50,47
530,423,49,48
534,417,50,50
542,403,52,53
544,382,53,54
544,356,56,56
542,341,56,51
543,318,59,54
538,306,53,51
540,297,55,54
545,287,57,50
548,278,57,53
556,271,53,51
558,266,52,49
550,262,56,45
550,256,57,45
552,249,55,45
555,246,53,45
558,248,54,47
556,252,59,54
563,263,58,54
572,277,57,56
585,296,58,58
599,320,57,60
606,351,58,59
612,384,58,56
608,415,58,54
588,426,54,53
556,420,59,56
544,382,58,60
555,372,53,53
562,370,62,51
567,371,63,50
575,377,62,51
582,382,57,54
587,390,56,56
589,402,58,55
592,417,56,53
588,436,60,55
588,455,59,54
591,478,58,55
595,496,52,59
598,513,51,61
600,521,50,59
602,522,50,57
606,516,52,58
611,508,51,58
618,496,49,60
623,484,53,60
627,473,56,57
628,460,53,57
628,449,54,54
626,441,54,50
621,436,57,49
619,434,57,49
616,432,57,48
613,432,56,47
611,433,55,47
609,434,54,47
606,434,54,49
606,437,50,48
604,439,49,48
604,441,46,47
601,442,44,48
600,442,46,49
600,442,49,50
599,444,50,49
594,444,54,49
591,446,54,48
587,449,54,49
580,450,54,49
571,451,55,51
563,453,54,52
557,454,53,53
546,454,55,55
539,455,54,56
532,455,54,57
527,454,52,57
522,455,50,53
516,457,53,52
507,469,57,47
512,469,54,49
528,466,51,55
526,473,55,55
525,479,56,57
522,485,56,58
518,488,56,59
512,488,57,60
505,485,57,59
490,475,58,60
471,459,61,58
449,441,63,58
425,421,59,58
402,398,63,57
374,379,66,49
347,376,69,53
312,382,69,54
289,400,66,57
279,432,60,58
282,454,60,58
302,458,61,59
310,451,60,58
307,446,60,58
306,441,61,59
317,412,63,56
333,393,67,58
353,382,65,61
374,372,63,64
394,364,61,63
412,359,60,65
428,355,56,67
443,355,55,62
452,350,57,59
463,344,59,57
473,342,60,57
485,340,59,59
499,339,59,58
511,340,57,59
522,343,56,58
531,343,58,58
540,347,59,60
550,351,57,64
560,356,56,62
569,360,58,61
580,363,57,61
587,364,58,62
598,371,59,63
605,378,62,62
614,387,62,62
622,398,65,58
632,407,65,54
650,421,62,59
658,427,60,60
658,430,58,59
652,428,58,57
643,424,58,57
634,424,57,56
627,428,64,62
618,430,64,62
611,436,63,61
614,443,54,53
613,446,53,53
611,446,53,54
615,448,54,53
611,449,53,54
611,448,54,55
611,446,55,56
613,443,56,57
615,442,57,57
620,438,57,55
622,435,56,55
623,434,54,53
622,433,54,54
618,430,55,57
615,431,57,58
610,430,58,61
605,432,58,62
598,434,57,61
591,435,58,62
582,440,59,60
576,443,57,57
571,444,57,58
565,447,58,57
562,447,56,57
559,448,56,56
560,449,57,57
561,450,59,57
563,451,57,59
569,449,55,62
573,450,56,60
579,452,56,61
580,457,59,60
580,465,59,57
580,471,60,57
579,474,59,58
579,478,59,57
578,481,60,58
577,483,59,59
575,486,59,61
573,492,60,63
571,498,61,66
567,509,63,65
564,521,57,63
560,524,56,64
559,522,55,66
554,515,59,68
553,496,66,73
553,480,71,69
559,458,68,62
552,440,65,57
548,429,64,62
544,418,64,59
538,410,66,58
532,403,67,59
525,397,66,57
522,395,68,56
515,397,65,58
510,396,64,56
503,397,66,56
500,397,62,55
501,394,61,58
507,394,57,59
523,407,61,59
539,416,61,66
538,449,66,71
535,470,70,68
530,489,64,72
531,505,53,71
528,510,52,69
529,507,53,71
529,500,57,70
529,481,66,69
529,463,67,66
525,443,69,62
522,429,70,61
518,415,69,60
515,405,67,60
508,397,65,61
502,390,65,60
495,387,64,59
490,385,63,58
485,387,58,57
480,387,61,59
480,387,60,55
484,386,57,55
492,388,56,56
500,398,57,58
511,419,57,66
510,438,64,68
504,463,64,70
493,484,60,69
489,493,55,66
485,493,57,64
486,490,59,66
489,484,60,69
496,478,60,69
503,455,67,65
499,434,70,63
497,419,67,62
496,406,68,62
494,398,64,65
492,387,66,62
489,381,65,60
484,373,67,57
480,373,63,58
476,373,60,56
473,375,63,59
473,378,67,56
473,377,66,56
473,373,62,63
482,375,55,73
489,394,63,74
490,422,64,74
481,455,62,70
474,474,55,69
464,477,52,65
461,476,53,62
461,473,53,63
468,468,52,68
472,452,60,68
481,436,66,63
484,418,67,58
484,403,66,63
487,390,64,59
487,381,60,61
487,374,60,59
487,366,60,57
486,362,59,55
487,362,59,56
487,361,58,55
488,364,59,54
489,365,64,52
492,372,60,50
495,373,56,54
497,371,52,59
498,379,55,60
502,397,57,60
502,421,61,58
492,443,62,55
494,459,56,55
490,476,54,56
488,484,51,56
487,488,50,56
488,488,49,56
492,483,52,57
497,472,53,59
502,458,54,58
506,439,58,57
509,416,59,61
508,395,56,60
506,368,56,60
501,350,57,57
495,333,58,56
492,316,57,59
488,304,51,60
484,293,46,60
483,288,45,56
476,284,46,50
474,282,56,51
478,279,54,51
478,276,52,56
475,273,49,57
471,276,52,54
463,281,57,52
460,288,56,53
458,297,56,53
455,307,54,56
454,317,50,48
454,322,50,48
456,325,51,48
457,326,52,47
457,322,52,49
457,317,52,50
456,312,51,50
457,308,51,49
456,304,52,50
456,301,51,48
456,299,51,49
456,297,51,49
458,296,50,49
457,295,51,49
455,293,51,48
457,293,51,47
456,294,50,48
455,294,50,47
455,294,50,46
455,294,49,47
455,294,49,46
456,295,49,46
456,295,49,47
458,297,50,48
459,299,50,48
460,302,49,46
462,303,48,46
462,302,48,44
466,302,47,42
479,328,48,48
489,323,48,48
469,314,48,48
458,303,48,48
460,299,49,46
470,302,43,49
472,290,43,53
475,281,44,55
482,278,47,51
491,274,49,46
501,268,51,48
514,266,51,51
528,263,48,56
536,270,52,52
545,277,54,49
558,283,54,47
569,289,55,46
578,294,52,48
589,304,51,48
595,310,50,51
599,319,49,52
600,330,51,51
600,340,52,53
598,349,55,55
597,359,56,54
594,368,56,54
593,378,57,54
588,384,59,57
587,392,59,57
583,402,59,58
579,412,60,57
574,422,60,58
569,432,61,59
563,444,61,60
553,458,62,60
542,471,64,60
529,485,66,59
515,494,64,61
498,502,67,60
478,506,69,60
462,501,66,65
441,499,62,63
419,486,63,64
405,468,67,65
392,445,64,66
390,423,61,63
391,399,57,61
395,378,55,60
392,359,56,54
385,337,53,59
387,318,52,66
389,308,49,63
388,306,53,62
385,305,60,61
384,301,65,59
388,303,56,56
386,302,53,61
387,301,54,61
387,303,55,60
387,310,56,58
386,317,57,57
386,324,56,57
386,335,55,54
383,348,56,53
376,352,55,52
370,356,54,52
366,358,49,50
365,358,50,47
365,357,48,47
366,353,52,48
371,348,52,47
375,343,52,48
381,336,53,49
389,332,51,47
395,326,50,48
401,322,49,48
408,318,50,45
413,314,49,43
419,310,49,49
426,315,53,47
435,311,47,48
439,305,48,50
449,287,47,51
459,280,46,52
471,277,50,51
482,273,53,52
498,273,51,52
509,274,51,54
521,277,49,58
527,288,52,58
536,298,53,54
545,307,54,52
553,317,55,53
563,330,55,54
569,346,57,57
570,361,59,60
571,379,60,61
571,395,59,62
570,412,59,60
565,429,57,60
559,445,59,59
552,462,58,57
541,477,62,57
527,487,59,57
510,494,57,58
489,495,56,56
478,489,48,56
487,494,55,55
491,494,56,56
490,491,56,56
491,489,57,57
491,489,58,58
491,489,58,58
490,488,59,59
495,486,59,59
479,493,59,59
463,497,60,60
466,502,60,60
478,496,58,58
488,479,57,57
491,473,57,57
479,432,56,56
471,382,56,56
462,345,56,56
436,317,54,54
428,321,55,54
418,323,55,53
403,318,56,54
389,288,57,56
391,297,57,54
394,309,55,54
396,319,55,52
398,321,54,47
397,322,53,47
394,323,54,47
394,324,54,47
396,323,54,46
398,323,55,46
401,322,55,46
403,321,56,48
410,317,52,49
416,315,52,48
420,314,52,46
427,310,52,46
433,308,51,46
437,305,54,47
442,309,53,52
449,308,51,53
453,302,52,53
466,280,48,54
476,276,52,53
488,274,54,54
499,271,57,57
513,273,54,58
528,275,51,58
537,282,53,53
538,294,54,54
544,303,54,54
554,311,56,54
561,321,59,56
567,330,56,59
569,341,58,60
571,352,58,59
571,361,58,60
571,371,60,60
570,380,60,61
569,390,59,62
567,402,59,61
565,414,58,59
562,426,57,60
559,439,57,61
555,452,58,60
547,466,62,60
539,479,64,59
529,491,64,60
518,503,63,58
502,511,64,57
483,515,65,57
463,515,62,57
448,508,61,61
424,494,52,58
404,484,61,56
391,464,61,59
381,436,58,62
380,411,60,62
384,391,58,62
386,371,59,61
390,351,56,56
389,330,51,57
394,314,50,64
397,305,48,64
397,300,54,60
399,299,62,59
402,291,65,57
404,292,59,52
406,289,53,59
409,287,52,64
412,288,53,61
412,292,59,59
415,299,60,60
418,308,58,57
421,318,55,54
426,328,53,52
426,332,54,49
424,334,53,48
423,335,51,47
423,336,52,46
424,334,51,46
424,332,51,46
427,330,50,46
428,326,51,45
430,322,50,47
432,319,51,49
432,317,52,49
436,314,52,48
436,313,53,52
440,311,59,54
452,306,56,55
458,298,56,57
461,284,53,57
469,276,52,61
481,270,53,61
494,267,57,60
507,266,56,62
524,267,54,61
538,271,55,62
544,283,58,57
554,294,56,55
568,303,57,54
579,316,58,54
587,330,59,59
591,346,59,63
594,362,61,65
594,381,62,65
592,397,64,65
589,414,64,62
587,429,62,62
580,445,66,62
570,459,65,63
558,473,64,60
543,486,65,58
527,492,62,56
505,488,61,59
499,482,50,59
507,489,57,57
507,493,56,56
510,491,56,56
511,491,56,56
509,490,56,56
508,490,56,56
513,490,56,56
511,491,57,57
493,496,57,57
467,520,57,57
498,494,57,57
510,478,58,58
509,470,58,58
508,445,58,58
490,374,59,59
473,358,59,59
451,328,59,59
432,319,57,57
423,323,58,58
397,315,60,61
376,303,61,60
376,314,56,62
374,328,58,60
374,341,57,57
369,348,57,52
364,352,57,52
362,355,55,51
362,357,53,49
362,358,52,48
362,357,52,48
364,354,53,50
367,351,52,50
372,349,53,49
377,345,53,49
384,341,50,50
390,336,51,51
398,330,54,50
407,323,55,50
417,315,56,50
423,317,55,52
430,306,54,53
438,315,54,52
450,288,53,57
463,275,54,56
478,273,55,57
493,274,53,59
506,272,56,61
525,278,51,59
535,286,53,57
540,296,57,55
547,306,58,58
557,317,56,57
565,330,57,57
572,342,60,60
576,357,61,64
578,373,63,66
578,388,63,69
576,410,63,64
573,429,62,65
568,446,64,67
559,466,65,65
546,482,68,65
533,496,68,66
515,508,68,62
493,513,68,61
473,514,67,61
455,502,64,66
455,503,65,66
430,491,58,66
411,478,62,59
398,455,61,63
392,428,62,63
394,404,59,65
397,384,61,64
402,366,59,62
403,344,57,56
405,325,54,64
410,314,52,69
413,305,54,67
416,301,58,60
418,297,59,57
414,295,63,57
419,293,55,52
420,288,54,61
422,288,53,62
425,291,56,56
426,295,57,56
427,301,59,54
429,306,52,55
433,316,53,51
433,321,54,51
429,321,54,52
425,321,54,52
423,321,53,51
423,321,53,52
424,320,53,52
429,319,52,51
433,316,56,52
439,315,52,51
440,314,53,49
439,315,56,52
443,312,57,50
450,308,57,52
460,305,57,57
465,296,58,57
471,287,56,59
481,279,54,60
487,274,55,61
499,270,55,59
511,268,59,59
525,269,58,56
540,270,55,62
552,276,51,64
558,288,56,60
568,301,57,57
577,309,57,56
587,322,60,55
594,336,61,59
600,353,61,60
603,369,62,63
603,388,65,65
601,402,69,65
601,422,65,67
598,441,64,69
589,460,69,67
579,476,68,66
567,491,66,66
551,505,66,61
530,512,70,60
511,512,66,61
490,507,64,62
470,491,64,67
449,483,59,60
435,464,63,62
425,436,61,67
425,413,60,65
427,395,61,62
433,374,61,62
430,346,60,58
434,327,54,66
439,313,52,69
442,306,52,64
444,303,59,59
442,302,69,60
448,299,62,56
451,298,55,55
455,295,51,62
457,295,53,59
459,298,58,56
462,304,57,55
466,313,53,54
470,321,53,52
472,331,51,55
472,339,54,50
469,338,54,49
463,338,53,49
460,336,53,49
458,331,51,50
455,327,53,53
456,322,52,51
455,318,52,49
454,314,53,50
455,311,52,49
453,308,52,47
453,305,51,49
453,301,52,49
454,301,51,47
454,299,50,46
455,297,50,46
455,298,50,45
456,297,50,46
455,297,50,46
457,296,50,45
458,296,51,45
458,296,51,45
458,295,51,45
458,295,51,45
460,295,51,45
461,296,52,45
461,295,51,44
461,296,50,45
462,296,50,44
463,296,48,43
462,296,49,43
462,296,49,45
461,297,50,45
462,296,50,45
462,296,49,44
463,296,48,43
462,296,48,44
463,295,48,43
463,296,49,44
462,296,49,44
463,295,48,43
462,296,49,45
463,296,48,43
462,296,48,44
462,296,49,45
463,296,49,44
463,296,48,44
463,295,48,44
464,296,47,44
461,296,47,41
463,292,48,48
462,298,48,49
462,298,49,46
463,298,49,46
464,298,49,44
464,297,47,42
464,297,48,43
466,298,48,42
464,297,50,42
465,296,49,41
465,294,48,42
464,293,51,42
468,290,50,43
470,285,50,42
473,282,48,45
476,279,46,45
482,277,46,47
487,275,48,49
490,269,48,52
497,264,47,52
506,263,49,50
518,260,50,48
529,260,52,48
544,264,50,45
556,267,50,47
567,274,46,51
571,287,49,51
576,300,51,51
586,312,51,53
600,326,49,50
612,342,50,51
619,354,51,53
625,374,53,52
626,386,54,54
625,399,55,53
623,410,54,49
624,416,52,45
624,420,50,44
623,421,51,44
624,419,51,44
625,418,52,46
627,415,52,46
627,411,51,47
628,408,51,48
629,405,52,47
630,403,51,48
630,401,51,49
630,399,52,48
630,398,52,49
630,397,51,48
630,397,52,48
631,397,51,46
632,397,50,46
633,397,49,45
633,397,49,46
633,396,49,45
633,396,49,46
633,395,50,46
633,395,51,45
632,394,50,45
634,394,49,46
633,393,50,46
632,393,51,45
632,393,50,45
629,392,53,46
626,393,54,47
622,394,56,48
618,396,55,51
612,400,58,51
604,403,61,53
596,407,62,53
583,411,63,54
569,414,63,54
547,417,64,53
524,417,66,58
501,418,61,56
476,418,61,54
450,415,59,49
419,409,61,53
399,407,62,54
381,405,57,50
369,403,58,50
358,403,59,50
348,401,58,50
340,400,58,51
335,400,58,52
331,399,57,52
329,397,57,51
328,393,57,53
330,385,53,54
335,373,53,55
344,362,56,50
354,353,56,46
364,342,52,50
376,337,51,56
390,342,53,48
397,353,57,48
406,351,54,53
415,353,58,50
428,350,60,52
437,349,55,48
444,349,51,48
446,349,50,48
446,347,51,49
445,344,51,49
445,339,51,51
445,336,51,49
445,332,50,49
446,332,50,47
448,331,50,48
450,333,50,46
453,331,51,47
459,331,49,46
462,329,49,48
468,326,52,44
476,318,51,45
481,320,53,53
487,300,54,48
500,285,56,54
520,274,57,56
535,270,59,57
549,267,53,61
559,271,50,56
568,275,57,53
579,277,59,55
589,286,59,55
596,297,57,60
600,312,56,63
600,329,59,65
593,351,64,61
583,371,65,60
562,390,68,63
540,404,68,63
510,420,66,58
477,427,66,53
448,426,66,52
425,427,58,54
407,430,57,51
394,427,61,52
384,426,60,52
374,425,61,53
363,422,62,55
353,420,64,55
348,417,64,54
346,411,60,57
347,404,59,58
349,394,58,60
353,383,58,60
366,371,57,53
373,362,62,50
382,350,57,55
396,345,56,59
407,348,54,51
416,358,56,45
425,357,53,54
436,357,61,54
446,352,62,53
455,353,59,50
459,352,54,50
459,350,53,51
459,348,52,51
458,344,54,52
458,342,53,51
458,340,51,50
458,338,53,50
459,337,51,50
461,337,51,49
464,338,51,48
469,339,49,47
472,338,52,47
479,334,53,44
491,324,50,44
499,311,51,51
502,303,53,46
514,288,55,51
537,278,59,52
551,271,63,56
568,268,55,58
577,274,56,55
591,275,61,56
603,283,60,54
613,295,55,58
617,309,55,62
616,326,57,64
611,346,62,62
600,365,66,62
583,384,68,62
551,399,68,64
520,413,67,59
486,418,66,53
456,416,63,50
432,418,60,54
404,418,58,52
391,413,58,49
378,411,59,51
369,409,59,50
361,408,61,50
359,406,61,50
358,403,59,52
358,400,58,57
362,393,57,58
366,384,55,59
375,373,57,54
385,364,57,49
390,352,56,47
402,347,53,53
412,348,54,51
422,356,52,43
428,361,52,51
437,357,57,54
450,355,54,53
452,353,51,47
450,354,52,47
450,354,50,46
448,352,50,49
445,351,50,50
442,349,52,50
442,348,51,49
442,346,50,50
444,345,50,49
447,344,50,49
452,343,53,50
458,341,51,50
464,340,52,46
472,333,53,44
482,322,52,44
489,310,49,43
499,300,51,43
516,284,55,47
541,274,55,47
559,266,53,52
570,271,54,54
584,274,58,51
598,279,60,53
610,290,55,54
616,300,53,59
619,315,53,59
615,332,58,61
611,352,62,59
598,374,66,58
579,396,68,59
550,410,64,61
523,420,64,59
490,427,65,54
461,430,63,50
432,430,61,52
413,429,59,50
398,427,62,50
386,428,63,51
374,427,62,52
365,424,64,51
360,421,62,52
357,417,61,53
358,410,57,56
359,404,56,55
362,393,55,58
369,382,55,55
380,371,57,49
387,360,56,48
398,348,56,54
411,349,52,50
420,354,55,41
431,361,56,48
437,351,53,53
450,349,60,52
462,346,55,49
466,343,51,48
466,346,50,46
462,347,50,46
459,348,52,45
457,348,48,48
456,348,48,48
457,348,49,48
459,348,49,47
461,345,52,48
465,343,53,49
471,339,54,50
476,335,55,51
483,329,55,51
489,325,55,51
495,320,54,51
501,315,53,51
503,311,53,51
508,308,52,50
511,306,52,48
514,305,50,46
517,304,49,46
518,304,50,45
519,304,50,46
517,304,51,46
518,304,52,47
521,305,51,47
522,306,50,46
523,307,50,48
524,309,51,49
524,312,51,51
524,314,52,53
523,315,53,56
524,312,53,56
517,309,59,59
514,313,59,59
511,304,59,59
509,314,56,50
506,314,57,51
505,295,58,58
504,297,57,57
504,305,56,52
503,304,55,51
502,301,56,50
501,299,55,50
502,298,56,49
501,299,57,49
500,300,55,49
499,298,56,50
498,300,55,49
496,299,56,49
495,299,54,48
494,298,55,48
493,298,56,49
491,299,56,49
491,299,55,48
490,298,54,47
490,299,55,47
489,295,52,47
488,296,54,48
487,295,53,48
486,296,55,48
485,296,54,48
485,296,53,47
485,297,54,46
483,295,52,47
484,295,53,47
483,296,54,47
483,295,53,47
483,298,54,47
483,297,54,48
483,297,54,48
483,295,54,48
484,296,53,47
485,297,53,48
484,296,52,48
484,296,53,49
485,295,52,49
486,296,52,47
485,296,52,48
486,296,53,47
486,297,52,47
486,297,53,48
484,295,52,51
485,296,54,50
485,294,53,49
484,296,55,52
485,295,54,51
485,296,55,51
484,293,53,52
484,294,54,51
484,296,54,52
484,294,53,50
485,295,54,51
484,296,54,51
484,295,55,51
483,294,54,51
482,295,54,51
483,295,54,50
482,295,54,52
482,295,54,51
482,295,54,51
483,295,54,50
483,297,54,49
482,295,52,49
482,294,53,50
482,294,53,50
482,296,55,51
483,294,52,50
482,293,53,51
482,294,53,51
482,294,52,50
482,295,53,50
481,295,53,51
482,294,53,52
481,295,53,52
480,293,55,52
480,294,55,52
480,295,55,51
479,295,55,52
480,297,53,50
482,298,51,48
482,298,51,48
483,299,50,49
483,299,50,48
483,300,50,48
482,300,50,48
482,300,50,48
478,298,52,50
476,297,54,50
473,297,54,51
473,297,53,52
473,300,52,52
473,301,50,50
474,303,49,50
475,303,49,47
477,303,50,47
479,304,48,45
481,306,50,44
481,304,48,45
482,305,48,45
482,305,49,45
483,306,48,44
482,306,48,45
482,307,48,45
481,308,47,44
481,308,48,44
479,309,47,44
478,308,46,46
477,309,47,45
477,310,46,45
475,309,47,44
474,309,47,44
474,310,47,43
473,310,46,44
472,310,47,44
471,310,46,44
471,310,46,43
471,309,47,44
471,309,46,44
470,309,46,44
470,309,47,43
469,309,46,44
469,309,45,44
469,309,46,44
468,308,47,44
468,308,47,44
467,307,46,45
466,306,47,46
466,304,48,47
466,303,48,47
464,301,50,47
463,300,50,47
461,298,50,47
457,296,50,48
453,297,50,49
450,299,50,48
447,303,49,46
442,308,51,48
441,315,52,48
439,322,51,50
438,329,50,50
437,337,53,48
437,342,54,47
437,346,54,46
437,348,52,47
437,348,53,47
438,348,52,46
438,348,52,46
439,347,53,46
439,345,54,47
441,346,53,46
443,346,53,46
443,347,54,47
445,349,53,46
446,351,54,47
448,353,54,48
449,355,54,49
450,357,55,48
453,359,55,47
455,359,56,48
457,360,57,49
459,360,58,50
462,360,59,51
466,360,58,49
469,360,59,50
472,360,59,51
477,361,60,50
482,360,60,50
488,361,60,50
495,360,60,50
501,361,61,50
509,363,61,49
515,363,61,50
523,364,61,50
530,366,60,51
537,369,60,52
544,371,59,52
550,374,59,52
554,376,58,53
559,380,58,52
562,383,58,53
564,386,56,51
566,388,55,50
567,390,56,50
566,392,55,48
565,393,55,48
562,392,56,48
560,393,55,49
556,393,56,50
551,392,57,50
546,393,58,51
541,393,58,50
534,393,59,50
527,391,60,52
521,390,61,51
514,389,61,52
507,389,61,51
500,388,60,52
492,387,60,53
485,387,60,53
479,387,60,53
473,388,57,51
466,388,56,52
460,388,56,50
454,389,56,51
448,391,55,50
444,392,55,50
441,394,53,49
439,395,51,48
436,395,52,48
434,394,53,48
433,392,53,49
431,388,51,50
429,384,50,50
426,378,52,51
424,370,52,52
422,362,52,54
419,355,53,54
417,348,53,55
417,344,51,54
415,343,51,54
414,344,49,53
411,348,50,53
406,355,52,53
404,364,51,53
400,377,53,55
399,394,53,55
400,409,53,55
402,427,52,51
406,438,50,52
407,446,49,52
409,449,50,53
408,444,48,53
405,432,50,55
401,412,51,59
396,391,53,60
395,367,54,54
401,335,54,61
405,312,57,59
412,292,56,59
420,278,55,56
429,268,54,53
437,262,57,53
442,257,59,52
446,255,58,52
451,255,56,52
453,257,57,57
457,264,54,58
460,274,54,61
462,286,55,61
463,298,55,62
464,308,57,60
462,320,58,59
460,331,57,57
456,341,58,53
448,351,54,51
443,355,52,50
438,358,53,50
435,355,50,52
426,351,51,54
417,347,54,54
407,340,55,52
401,336,53,50
391,330,56,54
380,328,59,51
373,330,63,52
359,340,63,55
348,354,56,57
341,375,57,61
337,399,61,61
338,422,65,58
347,438,63,63
354,451,62,62
363,465,56,55
364,472,57,54
363,475,57,53
359,469,55,54
351,454,57,58
336,434,56,58
325,404,57,64
309,380,58,58
328,365,59,59
335,340,59,59
326,345,59,59
329,324,59,59
342,345,59,59
337,338,58,58
359,294,57,57
363,315,57,57
357,344,58,58
364,355,58,58
376,356,59,59
382,363,61,54
364,375,59,53
363,376,59,52
359,373,64,54
361,369,62,51
349,361,63,52
331,353,60,60
323,346,61,61
319,324,61,61
311,326,57,48
309,329,57,50
308,327,56,52
310,329,55,54
319,329,53,51
318,331,57,50
317,335,59,59
323,359,52,59
311,360,61,61
307,369,62,62
316,414,62,62
319,435,65,59
322,447,62,60
338,448,58,59
355,435,53,56
344,426,62,60
343,421,62,62
348,444,61,61
349,453,62,62
346,462,62,62
348,443,63,63
358,421,63,63
367,372,62,62
377,340,62,62
410,333,61,60
407,335,59,60
405,334,58,57
403,334,58,59
403,337,60,60
401,339,62,61
400,341,62,61
397,341,61,60
397,340,62,60
398,340,62,61
398,338,63,60
396,336,62,60
395,334,62,61
395,332,63,61
395,330,62,60
396,329,61,61
394,327,60,60
394,327,62,60
391,327,61,62
391,328,61,61
389,328,61,62
390,328,61,61
388,328,61,63
388,330,61,62
385,331,60,63
383,333,61,64
382,335,63,65
379,337,63,65
377,338,62,64
376,338,63,62
375,337,62,64
375,334,64,64
374,330,64,62
372,327,60,62
373,326,60,61
374,327,61,60
371,326,61,59
367,329,62,58
369,328,60,62
371,329,59,62
368,330,59,61
367,329,62,61
366,329,62,65
366,329,59,63
366,332,62,61
364,331,63,61
363,336,60,61
362,339,60,61
359,338,61,61
355,338,59,63
355,335,60,60
352,333,62,60
350,331,62,61
348,328,62,63
345,325,64,66
347,323,66,65
345,320,64,64
344,320,62,65
346,318,60,65
368,309,64,55
381,314,68,57
392,319,67,61
413,331,64,62
426,339,63,68
441,354,61,69
453,384,64,72
445,422,70,74
439,445,63,73
437,450,59,69
432,445,62,69
437,433,64,72
455,409,66,78
460,382,69,69
444,353,69,69
439,341,68,68
403,334,68,68
387,329,67,61
389,331,67,64
371,323,65,62
358,318,64,62
348,317,63,61
349,319,61,59
352,319,62,58
351,321,60,56
353,323,61,58
355,326,62,58
356,327,65,60
353,325,66,66
354,333,57,58
354,331,56,58
353,329,58,61
353,324,62,60
353,307,64,59
367,295,63,57
369,299,65,60
349,313,65,60
348,313,63,59
347,315,64,59
347,315,66,60
348,316,65,59
347,317,63,60
348,316,63,59
349,317,64,60
350,315,65,61
351,317,63,61
352,317,66,63
355,318,65,62
356,319,66,62
357,318,65,64
359,320,68,63
359,321,69,65
360,322,70,64
359,321,73,66
358,322,72,64
355,320,73,65
354,319,73,64
355,314,73,65
355,313,71,63
355,311,73,65
356,311,72,65
357,312,74,65
360,313,72,65
361,312,73,65
363,312,71,65
365,314,71,66
367,313,70,65
371,314,71,66
374,313,70,62
376,313,69,65
380,313,71,64
383,315,71,64
388,315,69,63
393,314,71,59
395,318,70,61
399,317,69,60
403,317,70,61
408,319,71,60
412,318,70,61
418,313,71,62
423,312,71,63
428,311,70,65
434,311,70,64
439,301,70,70
431,291,70,70
439,301,69,72
445,302,69,73
450,303,69,73
457,303,69,71
461,303,68,70
466,303,66,73
469,304,69,74
473,306,70,71
476,309,68,71
480,312,67,68
481,316,67,69
485,317,67,68
491,319,67,67
493,319,66,67
495,321,67,68
500,321,65,66
500,322,66,67
503,322,64,66
503,319,65,64
500,317,67,69
497,312,65,66
497,310,63,64
494,307,63,65
493,307,65,63
491,306,64,64
489,306,64,66
492,307,67,66
489,310,66,64
490,311,68,64
491,310,66,64
490,308,67,65
492,307,68,65
487,307,69,72
485,310,70,71
487,312,71,71
491,315,70,68
485,290,74,66
475,277,67,63
479,289,61,66
480,299,62,67
486,306,64,65
490,304,63,70
493,303,57,66
494,305,57,63
495,307,55,63
497,305,58,64
497,304,57,64
497,306,59,62
499,306,58,61
500,308,57,60
501,311,57,60
503,311,57,59
504,311,58,59
506,312,56,58
508,313,58,57
509,313,58,57
510,315,56,56
511,317,56,56
511,318,56,56
511,319,56,55
509,320,56,56
506,319,56,56
504,318,55,56
497,315,57,58
495,313,56,57
491,311,56,58
488,309,56,57
482,307,56,60
479,306,56,59
475,307,58,58
470,305,64,60
469,306,66,63
466,307,60,66
466,310,61,58
463,309,65,60
477,268,64,60
464,270,58,60
457,274,54,56
453,282,49,55
454,291,49,54
454,300,52,53
457,298,54,51
454,299,53,53
453,299,55,52
449,303,57,52
447,308,57,51
445,310,58,49
444,312,57,48
444,312,56,48
444,311,57,51
445,313,59,51
445,311,59,51
447,310,57,51
449,309,57,55
453,307,55,57
455,308,56,57
456,308,57,57
459,308,57,56
462,308,57,57
466,309,57,56
469,310,58,55
474,310,58,56
478,311,59,55
482,311,58,55
487,311,58,55
492,310,57,55
496,308,57,55
500,305,56,55
504,302,57,53
507,301,59,52
512,301,59,51
515,300,59,51
519,301,55,51
523,303,57,49
526,306,58,50
528,309,59,51
530,314,56,52
531,319,58,51
530,324,56,49
527,327,55,49
521,329,58,49
515,330,58,49
507,329,60,50
499,326,58,52
490,323,63,51
482,320,62,50
473,315,60,52
464,312,62,51
457,309,61,51
449,306,61,52
444,304,62,51
439,302,62,50
436,301,57,50
433,300,54,53
432,301,58,53
428,299,58,55
425,300,60,58
423,302,60,57
438,311,58,56
455,312,61,55
456,309,61,58
448,307,69,62
454,317,68,59
462,320,66,57
469,321,63,54
471,325,60,53
474,328,59,52
477,330,59,53
480,331,59,51
479,333,59,52
478,335,59,53
475,337,59,53
472,337,59,52
466,338,63,55
458,336,63,54
451,333,64,57
445,330,66,58
437,325,67,57
430,321,68,59
425,316,68,61
417,312,67,63
411,308,65,63
408,307,63,63
405,305,61,64
404,304,59,66
402,303,61,61
401,304,59,63
414,318,60,58
422,306,61,59
417,292,68,60
417,302,66,62
421,313,65,59
427,316,63,60
430,320,59,58
436,324,56,55
436,325,54,54
437,326,55,54
435,327,55,54
437,328,54,53
435,329,55,54
432,329,55,54
428,329,56,54
425,329,57,54
419,328,59,54
413,327,58,55
404,324,58,57
399,322,60,57
392,320,62,56
385,316,61,57
379,313,60,60
372,310,62,66
366,308,63,67
365,308,60,61
360,305,62,61
355,305,62,60
350,306,61,60
363,307,60,60
374,279,63,63
364,287,64,65
361,303,63,59
361,314,63,56
362,319,58,52
363,321,58,51
364,324,56,49
365,324,56,49
365,324,56,49
367,324,56,49
368,322,54,50
370,320,56,50
371,318,55,50
371,316,56,50
371,314,55,50
371,312,57,49
370,313,55,50
369,311,53,51
367,310,57,50
366,310,56,51
364,308,56,53
364,309,59,53
362,307,60,59
365,308,57,55
367,310,55,57
371,312,55,56
371,310,59,56
373,311,57,53
372,312,56,54
379,312,60,58
400,299,63,55
401,311,63,58
408,318,62,56
414,323,60,53
415,322,58,57
419,323,59,55
422,323,58,54
425,324,58,56
425,323,57,55
427,324,56,55
428,324,59,57
427,325,58,58
427,324,59,57
427,325,57,57
425,324,57,58
425,322,58,58
423,320,59,57
421,318,57,59
420,316,57,59
418,314,56,60
420,313,55,61
418,310,55,60
417,310,53,58
416,311,51,58
416,313,51,57
414,313,51,58
416,317,56,55
416,320,57,55
435,319,57,54
427,297,66,58
425,306,63,58
428,319,65,57
430,326,57,57
433,329,56,55
432,329,55,55
432,331,55,54
431,335,56,53
429,337,56,54
428,339,56,54
428,343,54,54
427,345,55,54
427,348,57,54
426,350,55,54
426,352,55,54
426,353,55,54
424,353,56,54
422,352,55,54
420,349,55,55
419,345,56,55
416,340,58,55
414,334,58,57
414,328,59,56
414,323,58,56
414,319,58,54
413,315,58,55
412,313,58,54
411,311,57,54
410,310,58,55
410,309,60,55
410,310,60,56
408,312,58,57
409,312,59,56
409,310,59,57
408,313,59,58
405,312,59,58
406,313,58,56
404,313,58,55
402,313,60,55
399,313,58,56
399,312,58,57
396,312,57,56
394,311,58,55
391,309,60,57
389,305,61,58
385,303,56,57
383,302,57,58
378,301,57,59
375,302,60,60
368,301,63,63
398,323,54,55
399,322,54,56
400,323,53,56
401,324,54,57
403,324,55,58
406,327,57,59
408,326,56,59
410,330,55,58
414,328,56,60
417,328,57,61
419,328,56,61
421,329,56,62
422,327,57,63
423,326,55,62
424,323,56,63
427,320,56,64
427,320,58,63
428,318,60,65
428,317,55,59
429,316,56,60
422,322,60,62
432,317,58,62
432,318,57,63
430,319,58,62
429,321,59,63
429,324,59,62
428,326,61,64
423,330,61,63
423,331,60,63
422,333,61,64
417,336,59,62
416,336,60,62
412,338,59,61
412,333,61,64
408,331,58,63
404,330,59,64
401,328,60,66
397,326,58,63
395,321,62,64
393,318,62,63
392,315,60,62
391,316,59,61
393,319,57,63
391,321,57,61
391,322,58,59
392,323,58,61
394,323,59,60
394,327,57,57
398,329,58,58
399,332,55,55
402,335,56,55
402,335,55,55
406,332,55,55
409,330,55,57
413,326,56,58
414,325,55,58
419,321,59,61
419,320,57,60
422,317,57,61
425,315,57,59
426,316,56,59
428,315,57,61
432,315,58,63
430,316,59,61
429,318,59,60
427,322,59,59
428,324,58,59
424,326,58,59
422,330,57,58
419,333,58,59
417,334,61,61
415,334,59,60
410,335,58,58
408,331,58,61
404,331,57,60
400,328,56,59
398,326,56,60
397,323,57,61
394,319,58,59
392,318,57,61
392,316,57,60
392,316,56,58
393,317,58,61
394,317,59,61
395,320,60,65
396,322,57,60
398,326,57,59
401,327,59,60
403,327,61,61
405,329,61,61
409,331,63,61
410,332,60,59
414,332,61,60
416,330,60,59
418,330,59,59
422,326,63,62
423,323,62,61
425,320,59,61
427,316,61,63
427,313,61,63
420,319,62,62
431,313,70,73
420,309,67,70
426,295,67,69
429,292,68,67
431,300,66,69
430,302,66,67
433,305,66,69
436,312,67,69
434,311,63,66
433,310,65,67
435,309,66,68
434,310,65,68
433,310,65,66
434,308,65,68
433,309,66,69
432,308,67,68
431,312,64,66
429,315,63,63
434,316,65,65
433,316,65,63
432,317,64,61
432,320,64,62
433,322,64,62
433,324,64,61
433,324,63,59
433,325,65,60
433,325,65,60
434,326,64,59
432,328,63,59
433,328,62,58
433,326,63,57
432,327,61,56
432,325,61,56
431,326,62,58
432,326,62,57
431,325,61,57
433,324,61,56
433,324,63,58
432,324,64,59
432,324,63,58
433,327,62,58
432,327,61,56
433,330,61,55
433,331,61,55
434,332,60,56
433,335,60,55
433,337,61,56
432,339,61,55
433,339,62,56
432,338,61,56
433,338,62,55
432,338,62,54
432,336,62,56
431,335,62,57
431,332,62,57
432,329,63,57
432,326,63,58
432,324,64,58
432,321,64,59
431,320,64,59
429,320,62,59
430,319,63,59
431,318,64,59
431,318,64,60
431,319,63,62
431,315,62,58
429,317,62,59
430,315,63,59
428,316,63,58
428,316,63,56
428,316,64,57
430,316,63,58
430,314,64,59
430,313,64,59
428,312,62,59
428,311,63,60
430,308,67,62
429,309,66,63
426,310,64,62
427,310,65,64
426,310,63,62
428,310,63,62
429,309,62,62
429,311,60,62
429,311,62,61
430,310,62,61
429,311,61,62
430,312,61,63
430,312,60,62
430,311,61,62
429,313,60,62
430,312,61,62
430,315,59,63
430,313,60,62
430,313,60,63
429,312,61,62
430,313,61,64
431,311,63,64
430,312,61,63
429,310,62,63
431,311,63,65
430,311,62,64
430,311,62,64
429,310,63,64
428,311,60,62
428,311,60,61
429,311,61,62
429,311,61,63
430,310,61,62
429,312,61,63
429,313,60,63
428,317,59,63
429,318,61,64
429,323,60,63
429,326,62,63
429,329,63,64
429,332,61,63
429,334,63,62
429,335,61,62
428,333,61,63
428,330,61,63
428,327,63,65
428,323,65,66
429,319,66,67
427,317,63,68
427,314,71,72
424,313,68,67
421,303,70,67
412,292,80,80
432,320,79,79
438,317,65,71
436,315,67,70
437,313,66,71
438,314,66,71
439,312,65,70
437,311,67,71
436,312,68,75
437,311,67,75
436,317,62,76
436,319,58,76
438,322,60,79
404,274,72,66
405,284,73,67
406,291,75,68
410,301,75,72
412,309,70,71
409,311,68,69
411,310,67,70
417,312,68,71
417,313,66,71
421,313,67,71
425,314,70,73
420,314,69,74
418,313,68,73
419,313,68,74
422,314,72,77
423,313,73,76
424,314,75,77
428,311,77,75
429,311,78,77
429,311,77,79
436,307,76,75
438,307,76,77
442,305,75,79
441,302,75,76
437,301,74,74
436,300,71,74
436,299,72,71
436,301,72,72
436,303,70,73
437,305,75,75
440,308,80,77
437,317,83,75
439,328,82,81
439,339,83,80
440,351,86,78
440,360,85,80
439,368,86,81
440,371,88,78
442,376,88,77
440,377,86,76
444,378,84,74
442,382,84,76
443,380,83,73
442,382,86,76
444,380,84,74
444,382,84,74
448,382,84,75
444,382,83,75
446,380,84,75
444,381,85,77
442,379,87,78
446,383,87,79
445,382,85,79
442,382,86,79
443,383,85,77
442,384,85,77
443,383,86,76
440,385,84,75
440,384,84,74
440,387,83,75
441,386,83,75
441,386,85,76
441,386,85,75
440,384,85,75
440,386,84,74
441,388,84,75
439,387,85,76
435,386,87,77
436,386,86,78
435,387,87,78
442,384,87,77
438,385,87,77
437,386,87,76
437,387,87,77
437,386,84,74
436,388,85,76
435,387,85,76
435,388,88,77
436,386,86,77
435,387,87,77
435,386,86,76
435,385,86,77
433,387,87,77
432,387,87,77
434,385,88,77
434,388,87,77
433,388,86,77
437,387,86,76
436,387,85,75
437,386,85,75
437,387,85,75
439,385,87,76
432,388,87,77
435,386,90,79
436,385,89,78
434,386,91,80
432,386,89,79
433,386,92,80
434,384,90,78
435,386,88,78
431,388,88,77
435,388,85,77
434,387,86,76
436,386,84,74
434,388,85,74
432,390,86,76
436,388,86,76
434,389,85,76
434,387,84,75
435,386,86,75
433,390,86,76
435,387,86,77
434,386,87,77
433,388,88,77
433,388,86,76
433,387,85,76
433,387,86,75
435,387,86,77
435,389,84,75
436,386,85,75
433,388,86,76
434,387,85,75
434,385,84,73
435,388,84,74
435,387,82,72
435,389,82,73
434,389,83,74
432,391,83,73
436,389,83,74
434,389,83,73
432,391,84,73
433,391,82,71
435,390,81,72
436,389,82,73
434,390,82,73
434,390,83,72
436,386,81,71
434,389,82,71
430,389,82,70
435,387,82,71
433,385,83,70
432,385,84,71
429,382,85,71
428,377,82,75
431,371,84,77
431,362,79,74
432,357,77,76
434,352,75,73
434,350,72,70
433,348,71,68
433,348,70,68
436,348,72,70
434,348,69,69
431,348,68,67
434,351,67,67
434,349,67,67
437,349,69,69
433,349,67,66
434,349,67,66
435,350,67,67
436,351,66,66
434,351,66,65
435,351,66,65
434,351,64,64
434,352,64,64
435,350,65,66
432,351,66,64
432,354,69,65
432,359,70,66
433,360,74,67
431,367,74,64
429,373,72,68
434,376,77,67
434,379,74,66
432,382,74,66
434,385,77,68
433,386,78,69
431,389,81,70
434,390,81,71
435,391,85,75
429,393,87,76
432,392,91,78
433,393,93,77
441,387,88,76
436,382,89,80
433,384,92,82
428,380,92,83
426,379,92,81
428,380,92,81
421,375,88,84
421,371,84,84
421,369,79,78
425,363,76,75
426,355,80,77
425,351,78,73
424,348,78,76
425,345,79,78
424,350,78,77
424,351,74,74
425,346,78,74
424,346,79,75
426,353,79,76
430,351,79,77
427,350,77,72
428,349,78,74
425,353,73,72
425,352,77,71
425,352,78,70
423,354,76,68
423,352,77,68
423,349,80,68
419,348,79,73
419,344,82,73
418,341,79,73
417,336,80,75
416,335,80,74
416,332,78,72
413,329,78,69
415,328,81,70
415,326,80,74
416,327,80,76
418,326,80,77
417,328,79,76
417,334,78,81
419,335,76,76
420,340,74,76
423,343,74,75
425,345,76,75
429,345,75,74
429,348,75,73
430,351,73,72
433,353,73,72
433,353,70,72
435,350,72,72
436,351,70,71
439,347,72,72
439,341,72,71
438,338,70,72
437,334,67,71
438,326,71,74
437,324,70,74
434,318,68,73
436,311,69,73
435,308,68,72
435,305,69,72
436,305,69,71
433,299,68,70
434,302,68,72
432,299,68,70
431,300,68,72
431,302,70,71
428,304,68,69
427,301,69,71
428,302,68,70
427,306,66,68
426,308,65,67
427,307,65,67
430,309,67,69
431,310,67,70
428,308,66,70
427,303,66,69
427,303,65,69
427,300,66,73
427,299,70,74
425,296,68,73
426,295,66,72
429,293,69,69
431,290,68,68
431,290,72,68
432,293,69,68
429,294,68,67
430,297,68,65
429,299,65,66
429,299,70,70
428,303,66,68
427,304,66,68
424,304,67,69
423,304,66,70
422,302,68,70
420,299,66,71
420,297,66,71
416,298,69,72
416,293,73,71
418,291,68,70
414,291,68,68
413,292,78,76
402,289,77,72
396,286,76,70
391,278,77,75
382,271,78,75
412,292,74,76
414,293,72,75
417,290,72,75
418,292,71,74
419,292,70,72
419,292,69,70
418,295,67,68
420,296,68,69
420,298,68,67
419,302,72,70
419,310,70,70
422,316,70,71
425,326,68,71
425,337,67,68
426,346,67,67
427,356,66,62
430,361,67,61
430,366,66,60
430,368,64,57
430,369,66,59
429,368,64,59
429,364,66,60
430,358,66,59
429,352,66,61
429,346,67,62
427,339,67,63
428,332,69,63
427,327,69,64
428,323,69,64
428,321,68,63
428,318,66,63
430,318,67,64
428,316,66,64
431,311,68,68
430,311,65,70
431,309,64,67
433,309,65,67
434,309,65,66
434,309,65,65
433,307,65,65
434,310,65,65
435,312,64,65
437,312,65,66
437,312,64,65
437,311,63,65
437,314,62,65
439,314,63,65
440,315,63,64
441,313,65,66
441,317,62,64
442,317,63,64
443,318,62,64
443,317,63,63
444,320,61,63
443,316,63,63
444,317,62,63
447,321,63,64
446,321,62,63
446,321,62,63
446,321,61,63
447,322,62,63
447,322,62,63
449,325,62,64
448,324,62,64
447,325,62,64
446,325,62,65
445,326,61,64
445,327,63,65
445,329,62,64
445,329,63,65
444,329,62,65
445,328,64,66
442,329,62,64
443,329,62,65
442,331,62,65
440,332,61,64
441,332,63,65
439,331,62,66
439,333,63,65
439,331,63,65
437,334,62,66
437,334,64,65
437,332,64,65
439,336,61,65
441,334,66,65
440,335,64,64
441,335,63,65
442,334,64,66
444,334,64,67
444,332,65,65
444,334,65,64
443,334,67,63
445,337,67,63
446,339,70,64
445,343,68,63
446,345,69,63
447,346,68,64
447,346,69,63
445,346,69,62
448,343,69,62
447,346,69,62
448,341,67,61
449,341,67,60
449,341,67,60
449,343,67,61
448,345,68,62
449,347,68,63
451,347,66,60
453,349,67,61
454,349,67,61
457,346,67,61
458,346,68,61
459,346,67,62
462,343,69,62
464,341,69,63
468,342,70,64
468,344,69,64
471,346,69,64
475,344,70,63
476,348,69,64
479,349,67,62
480,352,68,63
479,351,68,62
476,349,68,64
474,347,69,64
468,344,68,65
463,343,67,68
460,339,71,71
455,335,70,70
450,331,69,70
449,331,68,72
446,326,69,72
442,322,70,71
438,319,71,70
436,319,70,71
433,320,67,72
433,318,71,72
431,317,67,69
432,318,67,69
432,317,68,68
431,318,67,70
432,319,69,70
432,319,70,68
433,321,69,69
433,323,69,69
434,324,70,68
434,324,71,69
433,327,71,68
429,328,71,67
426,332,72,71
423,338,72,70
418,345,71,69
415,350,72,67
411,355,70,66
409,360,69,64
406,364,68,65
405,363,69,65
406,358,69,63
406,358,67,66
407,353,68,68
406,344,71,63
406,340,67,68
407,334,67,69
408,328,70,68
407,324,68,67
410,320,69,68
409,317,69,66
412,316,69,69
413,314,70,67
414,314,68,65
416,315,69,67
418,317,67,68
421,315,68,68
424,316,68,68
426,318,66,66
429,319,68,67
433,323,66,67
438,327,67,70
440,332,65,69
445,337,68,70
450,343,70,66
454,349,72,67
460,357,71,67
467,364,75,67
473,368,74,62
478,370,73,60
482,370,74,61
483,365,75,62
485,364,77,64
484,360,75,66
484,354,76,65
484,348,76,67
481,342,77,66
480,338,75,68
480,334,78,69
478,331,73,66
477,328,72,67
478,326,72,66
478,326,68,66
480,325,69,67
480,321,71,66
481,321,69,66
482,319,67,63
485,319,65,62
487,317,68,61
487,315,67,61
488,313,70,61
490,315,69,61
491,313,71,62
493,314,69,63
496,313,70,62
500,313,69,62
503,312,69,62
505,314,69,62
509,313,70,62
514,315,68,64
517,316,68,67
520,314,72,65
528,317,71,70
531,315,72,69
538,316,74,71
543,315,74,72
550,314,77,72
557,313,79,70
566,312,80,70
575,310,79,71
587,312,79,72
595,316,78,72
605,318,76,71
614,321,75,73
625,322,78,70
638,325,82,75
650,325,82,74
664,328,79,73
681,333,85,72
696,338,84,72
709,335,84,84
724,345,84,84
738,354,85,85
757,369,85,85
773,384,83,83
787,397,83,83
787,416,84,84
802,426,85,85
806,432,85,85
783,453,86,86
810,457,86,86
812,458,87,87
809,460,87,87
806,457,87,87
806,450,88,88
797,448,89,89
776,446,89,89
773,443,87,87
755,443,87,87
758,428,89,89
745,411,89,89
714,433,89,89
717,390,88,88
712,383,84,72
697,375,81,67
687,367,82,67
676,360,82,67
668,355,84,69
659,349,83,70
649,343,80,66
641,341,81,68
635,337,80,69
627,333,76,69
621,331,75,69
616,328,76,69
608,327,76,69
598,329,73,69
594,327,77,69
589,326,78,70
584,326,79,70
577,328,78,69
571,331,78,71
570,334,78,71
563,337,77,70
559,340,78,71
553,340,77,71
545,343,77,69
537,342,78,68
527,343,77,72
516,342,80,74
506,340,82,73
499,341,83,75
489,340,80,73
482,337,80,72
476,335,80,72
468,333,79,71
463,331,78,72
458,328,78,70
456,327,78,73
448,326,75,70
443,325,73,69
441,325,75,70
437,327,73,71
436,329,75,71
434,331,74,69
431,335,72,67
429,337,72,69
428,337,73,69
427,336,74,67
430,336,73,68
429,335,71,67
432,335,72,70
433,334,70,72
431,333,69,71
435,334,69,71
435,332,69,71
434,328,70,71
430,328,68,69
431,326,69,69
427,323,70,69
424,322,69,71
422,320,69,71
420,316,69,70
417,316,68,71
416,312,71,72
413,313,69,73
410,313,68,71
408,312,69,70
408,312,68,70
405,311,70,69
404,312,69,70
404,313,71,70
401,316,70,69
404,317,70,68
403,319,71,69
406,324,69,69
407,327,70,69
408,326,70,69
409,325,70,69
410,326,69,68
413,324,69,68
415,324,69,66
416,323,68,65
419,321,66,64
422,318,68,63
423,318,65,64
426,316,65,65
428,313,68,64
431,315,67,64
430,313,67,63
433,313,66,62
433,317,63,63
436,314,65,61
434,315,64,62
437,315,66,61
435,315,65,64
436,318,64,63
437,318,67,62
434,323,65,62
437,328,66,62
437,330,67,62
438,335,67,62
438,338,66,63
438,338,66,62
440,337,66,63
440,335,66,62
441,331,66,62
443,329,66,63
441,323,65,62
443,319,65,63
443,314,66,62
443,311,65,62
445,309,65,62
444,307,63,60
444,308,64,61
445,309,63,60
445,309,63,60
446,311,62,60
448,315,63,59
447,320,62,60
448,321,62,57
447,323,61,57
447,320,62,58
449,319,62,58
447,314,62,60
449,310,64,60
449,307,65,61
450,304,63,60
447,305,61,62
449,304,61,61
446,303,58,58
446,305,59,59
443,305,60,59
443,308,60,60
441,310,59,60
440,312,59,59
442,314,59,60
443,315,60,61
442,312,63,61
443,312,61,60
446,310,63,61
448,307,64,62
451,307,62,63
455,306,63,64
459,305,61,61
463,305,62,60
468,303,63,59
471,304,61,59
474,303,63,64
476,302,64,65
479,300,61,62
481,298,64,65
483,296,62,68
488,293,62,69
484,306,62,73
485,316,60,69
491,312,60,65
483,326,61,67
476,335,61,65
454,339,68,61
458,342,65,55
463,345,64,55
460,343,63,56
459,344,62,54
455,344,62,54
455,344,64,54
453,343,61,54
455,338,61,55
454,337,61,54
454,334,60,55
457,334,60,54
457,333,60,54
459,333,58,55
460,333,58,56
462,332,59,57
461,333,58,58
465,327,61,61
466,326,61,61
470,320,63,61
471,317,62,62
473,317,62,62
474,314,64,63
476,313,63,63
479,313,66,63
481,311,65,62
484,312,67,63
482,313,65,71
488,311,65,67
488,307,64,64
490,304,66,70
491,306,64,74
490,309,64,76
490,320,64,75
490,324,63,70
486,332,62,67
482,338,65,66
473,340,74,74
462,338,74,74
469,345,74,74
470,346,73,73
465,350,73,73
469,350,59,53
464,347,63,53
462,343,63,54
463,339,62,53
465,336,61,52
468,332,61,54
469,330,59,53
471,329,59,53
473,327,58,55
475,325,59,55
475,325,58,55
477,322,58,55
478,322,57,55
480,318,58,58
482,316,59,60
485,313,61,61
486,311,61,61
489,310,61,60
491,308,61,61
492,309,62,62
494,307,63,62
496,307,65,64
493,311,64,65
495,311,62,68
500,308,62,65
499,306,58,69
503,302,58,73
497,312,61,70
498,312,62,70
495,319,61,67
494,322,62,69
487,332,63,71
482,338,65,66
456,339,72,62
460,340,67,60
463,340,67,59
469,340,66,64
473,341,63,61
473,344,61,58
477,348,61,57
480,351,62,58
484,356,63,62
468,347,63,61
470,348,64,58
475,350,65,58
480,350,59,58
485,353,56,56
485,356,55,57
486,358,56,59
487,359,57,57
486,361,56,57
483,363,57,58
481,368,57,57
479,369,56,57
480,370,56,57
480,368,57,59
484,367,57,58
487,365,57,60
490,362,58,61
496,360,59,62
498,361,57,62
503,362,55,62
506,368,56,61
510,368,56,62
512,372,56,62
515,376,56,60
515,378,56,62
516,381,54,59
517,382,55,60
518,383,55,60
518,386,55,60
518,387,56,62
519,384,57,62
520,385,56,63
521,380,57,65
524,375,60,67
521,371,60,66
520,372,61,66
521,365,61,64
521,362,61,68
520,361,59,65
521,361,60,67
521,359,65,66
525,357,67,67
529,330,81,81
541,330,59,71
536,328,58,71
529,328,59,71
526,332,64,69
525,335,65,66
523,337,67,67
518,338,88,88
531,349,70,72
514,359,72,78
493,367,92,92
493,386,76,82
487,396,74,77
480,400,95,95
480,408,79,78
479,412,78,79
469,421,76,81
470,426,77,78
459,428,94,94
473,427,95,95
476,445,95,95
479,451,95,95
483,452,82,82
481,459,82,85
479,460,93,93
479,466,79,85
480,465,79,85
480,466,78,83
478,467,80,83
479,466,81,83
478,465,81,85
480,461,81,85
480,458,79,83
483,450,78,83
483,444,77,81
482,436,77,82
480,430,79,79
478,419,79,77
479,408,78,79
470,396,95,95
479,378,77,85
481,367,80,86
484,354,82,85
485,347,83,86
492,335,82,84
493,328,78,78
513,319,77,74
513,312,76,75
517,311,77,73
514,312,78,72
509,314,78,72
508,315,78,73
504,316,78,75
500,324,79,79
505,329,80,81
503,331,80,84
533,317,74,79
531,317,81,78
531,315,78,76
526,319,77,75
523,319,77,75
519,324,76,72
510,325,72,71
508,324,76,71
503,324,74,68
498,321,76,67
495,320,76,67
491,318,74,66
486,317,72,66
485,315,73,67
482,312,73,66
479,312,72,67
478,312,71,66
475,312,71,67
474,311,73,67
473,311,73,67
469,311,71,65
469,311,71,65
468,313,71,64
467,315,70,62
465,317,69,63
467,319,70,62
466,321,68,62
466,323,68,61
466,328,68,61
464,332,67,61
464,334,68,60
463,336,68,58
461,338,67,58
458,341,66,58
455,345,66,57
453,344,65,55
450,348,67,58
446,351,67,57
442,353,68,59
437,355,67,57
432,361,71,60
425,365,72,61
421,372,73,62
416,380,74,68
410,387,77,71
405,397,77,75
400,411,79,76
397,421,81,76
396,433,81,77
396,444,81,78
395,453,81,80
397,461,82,81
400,467,80,78
393,480,82,76
394,487,79,73
393,494,78,70
393,495,79,70
395,490,78,72
397,483,78,73
399,473,79,77
402,462,80,78
401,455,81,77
400,449,79,77
402,435,81,75
402,425,82,75
406,418,81,73
408,409,81,70
410,400,81,69
412,393,82,71
417,387,81,66
420,383,79,65
424,379,76,63
427,375,74,64
431,371,74,66
434,367,72,67
436,363,69,68
438,362,69,68
439,361,68,69
440,360,71,70
442,359,71,71
448,407,81,72
444,409,83,76
446,408,83,76
449,402,83,72
447,403,86,75
449,400,87,73
446,401,89,75
449,398,87,73
448,396,82,73
449,392,77,72
450,385,75,68
451,379,73,67
450,370,71,67
451,367,70,66
452,364,68,66
446,363,66,68
446,363,65,67
446,359,67,69
448,360,67,70
444,357,70,67
442,358,72,66
440,363,70,62
443,364,69,62
453,363,72,63
449,364,68,64
447,366,67,64
441,369,67,66
455,367,68,65
459,365,75,66
457,370,70,66
456,372,70,67
458,369,75,67
456,374,69,66
459,372,70,63
460,374,71,65
461,371,72,65
459,371,70,62
460,371,70,63
459,373,69,63
460,369,69,64
458,368,68,63
457,366,67,63
459,359,72,67
458,356,71,66
457,355,69,64
459,354,70,65
459,352,68,64
460,352,68,64
460,353,67,61
462,353,67,61
462,354,67,62
461,353,67,63
462,354,68,62
463,355,70,62
461,357,68,62
461,360,69,63
459,362,69,64
459,363,68,62
457,363,68,62
458,363,69,63
458,363,68,63
457,361,69,63
457,360,69,64
457,356,70,64
456,355,69,64
455,354,72,68
454,354,73,72
457,367,71,63
459,364,70,63
460,363,68,63
459,353,68,62
458,354,70,61
456,353,69,61
454,352,69,62
452,352,69,63
450,354,69,59
448,354,68,60
453,354,69,64
450,355,66,62
448,355,68,61
447,355,69,62
451,354,71,64
455,354,69,66
457,355,70,66
458,356,71,66
458,356,72,64
459,358,71,63
459,357,71,63
459,360,70,62
457,360,67,61
457,359,69,62
458,359,70,65
456,357,70,65
456,358,68,66
455,356,69,66
454,355,68,65
453,350,69,66
452,347,68,65
451,346,67,65
450,343,66,65
450,339,68,66
449,337,68,65
448,337,67,65
448,338,66,66
447,336,67,65
447,337,68,64
445,338,65,64
447,341,66,63
446,343,65,63
445,343,66,63
446,348,64,63
447,350,65,61
446,351,66,62
446,349,69,63
445,349,68,62
446,350,71,62
445,351,69,61
446,359,71,62
445,370,71,63
449,393,75,67
448,393,71,66
449,390,72,65
449,386,72,64
446,380,69,64
443,372,73,64
445,360,71,63
441,358,69,64
441,352,67,66
442,347,68,66
440,346,68,67
440,345,67,67
442,352,68,65
440,357,69,61
444,355,71,61
446,355,69,63
447,353,68,65
447,355,67,64
448,355,68,65
449,357,67,64
450,354,68,65
449,356,67,64
448,357,70,65
447,358,68,65
448,358,67,64
447,360,66,64
447,361,69,65
448,362,67,65
446,363,66,64
446,364,67,65
446,362,69,66
448,365,68,66
447,364,67,65
447,362,68,66
447,362,69,65
448,363,67,65
447,357,68,67
446,356,66,67
448,352,68,70
448,350,68,69
449,345,71,70
448,346,69,70
449,345,70,70
449,342,71,71
451,342,71,71
450,339,73,72
451,342,73,71
453,345,72,71
451,344,72,69
453,346,76,71
450,353,73,64
452,351,74,66
452,352,76,67
451,353,73,65
451,354,74,66
451,355,74,64
452,352,74,66
451,351,75,65
450,348,76,65
451,347,75,67
454,358,72,68
452,350,73,67
454,349,72,67
451,347,74,68
447,345,75,69
447,346,77,71
446,348,73,67
443,348,77,61
446,347,78,63
450,348,74,65
453,349,73,65
451,350,73,66
454,348,73,68
455,347,73,69
455,345,74,67
457,347,74,67
458,349,74,66
456,350,75,64
455,351,73,64
455,352,73,65
457,351,74,66
454,352,73,63
456,353,72,65
455,353,72,66
451,351,71,64
453,349,71,66
449,348,70,65
446,343,71,63
442,343,69,65
440,339,70,64
437,335,72,63
433,334,71,64
430,328,74,65
425,326,73,63
421,323,73,63
415,321,72,63
411,318,72,61
404,318,71,60
402,318,72,63
397,316,74,64
392,314,76,65
387,318,76,67
381,320,75,66
374,321,76,65
366,323,78,65
356,324,78,65
351,324,82,69
341,327,80,67
333,328,78,66
326,330,79,67
