323,616,104,49
323,614,104,50
325,613,103,52
327,610,100,53
326,608,105,55
327,604,106,55
330,596,109,55
330,586,109,54
330,569,112,55
333,553,108,55
334,537,107,51
334,522,111,53
336,506,110,54
341,491,105,55
339,476,111,59
338,462,114,59
343,451,111,54
344,439,111,56
347,429,109,55
349,418,108,56
351,408,107,56
352,399,109,53
355,390,107,56
356,382,107,54
360,374,103,54
361,365,102,55
362,358,103,55
364,351,100,55
361,345,106,57
363,339,104,56
365,333,101,56
367,327,98,54
364,321,102,58
367,316,99,56
367,312,99,54
366,308,98,54
368,304,97,53
366,300,97,56
364,297,100,56
364,295,99,55
365,293,97,54
366,291,93,54
365,289,94,55
364,288,92,55
361,288,95,57
362,287,91,57
361,288,90,56
358,288,91,57
356,289,90,57
355,290,90,57
356,293,85,54
351,295,87,56
349,297,86,54
345,299,87,55
341,302,88,55
336,303,90,56
331,307,91,56
328,310,91,53
321,312,96,55
316,315,99,53
310,317,103,55
307,319,102,55
301,320,105,57
303,323,94,58
303,323,91,61
300,326,89,56
298,328,86,54
294,330,97,51
291,328,98,51
284,337,101,52
286,342,87,55
283,345,94,54
282,345,101,53
280,348,109,50
288,344,103,53
282,345,102,52
274,350,103,52
271,352,103,52
266,351,103,52
264,358,103,52
266,356,104,52
271,366,102,51
271,363,101,51
272,369,101,51
278,368,101,51
273,371,102,51
257,386,101,50
272,373,101,50
263,382,101,50
275,383,81,56
270,389,81,57
268,395,81,55
265,402,84,54
264,411,86,53
261,412,87,54
263,422,92,54
265,425,89,52
267,431,91,53
268,437,91,54
268,440,89,53
269,444,88,53
273,450,88,52
271,454,88,52
269,458,90,51
273,463,89,49
285,469,85,51
288,475,87,52
291,480,90,52
291,484,94,52
300,490,89,54
301,495,93,55
309,499,88,54
313,505,89,54
313,510,96,55
318,516,95,54
320,522,99,53
326,527,95,53
327,533,101,51
333,537,97,50
336,542,99,50
344,547,94,45
344,551,99,51
345,556,102,52
349,561,103,52
352,565,103,53
356,568,104,54
359,573,104,54
364,578,101,53
367,582,103,53
368,587,105,53
372,591,104,54
374,596,106,54
378,601,104,53
381,606,103,52
382,609,105,54
385,611,102,53
386,613,102,52
387,614,101,51
386,614,101,51
385,613,102,52
384,613,103,52
385,613,102,51
383,613,105,53
385,614,103,52
385,613,103,52
385,613,103,51
385,613,103,51
384,613,104,52
384,613,103,52
385,613,103,52
386,613,100,51
386,613,100,51
386,612,99,51
386,613,99,50
386,612,100,51
386,611,100,52
386,611,100,53
386,612,100,52
384,611,102,54
384,613,102,52
384,612,102,52
384,612,101,52
384,612,101,53
384,612,101,52
384,612,102,53
384,612,102,54
384,612,103,54
383,611,103,54
383,612,105,54
383,612,106,53
385,610,104,53
388,608,101,52
388,605,104,51
386,597,110,53
387,586,115,56
387,573,117,56
389,560,117,55
395,545,107,52
394,530,112,55
392,515,118,59
397,501,109,56
397,486,111,57
397,472,109,57
397,461,108,55
395,447,109,57
394,436,111,57
394,423,111,58
396,412,107,56
398,402,102,53
397,392,102,55
394,383,106,55
393,376,105,54
393,368,105,52
393,360,105,54
392,353,104,53
392,347,104,54
392,341,102,52
389,335,104,54
389,329,104,55
389,325,101,52
387,320,103,55
385,318,100,53
385,314,97,54
380,312,101,53
377,310,103,53
374,309,104,51
371,308,105,53
369,307,105,53
371,307,98,58
368,307,98,57
367,307,94,54
365,306,90,55
361,305,94,54
358,302,96,53
349,303,98,55
347,302,100,56
345,300,101,54
343,299,96,56
339,304,95,57
339,301,93,55
330,304,104,55
327,303,109,54
328,304,112,52
323,304,120,52
327,306,120,49
334,302,109,52
324,309,119,44
328,311,117,42
331,313,116,43
330,317,113,44
329,314,110,53
347,314,107,45
355,317,104,45
343,322,105,50
350,320,100,53
346,327,95,53
347,329,90,53
346,332,87,53
343,332,84,55
338,342,91,55
336,342,88,54
336,349,90,53
336,349,86,51
339,357,89,51
339,358,87,50
342,364,87,49
343,365,89,50
344,370,92,53
346,373,94,53
349,377,96,54
354,381,95,54
357,385,97,56
362,389,95,56
365,391,95,55
371,394,92,55
367,396,95,52
374,400,94,54
374,403,96,55
378,409,96,54
388,417,93,53
392,421,94,51
398,428,93,51
400,434,96,52
405,440,95,51
406,445,96,51
415,454,95,51
416,459,96,49
427,469,89,50
439,478,87,50
440,484,88,49
445,492,89,50
454,500,91,53
463,504,88,52
474,505,83,50
485,506,82,50
490,507,88,46
491,506,96,43
492,506,97,40
499,506,95,40
503,509,94,40
506,510,92,42
511,513,95,45
513,516,96,46
506,511,96,48
508,509,93,49
518,518,88,52
528,527,86,51
535,533,87,51
540,533,83,52
550,517,78,55
549,525,85,54
547,535,85,50
555,533,83,51
553,542,87,51
554,547,90,50
556,551,88,48
553,558,93,49
561,557,90,49
561,558,90,51
558,563,91,53
558,563,88,53
551,568,90,52
535,578,94,51
534,576,90,49
529,574,91,50
523,572,89,48
521,568,91,50
519,563,92,49
518,559,89,48
512,559,90,47
515,553,89,45
506,556,89,45
503,556,91,44
501,556,92,46
497,555,92,45
491,560,87,44
488,563,84,45
485,565,84,49
481,567,84,48
481,568,86,51
480,573,85,53
477,575,90,50
475,579,92,50
474,584,89,49
471,587,92,48
469,591,91,47
464,596,93,50
460,597,95,51
458,600,95,50
456,604,95,49
451,607,97,51
448,609,99,50
446,612,100,48
447,613,99,49
447,615,100,49
449,617,97,48
451,619,97,47
453,621,94,47
453,620,95,47
455,620,94,47
456,619,92,47
455,619,95,48
455,619,94,47
454,619,97,48
453,619,97,49
454,619,96,48
454,619,97,49
454,620,97,47
454,620,97,48
454,620,97,48
454,620,96,48
455,620,95,48
454,619,96,49
456,620,94,48
456,620,94,48
455,619,94,49
456,619,94,48
456,620,94,48
456,619,94,49
456,620,94,48
455,619,95,49
456,619,93,48
456,620,93,48
456,620,95,49
454,620,97,48
457,619,96,49
459,617,96,48
457,613,101,50
458,607,106,51
461,597,105,50
466,586,103,53
466,573,108,51
470,563,108,53
476,550,102,46
477,537,103,47
480,525,103,52
485,512,98,50
487,501,100,50
490,490,99,51
492,478,99,53
493,468,99,54
495,457,98,55
499,447,95,55
497,437,100,56
498,427,99,57
500,418,97,55
501,408,96,57
504,399,90,56
506,392,87,51
504,385,89,51
503,379,87,50
500,371,89,52
498,365,89,52
494,358,92,53
490,353,94,52
486,348,96,53
482,345,96,51
479,340,96,54
476,337,97,52
473,335,90,52
470,334,86,52
464,334,86,52
457,331,89,49
451,329,97,55
444,326,99,56
439,326,99,57
437,322,93,55
431,326,87,53
428,326,86,52
420,324,91,50
413,327,102,49
416,326,101,45
416,330,97,41
412,334,92,39
413,335,92,40
410,340,93,42
410,340,94,43
406,346,95,45
406,346,92,44
407,348,94,46
410,348,91,46
385,356,96,52
402,361,81,52
397,371,76,50
398,370,74,52
397,375,73,51
393,381,71,51
387,384,73,52
382,393,80,53
377,396,81,52
372,403,82,53
373,408,79,52
372,416,79,51
370,421,77,51
372,425,76,51
372,432,79,52
375,437,79,52
379,441,76,50
381,446,77,51
382,451,80,53
390,456,80,52
389,457,80,53
400,465,79,52
401,466,79,51
396,466,82,52
408,475,80,52
410,478,80,51
408,482,84,50
409,486,85,50
425,494,80,50
424,500,84,48
432,507,83,48
442,513,82,50
447,520,82,48
446,526,87,47
453,533,85,47
460,539,82,43
457,543,87,42
465,550,87,44
475,556,82,48
477,560,86,47
482,564,86,48
477,568,95,49
490,573,88,49
493,576,90,49
497,581,92,51
507,585,85,48
510,588,89,49
514,592,92,52
519,595,91,50
523,597,91,50
529,597,88,49
530,596,88,48
534,594,86,51
534,590,82,49
525,585,86,49
526,584,84,49
519,583,88,51
533,585,79,50
521,581,86,51
526,582,83,50
536,586,77,52
534,585,79,51
537,587,76,50
537,587,75,48
531,587,77,47
535,588,74,48
535,589,73,48
538,590,70,47
534,590,72,49
528,589,76,49
524,590,79,50
523,591,79,50
522,593,79,50
520,593,79,48
514,593,83,49
518,594,77,49
516,596,78,48
513,597,80,49
512,600,80,47
508,600,83,48
508,599,82,47
511,596,81,48
514,591,81,49
518,584,77,48
517,574,81,47
523,564,81,49
529,555,75,47
529,543,77,43
534,532,76,46
533,522,82,48
537,512,80,48
541,504,78,48
541,494,84,47
545,486,82,47
548,479,83,48
550,471,84,48
554,464,84,47
559,457,81,44
560,449,83,44
564,442,80,45
569,435,76,46
568,428,79,45
569,421,81,47
571,415,80,46
570,408,85,45
572,402,85,45
573,397,86,44
573,391,87,46
575,386,86,45
577,382,84,45
578,376,84,49
580,371,81,50
584,368,74,50
584,365,76,51
586,362,72,51
586,360,75,49
588,358,72,49
588,356,74,48
590,354,73,49
593,353,69,49
593,352,71,48
594,351,71,49
596,351,69,49
596,350,77,48
599,351,70,49
601,351,72,51
602,351,72,48
604,353,73,48
606,353,73,48
608,355,73,48
610,358,69,48
613,359,72,49
614,361,74,48
618,365,71,51
619,368,76,49
620,371,76,50
622,374,77,48
625,380,72,48
628,381,74,48
629,384,72,47
632,388,72,48
634,391,71,45
635,397,66,46
636,400,68,46
637,403,72,48
636,407,69,46
637,410,72,47
634,418,72,47
633,422,73,48
633,425,76,49
632,430,76,49
630,435,75,48
629,440,74,47
626,447,75,46
624,451,77,48
621,455,79,49
618,461,78,47
614,469,80,49
610,475,81,50
609,478,81,50
603,487,78,46
601,490,81,49
594,499,78,47
592,500,79,49
586,509,78,46
582,513,77,45
578,515,78,46
569,525,80,48
565,524,81,48
559,528,81,47
550,531,82,46
542,533,81,47
536,531,80,44
525,532,75,43
515,531,73,44
504,529,73,47
495,524,73,48
486,517,70,49
477,509,75,48
465,502,74,49
454,495,72,51
442,484,76,52
432,473,72,48
422,462,70,48
411,448,71,49
400,436,74,50
389,423,73,49
379,410,72,50
370,397,71,50
361,383,74,49
354,370,77,54
348,359,76,53
341,347,75,50
334,333,83,53
328,322,83,54
323,311,84,57
316,301,89,52
310,290,94,56
307,281,91,52
302,271,95,55
299,264,94,52
296,257,93,52
293,250,92,51
290,245,92,50
289,239,89,49
285,233,91,50
282,229,91,51
281,225,89,51
276,222,91,51
274,220,90,50
272,216,91,51
271,215,89,50
267,214,90,51
265,213,89,50
261,213,90,51
258,212,92,53
255,213,91,50
252,213,90,53
249,213,94,55
250,214,88,56
247,214,83,53
247,216,80,54
244,217,82,54
241,217,86,53
236,217,90,51
237,219,86,49
236,220,89,51
233,226,83,54
234,227,83,53
231,230,87,54
228,233,88,54
229,235,91,54
226,239,97,55
224,240,100,52
222,240,100,50
224,244,98,48
227,247,100,47
226,251,99,46
230,248,96,56
231,254,93,44
231,258,90,43
232,263,86,42
235,265,84,41
258,261,81,42
266,261,81,43
259,265,82,44
257,270,87,47
251,275,88,49
242,282,93,52
231,292,99,50
232,295,101,52
234,298,96,53
236,302,92,55
237,306,89,56
237,311,86,55
236,320,87,55
237,325,87,56
236,328,86,57
239,333,83,57
242,339,85,57
243,339,80,56
245,344,81,56
250,350,82,56
252,356,83,57
257,362,83,55
260,366,85,56
262,370,86,57
264,375,89,55
271,381,88,53
276,387,88,53
274,390,92,54
277,396,90,53
282,400,90,54
296,409,83,52
302,415,80,53
302,422,84,53
314,429,81,52
321,437,78,53
324,444,80,53
329,451,81,51
335,457,81,50
336,463,87,50
341,469,89,49
350,477,87,51
354,482,88,51
365,489,84,49
369,493,87,51
383,497,80,50
387,497,80,49
397,497,77,51
408,497,72,50
413,491,79,50
410,494,84,48
414,489,90,48
415,494,92,48
416,493,93,48
416,496,90,45
422,496,90,44
426,495,90,44
429,497,90,47
418,498,91,47
426,498,93,49
423,494,89,50
429,501,82,48
434,502,77,50
436,506,77,49
438,510,76,48
440,512,79,50
440,514,80,52
442,515,82,53
440,520,84,52
438,524,82,50
438,527,81,50
435,529,80,51
431,534,81,51
427,535,82,52
420,539,84,52
414,537,86,52
405,538,90,51
400,536,89,51
391,536,90,50
384,532,91,50
379,526,86,49
369,520,82,48
362,511,79,50
351,499,80,50
339,484,85,53
329,470,83,56
320,453,87,54
308,435,96,56
300,417,91,57
290,399,99,59
284,382,98,58
278,365,100,60
273,348,102,57
268,333,102,56
267,316,98,55
267,300,96,51
263,285,102,54
264,269,97,52
261,256,103,53
264,241,101,53
264,226,103,54
265,212,104,54
267,199,105,54
270,186,105,52
275,175,103,52
279,163,105,52
285,152,103,54
290,142,105,54
290,132,112,57
298,124,111,58
306,116,108,60
318,110,100,58
328,106,97,57
338,103,95,56
350,102,95,54
352,98,98,56
363,96,97,57
377,98,93,56
389,99,90,58
401,102,85,60
414,105,81,60
422,111,79,60
432,114,77,60
439,120,77,60
448,128,78,60
454,137,77,59
461,144,79,59
468,150,74,57
472,158,76,57
480,164,76,57
481,174,79,55
482,183,83,55
483,193,87,55
482,203,89,55
482,215,91,55
480,227,87,52
485,234,81,51
483,243,80,50
482,254,79,46
473,265,80,45
469,274,81,45
467,280,79,44
461,288,79,46
458,294,76,48
456,299,75,48
455,304,75,48
452,306,74,46
449,306,78,45
446,311,84,47
445,311,82,49
448,312,76,48
451,312,74,48
450,313,76,47
447,315,82,45
444,315,85,46
446,316,83,47
447,317,82,47
450,318,78,47
454,319,74,46
455,321,72,45
456,322,74,44
454,322,77,46
451,326,81,46
455,328,79,48
457,331,76,48
460,333,71,48
464,334,68,47
464,337,70,45
461,343,80,44
463,345,82,42
462,347,81,41
460,348,78,39
464,352,74,37
457,357,75,37
461,361,73,37
457,364,74,38
458,368,76,39
462,373,78,38
454,378,83,40
451,381,86,40
447,383,90,43
445,388,91,44
448,392,89,44
446,393,88,45
445,397,84,44
454,403,78,45
456,406,73,43
460,409,73,45
463,412,72,45
465,416,71,46
464,423,70,46
467,425,70,45
470,428,70,44
469,431,73,46
472,434,75,47
472,438,77,46
471,444,77,44
473,446,80,45
476,448,79,44
476,452,77,42
479,455,77,42
478,459,78,41
479,462,77,40
477,467,78,40
477,470,75,39
477,473,74,39
478,475,74,40
476,478,70,39
478,479,68,39
476,481,68,39
475,482,70,42
475,482,71,41
472,485,72,42
470,487,74,43
467,490,76,44
464,493,79,46
461,494,80,45
459,498,79,46
455,500,81,47
452,505,82,46
450,507,81,45
448,510,81,45
446,514,79,46
442,516,82,46
440,519,81,46
437,521,82,46
435,523,83,46
432,523,84,46
429,523,84,45
426,521,86,45
422,519,89,45
418,515,92,46
419,509,91,47
421,503,88,47
420,495,91,48
420,486,92,48
417,477,95,49
425,469,90,48
427,460,90,46
430,449,88,46
436,442,86,46
440,433,86,46
444,425,83,46
448,417,82,45
451,408,80,45
453,400,81,45
458,392,79,45
462,386,77,43
462,379,78,46
467,373,73,44
467,365,74,44
469,359,72,43
468,352,73,44
467,345,74,45
464,340,77,46
462,333,79,46
460,327,79,48
460,321,74,45
458,315,73,45
457,312,71,45
456,303,73,42
452,300,79,43
449,297,81,44
447,294,80,45
444,296,74,47
446,291,70,46
442,292,69,48
441,290,67,47
434,292,69,46
429,293,74,44
425,293,78,44
423,295,83,43
420,295,85,42
428,297,86,41
429,297,82,39
433,298,76,37
434,296,74,38
432,300,79,39
429,300,86,43
426,300,83,46
431,298,78,47
431,298,75,47
434,295,70,46
431,298,71,45
431,297,68,44
430,302,69,43
425,307,75,43
424,310,72,43
428,312,72,43
429,313,70,42
427,320,70,43
430,322,68,43
428,328,67,42
417,324,76,44
412,332,75,43
439,320,65,43
437,325,65,39
431,331,67,40
428,336,67,40
421,342,69,40
420,345,67,39
418,348,67,38
422,347,67,34
419,351,69,34
406,358,73,33
392,358,77,34
396,355,72,36
401,351,65,42
406,344,62,41
408,339,64,43
411,334,63,44
413,334,65,43
417,332,64,42
418,332,64,41
419,332,63,37
422,331,61,36
420,329,61,36
412,331,67,38
418,329,69,39
420,333,67,39
423,335,67,39
427,340,66,40
427,346,65,38
430,350,61,38
430,354,61,38
430,359,61,38
431,362,60,38
434,364,55,36
433,368,52,35
436,362,57,34
430,369,59,33
429,370,63,33
429,371,68,32
434,370,69,30
418,376,69,30
414,374,67,34
424,373,60,35
426,367,58,37
428,366,60,39
430,365,57,38
431,365,57,37
431,366,56,36
429,369,58,35
431,366,57,34
422,370,66,36
425,373,70,37
424,373,67,37
428,376,65,36
428,379,63,36
430,384,60,36
433,392,57,36
433,392,68,35
430,401,70,36
431,398,71,37
428,404,70,37
424,403,69,37
434,404,59,37
433,404,62,36
433,407,66,36
434,408,69,34
427,415,74,33
416,420,72,31
407,420,74,38
409,420,71,38
413,420,66,40
418,421,63,43
416,420,65,43
416,422,66,43
416,424,66,43
418,426,61,40
416,427,60,39
416,429,59,37
414,432,62,38
412,433,65,40
410,433,68,41
404,438,73,41
404,439,73,40
402,445,71,40
404,453,71,38
403,458,70,38
404,464,65,39
407,474,61,40
410,480,61,41
410,485,71,40
412,481,71,40
415,486,60,39
411,486,61,38
409,496,60,37
409,503,60,36
407,508,60,35
407,513,63,36
406,519,64,37
405,524,63,36
405,528,63,36
406,529,59,36
408,536,62,36
405,541,62,36
407,543,63,35
407,548,61,35
406,553,61,35
406,555,61,35
403,559,62,36
403,563,62,37
404,567,67,38
403,570,66,39
401,574,67,39
402,579,67,38
401,583,69,38
400,586,68,39
402,589,66,38
402,593,67,38
401,597,67,38
401,599,68,40
400,602,66,40
401,607,67,40
401,608,67,39
403,611,66,38
403,614,66,38
404,616,65,38
413,610,68,38
412,611,67,38
409,616,66,36
401,617,70,39
407,620,66,34
408,618,69,39
414,616,69,39
406,621,69,33
411,619,69,34
401,618,73,35
399,614,74,36
397,611,74,36
394,608,75,39
394,603,75,38
395,599,76,37
395,595,76,37
393,593,77,39
393,588,81,39
393,585,83,41
390,581,85,41
392,578,85,42
392,573,84,41
392,570,88,41
392,568,86,41
392,566,86,40
392,564,88,39
392,562,85,39
394,559,85,39
395,558,83,37
394,556,84,37
395,554,82,35
396,552,84,36
396,550,84,35
397,547,84,36
395,546,87,36
398,544,87,35
399,543,88,36
400,541,88,35
400,540,90,36
400,538,91,36
402,535,91,37
405,534,90,37
407,531,85,37
410,530,84,38
413,528,84,40
420,527,79,41
432,522,74,36
445,515,75,36
449,513,73,39
450,512,66,41
447,515,61,43
443,516,63,45
440,518,63,45
437,518,62,45
434,521,63,44
432,520,63,46
426,524,67,45
422,524,69,46
419,529,69,44
419,533,70,43
420,540,70,40
420,543,68,39
418,544,68,40
418,547,67,38
419,548,67,38
415,549,67,37
419,549,69,34
422,548,70,36
430,550,66,37
431,549,67,38
439,549,66,38
438,547,70,38
437,546,73,38
441,545,75,39
448,542,74,38
454,539,74,41
464,532,71,37
473,525,69,38
478,519,71,39
486,511,72,39
491,503,75,40
499,494,74,40
505,485,75,40
513,476,72,43
518,466,74,42
521,455,80,43
528,445,78,43
536,433,76,44
537,422,81,44
548,409,75,42
548,397,81,44
554,385,78,45
557,374,80,44
562,362,78,46
565,352,78,42
570,340,76,44
572,330,76,42
571,319,79,45
572,309,77,45
571,299,77,45
569,289,76,46
566,279,76,47
561,270,77,48
558,263,71,48
552,253,76,48
547,248,75,45
546,234,80,44
540,228,82,47
534,223,81,50
533,216,76,53
527,213,72,52
520,210,71,50
510,213,82,51
503,207,85,49
501,213,93,51
498,213,94,47
497,213,92,43
501,214,92,43
498,216,88,43
497,220,87,44
500,220,86,45
502,219,87,46
500,220,89,47
501,224,89,48
502,225,85,49
500,229,80,51
494,235,77,52
493,239,73,52
492,242,69,54
491,246,67,55
485,252,70,56
478,254,71,56
474,259,74,57
471,265,76,56
471,272,75,55
467,280,77,53
469,282,72,50
470,286,70,50
472,290,69,48
474,297,72,49
475,300,73,50
476,306,77,52
479,308,79,53
484,312,80,53
486,313,78,51
491,317,81,51
492,318,80,49
494,320,82,50
497,324,83,52
505,329,81,52
516,334,77,50
520,339,79,48
527,343,79,48
529,348,86,48
540,354,80,45
546,359,78,45
551,365,79,44
554,370,82,46
559,376,83,46
567,380,80,44
573,384,80,45
579,389,81,44
584,392,80,44
588,395,83,48
594,399,83,47
601,402,80,46
606,405,81,47
612,408,80,46
618,410,79,47
624,415,78,46
627,419,83,49
633,423,83,48
640,426,82,49
646,431,81,47
654,433,77,46
660,438,76,44
666,442,76,44
671,447,77,45
678,450,75,45
683,454,76,46
689,456,73,48
691,458,76,48
697,459,73,47
705,462,67,48
711,460,67,45
718,463,68,46
716,462,76,46
721,462,79,43
722,465,76,42
720,467,76,44
720,468,74,42
717,472,77,43
706,471,74,44
709,470,73,46
719,476,75,49
727,483,70,49
734,481,60,49
739,486,59,49
740,494,63,51
739,499,67,51
739,504,69,50
741,508,69,50
742,512,71,50
739,520,75,48
739,524,75,47
740,527,76,46
741,532,73,44
741,535,73,44
739,539,73,43
738,542,73,43
736,546,72,42
735,547,74,44
736,547,76,44
732,551,73,44
730,551,77,48
721,554,75,47
713,557,75,47
709,560,77,49
702,559,79,48
695,562,76,48
688,560,79,49
681,557,81,47
675,554,81,47
667,550,83,48
662,545,86,47
658,538,80,46
653,532,83,45
649,524,83,45
645,517,82,44
641,509,82,45
637,501,85,45
634,494,85,46
633,486,83,45
632,478,81,46
629,471,82,46
625,463,84,45
624,457,83,46
622,452,84,46
619,446,85,46
618,439,84,46
615,434,86,47
614,428,85,46
613,423,85,47
612,418,84,47
612,413,82,46
608,410,85,47
605,407,87,49
605,404,84,47
602,402,87,47
600,401,88,47
600,400,83,45
599,398,82,48
598,397,81,50
598,398,76,49
596,398,78,48
596,399,75,46
595,400,75,49
593,401,76,50
591,402,77,51
593,405,69,50
592,408,70,51
592,411,68,51
590,414,70,51
590,418,66,51
589,420,66,49
588,422,61,47
585,423,67,48
582,424,66,50
576,422,75,49
572,419,71,51
565,411,77,49
560,398,81,52
553,386,84,49
548,371,84,49
543,355,85,48
540,338,84,49
535,322,85,49
534,306,83,48
531,290,83,49
527,275,83,49
523,261,84,49
519,248,86,52
520,235,78,51
518,224,72,51
512,211,77,55
507,200,80,55
504,189,79,55
502,179,74,53
498,169,73,53
494,158,75,54
488,147,79,54
482,137,81,57
480,128,78,56
476,119,77,53
473,111,75,55
467,101,79,54
463,92,80,58
458,84,81,55
454,77,79,53
450,69,77,55
445,61,78,55
440,54,79,55
436,48,78,56
430,41,80,56
426,36,76,53
422,30,78,53
417,24,77,53
412,20,74,52
407,14,77,52
402,11,76,53
397,7,78,52
392,2,76,51
386,-1,75,50
381,-5,75,49
376,-3,73,47
371,-10,79,49
363,-7,79,49
359,-8,80,50
352,-9,81,50
344,-3,82,53
337,-1,83,54
331,2,85,57
324,11,83,56
320,11,81,55
317,13,79,56
315,16,74,54
313,19,73,54
309,24,71,53
302,33,70,54
298,40,70,55
294,46,68,53
290,53,68,54
288,58,64,52
281,69,65,52
277,78,68,54
274,86,67,55
270,96,68,55
264,109,70,53
266,124,70,52
263,133,70,53
259,141,70,52
258,154,70,50
260,168,68,48
256,179,71,50
254,190,74,50
254,201,77,50
254,212,81,51
260,221,78,48
263,229,77,47
259,242,80,48
267,249,73,45
271,258,71,44
273,265,72,43
282,274,70,42
275,280,74,40
278,286,73,41
289,289,69,41
291,294,70,42
302,299,67,41
308,300,68,42
309,302,71,43
317,303,70,44
326,303,63,46
329,304,63,44
330,304,67,42
329,305,72,41
330,306,75,43
334,307,72,43
337,308,66,45
341,310,61,42
343,313,65,45
344,315,67,44
345,318,66,45
348,321,66,44
353,322,68,46
356,325,67,44
360,328,65,46
362,330,66,46
365,333,69,46
368,336,72,44
375,338,69,43
382,338,68,41
384,340,67,42
388,340,68,41
385,344,68,42
394,343,69,42
399,344,71,44
393,352,69,44
397,357,72,45
396,361,70,45
395,371,71,45
393,380,70,45
401,378,66,47
401,384,65,47
405,387,60,48
407,392,60,48
410,396,57,47
409,403,59,51
411,401,56,52
410,410,60,53
409,415,59,51
407,421,63,54
410,426,64,52
410,431,63,51
412,436,65,51
418,442,65,51
420,446,67,51
425,452,67,52
429,456,69,52
435,460,71,51
444,466,73,54
451,468,74,54
462,470,74,55
471,469,73,52
482,470,73,51
492,467,73,46
498,463,72,47
512,461,69,47
525,458,70,47
535,454,70,47
548,446,70,47
564,442,69,47
570,434,73,50
574,423,79,52
593,418,74,50
609,410,71,48
611,398,77,51
626,393,75,49
639,384,74,49
642,375,78,51
658,368,74,50
668,359,74,50
677,351,74,50
687,342,73,51
695,334,73,50
705,324,72,49
713,316,72,47
716,306,75,48
722,297,74,47
726,287,78,46
731,277,77,46
735,268,79,46
739,258,79,44
743,248,77,44
744,239,82,44
745,228,82,46
749,219,79,43
749,208,79,44
749,198,79,46
749,189,81,46
748,180,79,46
745,170,85,50
744,163,80,47
742,155,81,49
739,147,81,50
739,141,74,51
734,133,74,50
730,126,76,52
726,120,73,49
719,113,78,50
715,109,73,50
711,106,69,49
705,101,68,46
699,96,69,46
693,92,71,45
687,90,71,46
679,88,73,46
669,89,76,46
665,83,79,49
657,81,84,50
648,84,80,50
640,84,81,52
630,88,81,53
625,87,81,53
620,89,79,54
614,92,75,53
608,95,72,52
601,99,72,53
594,105,70,51
587,109,70,52
582,114,69,51
576,119,65,50
568,125,69,51
562,132,69,52
557,137,66,50
551,146,67,50
544,154,69,50
540,162,69,50
535,175,71,49
528,181,72,49
521,191,74,50
519,202,73,49
515,211,73,48
517,222,69,46
511,230,71,47
507,238,72,47
502,249,73,47
498,259,74,47
496,267,72,47
490,277,75,47
492,285,72,45
484,294,73,46
477,304,73,46
476,314,71,44
474,324,70,43
457,331,74,45
453,338,73,45
448,348,72,42
444,354,71,41
440,359,69,39
435,366,67,39
426,371,75,44
421,375,76,46
416,379,73,44
416,381,70,46
413,381,67,48
408,382,68,47
407,382,69,48
408,381,67,47
412,381,60,48
414,379,56,45
411,379,61,41
409,378,66,39
408,379,68,42
414,380,61,41
419,381,59,40
420,381,59,39
420,383,63,40
416,382,65,39
424,385,65,40
423,385,64,42
426,386,64,41
429,389,62,41
432,390,59,40
433,392,60,38
431,396,63,35
429,397,64,34
434,398,62,33
437,401,61,32
433,402,64,33
442,406,64,34
439,406,64,34
438,410,65,34
446,414,62,34
449,419,62,35
451,420,62,36
447,423,67,37
448,425,65,37
448,427,66,38
444,425,69,38
445,429,67,37
448,429,63,36
452,434,62,36
459,435,57,35
463,439,55,36
468,442,54,37
473,445,52,36
475,450,51,37
475,455,53,38
478,457,53,38
480,463,54,38
483,465,55,39
485,469,54,38
487,475,55,37
488,478,56,37
491,481,56,37
494,483,56,37
496,487,55,36
497,490,55,35
499,494,55,35
499,498,56,34
499,502,55,35
497,507,55,34
500,508,53,34
498,511,54,35
495,517,58,37
494,523,58,36
491,524,57,36
490,525,57,38
490,526,56,37
484,530,59,38
478,535,58,35
479,532,58,35
475,536,56,34
472,534,58,34
465,538,54,33
459,538,55,34
454,537,61,36
449,536,63,36
446,533,61,37
442,528,61,35
437,526,64,37
434,522,64,36
430,516,66,36
428,511,67,37
427,504,67,37
427,497,65,37
428,490,62,35
428,484,62,37
431,477,59,36
424,470,65,35
428,464,62,36
427,458,64,37
433,453,61,38
435,447,60,37
430,442,65,39
436,437,61,38
439,433,61,38
440,428,62,38
441,423,62,39
441,420,64,39
442,416,64,40
445,411,62,38
446,409,64,40
448,404,62,38
449,401,61,39
448,397,64,41
450,394,63,42
450,391,64,40
450,388,66,39
451,384,65,41
451,382,65,41
452,379,63,42
451,377,66,39
452,374,64,40
450,372,66,41
450,370,66,42
449,368,66,41
447,366,68,43
446,365,68,43
445,364,68,43
443,363,70,42
441,362,71,42
441,361,70,41
438,360,71,43
437,360,70,42
435,359,71,43
433,359,70,42
431,359,71,42
428,359,71,42
425,361,72,43
422,361,73,43
419,362,77,45
418,362,74,45
415,364,76,45
413,364,77,48
413,366,68,44
414,368,64,46
411,368,65,44
408,369,66,44
407,369,72,44
405,370,68,42
406,370,68,43
406,374,65,43
405,376,65,41
404,379,63,42
403,381,66,43
404,383,67,45
402,385,68,43
399,386,73,43
401,388,73,43
398,389,71,39
400,391,71,39
402,394,72,38
409,395,71,37
412,395,70,37
419,394,69,39
418,395,70,40
411,394,74,43
410,396,80,46
415,396,74,45
415,395,69,45
419,393,63,44
419,393,65,44
418,397,63,43
418,400,62,42
419,399,66,44
415,402,63,43
414,405,64,42
414,410,66,41
417,412,66,40
413,417,70,40
413,421,69,40
416,424,70,39
418,426,70,37
418,428,69,37
415,433,69,37
420,434,68,37
420,435,69,37
422,435,70,37
421,437,72,37
426,440,75,37
424,442,77,36
426,441,75,35
418,447,77,37
415,446,80,37
413,447,79,36
407,447,77,36
407,443,73,37
405,442,73,41
400,437,78,42
400,432,78,41
402,429,79,42
411,426,74,40
414,423,73,42
416,419,69,40
422,417,63,40
425,414,63,40
431,415,62,40
432,418,66,42
436,415,62,41
438,419,68,44
444,418,65,43
449,419,63,43
451,423,64,44
456,425,62,43
459,427,61,43
465,428,61,44
469,434,61,42
473,436,59,42
479,440,60,43
486,443,58,42
489,451,60,42
495,455,59,42
502,460,57,41
507,469,60,40
510,478,62,39
514,486,62,38
518,490,64,40
531,490,65,38
531,494,64,37
528,495,63,36
521,497,62,36
515,493,64,36
510,487,68,38
500,485,70,37
495,485,69,38
491,487,72,37
489,488,74,36
495,483,77,38
491,488,74,36
480,495,73,36
474,497,70,36
469,503,68,37
470,503,69,39
468,506,70,41
467,512,66,39
464,518,67,40
464,518,67,41
462,521,71,40
463,526,76,42
456,532,81,43
461,537,78,40
463,541,75,39
465,545,72,38
452,551,76,42
440,561,85,43
465,565,76,41
458,570,83,40
448,574,85,38
443,578,89,39
442,579,85,41
445,582,83,43
445,586,83,45
445,591,80,45
444,598,78,45
443,603,78,44
441,608,79,45
441,610,79,45
440,615,77,45
436,615,77,44
432,618,79,45
430,618,78,45
422,617,85,46
420,616,84,46
417,611,88,46
413,604,91,47
408,595,96,48
408,583,92,48
406,571,94,49
399,561,97,48
400,551,88,44
398,538,88,43
396,528,89,44
391,519,95,48
390,510,92,48
385,502,86,47
381,492,89,47
379,484,84,48
375,476,85,47
372,469,82,46
367,459,91,47
365,452,88,49
361,444,88,48
359,436,90,50
357,428,89,48
352,420,93,48
351,413,92,48
349,404,94,49
350,398,86,47
347,389,95,51
347,382,93,49
348,376,90,51
347,368,91,51
346,361,95,52
347,354,95,52
350,348,92,52
351,341,93,53
354,335,91,52
356,329,92,53
359,324,91,51
363,319,90,50
368,314,90,51
372,310,89,50
376,307,90,50
378,303,93,50
385,301,90,47
389,299,91,50
385,297,104,48
392,297,98,48
396,294,97,49
403,295,94,51
410,294,92,50
410,291,97,51
423,290,92,51
434,291,87,52
451,294,80,52
459,296,78,51
464,297,81,46
457,301,93,41
461,301,88,38
462,304,91,39
456,305,99,42
457,309,101,45
468,317,95,46
476,324,90,47
485,331,84,47
486,335,81,49
490,343,80,50
492,344,79,50
493,338,81,52
501,334,76,52
503,341,76,51
502,349,83,51
505,352,85,50
506,356,88,50
507,362,90,47
510,367,90,46
512,373,90,47
515,379,90,46
518,384,85,44
520,389,84,44
521,394,82,43
520,400,81,42
519,404,84,44
516,410,84,42
516,413,84,43
516,416,84,42
514,421,84,43
512,429,83,43
509,433,83,44
507,442,84,44
506,447,88,45
503,452,92,47
500,458,89,46
493,462,94,48
485,467,94,51
482,467,89,51
478,469,85,53
475,464,80,48
462,467,90,46
459,468,99,46
459,469,96,41
458,471,96,38
460,471,93,37
456,472,98,40
454,472,103,44
457,471,100,45
454,473,101,48
451,478,100,47
448,480,98,50
453,479,89,50
450,480,84,53
449,487,82,53
446,486,82,54
439,490,82,53
434,493,83,53
431,500,84,52
432,499,82,51
430,503,81,50
429,509,84,52
433,512,84,51
433,513,84,51
434,517,88,52
438,518,87,51
441,521,91,53
449,522,91,52
456,522,92,52
460,518,94,54
466,515,98,54
474,512,101,53
493,509,96,52
509,505,95,52
522,499,99,53
540,495,97,54
550,486,99,55
559,475,100,54
573,468,99,55
578,457,101,56
595,451,100,56
598,443,101,56
602,432,104,56
620,427,101,55
632,421,97,56
636,413,102,57
646,406,101,57
650,399,102,57
663,394,100,55
671,389,100,56
676,381,102,56
685,375,101,55
693,370,102,55
701,362,99,53
715,358,97,52
714,352,102,53
729,346,97,53
738,342,97,53
750,336,94,53
753,328,96,53
759,322,97,52
762,314,100,53
772,307,96,52
778,299,96,53
781,292,99,53
788,285,95,53
793,278,95,53
798,270,92,52
806,263,87,48
806,256,91,51
810,248,89,50
810,241,93,51
813,233,92,51
815,226,93,51
819,218,89,50
819,210,89,51
819,203,90,50
818,196,92,51
817,188,94,53
814,180,96,52
813,174,98,53
811,167,97,53
809,160,99,55
805,154,101,53
801,149,104,54
801,143,99,54
797,138,99,52
793,133,99,53
789,128,103,54
786,124,95,54
781,120,100,55
776,117,102,56
770,114,96,53
764,112,98,53
760,107,108,55
753,108,106,55
747,106,106,54
739,106,110,55
734,105,110,55
723,108,107,57
717,107,108,59
709,108,109,60
704,107,107,62
695,111,105,62
688,113,104,64
680,118,101,62
673,121,98,61
664,126,99,62
657,127,97,63
646,133,102,65
639,138,96,63
631,143,101,64
621,153,98,64
614,157,96,63
607,163,96,65
602,168,92,64
589,182,92,62
582,187,92,62
571,200,97,61
562,210,98,61
557,217,92,58
551,227,94,58
543,238,93,56
533,244,89,57
526,252,90,56
519,262,90,56
508,270,91,57
503,283,91,55
493,289,92,56
484,298,94,56
476,310,95,54
468,313,93,56
462,321,90,55
453,334,95,52
447,337,90,55
439,344,86,53
430,349,88,55
429,349,83,55
420,355,86,57
416,355,83,55
412,358,83,54
409,359,83,53
404,359,84,51
403,359,86,49
406,359,82,52
408,359,77,53
412,358,73,54
414,357,70,51
410,357,78,49
407,358,84,47
406,359,87,47
413,360,80,46
415,360,81,46
412,360,84,45
413,361,88,46
417,363,91,45
423,364,91,46
426,365,87,48
431,367,86,48
438,369,81,50
445,371,74,46
448,373,76,43
444,376,84,42
439,379,92,40
438,380,89,38
443,382,88,37
446,384,90,38
446,385,89,40
452,388,87,42
453,393,88,43
453,396,89,45
451,398,92,45
459,403,88,45
456,402,89,46
456,406,91,47
456,408,91,48
459,412,89,47
463,414,87,46
467,417,83,47
474,422,76,46
483,425,76,49
489,432,73,49
491,438,72,49
495,442,72,48
497,447,74,48
497,455,78,47
501,458,78,47
504,464,77,46
504,470,77,45
510,473,76,45
514,477,74,45
516,482,73,44
517,487,74,45
521,490,73,44
522,493,70,43
525,497,68,42
524,501,69,43
522,507,68,42
518,511,71,42
514,515,72,44
512,516,75,46
505,520,77,45
498,522,76,44
492,520,77,45
489,513,70,40
478,508,70,41
467,502,71,43
457,491,73,42
447,481,75,42
438,469,77,43
427,458,82,45
419,446,82,43
411,433,87,45
405,422,84,47
398,410,84,45
393,401,77,46
387,391,79,47
382,383,75,44
375,373,79,46
371,365,75,46
367,357,73,47
362,350,72,47
357,341,75,47
351,333,74,45
348,326,71,45
344,317,73,47
339,308,74,46
335,300,74,46
332,292,75,48
329,283,76,48
327,275,74,49
323,265,79,48
319,257,82,46
316,248,84,50
313,240,86,50
310,232,89,50
309,224,89,48
307,214,92,48
308,206,90,47
307,198,90,48
309,189,89,47
310,181,90,47
313,173,87,46
314,167,89,46
318,159,87,47
323,151,86,48
325,144,86,48
331,137,85,48
336,130,85,50
339,124,88,50
344,118,87,53
353,113,84,51
357,107,87,52
363,103,86,52
369,100,86,52
379,97,83,52
380,94,88,53
388,91,85,52
390,89,88,52
399,88,87,52
397,85,91,52
409,85,89,51
416,89,91,53
420,86,93,53
426,87,95,55
435,89,97,55
439,91,98,56
447,95,98,59
454,95,95,59
461,99,93,60
470,103,90,61
480,109,89,62
488,114,88,62
498,119,85,63
504,129,86,65
511,131,82,63
519,143,82,63
525,148,81,62
531,156,81,61
536,160,82,62
543,168,81,61
548,174,80,61
553,183,80,60
557,191,81,57
563,196,80,57
565,208,84,55
569,215,83,53
571,223,87,53
573,230,88,52
574,241,90,49
577,248,89,49
575,256,88,47
587,259,84,49
583,270,86,48
588,277,85,49
594,284,84,48
597,292,83,48
602,299,83,48
603,306,84,49
608,315,85,47
614,323,86,47
619,330,85,48
620,339,83,46
628,347,83,45
633,354,81,45
638,361,79,43
644,369,82,43
650,374,79,41
658,380,78,40
659,389,82,39
668,392,80,38
670,398,84,38
679,399,81,38
688,403,78,38
695,401,74,40
700,401,71,43
706,403,66,45
710,407,63,46
699,396,82,49
717,403,61,48
721,400,56,49
719,398,59,44
716,397,66,40
714,397,66,42
713,397,61,42
712,397,60,39
711,396,62,38
706,397,65,38
704,397,69,42
698,398,75,44
698,396,76,44
694,399,74,42
694,399,71,43
697,398,66,41
695,400,66,43
695,398,65,43
690,400,71,42
685,403,75,40
685,404,76,40
688,406,75,37
687,408,73,36
690,410,71,36
687,414,70,35
686,415,71,35
689,418,74,36
684,420,75,36
690,420,73,37
687,420,73,38
689,425,72,41
695,425,62,40
693,425,63,43
690,430,68,44
688,431,69,44
686,433,70,44
686,436,73,43
687,439,73,44
687,441,73,42
688,443,72,42
687,445,71,43
687,445,71,41
691,450,69,40
691,453,69,40
695,457,66,39
694,460,66,39
698,463,64,39
697,467,67,40
