103,141,41,8
101,140,42,8
98,140,42,8
96,139,41,8
94,139,40,8
93,138,39,8
91,138,39,8
89,137,40,8
87,136,41,8
84,134,40,8
79,132,39,8
79,129,38,8
76,126,37,8
70,123,40,8
64,120,39,8
60,118,39,8
55,117,41,8
50,117,42,8
45,118,42,7
39,119,41,8
33,123,38,8
25,128,39,8
17,136,42,10
15,139,35,7
14,137,37,8
11,133,37,8
9,126,36,8
9,120,35,8
9,116,36,8
11,115,36,8
11,112,34,8
10,110,35,7
12,108,36,7
13,107,34,7
19,106,36,7
22,105,33,7
28,104,38,7
33,104,38,7
36,105,39,7
40,105,38,7
44,105,35,7
48,104,35,7
51,104,37,7
55,104,36,7
60,104,36,7
62,107,36,7
64,109,35,7
65,109,35,7
68,110,34,7
69,111,32,7
73,112,30,7
77,113,30,8
81,115,33,8
84,119,32,8
87,122,34,8
86,124,32,8
88,124,31,8
92,123,32,8
95,121,31,8
97,119,32,8
99,117,31,8
101,114,31,8
103,113,30,8
104,111,30,8
105,109,33,8
107,109,30,7
108,108,34,8
108,108,32,8
109,108,32,8
110,109,30,8
113,109,29,8
114,110,30,8
115,110,30,9
115,109,30,9
114,107,31,9
112,105,32,9
112,103,31,9
110,100,30,9
108,98,31,9
106,97,30,8
105,96,31,8
104,96,31,9
105,97,30,8
106,100,30,9
109,102,31,9
109,104,31,9
110,105,31,9
114,107,30,8
114,108,31,9
114,108,31,9
119,107,28,8
120,106,29,8
120,104,30,8
120,104,30,8
121,106,29,8
122,107,28,8
123,109,29,8
122,111,29,8
121,115,29,8
120,118,31,8
120,121,29,8
119,121,31,9
117,120,30,9
115,118,29,9
112,116,30,8
108,114,29,8
109,114,29,8
109,114,29,8
107,117,30,9
107,121,29,9
105,123,28,9
104,125,28,9
103,124,27,8
103,123,27,8
103,121,27,8
102,119,27,8
103,118,26,8
103,117,25,8
103,117,25,8
104,118,27,8
105,119,28,8
107,120,28,8
108,121,29,8
108,121,28,8
110,122,27,8
109,123,28,8
107,122,27,8
107,122,27,8
107,121,27,8
108,121,25,8
108,120,26,9
107,121,27,9
105,122,29,9
105,122,28,9
102,123,28,9
99,124,27,8
95,124,27,9
93,122,27,8
92,120,28,8
90,118,28,8
90,116,30,8
90,115,29,8
91,115,29,8
91,115,27,8
90,115,27,8
88,115,28,8
89,114,29,8
89,113,29,8
86,112,29,8
85,112,28,9
83,113,28,9
81,116,28,9
78,119,29,9
75,121,28,9
72,122,30,9
72,121,29,8
71,119,28,8
77,115,30,8
79,112,29,8
81,111,29,8
86,109,29,8
93,108,30,8
99,105,30,8
104,104,31,8
107,103,32,8
109,102,33,8
111,103,34,8
113,102,32,8
116,103,33,8
119,104,33,7
121,104,32,7
122,103,33,7
124,101,35,7
126,102,35,7
127,106,32,8
125,111,33,8
124,114,32,8
122,117,31,8
119,120,31,8
117,123,30,8
113,126,32,8
111,128,32,8
109,129,32,8
107,130,33,8
109,131,36,8
108,134,39,8
108,139,37,7
110,142,38,8
109,142,40,8
110,139,38,8
110,136,38,8
111,133,36,8
110,131,36,8
110,131,34,8
109,130,35,8
109,129,34,8
108,127,33,8
106,125,31,8
106,123,31,8
106,120,34,8
104,118,32,8
104,117,31,8
107,114,32,8
105,114,31,8
104,113,30,8
100,113,32,8
98,113,30,8
100,115,32,8
98,119,31,9
100,120,33,8
102,119,31,8
101,120,36,8
101,120,36,8
100,119,38,8
101,118,38,8
103,117,39,8
103,117,39,8
103,117,41,8
104,117,42,8
104,118,42,9
105,119,41,8
105,119,42,8
103,119,44,8
103,118,43,8
101,116,39,8
98,115,48,8
96,114,44,8
95,113,44,8
93,111,44,8
93,108,42,8
92,106,41,8
92,104,42,8
88,102,44,8
86,102,46,8
84,103,43,8
82,105,41,8
79,108,41,8
76,109,40,8
72,109,43,8
68,107,43,8
63,105,44,8
58,102,44,8
56,99,44,8
55,98,42,8
52,97,40,7
51,97,42,8
48,96,45,8
48,96,45,8
47,95,44,8
44,94,44,8
46,93,45,8
46,93,44,8
46,92,43,8
46,91,44,8
44,89,40,8
43,87,41,8
40,85,40,8
36,83,42,8
35,83,41,8
32,84,43,8
29,86,45,8
27,88,45,8
25,89,44,8
24,92,44,8
23,94,43,8
18,96,43,8
16,97,43,7
16,98,45,8
14,100,45,7
14,103,45,8
14,106,45,8
13,109,44,8
14,109,46,8
17,109,45,8
19,108,49,8
25,108,47,8
32,109,48,8
39,109,47,8
45,109,46,8
51,109,48,7
54,110,47,7
55,112,46,8
58,112,43,7
61,112,42,7
64,109,43,8
65,107,42,8
66,105,42,7
66,104,42,7
67,104,41,7
69,105,44,7
70,107,45,8
71,108,44,8
73,109,44,8
76,111,42,8
75,112,40,8
75,113,43,8
73,114,42,8
68,114,42,8
63,113,43,8
54,109,42,8
47,105,44,8
43,103,41,8
39,102,42,8
35,102,43,8
32,101,43,9
30,100,41,8
28,97,42,8
27,93,42,8
27,90,43,8
27,87,41,8
27,85,41,8
29,82,39,8
31,79,40,8
32,76,38,8
34,71,39,8
34,69,40,8
37,69,39,8
41,70,42,9
47,73,40,8
52,75,39,8
56,78,40,8
59,80,39,8
64,81,40,8
70,80,41,8
75,79,38,8
80,77,38,8
85,76,39,8
89,76,39,8
93,78,39,8
96,84,40,8
99,89,40,9
102,94,38,9
105,97,38,9
109,101,39,9
110,104,41,8
110,106,39,8
111,107,38,8
110,108,39,7
111,109,41,8
111,112,40,8
110,115,41,8
107,116,42,8
105,116,43,8
104,115,42,8
100,115,41,8
99,118,41,8
99,120,43,8
100,122,38,8
99,124,40,8
101,125,39,8
102,127,39,8
102,128,39,9
102,129,40,9
102,130,42,9
105,131,40,8
106,133,42,8
108,134,40,8
108,135,40,8
110,136,40,8
110,138,41,9
112,139,42,8
114,139,40,8
117,139,41,8
117,139,39,8
118,139,40,8
117,138,37,8
117,139,40,8
117,139,39,7
116,137,39,8
115,135,42,8
114,134,42,8
114,134,43,8
114,133,42,8
113,133,44,8
113,133,43,8
113,133,43,8
112,134,43,8
114,135,44,8
114,136,43,8
113,137,45,8
111,137,38,8
110,138,37,8
114,141,44,8
116,143,45,8
117,142,43,8
116,140,44,8
113,137,46,9
114,136,45,9
117,136,45,9
117,136,47,9
116,136,47,9
115,136,50,9
115,136,48,9
114,136,49,8
115,136,48,8
115,137,48,7
111,137,49,8
107,136,49,8
104,133,48,8
105,128,48,8
105,123,45,9
100,119,46,8
97,116,49,9
98,114,47,9
98,113,47,9
98,114,46,9
99,114,46,8
97,113,47,8
97,112,47,8
96,112,48,8
97,112,49,9
98,112,50,8
101,113,48,8
103,113,47,9
104,113,49,9
107,114,47,9
109,116,46,9
111,116,46,9
112,117,43,9
115,118,42,9
115,118,42,9
116,119,41,9
114,120,42,9
113,122,42,9
112,124,44,9
110,125,46,9
111,125,46,9
115,124,43,9
115,121,44,8
114,118,43,9
113,113,43,9
113,108,41,8
108,101,44,9
106,95,45,9
102,91,48,9
97,88,49,9
93,85,51,10
101,82,45,9
102,82,44,9
103,84,41,8
100,87,41,9
90,88,45,9
99,84,39,9
99,80,37,8
102,76,35,8
101,75,34,9
96,78,36,9
97,81,37,9
91,86,38,9
89,88,40,9
94,89,38,9
94,89,40,8
94,88,41,8
93,87,40,8
91,87,44,8
91,87,43,8
88,89,42,8
88,91,42,8
86,92,43,8
85,91,42,8
84,88,43,9
82,85,43,8
80,82,40,8
79,80,40,9
78,79,41,9
77,79,39,9
78,80,40,9
79,81,39,9
79,81,39,8
82,82,39,8
82,83,40,9
84,86,42,9
85,89,41,8
87,94,42,9
88,97,41,9
89,99,40,9
93,102,41,8
96,102,42,8
102,102,42,8
106,102,41,8
106,103,39,8
110,107,42,8
111,112,40,8
110,115,41,8
110,117,46,8
109,116,46,8
110,114,44,8
109,114,41,8
107,116,41,8
103,119,39,8
101,122,39,8
100,124,42,8
101,125,40,8
100,126,40,7
101,127,38,8
100,128,40,7
101,128,40,8
101,128,40,8
100,128,40,8
101,129,39,7
101,129,38,8
100,129,39,8
100,130,39,8
102,131,38,8
101,131,40,8
101,132,40,8
100,131,39,8
98,131,39,8
96,130,41,8
96,131,39,8
98,135,38,8
102,137,39,8
103,138,38,8
103,133,38,8
99,125,39,8
96,119,36,8
90,112,36,8
85,104,35,8
83,99,35,8
83,97,33,7
83,99,33,8
84,104,33,8
82,108,33,8
82,113,32,8
82,117,32,7
82,119,30,8
82,121,30,8
81,121,31,7
79,120,30,8
77,117,33,8
77,115,31,8
77,114,31,8
77,113,30,8
79,113,30,8
80,112,30,8
80,111,31,8
81,111,32,8
82,110,30,8
81,109,29,8
82,108,30,7
84,107,31,7
83,107,29,7
82,106,30,8
82,106,30,8
82,105,30,8
82,104,30,8
81,104,31,8
80,104,30,8
79,103,30,8
77,102,31,8
77,101,31,8
76,100,31,8
76,99,31,8
76,98,29,8
77,96,30,8
77,94,29,8
77,92,30,8
80,87,29,8
80,83,30,8
82,79,29,8
80,77,28,8
80,77,30,8
81,77,29,8
83,78,31,8
84,81,30,8
85,84,30,8
86,89,31,8
86,93,29,8
86,97,29,8
84,101,30,8
81,103,29,8
79,107,29,8
76,110,30,8
74,113,29,8
72,116,27,8
70,119,28,8
68,122,28,8
69,124,29,8
68,125,28,8
67,125,28,8
66,126,28,8
69,127,28,9
70,129,28,8
71,130,27,8
74,130,26,8
75,129,25,9
77,127,27,9
81,126,25,9
83,125,25,8
88,126,24,8
92,128,24,8
99,130,25,9
105,131,25,9
112,132,24,9
121,133,25,9
131,136,24,9
140,138,25,9
146,141,24,9
153,143,23,9
155,148,23,9
154,150,22,9
152,152,23,9
150,152,23,9
149,151,22,9
148,149,23,9
148,147,21,9
147,146,21,8
147,146,20,8
142,147,27,10
146,149,21,8
147,151,21,8
145,152,27,10
148,155,21,8
147,155,23,8
145,153,27,10
145,151,27,10
141,150,27,10
143,149,21,8
138,146,28,10
140,146,22,8
140,144,24,8
141,144,24,8
140,143,24,8
141,143,24,8
140,143,24,8
139,142,24,8
138,142,24,8
137,141,23,8
135,140,23,8
132,139,23,8
128,138,24,8
126,137,22,8
122,137,23,8
119,138,24,8
116,139,23,8
114,140,24,9
111,139,26,10
111,140,22,8
109,140,22,8
106,139,23,8
103,138,23,8
100,138,23,8
96,137,23,8
92,139,23,8
87,140,23,9
82,141,25,8
80,142,23,8
77,143,23,8
72,144,23,8
70,145,23,9
68,146,24,9
67,147,24,9
63,148,24,9
60,151,25,9
56,153,24,9
55,155,23,9
53,156,23,9
53,156,23,9
50,156,22,9
47,158,22,9
46,160,21,9
44,162,21,8
40,166,23,9
39,168,25,10
40,170,23,8
38,169,24,9
36,167,25,10
34,166,24,8
34,164,25,10
34,165,23,8
32,166,23,9
31,169,23,9
26,170,24,9
24,167,21,9
23,177,25,9
21,180,26,9
20,180,25,9
24,183,25,9
27,183,25,9
24,181,25,9
29,182,26,9
29,182,27,9
32,183,27,9
35,183,27,8
35,182,26,8
37,181,25,9
37,178,25,9
39,176,26,9
39,174,25,9
41,174,23,9
42,175,25,9
44,175,26,9
43,175,27,9
43,175,28,9
49,175,28,9
52,174,29,9
53,172,30,9
55,173,30,9
56,173,31,9
62,175,30,8
64,177,31,8
61,180,32,8
63,180,31,9
61,181,31,8
62,179,29,9
67,179,33,8
68,176,32,9
68,174,31,9
73,174,29,9
74,174,30,9
74,175,31,9
73,177,31,9
72,179,33,9
71,182,31,9
75,185,31,9
76,186,30,9
78,186,31,9
78,186,30,9
79,186,28,9
79,187,30,9
80,187,30,9
81,189,29,9
77,190,29,9
73,190,31,9
71,191,31,9
65,192,32,9
64,192,31,9
63,192,31,9
61,191,31,8
59,190,30,9
54,189,33,9
50,188,33,9
44,188,32,9
41,187,34,9
38,186,34,9
35,186,33,9
32,186,35,9
29,188,37,9
27,196,37,9
26,200,36,9
24,203,38,10
25,203,38,10
35,196,38,10
35,192,38,10
30,181,38,10
18,177,38,10
27,163,38,10
32,151,38,10
36,149,38,10
40,150,38,10
39,153,38,10
42,145,38,10
32,172,38,10
33,175,38,10
46,175,38,10
59,170,37,10
83,150,38,10
86,139,38,10
93,136,38,10
103,132,38,10
108,124,38,10
114,119,38,10
121,113,38,10
126,93,38,10
123,73,38,10
127,72,38,10
131,71,37,10
134,72,37,10
134,68,37,10
132,63,37,10
137,57,36,10
135,56,36,10
136,53,36,10
139,48,35,10
139,48,35,10
142,47,34,10
145,52,34,10
143,49,34,10
143,47,34,10
141,45,34,10
139,39,34,10
138,39,34,10
137,41,34,10
139,43,34,10
138,42,33,10
137,43,33,10
137,43,33,10
138,43,32,10
137,43,32,10
136,45,32,10
135,47,32,10
133,50,31,10
131,51,31,10
127,55,30,10
122,55,30,10
119,59,30,10
116,60,30,10
112,61,30,10
110,59,30,10
110,57,29,10
107,57,29,10
104,58,30,10
102,59,29,10
99,63,29,10
95,67,29,10
90,70,29,10
88,72,29,10
84,76,29,10
82,74,29,10
80,76,28,10
81,75,28,10
79,75,28,10
78,77,27,10
77,77,27,10
76,77,27,10
76,75,27,10
84,81,26,10
97,101,26,10
93,110,26,10
94,112,25,9
97,112,25,9
101,111,25,9
99,111,24,8
100,110,23,8
98,109,24,9
91,110,24,8
86,111,25,9
80,111,26,8
74,112,26,8
68,113,27,8
67,111,26,10
66,113,28,9
60,118,28,9
60,121,29,9
64,123,29,9
67,125,29,8
66,127,30,9
64,129,31,9
65,128,32,9
67,128,29,9
72,126,27,8
71,125,29,8
76,123,28,8
81,120,28,9
86,119,27,9
92,116,28,8
94,116,29,8
95,115,30,8
97,114,31,8
97,114,32,8
98,112,33,8
95,111,35,8
92,112,36,8
90,114,36,8
87,116,34,8
84,118,34,8
82,119,34,8
78,118,32,9
75,118,32,8
72,118,32,8
71,118,31,9
70,118,29,8
70,117,30,8
70,116,30,9
69,118,29,9
69,120,30,9
70,121,31,8
72,122,30,8
74,122,31,8
78,119,33,9
79,114,34,8
82,112,33,9
83,110,31,9
83,108,31,8
87,109,29,9
81,104,28,9
88,104,30,9
88,102,31,9
89,100,31,9
89,99,31,9
86,98,33,10
85,98,33,10
81,99,31,9
82,99,30,8
83,98,29,9
81,97,29,9
83,96,30,9
84,98,30,9
87,104,30,8
88,108,31,9
91,109,34,8
93,111,35,8
95,113,35,8
96,114,34,9
99,115,36,9
101,116,35,9
101,118,36,9
99,120,34,9
100,123,37,9
98,124,35,8
98,125,35,9
98,126,32,8
97,128,31,9
93,128,31,9
88,130,31,9
85,130,32,9
81,132,34,9
79,134,32,9
79,135,32,9
80,136,32,8
79,136,33,8
79,135,35,8
78,134,38,8
77,133,40,8
75,132,38,8
76,130,38,9
77,128,34,9
80,129,38,9
80,127,37,9
80,127,35,9
78,127,38,9
77,126,40,9
76,124,38,9
79,123,38,9
80,122,36,9
79,121,35,9
79,120,34,9
78,119,35,9
77,118,34,9
75,118,34,9
72,118,33,8
72,117,34,8
73,116,36,8
73,114,36,8
69,113,39,8
67,112,39,8
66,111,37,8
67,111,36,9
65,109,37,9
65,109,35,9
63,109,36,9
61,110,40,9
58,106,37,9
58,103,39,9
61,101,34,9
62,99,33,9
59,97,32,9
55,95,32,9
52,94,31,9
49,92,33,9
45,91,31,9
42,91,32,9
48,89,31,8
47,90,33,8
48,89,33,8
47,90,33,8
46,91,34,8
46,92,35,8
44,94,36,8
44,94,37,9
44,97,36,8
42,98,37,8
42,100,37,9
36,101,34,9
38,102,35,9
35,105,37,10
39,102,37,10
34,104,37,10
37,101,37,10
33,99,37,10
37,112,37,8
32,114,39,8
33,115,38,8
33,115,36,9
34,116,38,9
34,117,40,9
35,117,43,9
34,118,40,9
34,120,40,9
36,122,42,9
36,123,40,8
38,123,36,8
42,123,38,9
46,123,38,9
49,121,36,9
51,119,38,9
53,115,37,9
54,113,39,9
58,110,35,9
60,109,40,8
62,107,38,8
62,106,37,8
65,107,36,9
67,108,38,9
69,109,37,8
71,108,37,8
74,106,36,8
75,104,36,8
75,102,36,8
78,101,38,9
76,101,37,8
76,100,37,8
76,101,38,9
77,102,38,9
78,103,39,9
80,103,41,9
83,104,39,9
85,105,40,9
89,105,38,9
94,105,38,9
99,108,38,9
106,114,39,9
113,119,39,9
118,124,39,9
122,129,39,9
122,133,39,9
119,137,39,9
112,140,39,9
109,140,40,9
106,139,39,9
102,137,39,9
99,135,40,9
97,134,39,9
93,135,41,9
90,139,40,9
88,146,39,9
86,151,41,9
84,153,40,9
83,153,36,9
82,155,41,9
81,154,41,9
82,153,40,10
83,153,43,10
84,155,46,10
81,159,46,9
83,164,42,10
80,169,44,10
80,174,43,10
75,176,46,10
74,176,46,10
71,175,44,10
67,174,44,10
65,173,44,10
62,172,44,10
63,173,45,10
61,174,46,10
64,176,45,10
59,177,46,10
51,178,49,11
44,180,49,11
42,183,51,11
41,187,50,11
49,194,48,11
52,198,46,10
46,197,46,11
45,198,46,11
53,197,50,11
46,192,50,11
50,190,51,11
54,190,51,11
61,190,51,10
70,192,53,10
65,192,55,10
51,189,57,11
51,189,60,11
51,188,57,11
58,189,59,11
54,187,58,11
54,186,56,11
56,186,58,11
60,188,65,11
56,187,64,11
52,186,60,11
46,184,55,11
51,181,59,11
53,177,61,11
55,173,57,11
58,169,56,11
55,166,50,10
55,164,51,10
54,163,47,10
50,162,49,10
48,165,49,10
47,168,47,10
44,169,47,11
44,172,48,11
52,174,52,11
52,175,52,11
55,178,61,11
49,178,53,11
50,178,49,11
51,179,46,11
52,178,49,11
57,176,56,11
72,170,52,12
63,165,48,10
55,159,46,10
54,155,46,10
57,151,48,10
64,149,44,10
67,148,51,10
76,147,59,10
88,147,60,10
89,145,60,9
88,141,65,10
94,137,60,9
99,130,57,10
103,126,57,10
104,121,55,10
107,119,51,10
106,116,54,10
106,116,51,10
107,116,51,10
107,116,49,10
106,115,45,10
106,115,43,9
106,113,43,9
102,113,44,9
101,113,44,9
99,113,42,9
98,112,41,9
98,113,42,9
96,114,41,10
97,117,38,9
95,118,37,9
94,119,36,10
95,119,36,9
93,119,37,9
93,120,35,9
92,120,36,9
89,122,35,9
87,124,38,9
85,125,36,9
84,123,35,9
83,118,37,9
74,112,51,12
82,114,40,9
81,113,38,9
81,112,40,9
81,112,39,9
81,113,39,9
80,113,40,9
78,114,40,9
77,113,39,9
75,111,39,9
76,110,39,9
77,108,41,9
79,108,40,9
82,110,38,9
83,115,40,9
83,120,39,9
83,124,39,9
84,126,41,9
86,128,38,9
85,128,39,9
85,127,39,9
84,126,38,9
83,125,38,9
83,125,38,9
83,124,39,9
81,124,39,9
80,123,37,9
79,123,36,9
77,123,39,9
76,121,36,9
74,119,36,9
73,118,36,9
72,118,39,9
71,117,38,9
69,117,39,9
67,117,38,10
65,116,36,9
64,115,38,9
63,113,37,9
62,111,39,10
60,106,37,9
62,102,38,10
63,99,36,10
63,98,38,9
63,98,38,10
64,96,37,10
66,95,38,10
66,94,38,10
67,92,36,10
69,91,34,9
70,90,31,9
71,89,32,9
69,92,32,9
70,91,34,9
69,92,31,9
70,91,32,10
68,93,34,10
67,94,32,9
65,97,33,9
63,101,34,10
61,103,33,10
61,104,32,10
60,104,32,9
61,106,32,10
62,108,32,10
63,110,32,10
67,112,32,10
71,113,32,10
75,113,33,10
78,113,33,10
82,113,32,10
81,114,31,10
79,114,34,11
78,113,34,11
78,112,36,10
79,112,36,10
83,111,33,10
84,116,41,12
87,117,41,12
93,122,42,13
96,126,38,11
98,127,37,12
103,127,39,11
98,124,39,12
103,123,39,12
106,125,37,11
107,123,38,11
104,121,39,11
103,118,39,11
104,112,38,11
103,109,41,11
105,105,40,11
106,104,40,11
105,104,41,11
105,107,41,11
106,109,39,11
104,111,40,12
102,111,40,11
102,112,39,11
100,112,39,11
97,111,39,11
96,111,39,12
94,111,38,11
94,110,38,11
94,109,38,11
94,109,38,11
99,109,38,11
101,108,38,11
103,110,38,11
104,110,37,10
107,111,36,11
107,111,38,11
108,113,39,11
107,113,37,11
105,114,36,11
105,112,36,10
104,110,36,10
106,110,36,10
106,109,35,10
105,112,37,10
107,115,35,11
107,118,35,11
108,119,35,10
108,119,35,10
106,118,36,11
108,119,35,10
110,121,34,10
111,120,34,10
109,120,35,10
108,119,32,10
107,118,33,10
106,118,31,10
105,117,33,10
104,117,31,10
103,116,30,10
105,115,29,10
106,114,28,10
107,113,28,10
108,113,28,10
108,112,29,10
107,112,28,10
107,111,28,10
106,111,28,10
106,111,28,9
106,110,28,9
105,108,28,10
104,107,29,9
103,105,29,10
103,103,30,10
102,102,31,10
103,102,30,10
105,103,30,10
106,106,31,10
107,112,31,10
109,118,31,10
114,122,31,10
118,124,31,10
121,124,30,10
127,122,29,10
128,120,29,10
127,119,29,10
127,118,28,11
126,119,29,10
126,119,30,10
126,121,28,10
124,123,30,10
123,125,28,10
120,126,31,10
118,127,29,10
115,129,29,10
112,130,30,10
110,131,29,10
107,132,31,10
103,132,29,10
100,133,29,10
95,134,29,10
93,136,30,10
88,139,30,10
84,140,29,10
80,140,29,10
74,139,31,10
72,138,30,10
72,138,30,9
72,137,29,9
73,134,29,10
75,132,29,10
78,129,27,10
79,129,28,10
81,129,31,10
83,129,29,10
83,127,28,10
84,126,28,10
86,123,28,10
88,121,28,10
94,119,26,10
98,118,29,9
105,118,26,10
111,119,25,10
115,122,27,10
119,124,27,11
122,126,27,11
122,128,27,11
124,127,26,11
123,127,26,10
120,126,25,11
116,125,26,11
111,126,27,11
105,126,28,11
98,128,30,11
91,129,32,12
83,130,36,11
75,130,36,11
73,131,36,11
65,131,41,11
59,129,36,11
55,130,39,11
54,130,40,11
54,131,39,12
57,134,37,12
55,135,38,11
53,137,37,10
57,139,37,11
59,141,36,11
60,143,37,11
58,144,35,11
57,146,34,11
55,148,34,11
55,151,34,10
56,153,36,11
58,154,36,11
58,154,35,11
61,153,37,11
60,151,36,10
62,147,37,10
65,144,37,10
68,142,38,10
70,141,39,10
72,142,42,10
75,142,40,10
75,143,41,10
75,143,42,10
75,142,41,10
76,143,42,10
75,142,40,10
75,143,41,11
72,144,42,11
70,145,40,11
68,146,41,11
62,148,44,11
58,149,43,11
52,152,41,11
46,155,43,11
42,159,42,11
34,162,38,11
32,166,38,11
29,169,38,11
29,172,36,11
22,176,41,11
21,179,40,11
22,181,40,11
25,185,43,11
31,190,42,11
34,196,43,11
39,201,41,11
50,196,40,13
56,196,40,13
64,188,41,13
66,190,41,13
64,196,41,13
62,198,41,13
65,189,41,13
64,189,42,13
55,192,42,13
56,186,43,13
53,192,43,13
47,191,42,13
28,200,43,11
28,194,44,11
35,193,45,11
42,194,42,11
46,189,42,13
50,193,42,13
51,196,42,13
45,198,42,13
49,183,41,13
53,169,41,13
66,167,41,13
55,181,41,13
52,197,38,11
57,192,41,12
60,191,41,11
68,193,41,11
76,196,43,11
84,199,42,11
88,198,42,13
101,200,43,13
116,201,43,13
129,199,43,13
124,200,44,10
118,199,43,10
110,198,44,10
106,196,45,11
98,194,44,11
93,193,42,11
84,191,41,11
83,183,43,11
89,178,42,12
98,179,39,11
98,182,39,11
104,182,38,11
112,183,37,10
114,182,38,10
115,179,39,11
114,174,37,10
115,170,34,10
115,166,35,10
116,165,35,10
115,164,35,10
114,165,36,10
117,165,34,10
117,166,34,10
116,166,33,10
116,166,35,10
118,165,34,10
120,165,34,10
121,165,34,9
121,165,32,10
119,166,32,10
117,166,32,10
116,165,33,10
115,165,33,10
111,167,34,10
110,168,34,10
107,168,34,10
107,165,34,11
100,161,34,10
92,157,36,11
90,154,36,10
89,150,37,10
90,144,37,10
91,142,38,11
92,136,38,10
98,130,37,10
102,125,39,10
