498,374,565,318
496,373,567,320
495,383,545,317
487,390,540,317
483,394,534,315
488,394,514,315
490,395,508,312
488,388,499,318
481,373,519,331
473,364,531,337
468,349,517,339
467,350,524,340
456,345,517,340
436,333,529,345
420,324,541,337
409,317,546,326
419,316,549,329
411,314,546,319
392,310,545,318
402,306,545,315
368,303,552,310
370,304,544,314
371,300,551,309
362,296,552,313
336,295,557,309
337,292,569,314
325,293,564,309
315,293,551,313
312,288,552,319
309,283,549,324
337,277,521,329
341,279,517,326
344,269,529,340
324,258,523,324
324,242,535,333
313,227,538,352
313,224,536,348
296,214,541,342
270,210,569,346
254,201,588,341
250,194,578,345
245,194,589,348
233,192,595,346
225,196,601,356
220,206,607,354
221,216,597,351
222,217,598,350
220,227,596,350
212,237,590,359
223,250,574,365
226,261,556,375
230,260,551,369
230,271,549,383
237,284,548,376
241,291,544,370
243,301,539,357
237,302,547,360
238,306,559,348
240,306,553,342
237,303,559,346
241,299,554,345
233,298,561,344
241,294,554,349
248,288,540,345
248,280,543,359
248,272,543,359
247,268,544,372
252,265,538,354
252,257,544,364
243,254,559,346
249,251,558,342
252,253,552,345
252,250,553,349
249,248,566,355
253,248,564,357
252,247,562,361
254,249,556,357
251,252,566,350
258,254,561,344
256,254,563,348
260,252,562,352
257,253,564,357
257,253,567,357
265,251,555,345
265,254,550,341
262,254,558,345
260,253,561,346
257,252,565,341
255,254,560,336
254,253,561,340
252,250,559,336
250,249,562,343
250,252,555,337
248,248,548,336
247,253,545,335
245,246,544,336
240,248,555,339
235,243,557,344
238,244,547,340
230,243,549,341
221,245,551,342
220,245,553,342
212,243,551,342
193,247,568,346
184,248,555,345
150,260,599,337
146,258,604,341
126,265,607,341
106,270,605,345
91,271,595,364
70,277,584,345
73,280,586,341
44,287,591,352
13,294,601,338
-20,302,603,325
-53,305,601,322
-50,303,601,321
-85,305,603,327
-131,299,620,327
-154,303,624,325
-178,302,628,332
-178,299,629,340
-190,294,623,332
-209,293,631,340
-222,291,628,349
-219,291,609,331
-212,294,598,331
-205,294,575,330
-210,290,570,335
-195,294,567,329
-191,293,544,315
-196,293,551,323
-199,290,540,323
-197,292,536,311
-186,292,533,306
-193,287,529,320
-184,290,532,321
-193,283,530,321
-191,282,520,330
-178,282,521,318
-182,281,507,316
-183,282,516,319
-182,282,519,327
-191,279,511,323
-184,278,498,307
-183,280,502,317
-180,280,499,304
-179,278,496,301
-176,277,495,302
-187,281,518,300
-199,281,527,310
-204,278,532,313
-200,281,551,313
-201,277,553,310
-202,276,562,312
-200,275,573,309
-203,277,569,312
-198,272,576,315
-185,272,579,314
-173,271,578,313
-172,269,578,324
-176,267,593,329
-168,272,580,334
-166,270,582,332
-158,274,576,335
-148,277,578,340
-147,275,568,331
-135,270,556,331
-134,272,565,333
-125,274,556,329
-121,277,555,332
-114,277,555,332
-115,276,552,331
-105,274,552,330
-111,275,556,330
-102,277,551,335
-107,278,555,329
-105,277,548,329
-102,279,560,333
-110,276,558,332
-116,272,560,331
-114,275,564,333
-115,276,557,334
-108,276,552,333
-118,275,565,338
-118,267,560,333
-114,272,558,334
-113,268,551,334
-125,267,562,332
-107,266,543,330
-113,266,555,336
-110,265,553,338
-113,266,549,332
-109,264,542,330
-123,263,559,338
-111,264,547,334
-118,263,546,330
-119,265,548,329
-110,267,539,330
-118,271,545,329
-107,275,535,323
-107,275,539,329
-106,277,533,325
-110,278,537,337
-115,282,539,334
-113,283,539,341
-116,280,550,342
-118,280,559,344
-114,279,557,340
-120,280,568,348
-104,281,560,342
-115,279,561,342
-105,278,569,352
-94,276,571,342
-85,279,584,348
-81,269,581,335
-83,269,590,345
-71,261,586,345
-67,260,613,353
-48,257,603,343
-38,255,606,343
-32,254,600,345
-22,247,595,343
1,242,587,345
15,233,584,360
17,227,589,362
17,224,594,365
19,219,596,362
33,216,590,360
48,218,587,356
49,215,588,357
65,217,576,350
73,218,566,352
73,217,568,349
84,219,565,347
85,221,570,352
84,221,571,352
91,221,564,344
92,221,567,350
99,224,563,345
103,225,555,342
101,226,560,343
103,227,556,343
106,228,556,340
109,230,559,346
112,232,560,345
113,233,563,346
118,238,561,349
119,239,555,341
127,243,548,342
129,247,551,337
130,244,547,338
136,244,545,332
134,251,557,341
136,251,563,341
137,247,568,345
144,248,559,343
146,247,567,349
152,245,566,346
144,247,582,356
146,246,590,355
149,246,585,356
155,246,582,355
158,248,577,351
165,248,576,355
168,246,577,352
169,246,574,350
176,247,571,344
178,248,568,345
177,247,569,348
175,250,576,349
173,248,574,347
174,246,582,352
170,249,571,347
160,252,576,346
154,249,566,345
155,253,566,341
138,253,582,345
129,268,595,322
117,251,577,351
99,256,575,349
98,255,585,349
85,255,573,347
72,262,566,343
61,283,568,311
43,263,561,340
28,266,564,340
12,266,567,338
1,286,568,309
-8,270,558,341
-23,273,566,342
-23,269,554,340
-37,283,553,321
-50,268,544,349
-54,273,537,347
-60,275,537,348
-63,276,537,351
-64,285,533,342
-74,296,537,343
-64,291,519,339
-73,292,515,337
-80,292,515,340
-73,302,516,333
-76,296,508,337
-75,308,512,335
-77,302,508,332
-80,300,507,335
-87,302,514,341
-84,295,504,347
-94,305,518,341
-91,302,515,340
-98,310,526,340
-98,302,513,342
-92,310,509,337
-89,305,499,336
-91,302,492,332
-92,305,496,329
-91,304,490,331
-96,297,502,331
-81,293,503,324
-89,289,503,328
-91,294,508,329
-100,292,524,328
-96,288,520,325
-87,283,512,327
-83,279,522,334
-82,280,506,333
-78,280,507,333
-85,280,511,331
-103,289,528,327
-87,285,519,327
-95,293,532,325
-93,290,524,329
-87,290,523,326
-93,289,528,330
-90,288,532,330
-92,288,526,328
-104,291,538,333
-101,291,541,334
-109,292,554,339
-108,293,562,336
-116,291,567,339
-115,290,566,334
-112,300,570,348
-107,306,562,346
-114,306,565,346
-108,310,573,349
-107,312,568,336
-119,312,586,337
-113,312,586,338
-111,311,585,337
-98,316,577,338
-101,317,584,334
-99,317,573,331
-85,318,584,335
-75,320,597,341
-78,315,587,340
-78,318,612,347
-90,313,628,348
-69,315,633,345
-53,311,630,349
-50,315,626,348
-40,315,632,347
-26,314,634,349
-28,315,636,347
6,316,626,348
9,318,617,342
22,315,612,345
24,318,623,346
34,320,620,347
43,324,633,349
57,326,613,340
56,327,614,341
67,334,631,344
79,334,621,342
86,346,624,342
113,348,589,343
120,351,584,344
145,365,568,338
146,379,570,330
149,377,569,331
150,389,568,320
164,384,560,326
165,393,565,320
177,409,553,313
180,408,552,312
183,415,555,310
188,419,552,310
192,420,552,310
195,431,549,303
189,432,550,301
199,435,548,299
193,446,549,293
197,441,545,297
186,442,556,299
183,454,550,293
182,455,548,292
169,458,552,288
167,451,564,297
167,455,561,292
160,457,554,289
155,456,555,291
156,459,557,288
144,454,552,291
147,455,547,292
150,450,537,296
145,454,540,289
150,449,534,291
148,442,533,293
151,449,531,291
154,439,528,297
157,440,518,292
157,435,525,300
154,438,533,298
158,436,524,299
153,440,526,293
157,433,524,299
153,431,523,299
153,435,522,295
156,419,529,309
159,419,532,310
154,414,530,311
165,412,524,311
155,415,530,312
157,405,536,319
158,398,540,320
158,397,543,319
155,398,546,321
157,399,540,318
151,401,542,325
149,404,546,322
141,402,555,321
143,402,549,321
143,405,551,319
140,403,545,321
134,404,550,318
136,407,549,315
130,412,546,315
135,409,534,315
130,407,545,318
119,413,549,312
113,415,548,309
108,414,550,309
109,409,557,314
102,410,555,315
101,409,547,314
94,403,557,318
92,403,552,319
93,402,553,322
95,398,555,323
95,402,549,318
99,403,546,318
91,402,546,318
90,405,550,313
96,406,550,315
96,409,560,315
105,415,548,312
91,421,571,306
101,418,566,305
113,420,541,306
114,427,548,302
112,432,573,295
112,432,569,300
111,427,568,305
119,431,552,301
122,434,547,296
132,430,543,304
133,424,562,305
132,426,565,301
139,421,543,308
140,414,553,313
138,416,544,308
132,408,561,313
132,405,565,316
138,405,551,314
138,403,553,318
142,400,544,320
129,403,566,316
134,399,560,321
138,399,553,317
138,399,556,318
136,404,552,317
136,404,558,316
133,406,558,317
139,404,557,316
130,413,556,313
134,414,557,312
136,417,552,309
135,419,555,308
140,423,559,305
143,425,545,302
145,426,542,302
145,431,550,297
148,431,549,299
148,437,543,295
157,437,529,296
153,444,538,294
157,442,539,292
160,445,532,290
152,444,555,292
160,441,543,298
161,450,539,290
165,446,539,295
164,454,536,284
165,455,535,283
169,452,540,291
172,456,531,284
179,456,530,285
181,462,535,277
179,465,536,272
188,456,536,286
191,459,539,284
191,455,537,287
193,455,540,289
202,457,540,289
206,462,535,283
211,460,538,284
219,462,533,280
221,462,530,285
236,461,517,280
237,460,515,282
243,458,524,284
243,458,530,284
247,458,524,282
246,453,529,290
251,454,528,285
254,452,524,287
256,453,519,282
253,450,528,289
254,446,533,289
250,439,538,296
246,433,531,300
238,434,541,296
237,438,539,292
230,435,537,293
221,433,544,297
211,432,548,297
209,437,537,294
206,432,546,299
203,434,538,297
195,437,541,296
191,439,534,296
187,441,534,293
189,439,538,294
183,443,534,296
180,453,526,285
182,455,523,279
181,456,515,282
182,449,522,289
183,449,532,291
176,451,530,286
180,453,520,285
180,447,524,293
181,444,525,295
181,448,523,289
182,451,520,287
182,447,526,293
183,449,523,289
185,450,516,283
183,459,518,277
183,451,516,291
186,454,519,287
188,456,515,289
185,453,522,290
185,460,516,283
184,463,521,287
184,470,508,277
183,463,510,285
186,465,515,286
180,464,521,286
179,466,522,285
179,473,516,279
176,478,513,274
177,477,511,274
174,478,515,275
178,476,514,278
180,480,508,276
171,484,506,272
171,484,507,270
164,487,521,273
165,490,516,270
157,494,524,269
165,500,513,264
162,501,505,262
167,500,510,266
164,507,503,258
167,511,497,256
180,512,505,258
181,511,506,260
184,515,513,259
189,520,517,257
203,520,516,254
217,520,516,255
215,517,521,257
223,515,524,258
236,507,525,262
244,509,542,254
258,499,544,265
255,503,547,258
271,492,550,268
276,480,562,280
290,471,558,282
298,465,549,283
301,465,552,282
306,457,556,290
321,454,529,286
328,456,528,282
335,448,523,289
332,450,526,288
336,450,527,285
339,444,522,292
337,449,525,285
335,447,525,287
336,448,521,286
334,454,523,280
327,451,531,284
325,449,529,289
318,448,540,289
319,452,527,283
319,445,526,291
316,454,524,283
308,449,533,290
309,450,529,288
311,452,521,284
307,450,524,287
308,455,526,278
310,446,527,293
311,455,523,284
311,453,523,283
313,455,518,281
317,452,517,288
322,458,523,281
330,459,517,281
326,462,519,280
331,461,517,283
334,461,524,282
332,456,534,289
343,465,518,281
347,460,517,284
356,458,506,284
366,462,493,279
367,467,503,273
369,459,509,282
371,471,497,268
380,465,494,278
385,462,495,280
384,463,509,283
390,470,499,272
385,464,507,283
392,464,502,283
393,466,512,283
400,481,499,266
403,474,506,276
400,475,506,273
404,474,508,276
408,480,507,271
411,480,509,272
415,477,509,278
414,479,507,277
418,485,504,270
422,484,507,275
430,487,502,274
430,491,503,269
433,497,498,263
435,496,499,267
442,499,499,265
448,504,500,263
456,503,493,265
458,502,496,267
462,510,494,263
464,515,499,262
475,514,493,261
472,526,504,260
475,517,497,262
477,522,510,264
473,529,504,261
485,529,501,261
491,531,500,262
488,529,500,262
500,531,501,267
499,531,509,271
512,534,495,269
508,535,494,268
509,534,490,269
507,533,494,268
507,535,495,262
520,535,498,265
521,541,494,268
516,541,496,264
524,543,493,264
524,542,490,260
536,544,489,259
534,546,484,262
533,546,481,262
537,546,478,258
545,545,478,258
539,549,482,258
542,545,486,261
545,544,480,261
543,544,485,263
532,541,478,259
538,537,489,262
523,531,485,265
526,529,487,267
512,521,488,267
497,521,495,258
483,509,498,264
476,506,497,263
478,503,502,268
470,499,499,266
459,491,506,271
449,494,512,260
442,482,515,271
439,480,514,271
435,469,510,281
425,462,519,283
419,458,520,290
416,449,512,290
420,452,508,287
406,440,521,297
401,442,517,288
393,437,520,289
386,419,530,303
387,421,529,302
389,416,518,302
378,406,534,308
379,392,537,322
372,392,531,310
375,387,535,317
371,382,534,313
374,379,531,316
374,369,545,318
374,360,552,325
375,360,541,318
385,356,543,322
386,351,545,330
392,343,540,322
381,343,584,324
375,342,592,320
392,338,568,322
416,334,544,322
407,331,564,312
432,323,541,325
433,325,535,318
428,327,562,311
433,321,563,320
447,312,555,328
452,306,556,332
454,306,550,332
458,304,541,327
471,305,540,321
474,303,537,319
479,299,532,322
485,297,530,332
477,296,539,327
481,301,534,329
485,307,535,327
494,309,522,330
488,309,529,325
491,311,522,327
490,317,524,325
483,317,524,324
482,322,525,323
485,321,528,330
484,323,526,326
481,326,528,328
478,328,527,325
473,330,523,322
476,331,523,326
468,332,532,325
467,335,529,327
461,338,527,325
455,343,539,325
454,340,531,329
449,345,537,333
452,355,532,332
449,357,527,336
448,364,529,336
453,363,521,340
451,373,524,331
449,375,519,332
451,383,520,329
457,387,516,328
455,388,516,326
460,392,519,327
449,394,539,326
442,406,566,314
460,398,524,322
464,399,526,321
468,400,522,320
465,401,521,320
462,398,522,320
460,400,518,316
460,400,523,318
435,410,581,304
441,400,540,316
438,399,542,317
430,400,546,315
434,401,546,313
440,403,524,311
439,402,524,314
441,402,522,312
443,405,522,311
442,402,526,312
450,407,523,310
447,404,532,315
451,401,539,320
448,399,559,321
447,399,563,321
451,398,562,318
461,399,562,320
459,392,569,324
468,389,559,323
472,390,554,321
483,386,538,322
480,378,539,327
472,368,545,332
474,360,537,334
472,360,533,332
470,351,533,336
466,344,533,341
455,332,535,338
447,323,545,346
446,321,543,350
438,313,553,353
433,311,542,333
426,307,542,331
419,298,536,338
417,301,538,331
414,294,543,338
401,288,552,337
396,282,546,337
390,277,537,333
389,273,541,337
385,269,545,337
378,268,543,329
376,261,541,336
372,261,543,331
381,262,537,331
376,259,536,333
375,257,541,333
379,254,537,337
378,257,538,333
382,254,532,336
382,256,529,332
376,257,533,329
375,254,536,333
380,256,527,335
381,261,527,330
381,259,526,337
384,260,525,332
378,261,534,331
382,266,524,322
381,265,525,324
377,268,530,324
376,266,527,326
388,272,515,327
382,271,528,332
382,273,524,329
383,274,528,331
385,274,527,326
387,279,527,328
381,280,533,324
389,282,516,321
384,281,527,323
393,286,520,323
392,286,522,322
389,289,527,323
387,286,526,320
389,286,524,324
395,287,522,329
398,289,522,326
399,290,525,323
399,291,522,328
397,292,525,322
407,292,517,328
407,290,523,325
407,290,520,327
409,293,514,318
403,292,523,321
407,290,526,324
411,293,521,321
419,296,512,320
417,296,520,317
421,294,517,321
419,292,525,325
427,294,526,327
426,293,524,322
428,298,523,322
434,300,520,322
430,299,519,323
433,299,523,323
428,301,519,321
424,299,529,323
432,301,518,323
432,299,523,316
430,297,524,321
433,298,532,323
429,297,534,331
432,298,528,322
437,300,526,327
440,300,523,325
429,298,538,322
433,298,535,324
433,298,533,329
428,297,538,326
432,295,543,336
432,299,536,324
436,302,537,325
438,298,529,328
435,299,533,332
427,297,541,330
431,297,538,331
431,300,533,324
435,302,529,322
428,302,533,325
425,300,536,324
427,301,536,323
427,297,537,330
427,302,531,317
426,302,531,324
426,302,542,328
429,304,527,322
424,303,529,319
431,301,535,330
431,304,530,330
422,303,534,324
425,305,536,322
427,302,535,325
424,304,536,326
427,304,534,329
425,301,540,330
428,304,535,326
423,302,537,335
424,301,537,328
418,302,544,327
417,304,541,321
420,304,537,320
419,307,532,317
415,304,535,317
412,300,541,330
412,300,540,327
400,298,558,335
398,300,557,327
402,299,542,326
401,297,554,335
394,294,551,333
397,295,548,331
397,292,550,342
390,293,556,336
393,291,551,345
395,291,541,334
392,295,542,326
388,290,547,338
388,292,545,326
389,292,537,326
390,292,539,324
389,289,536,332
389,292,529,326
388,289,537,326
389,290,533,329
396,288,535,330
388,286,536,334
385,287,537,328
389,287,525,326
388,285,533,331
388,284,535,325
386,284,526,327
389,285,523,322
390,284,531,327
383,283,531,330
382,282,536,328
385,281,528,329
383,280,536,331
380,278,545,336
381,284,546,325
382,280,529,339
380,281,529,340
381,282,530,335
385,282,527,321
386,279,524,336
386,279,523,324
395,276,515,333
388,276,521,329
386,278,517,320
385,278,511,325
382,274,516,328
378,275,518,328
375,274,527,333
373,274,523,332
375,274,526,333
374,273,519,325
377,271,527,330
379,270,528,329
384,273,517,324
381,270,514,330
377,270,520,331
380,269,510,324
380,268,507,324
386,266,508,326
384,265,510,323
380,262,511,325
381,266,518,325
378,262,515,323
380,265,510,315
387,262,500,328
389,262,505,328
384,259,517,330
377,257,514,330
389,259,514,331
385,259,521,341
387,255,516,340
390,254,513,337
392,257,510,337
392,253,507,337
396,254,502,335
398,255,496,338
390,255,500,341
392,259,498,341
390,252,494,342
396,247,500,337
391,244,511,342
392,243,505,339
398,246,494,344
397,246,494,343
395,244,495,339
400,246,486,342
395,242,491,341
395,240,488,346
389,241,489,342
387,239,497,339
386,242,496,337
393,243,490,336
392,244,486,337
394,239,488,328
394,239,491,339
390,238,495,332
395,241,494,327
391,238,494,325
400,237,500,326
405,236,500,324
404,233,501,324
408,231,494,330
411,237,493,330
417,237,486,332
425,230,485,338
435,234,478,333
434,235,476,327
441,235,464,320
444,238,475,320
445,238,471,318
450,235,464,316
464,242,451,306
462,239,451,307
468,238,445,306
477,242,441,301
482,239,442,299
493,242,427,298
497,244,424,298
492,245,423,290
497,248,415,282
499,250,414,277
505,249,414,266
505,244,407,269
504,247,404,265
507,245,399,261
506,250,399,257
513,248,393,255
509,246,394,260
507,248,389,261
511,249,390,259
514,248,388,254
510,252,383,259
512,242,384,259
508,248,376,263
510,250,375,256
512,242,371,254
516,238,369,249
514,234,362,247
511,234,364,246
516,233,358,248
510,234,350,243
509,236,342,239
511,229,337,234
509,227,340,225
512,230,326,224
512,234,324,226
505,237,324,227
510,233,326,217
510,237,313,219
513,243,311,211
503,238,323,184
514,250,297,206
513,255,292,204
516,245,295,197
526,253,291,197
536,244,289,189
540,245,289,189
540,247,288,189
544,255,301,171
567,247,283,184
572,242,285,178
574,247,275,186
578,247,278,186
586,252,275,187
593,259,271,184
606,253,270,187
585,245,299,169
613,249,271,169
616,261,255,181
632,257,259,178
667,238,259,175
644,243,284,160
665,237,259,173
659,232,269,170
628,239,287,162
658,236,257,174
663,234,255,173
658,236,253,171
657,238,249,176
658,237,246,170
655,236,249,168
648,228,250,161
646,232,246,161
652,234,245,164
648,234,241,162
650,231,245,163
650,231,238,161
641,234,238,160
660,229,234,164
649,240,229,166
664,234,233,162
666,238,234,162
653,240,231,160
651,237,224,161
661,236,221,160
641,231,220,167
653,228,220,166
648,229,221,166
650,221,222,160
651,222,222,160
665,220,222,156
668,221,220,157
674,221,218,154
669,219,220,153
679,219,220,152
689,219,219,155
694,221,226,162
690,218,226,160
703,220,228,163
701,221,230,166
701,225,224,163
716,221,228,166
710,223,232,168
715,229,237,169
729,226,238,164
722,226,240,167
725,230,242,167
722,225,246,169
730,229,249,170
726,225,251,168
728,226,249,165
732,221,247,164
736,222,253,166
740,218,256,169
749,220,257,166
750,225,254,169
756,225,256,172
756,227,254,172
761,228,249,168
763,229,251,170
767,241,252,172
770,241,254,175
778,242,260,177
767,249,261,185
769,254,263,189
764,261,264,195
762,268,269,200
771,265,268,202
778,274,266,199
774,272,268,198
767,279,276,202
771,277,273,199
767,279,275,200
769,280,272,194
766,280,280,194
761,291,284,203
758,285,284,188
756,289,286,197
749,294,284,193
758,301,287,194
758,309,291,195
767,314,284,198
765,314,281,194
774,316,284,197
776,316,288,191
775,318,288,193
774,326,293,204
775,328,290,207
775,330,295,209
770,329,300,205
775,338,296,212
773,338,306,211
763,339,308,216
772,337,313,216
770,336,324,216
766,338,316,210
767,342,315,208
762,344,324,220
758,345,321,213
766,348,334,218
762,359,313,216
760,352,309,212
760,360,304,217
756,356,309,210
755,369,305,210
754,378,299,208
754,380,296,206
750,385,289,202
733,376,298,203
729,371,294,201
697,372,306,198
691,379,310,197
702,377,304,194
683,371,314,194
686,380,311,192
695,375,301,193
696,382,298,192
699,381,300,192
701,382,297,191
710,385,297,184
704,392,289,186
706,398,290,184
707,392,285,178
709,400,280,180
714,401,285,179
717,407,284,176
728,415,276,171
727,417,273,172
732,421,271,168
735,419,276,168
734,423,275,166
732,420,276,165
734,415,278,165
733,416,279,170
731,420,279,168
739,415,273,165
736,428,284,167
734,422,279,164
730,421,269,163
722,423,280,164
720,425,272,162
718,428,273,159
723,431,274,161
718,434,270,154
716,431,270,152
713,432,266,151
710,433,264,151
706,439,264,152
705,445,260,150
705,441,259,151
703,440,260,149
696,433,257,151
699,437,262,150
698,437,261,150
697,439,251,150
701,476,251,152
697,492,241,159
702,499,234,156
704,486,237,157
712,497,234,157
716,493,240,155
708,485,246,156
703,484,246,156
715,480,245,156
721,480,244,155
721,468,248,160
734,468,232,157
736,466,237,158
733,460,238,151
738,450,238,154
758,432,238,177
754,425,227,170
754,429,226,168
742,412,236,177
736,408,233,168
748,398,238,173
737,398,239,156
731,390,244,154
722,363,251,158
713,343,256,162
698,324,271,160
689,310,276,161
689,306,281,165
680,290,280,160
663,273,275,169
663,260,286,162
662,245,289,166
662,246,290,165
640,235,291,169
618,230,284,169
609,237,277,167
586,224,276,170
592,222,280,170
572,220,276,173
564,217,280,171
553,220,281,174
534,218,280,173
539,225,279,177
531,219,273,177
527,209,273,183
513,201,273,182
490,191,280,183
482,191,284,185
476,185,285,191
468,174,293,194
463,175,291,194
472,169,282,187
474,170,284,189
472,174,287,182
477,178,288,186
483,183,286,179
470,187,288,184
478,189,285,178
476,186,292,181
483,194,284,183
487,198,280,182
498,198,282,176
493,196,283,174
513,201,283,169
527,202,276,170
531,203,264,175
519,192,274,174
539,196,268,176
537,197,275,184
555,192,275,186
548,182,273,190
552,168,280,188
548,176,272,189
555,169,272,184
561,164,277,186
554,157,274,179
551,162,276,179
556,156,279,177
539,157,284,176
528,163,282,179
538,160,278,174
531,162,270,173
540,159,271,167
530,160,265,174
536,161,265,176
530,162,268,183
531,161,268,177
537,160,269,177
527,168,268,177
536,162,266,175
538,170,264,175
530,170,270,176
531,168,272,178
530,171,266,179
