472,354,50,28
472,354,50,28
472,354,50,28
472,354,49,28
468,350,50,29
468,350,50,29
463,343,51,30
463,343,51,30
458,324,50,28
458,324,49,28
458,324,49,28
458,324,49,28
458,324,46,25
458,324,48,25
456,323,49,26
456,323,49,26
458,325,49,25
458,324,48,25
458,324,48,26
458,324,48,25
456,324,48,25
456,324,47,26
457,323,49,28
457,323,49,29
465,319,50,29
464,319,50,29
468,311,53,31
468,311,53,30
469,311,52,31
467,311,53,31
472,310,50,25
472,309,51,26
475,307,49,27
475,307,49,27
476,306,50,26
477,306,49,26
473,306,48,25
473,306,49,26
471,309,49,27
471,309,49,26
478,305,48,28
477,305,48,28
477,305,49,28
477,305,49,28
479,301,51,28
479,301,51,28
476,298,52,28
476,299,52,27
475,299,52,27
475,299,52,28
473,293,52,32
473,293,52,32
474,284,50,31
474,284,50,32
480,278,50,31
480,278,50,32
489,271,48,28
489,272,48,28
489,272,49,28
489,272,48,28
492,271,48,27
492,271,48,27
492,271,48,27
491,271,48,27
495,271,53,27
495,270,53,28
508,275,50,28
508,275,51,28
508,275,50,28
508,275,51,28
507,280,50,28
507,280,50,28
511,281,50,29
511,281,50,30
516,280,46,28
516,280,46,28
520,280,47,28
520,280,47,28
520,280,47,28
520,280,47,28
523,281,48,28
523,281,48,27
526,282,48,28
526,282,48,28
523,285,47,28
523,286,47,28
523,286,46,28
523,286,47,29
526,286,51,30
526,286,52,29
530,293,51,29
530,293,51,29
522,299,54,32
523,299,54,31
522,304,54,30
522,305,53,30
529,309,53,27
529,309,52,27
539,307,53,29
539,307,53,29
549,308,53,28
549,308,54,28
558,309,56,28
558,309,56,28
568,314,51,28
569,314,51,28
558,330,48,29
558,330,47,28
562,327,57,30
562,327,56,30
562,327,57,30
562,327,56,30
577,328,55,30
578,328,54,30
578,334,52,32
578,334,53,32
586,346,52,31
586,346,53,32
587,348,52,28
587,348,51,28
587,348,51,28
587,348,51,28
586,350,49,25
586,350,49,25
585,348,48,26
585,348,48,26
583,347,48,28
582,347,48,28
588,343,54,29
588,343,54,29
588,343,54,29
588,343,55,29
593,342,51,29
594,342,52,29
601,345,51,28
600,345,53,28
593,344,51,28
593,344,52,28
590,344,52,27
590,344,52,28
590,344,52,28
590,344,52,28
596,346,51,26
596,346,51,26
595,346,52,26
595,346,52,26
595,345,50,27
595,344,50,28
598,341,51,27
598,341,52,28
600,340,52,27
601,340,52,27
602,340,51,27
601,340,51,27
596,342,53,27
596,342,52,28
594,346,47,28
595,346,47,28
595,346,46,28
595,346,47,28
591,350,47,26
592,350,46,26
593,350,45,25
592,350,46,25
591,352,46,25
591,352,46,25
577,351,55,29
577,351,55,29
563,346,59,28
562,346,59,28
562,346,59,28
562,346,59,29
553,343,57,28
553,343,57,28
557,342,57,29
558,343,56,28
568,347,53,26
568,347,52,26
573,346,51,27
574,346,50,28
574,346,49,28
575,346,49,28
579,339,55,25
579,339,56,26
577,339,50,26
577,339,50,26
577,339,50,26
578,339,49,26
586,336,53,28
586,336,53,28
591,334,51,27
591,333,51,27
594,332,50,26
594,332,49,27
594,323,47,26
593,323,48,26
595,318,51,27
595,319,51,27
595,318,51,27
595,318,51,27
600,314,49,27
600,315,50,27
606,309,56,26
607,309,55,26
607,309,55,26
607,309,55,26
618,312,51,25
618,312,51,25
623,315,51,27
623,315,51,26
631,315,51,29
631,315,51,29
631,315,51,29
630,315,51,29
638,310,54,27
639,310,54,27
644,302,51,29
643,302,51,29
649,300,50,29
649,300,50,28
652,296,55,28
652,296,55,28
665,294,51,26
664,295,51,26
670,297,51,27
670,297,51,27
680,303,51,27
680,303,50,27
680,303,50,27
680,303,51,27
675,303,52,27
675,303,53,27
673,299,59,29
672,299,59,29
662,291,58,28
662,291,57,29
663,284,61,29
662,284,61,30
682,283,66,27
682,282,65,27
687,285,59,30
687,286,59,30
699,300,53,29
699,299,54,29
700,300,53,29
699,299,54,29
695,306,55,29
696,306,55,29
678,310,58,31
678,309,58,31
671,316,54,32
670,316,54,32
670,327,56,26
670,327,55,27
663,326,55,27
663,326,55,28
663,323,50,26
664,323,50,26
664,323,49,25
663,323,50,25
666,322,49,26
666,322,49,25
665,320,49,25
665,319,48,25
665,319,48,25
665,319,47,25
663,320,47,26
663,320,47,26
666,318,48,29
665,317,49,28
665,316,50,28
665,317,50,28
654,318,52,26
655,318,52,26
654,317,54,27
654,317,54,26
658,315,52,26
658,315,52,27
661,313,51,27
661,313,51,27
662,314,50,27
662,313,50,27
651,310,57,30
651,310,57,30
656,307,59,28
656,308,59,28
648,294,59,32
649,294,60,32
663,285,56,31
663,285,56,31
659,280,58,29
660,280,58,29
655,279,53,27
656,279,53,26
656,279,52,26
656,279,52,26
644,277,53,27
644,277,54,27
644,277,54,27
644,277,54,27
647,276,51,27
647,276,51,26
646,278,50,26
646,278,50,26
645,279,50,26
645,278,50,26
645,279,49,25
645,279,49,25
649,278,48,27
649,278,49,27
651,278,48,28
651,278,49,28
651,278,48,28
651,277,48,28
652,277,49,28
652,278,49,28
659,277,54,29
660,277,52,29
661,277,52,29
660,277,53,28
653,271,55,27
653,271,54,27
653,271,55,28
654,271,54,28
648,272,52,27
647,272,53,27
648,272,54,26
650,272,54,27
658,271,51,25
659,271,50,24
658,270,49,25
658,270,50,25
648,270,54,32
648,270,54,32
640,274,52,26
640,273,52,26
641,271,50,27
641,271,50,26
641,271,50,27
641,271,50,27
643,270,50,27
644,270,49,28
644,270,50,28
644,270,50,28
639,271,51,28
639,271,51,27
635,266,51,27
635,265,51,28
635,265,50,28
635,265,50,28
634,259,51,28
635,259,50,28
634,260,49,29
634,260,49,29
634,260,49,30
634,260,48,29
638,270,52,28
638,270,52,28
643,282,52,28
644,282,52,28
630,300,68,24
628,301,68,24
608,323,69,25
601,330,68,25
596,348,58,31
598,347,57,31
571,369,57,31
569,369,58,33
556,376,58,32
556,377,58,32
556,376,57,32
556,377,58,32
550,382,55,29
550,383,55,30
544,385,55,28
544,386,55,28
536,377,57,29
535,377,58,29
537,377,57,29
535,377,58,29
538,366,58,31
539,366,58,31
545,356,63,33
543,356,63,32
568,355,55,29
569,355,54,28
568,355,55,28
569,355,55,28
568,362,58,31
567,361,58,31
575,370,57,29
576,370,57,29
573,372,57,28
573,372,57,28
572,371,57,28
573,372,56,28
572,369,64,27
572,369,63,27
590,375,60,28
592,375,59,28
598,376,56,27
598,376,57,27
593,378,61,28
592,379,61,27
591,374,65,28
590,373,66,27
606,376,60,27
608,377,59,27
602,381,60,27
601,381,60,26
600,377,60,29
599,377,61,28
615,361,57,29
616,360,55,30
613,360,58,30
616,360,56,30
606,351,59,30
607,351,58,30
602,349,56,25
602,348,55,25
606,350,62,28
605,351,63,29
587,355,76,28
587,355,75,27
566,351,66,27
565,351,65,27
567,345,63,31
566,345,64,31
567,338,63,29
566,337,64,29
571,329,60,27
571,329,60,28
571,329,60,27
571,328,60,27
568,339,67,31
571,339,66,32
566,361,76,26
569,360,75,26
600,359,78,27
603,359,78,28
624,351,67,31
625,350,66,31
639,345,58,29
640,345,57,30
637,345,58,29
636,345,59,29
638,346,54,24
642,347,52,24
641,347,52,24
642,347,52,25
642,349,51,24
642,349,51,23
638,349,51,25
640,350,50,24
645,352,51,25
642,351,51,26
640,353,57,27
643,353,55,27
634,359,59,28
634,359,60,27
629,362,58,26
629,361,58,26
638,357,57,28
637,358,57,28
636,357,58,28
637,357,57,28
630,346,58,29
630,345,58,28
630,345,58,29
631,345,58,29
623,333,60,30
624,334,59,30
627,322,57,31
627,322,57,31
625,316,57,29
625,316,58,30
623,313,53,26
625,314,52,26
621,315,54,25
621,315,54,24
615,313,56,26
616,313,55,26
607,308,61,27
607,308,60,27
599,297,62,30
599,297,61,30
598,281,64,31
597,281,64,30
611,265,64,31
612,265,62,31
617,263,59,29
617,263,58,29
607,269,60,33
608,269,59,34
602,278,57,34
602,277,58,33
598,286,56,28
597,286,56,28
615,302,71,26
622,303,68,27
622,303,68,27
624,303,67,27
647,317,58,30
649,317,56,30
644,330,55,29
643,330,55,29
643,331,55,29
643,331,55,29
644,337,48,25
643,337,48,25
643,337,48,25
643,337,48,25
640,334,51,28
639,335,52,28
639,335,52,28
639,335,52,28
631,322,58,31
632,323,58,31
629,310,54,29
629,310,54,29
628,303,54,27
627,303,54,27
634,298,53,27
634,298,52,27
632,298,54,27
634,298,52,27
632,303,49,26
632,303,49,26
633,303,48,26
632,303,49,26
631,299,49,26
631,299,48,26
629,289,49,26
629,289,49,26
629,289,49,27
629,289,49,27
627,283,48,28
626,282,49,28
628,274,52,31
628,274,53,31
633,269,54,31
633,269,54,31
637,267,60,27
638,267,59,27
649,266,57,25
648,266,57,26
655,267,52,26
654,266,53,26
659,266,51,26
659,266,51,27
661,265,48,26
661,264,49,27
636,262,59,28
636,263,58,27
636,263,58,28
636,263,59,27
599,251,69,29
598,252,64,28
599,253,64,28
599,252,63,28
562,242,78,30
560,239,79,31
568,239,67,33
568,238,66,34
569,239,66,34
568,238,66,34
584,241,63,26
585,241,63,26
585,241,63,26
585,241,62,26
596,242,71,30
595,242,71,30
600,227,64,33
601,226,63,34
600,226,64,33
600,227,63,33
621,233,74,31
628,234,74,31
665,242,71,31
668,242,71,30
675,255,65,31
675,255,66,31
673,253,61,31
673,253,61,31
665,228,62,32
665,228,62,32
669,229,62,32
669,229,62,32
681,253,62,31
681,254,63,32
652,272,72,32
649,274,70,32
637,296,75,31
605,308,76,31
590,316,75,29
591,316,75,28
564,299,69,33
557,302,62,31
555,302,62,31
556,302,62,31
560,297,52,25
559,297,52,25
554,301,54,26
554,302,54,26
553,324,73,29
554,324,72,29
553,325,72,29
556,324,71,29
577,329,59,30
577,329,59,31
574,348,59,31
572,347,61,32
585,365,57,28
586,365,55,28
580,363,56,30
580,363,57,30
591,359,57,27
592,359,56,27
579,364,56,26
579,364,57,26
580,340,51,26
581,339,50,27
581,339,50,26
581,340,50,26
572,342,58,25
571,342,58,25
565,341,56,26
565,340,56,26
570,336,53,27
570,336,52,27
561,340,53,31
560,340,54,30
559,345,50,27
558,345,49,27
559,344,50,27
559,344,48,27
561,342,49,25
561,342,49,25
561,342,49,25
561,342,49,25
556,348,49,26
556,349,48,26
556,349,48,26
555,349,48,26
563,362,50,24
563,362,50,24
562,360,49,25
561,360,50,25
560,361,49,26
560,361,49,26
558,362,48,25
559,362,48,25
560,362,46,25
559,362,46,25
560,362,48,25
560,362,48,26
560,363,47,25
560,363,47,25
559,364,48,24
559,364,48,24
563,360,49,25
563,360,48,25
563,360,48,25
563,360,48,25
568,360,52,24
568,360,52,24
567,360,52,25
567,360,51,24
565,364,54,28
564,364,54,29
564,364,54,29
563,363,55,29
565,368,53,25
566,367,52,25
573,368,51,25
573,368,51,25
574,368,50,23
574,368,51,23
574,368,50,23
575,368,50,23
575,367,48,24
575,367,49,23
576,361,50,26
577,361,50,26
587,354,47,28
587,354,47,28
584,353,49,24
584,352,49,25
596,348,50,26
596,348,50,25
596,348,49,25
596,348,50,25
597,347,50,25
598,347,49,25
591,350,53,24
592,350,52,24
591,350,53,24
592,350,52,24
588,352,49,24
588,352,49,23
593,351,49,24
594,351,48,24
596,350,47,26
596,350,47,26
597,353,46,27
597,353,45,27
605,357,58,27
606,358,58,26
607,357,57,27
605,357,57,27
627,350,51,30
625,350,53,30
630,342,54,30
631,342,55,30
647,320,56,26
651,312,51,32
652,311,51,32
652,312,51,32
640,295,53,32
641,296,53,32
633,291,59,27
632,291,60,28
601,291,62,29
596,291,63,29
601,282,60,28
603,281,60,29
624,286,60,27
649,298,61,27
677,309,60,29
684,307,60,29
706,297,60,30
708,298,60,29
731,310,59,31
732,312,60,31
753,321,60,28
770,319,59,29
766,336,53,30
766,336,53,30
766,336,53,30
766,336,54,31
773,344,53,27
773,344,53,26
772,347,53,27
771,347,54,27
768,353,53,28
769,353,53,29
779,378,60,28
795,387,53,33
810,412,59,28
831,422,55,33
834,422,55,33
833,422,56,34
818,431,60,28
818,441,60,28
816,440,61,28
822,445,61,28
814,410,61,28
803,406,63,29
803,407,64,29
800,407,65,29
795,416,65,29
800,417,65,29
798,416,66,29
796,422,67,30
781,483,68,31
828,524,68,31
808,509,66,36
810,509,66,37
779,503,67,34
777,505,66,33
776,505,66,33
777,505,67,33
788,519,74,35
789,519,73,34
817,536,67,31
833,532,66,37
850,538,66,36
850,539,66,36
867,519,70,36
870,517,71,36
889,517,66,33
889,516,67,33
887,515,68,31
889,516,69,31
863,508,67,33
863,509,65,33
843,509,76,35
843,509,75,34
824,490,63,35
824,490,63,35
824,490,61,35
823,490,62,35
797,485,72,32
798,485,72,32
767,486,73,34
758,487,75,35
773,525,74,34
769,525,73,34
786,539,72,33
793,540,73,33
848,566,73,33
849,586,74,33
828,607,74,33
832,608,75,34
827,607,75,34
826,617,75,34
839,573,75,34
877,543,76,34
898,539,77,35
930,526,74,34
894,541,75,34
884,558,74,33
836,558,74,33
821,567,74,33
817,567,73,32
806,551,73,32
796,555,74,33
799,553,75,34
792,528,76,34
793,535,76,34
779,523,76,34
738,546,76,34
711,572,77,34
708,595,78,34
704,603,79,35
735,609,78,35
736,665,77,35
738,662,76,35
725,679,76,35
727,683,77,35
738,662,78,35
738,672,78,35
732,677,79,36
739,660,81,37
750,667,82,38
778,672,81,38
797,688,81,38
829,689,82,38
825,687,81,38
820,683,80,37
820,681,81,38
844,687,81,38
880,646,82,38
901,596,82,38
898,617,83,38
860,601,85,39
832,596,85,39
828,598,86,39
801,641,86,39
808,644,87,39
805,648,87,39
803,649,87,39
723,666,87,39
662,655,89,40
646,664,90,40
654,661,90,40
652,611,92,41
642,602,92,41
645,612,93,41
680,600,94,42
696,584,93,41
734,573,93,41
727,576,93,41
729,579,92,41
725,584,91,41
725,585,90,40
731,597,90,40
711,598,91,40
717,596,91,40
721,595,90,40
710,603,89,39
708,606,92,37
706,610,88,38
698,611,94,37
704,619,87,36
705,619,86,36
695,639,85,35
692,637,85,35
690,638,86,36
694,639,84,35
698,643,81,35
695,643,80,35
688,649,82,33
687,649,82,34
694,657,81,36
690,657,83,36
695,675,86,37
691,676,87,37
690,676,88,38
691,675,88,38
686,691,81,34
682,689,82,34
658,697,92,29
661,697,91,29
660,698,88,28
656,698,89,27
664,699,80,33
668,698,81,27
667,699,78,33
665,697,77,32
673,694,77,32
674,694,75,31
668,697,76,31
665,696,75,31
659,703,75,23
657,703,75,22
661,703,74,23
660,703,74,22
654,695,83,30
656,694,83,31
648,678,75,30
649,676,75,30
645,696,74,30
646,697,74,30
605,696,73,30
571,695,73,30
552,696,73,30
552,695,73,30
555,696,72,29
547,697,73,29
539,640,73,29
545,645,73,29
556,689,73,29
553,695,73,29
529,697,72,29
522,697,72,29
524,682,71,29
486,667,70,29
505,641,70,29
540,621,71,29
578,622,71,29
566,621,80,33
582,624,82,32
581,624,85,33
607,625,88,34
621,622,89,36
620,617,89,36
621,616,90,36
613,619,88,35
612,619,88,34
639,646,85,36
646,648,83,36
648,648,81,35
648,648,82,36
632,669,83,35
633,670,83,36
617,677,90,36
616,677,90,35
601,687,97,36
598,686,100,38
625,674,79,36
627,670,80,37
628,671,79,37
628,671,79,36
647,648,81,35
649,645,83,35
669,633,88,35
667,633,89,34
672,636,86,35
671,636,87,35
684,652,81,35
682,652,82,35
679,673,86,36
679,674,86,37
666,688,99,38
663,688,100,38
665,696,93,30
663,697,91,29
671,701,79,24
670,702,78,24
668,698,80,27
670,699,78,26
682,699,74,26
685,701,72,24
685,702,72,24
681,701,73,24
673,700,84,25
672,699,84,26
658,685,88,37
652,685,91,38
648,685,92,38
653,685,88,37
631,682,86,35
628,683,87,37
621,673,85,34
617,675,84,34
616,664,84,33
619,664,84,33
623,655,83,34
623,654,83,34
615,643,85,35
615,643,87,35
616,642,85,34
616,643,86,34
614,640,85,35
613,640,86,35
615,634,86,34
613,633,86,35
616,629,85,36
620,628,84,36
616,625,83,35
613,625,85,35
609,626,89,35
610,627,89,35
590,635,92,36
592,635,90,35
596,635,89,36
595,635,89,36
580,645,86,37
582,644,85,38
580,644,87,37
582,644,87,38
581,654,88,37
581,653,89,38
591,659,89,36
595,658,89,37
589,660,91,36
586,661,89,36
607,672,91,37
612,672,91,38
609,672,91,37
610,672,92,38
615,681,97,39
612,682,98,39
612,689,104,37
608,689,107,37
612,689,104,37
605,689,106,37
602,691,102,34
601,692,103,34
607,695,92,30
604,694,95,31
614,701,84,23
616,700,83,24
613,701,85,23
611,700,85,25
577,692,103,32
579,691,105,34
580,691,105,34
583,691,104,33
578,692,106,32
572,692,107,32
577,686,107,38
576,688,107,37
585,683,104,39
584,683,106,40
585,681,102,39
587,681,100,38
585,681,102,38
580,681,104,39
576,682,109,39
573,682,108,39
568,686,115,39
566,685,113,39
570,688,117,37
572,688,121,37
582,683,112,40
580,683,113,41
579,684,116,40
580,684,119,40
585,676,110,38
584,676,111,38
576,676,114,40
574,676,118,41
574,686,125,39
571,685,125,40
575,686,124,40
576,686,124,40
616,694,107,37
620,695,106,37
621,697,105,37
621,695,104,36
598,657,106,37
659,614,105,37
675,642,105,37
703,651,105,37
658,700,101,29
660,699,100,27
658,699,108,28
663,697,109,28
662,695,109,29
662,698,107,28
670,694,110,31
667,694,112,31
661,694,113,31
663,694,113,32
660,698,100,28
661,698,99,28
672,699,97,27
671,699,98,27
668,700,95,26
666,700,98,27
660,698,99,28
663,699,96,27
651,700,98,27
655,698,97,27
657,700,96,26
654,700,96,26
655,699,101,34
669,700,88,26
668,701,86,25
667,700,86,25
669,701,85,24
668,702,85,24
664,703,83,23
662,702,85,23
663,702,87,23
663,700,88,24
662,701,89,24
661,701,90,23
660,701,90,24
661,700,89,24
653,697,95,27
655,699,94,26
646,692,104,32
648,693,104,31
643,689,107,36
649,690,105,35
653,683,98,37
650,683,99,37
647,683,99,37
652,682,99,37
656,679,94,34
655,679,95,35
653,673,98,37
651,673,99,37
656,663,99,37
654,664,98,36
671,649,99,36
667,649,98,36
675,643,97,35
677,644,96,35
670,642,98,35
674,642,98,34
666,642,100,35
668,642,100,35
676,644,100,35
676,644,101,35
678,644,101,35
681,643,100,35
658,640,99,35
660,640,100,35
660,631,99,34
660,631,98,34
650,626,100,35
646,626,102,35
651,623,99,34
655,623,96,34
652,635,95,34
651,634,97,35
651,634,97,35
654,634,95,35
651,635,97,36
646,635,98,36
647,636,96,36
650,636,94,35
634,638,103,37
636,638,103,37
633,638,100,36
635,638,100,37
630,639,103,37
627,639,104,37
641,639,99,35
638,639,100,36
627,646,98,36
630,646,97,36
630,646,97,36
627,646,98,36
630,649,99,36
630,649,98,35
632,648,98,35
640,648,96,35
626,651,100,37
627,652,100,37
632,663,100,38
632,663,99,37
633,684,99,38
632,684,98,38
633,702,94,33
635,701,94,33
671,673,94,33
647,644,94,33
661,657,95,34
656,651,95,34
668,654,96,35
689,647,94,34
736,634,94,34
755,588,92,33
741,584,92,33
751,583,92,33
749,593,91,33
744,586,91,33
751,589,91,33
751,593,90,32
758,595,89,32
751,590,90,33
765,610,90,33
762,610,88,32
748,669,88,32
735,678,87,32
741,698,88,32
740,700,87,32
740,681,87,32
730,695,86,31
724,693,87,32
717,662,87,32
713,659,88,32
732,674,87,32
713,663,87,32
760,648,85,31
742,689,85,31
744,690,86,32
744,691,87,35
740,693,90,33
747,694,86,32
747,695,85,31
747,696,85,30
747,696,84,31
751,700,78,25
746,695,82,31
741,692,84,30
709,692,84,30
694,693,83,30
686,689,87,36
683,690,89,36
684,690,89,36
680,693,88,33
681,694,88,32
676,694,88,32
673,695,86,31
670,691,90,34
665,692,89,33
662,689,90,36
660,691,92,35
663,679,83,31
655,687,89,37
691,698,82,28
704,701,79,25
698,695,84,31
690,695,84,31
684,695,86,30
682,695,87,30
674,696,87,30
679,694,86,31
675,695,90,31
676,694,91,32
676,685,92,39
670,685,98,40
642,694,89,32
631,699,87,26
615,690,100,36
615,689,101,36
613,690,101,36
611,691,103,35
600,681,103,41
598,680,103,40
605,669,104,38
603,670,105,39
600,670,105,39
604,670,105,39
589,687,109,37
590,689,108,36
596,689,106,36
594,688,105,37
611,696,91,29
615,697,90,28
611,698,91,26
610,695,92,29
610,699,90,26
613,699,88,26
622,700,86,25
624,700,87,26
619,701,87,26
620,701,86,26
652,683,91,36
684,643,91,36
680,639,91,36
685,638,91,36
714,651,92,37
745,666,93,38
733,662,93,38
723,662,95,39
735,678,94,39
733,669,94,39
734,674,94,39
733,672,95,40
765,689,95,40
764,692,97,41
759,691,97,41
758,689,97,41
751,688,96,41
761,683,96,41
742,677,95,40
722,657,94,40
742,658,95,41
771,648,95,41
714,644,93,40
730,654,93,40
689,648,93,40
670,635,93,40
682,645,93,40
683,642,93,40
690,659,91,39
685,657,90,39
726,656,90,39
716,668,90,39
726,679,89,39
747,693,88,39
727,699,87,39
723,696,86,39
707,694,86,39
708,698,85,39
692,688,85,39
711,694,85,39
708,697,85,39
710,697,84,39
704,695,84,39
707,696,83,38
706,696,83,38
707,696,83,38
675,686,84,38
583,684,85,38
551,698,84,31
557,699,83,28
548,699,81,27
550,699,82,27
544,699,79,30
543,700,77,29
551,698,79,36
555,696,79,36
562,698,78,35
581,692,78,35
613,669,79,35
664,699,79,35
690,696,79,35
695,692,80,35
701,692,81,35
699,690,83,36
673,687,81,35
628,686,80,34
632,689,78,33
628,689,79,33
628,683,77,32
631,683,77,32
631,691,77,32
636,683,76,32
657,691,75,32
646,691,75,32
645,690,76,32
640,687,77,32
651,685,78,32
646,688,78,32
662,685,78,32
681,689,79,33
647,677,79,33
655,673,77,32
687,698,78,32
684,701,78,32
692,698,79,33
701,695,80,33
682,699,79,33
686,698,79,33
709,699,78,33
701,699,77,32
712,696,77,32
707,696,77,32
702,695,76,32
709,696,76,32
712,692,76,32
716,690,77,32
709,692,77,32
712,693,77,32
709,691,77,32
713,690,77,32
690,694,76,32
694,693,76,32
707,692,78,33
707,692,79,33
690,696,78,32
697,697,78,32
638,699,77,32
622,684,78,32
608,671,77,32
620,683,78,32
622,691,79,32
621,696,79,32
621,694,81,33
620,693,79,32
559,674,79,32
552,675,81,33
550,672,82,33
551,673,82,33
558,666,82,33
553,665,89,36
572,688,89,37
576,690,89,35
587,703,76,25
583,702,77,25
595,687,82,35
602,649,82,35
609,656,83,35
630,671,82,35
644,684,82,35
641,687,83,35
655,696,83,35
653,699,83,35
648,700,83,35
646,702,82,35
646,701,83,36
651,700,75,29
648,693,81,34
649,691,81,36
647,688,87,39
644,687,89,39
644,687,89,40
643,686,90,40
643,682,88,42
643,682,90,43
644,680,92,41
644,681,93,41
651,681,84,37
651,678,87,44
677,688,84,38
679,685,83,38
715,692,81,34
722,696,79,31
723,694,81,32
720,695,81,32
701,696,84,39
699,697,78,31
699,697,76,31
698,697,76,31
661,685,82,38
632,684,91,44
646,696,77,32
650,696,77,32
638,689,80,38
598,685,90,41
599,683,93,43
600,681,93,44
621,679,85,41
663,694,86,35
679,694,85,33
677,695,83,33
675,693,84,33
674,695,86,32
674,693,86,32
675,694,87,33
664,693,87,33
661,694,87,32
654,694,85,33
656,694,85,33
656,697,80,32
657,696,80,32
655,697,78,31
655,696,79,32
657,695,85,33
661,695,84,33
660,695,86,40
658,696,85,40
627,695,86,41
608,693,86,41
554,689,89,40
542,684,95,43
540,670,96,51
536,670,100,54
538,669,101,54
533,668,105,56
546,640,99,53
546,638,101,53
556,630,104,49
560,627,101,48
566,640,100,48
570,640,97,47
576,633,99,52
578,632,100,53
570,630,101,52
570,631,100,52
547,668,103,53
543,671,108,54
534,671,115,52
534,673,116,51
562,683,102,45
566,685,99,42
549,690,95,46
554,687,95,46
565,663,94,46
573,664,93,46
558,681,92,46
537,683,93,46
533,677,94,47
537,679,93,47
538,681,93,47
539,680,94,47
565,684,93,46
612,690,92,46
658,683,99,43
660,684,98,41
661,684,97,42
661,683,98,43
660,681,100,44
663,682,101,44
654,681,100,44
656,681,97,44
663,678,99,46
667,678,97,47
664,678,99,47
663,677,97,47
656,679,97,48
654,679,99,48
662,682,92,45
664,685,91,42
665,693,82,35
663,694,82,34
671,694,81,34
670,694,81,33
685,693,85,35
692,693,84,35
687,693,87,42
664,690,87,42
618,690,89,38
613,690,88,38
610,694,81,33
611,696,79,32
610,695,81,33
612,695,80,33
602,694,83,34
607,692,85,35
600,694,83,33
598,695,83,33
595,693,88,33
592,693,88,33
592,694,86,32
594,692,89,34
594,693,87,33
593,693,85,33
579,691,90,35
579,692,88,35
582,692,87,34
581,693,85,33
585,695,80,31
588,695,81,32
592,696,76,31
590,697,74,30
589,696,75,30
591,696,75,30
591,696,75,30
593,695,75,31
583,693,82,33
579,691,84,34
577,692,83,34
577,692,83,34
577,692,83,34
579,692,83,34
575,690,87,37
575,690,85,37
560,686,88,38
560,687,87,38
555,685,88,40
552,685,90,40
552,685,90,41
552,684,91,41
556,684,93,41
558,685,93,41
558,682,91,43
560,682,93,43
554,681,91,43
556,681,92,43
558,681,98,44
559,683,96,43
563,678,91,46
563,678,93,46
564,679,91,45
561,679,93,46
561,681,92,44
566,681,94,44
572,685,94,42
574,685,93,42
572,686,90,40
573,687,90,39
571,688,89,39
568,688,90,39
565,687,90,40
567,687,90,41
568,685,91,42
570,687,91,41
572,690,87,37
575,691,87,38
574,689,89,39
571,690,88,38
567,692,85,35
568,692,83,35
569,692,84,35
570,691,83,37
573,693,80,34
572,694,81,34
570,689,87,38
566,689,87,38
575,688,89,40
575,687,89,40
580,688,87,39
583,689,86,38
581,690,85,38
580,689,84,38
583,691,83,36
582,691,85,37
589,687,89,41
589,687,89,41
574,675,88,48
575,676,90,49
574,678,91,48
574,677,90,48
575,676,91,49
574,677,92,49
573,678,94,50
573,679,96,48
573,678,94,49
576,679,95,49
577,676,94,49
575,677,95,49
575,677,92,49
575,676,90,49
576,679,90,47
575,679,90,47
577,681,91,45
576,681,92,45
575,684,90,43
577,683,89,44
566,679,91,46
566,680,91,46
558,679,92,46
555,679,91,45
550,679,91,46
551,678,90,46
593,693,78,37
601,693,78,37
596,692,79,36
598,692,79,37
571,681,92,46
537,677,99,49
534,676,96,49
534,677,97,49
530,675,99,50
534,675,96,49
536,676,99,48
537,677,100,48
536,677,100,47
533,678,102,47
531,676,101,48
533,675,105,50
542,678,106,46
542,679,103,45
551,683,102,43
552,683,102,42
552,682,102,44
555,682,102,44
550,680,101,45
549,680,101,45
552,680,100,46
553,680,99,46
554,684,97,43
553,683,94,42
562,686,91,39
561,688,90,38
564,686,89,39
557,687,89,38
557,685,89,41
556,682,88,42
554,681,90,44
556,681,89,45
555,682,89,44
551,682,89,43
552,681,90,43
552,682,91,42
552,682,91,43
551,682,93,43
550,682,93,42
550,682,94,43
547,683,92,41
548,684,94,41
550,684,93,41
550,684,94,41
544,685,93,40
546,684,92,40
534,684,93,40
535,686,93,39
534,684,92,41
534,685,94,40
534,685,93,40
534,685,94,40
533,686,90,39
532,688,88,36
530,690,85,36
527,687,86,40
536,691,83,36
533,694,80,33
539,694,78,33
538,694,79,33
548,694,80,32
546,695,79,32
543,695,79,32
543,695,80,32
546,695,79,32
547,693,81,33
546,694,79,32
544,694,77,32
546,697,74,30
543,697,74,30
548,697,72,30
548,697,71,30
548,697,70,31
552,697,69,31
550,697,70,31
549,697,70,31
551,697,71,31
549,697,70,30
556,694,73,38
560,698,70,31
565,696,72,37
561,695,71,37
565,694,72,38
585,695,73,38
590,693,74,39
600,695,73,39
651,698,69,31
665,698,67,29
656,698,68,31
655,699,66,30
650,684,76,37
647,684,76,37
653,687,77,35
652,686,78,36
647,687,78,36
650,686,81,37
649,689,77,35
645,688,78,36
630,692,81,34
632,691,83,35
615,691,86,35
618,690,87,36
608,680,86,46
610,681,87,44
609,681,86,44
607,680,86,46
600,683,90,45
595,684,91,43
569,692,81,41
577,689,82,42
570,684,83,42
570,681,84,42
589,680,82,41
590,679,81,40
631,676,80,40
632,680,79,39
677,661,79,39
684,662,78,38
679,659,79,38
678,663,79,38
649,621,79,38
621,617,80,38
614,615,81,39
617,616,81,39
605,617,82,39
602,617,82,38
642,539,82,38
652,544,69,35
654,544,68,33
654,544,68,33
666,508,82,39
663,489,81,47
662,487,81,46
664,488,80,46
635,451,78,47
637,448,75,43
636,448,75,43
636,448,75,42
652,445,68,40
652,445,68,41
653,446,68,41
653,446,68,41
655,468,72,43
655,469,72,43
656,489,69,40
657,490,68,40
658,473,73,43
657,472,74,43
666,462,81,45
665,464,80,44
695,438,80,40
715,418,79,49
703,395,84,43
704,396,83,42
662,396,85,42
650,396,82,39
647,409,75,46
646,410,76,46
672,443,77,47
672,445,77,48
653,481,80,40
640,501,77,45
648,536,82,41
642,555,85,45
657,549,73,40
658,549,73,40
645,528,81,50
644,527,82,51
632,490,84,47
635,485,84,47
635,486,84,47
636,485,83,47
657,458,77,50
658,457,76,50
654,432,76,48
654,433,75,48
660,410,78,48
659,410,78,48
682,403,67,36
682,403,67,37
681,402,66,38
681,402,65,38
677,408,67,38
678,408,67,37
676,374,79,50
679,375,77,50
667,344,78,42
665,344,78,41
660,348,71,45
659,348,71,45
660,348,72,45
660,348,71,45
659,364,73,48
659,364,73,48
624,378,87,43
625,378,86,42
613,356,75,50
612,355,75,51
612,356,76,51
610,355,76,51
606,348,70,38
606,348,70,38
594,346,71,37
594,346,71,37
620,362,81,45
623,361,81,45
624,361,82,46
624,361,82,45
647,357,76,44
646,357,75,44
650,345,68,43
650,344,67,44
651,344,68,44
650,344,68,44
650,337,64,39
650,337,64,39
653,338,64,39
654,338,63,39
635,336,73,40
636,336,72,40
615,330,73,38
615,330,72,38
605,335,68,43
605,335,67,43
589,347,75,42
589,346,74,42
575,355,67,45
574,355,68,45
568,373,64,39
568,373,64,39
565,375,62,39
565,375,63,39
565,375,62,39
564,375,63,39
557,378,67,40
557,378,67,39
539,379,75,41
538,379,76,41
521,381,74,42
521,381,74,42
509,390,65,39
510,389,65,40
510,389,64,40
510,390,64,39
506,392,67,41
506,392,66,41
502,396,61,40
502,396,61,40
500,398,64,40
500,398,63,39
499,401,64,40
499,401,65,40
495,404,64,39
494,404,65,39
488,405,67,39
488,406,66,39
493,409,68,38
493,408,68,39
500,404,64,40
499,404,64,40
492,399,68,44
491,399,68,43
493,406,68,39
493,406,68,39
493,405,69,40
493,405,68,40
493,406,66,41
494,407,66,40
490,406,71,40
491,406,70,41
484,400,72,42
483,400,72,42
485,401,70,41
485,400,69,42
481,413,67,42
482,414,66,42
481,414,66,41
480,414,67,41
474,418,70,43
477,418,67,43
472,421,69,40
472,421,68,41
466,418,69,40
466,418,69,41
465,413,71,41
465,414,71,41
448,420,78,54
449,420,78,54
449,420,78,54
447,420,79,54
439,434,80,54
438,433,82,54
433,444,79,48
432,444,79,48
430,442,77,49
430,443,76,48
433,443,78,47
433,443,77,46
442,448,71,45
441,447,71,45
443,451,70,44
444,451,70,43
454,459,68,41
455,459,66,41
454,458,68,42
455,459,67,41
454,459,68,42
455,459,68,42
453,458,67,44
454,458,66,43
458,458,66,44
457,458,68,44
457,460,68,42
457,461,68,42
459,463,73,40
461,463,71,39
467,464,72,42
467,464,72,42
467,464,73,43
466,464,73,43
464,459,68,43
465,459,67,43
467,458,68,41
467,458,68,41
473,463,69,41
472,463,69,41
470,465,68,41
469,465,69,42
465,467,71,43
465,468,70,43
473,471,69,39
473,471,70,40
473,468,72,42
472,468,73,42
474,468,70,41
473,469,72,42
480,467,72,42
480,467,72,42
482,466,71,43
482,466,71,43
489,473,68,39
489,473,69,38
488,473,68,39
489,473,68,39
497,476,69,40
497,476,69,40
498,479,68,39
499,479,67,38
497,478,69,41
495,478,70,41
499,477,66,41
498,478,67,41
504,479,65,41
504,479,65,41
505,479,64,41
505,479,64,41
504,477,66,39
504,477,65,38
502,476,69,39
502,476,69,38
510,477,67,36
510,476,67,37
510,476,66,36
511,477,66,37
512,477,66,38
512,478,65,37
513,478,64,37
512,478,65,37
517,476,64,39
518,475,63,38
511,474,65,41
511,474,65,42
512,474,64,41
512,473,63,40
513,474,66,43
514,475,65,42
511,478,67,41
510,478,67,40
512,478,66,39
513,478,65,40
515,480,64,39
516,480,63,40
515,480,63,39
514,480,63,39
515,482,62,39
516,482,62,39
519,484,63,40
519,485,63,40
518,483,64,41
518,483,64,41
522,480,60,39
522,480,60,40
522,479,60,39
522,481,61,39
519,478,62,39
519,478,62,39
520,478,63,39
519,479,65,40
520,478,66,41
520,479,66,41
526,481,64,43
526,482,65,42
526,483,64,42
526,483,64,42
527,484,63,40
528,484,63,40
527,483,63,41
527,483,62,41
526,482,61,42
526,482,61,41
528,482,62,42
527,482,62,42
518,477,68,39
518,476,68,39
515,471,63,38
514,471,63,38
514,471,63,39
515,471,62,38
515,471,63,39
515,471,63,38
516,474,63,38
515,474,64,38
518,481,64,41
519,481,63,41
517,481,64,41
519,481,63,41
518,482,63,40
517,482,63,41
519,482,62,41
520,482,61,40
520,482,61,41
519,481,62,41
521,478,62,41
521,479,61,40
524,475,59,42
522,475,60,42
522,474,61,43
522,474,61,43
521,473,60,42
522,473,61,43
520,474,62,39
520,474,62,39
523,474,61,40
522,474,62,40
524,474,61,41
524,474,61,42
525,473,60,40
525,473,60,40
526,473,60,40
526,473,59,40
527,474,58,39
527,473,58,40
527,470,59,41
527,470,58,41
527,470,58,41
527,471,58,41
531,471,60,37
531,471,59,37
533,470,62,39
534,471,61,38
534,470,62,39
534,470,62,38
534,469,61,40
534,468,63,40
536,469,60,41
536,469,61,41
539,474,59,42
539,474,59,42
540,485,70,53
540,486,70,52
553,519,68,51
555,523,69,53
559,532,66,42
558,532,66,42
557,532,67,41
558,532,66,42
548,523,66,42
548,523,65,43
542,517,66,43
543,516,66,44
545,496,75,52
545,496,76,54
567,470,72,46
589,459,69,45
592,456,66,42
591,456,65,42
591,457,65,42
591,457,65,42
603,457,79,48
602,457,78,47
608,458,72,48
608,458,72,50
586,495,74,47
570,512,81,52
549,536,75,47
527,546,75,47
483,545,74,46
446,541,85,53
443,542,86,53
444,541,85,53
461,539,72,44
462,539,72,44
462,539,71,44
462,539,71,44
467,542,70,47
467,542,68,47
470,549,66,41
470,550,66,41
468,557,65,42
468,557,65,42
456,558,67,43
456,558,67,43
462,555,74,47
462,555,76,47
462,555,76,48
462,556,74,47
477,551,63,41
478,551,63,40
482,545,65,39
482,545,65,38
487,535,68,43
488,535,67,43
488,535,66,42
487,535,66,42
484,527,77,44
484,527,76,44
484,526,76,44
484,527,76,44
467,527,67,39
466,526,67,39
469,527,71,46
470,526,72,47
483,540,63,38
484,540,63,38
485,541,62,39
485,540,62,39
489,540,63,40
490,540,63,40
494,538,64,41
494,538,64,41
493,530,68,42
493,530,68,42
477,518,69,42
477,518,71,45
478,518,68,43
478,518,69,44
473,521,69,42
473,521,68,43
465,525,67,42
465,525,68,42
471,530,67,41
470,530,66,40
480,529,63,39
480,528,64,39
485,525,60,38
485,526,60,38
491,519,61,42
491,518,61,42
496,509,65,45
497,508,64,44
500,485,70,47
500,485,71,47
499,486,71,47
500,485,70,48
498,472,69,50
497,471,70,49
505,464,74,47
504,464,74,46
517,458,67,44
518,457,67,44
519,452,64,40
520,452,63,39
540,453,84,45
541,453,87,45
588,456,71,45
590,455,72,44
591,455,71,44
590,456,71,44
592,463,65,45
594,463,65,46
596,472,66,45
596,472,66,45
585,482,69,43
585,482,69,43
604,497,66,41
605,497,66,41
605,496,66,41
606,496,66,41
614,498,63,39
614,497,64,39
610,499,63,39
611,498,64,38
610,498,64,39
610,498,63,39
592,488,70,45
592,488,70,45
593,474,59,39
593,474,58,39
593,475,59,39
593,474,59,39
602,475,64,39
602,475,64,39
577,467,63,41
577,466,62,41
575,478,68,48
574,477,69,49
574,477,68,48
575,477,69,50
559,497,69,49
561,496,69,49
550,509,69,45
549,509,70,45
538,511,71,42
538,511,71,42
531,481,66,51
530,481,65,50
531,481,65,50
531,481,65,50
546,470,78,47
545,471,78,47
579,471,71,45
581,470,70,46
570,476,76,46
570,476,75,46
569,458,69,42
569,458,69,43
569,458,69,43
569,458,70,44
548,433,75,55
548,433,76,56
522,406,76,56
522,405,77,58
520,403,78,58
520,404,76,58
539,398,78,45
538,396,78,46
539,396,79,46
539,397,78,45
571,399,85,50
585,398,88,51
628,397,79,47
633,394,83,49
634,395,82,49
634,395,82,49
667,404,79,51
668,405,79,52
678,427,73,60
679,428,73,60
650,450,71,49
607,441,75,53
603,442,71,50
603,442,71,49
636,443,70,55
646,450,72,58
647,453,72,58
645,449,74,60
668,416,79,56
674,412,78,54
638,406,76,53
634,405,74,52
633,406,74,52
633,406,74,52
618,410,79,53
618,411,80,52
618,411,80,51
617,412,79,50
584,403,73,52
583,401,74,53
577,384,70,45
578,384,70,45
595,386,71,43
595,387,70,42
610,387,64,39
609,387,63,39
606,383,63,39
607,383,63,38
604,379,61,38
603,379,61,37
588,381,67,50
587,381,66,48
576,394,64,47
576,394,64,48
571,400,66,42
571,400,67,42
552,400,69,41
553,399,69,40
543,402,67,41
544,401,65,41
543,409,67,44
541,409,68,45
521,421,80,44
518,423,79,44
511,417,79,46
512,417,78,45
512,417,78,45
512,417,78,45
541,410,73,43
541,409,74,43
554,417,59,37
556,417,58,38
557,415,61,39
559,416,60,38
577,419,75,46
578,419,75,46
581,420,74,46
580,419,74,46
618,432,66,48
620,432,65,47
610,440,70,41
611,440,70,41
603,440,64,40
603,441,64,40
598,441,61,39
598,441,62,39
591,436,64,40
590,436,65,40
576,432,65,42
576,432,64,41
577,431,64,42
578,431,64,42
587,431,59,41
587,431,59,41
578,410,65,46
583,411,61,48
578,410,64,48
580,410,63,49
582,401,67,42
581,402,66,41
582,402,66,41
581,402,66,41
592,399,65,42
592,399,66,42
596,396,62,40
597,396,61,41
598,393,57,38
598,392,58,37
603,391,55,38
604,391,55,37
603,393,55,37
603,392,54,37
598,392,56,38
597,391,56,38
590,387,57,43
589,388,57,42
588,392,53,37
588,392,53,37
587,392,53,37
587,392,53,37
587,385,58,39
588,385,57,39
579,380,60,42
579,379,60,42
566,381,62,38
567,381,63,38
567,381,63,38
566,381,64,38
566,388,58,36
566,389,58,35
558,386,60,37
560,386,60,37
559,386,60,38
559,387,60,37
557,386,58,38
557,386,58,39
560,385,55,39
560,385,55,38
559,380,57,39
559,380,56,38
566,380,52,36
565,379,53,36
562,379,55,36
561,379,55,35
562,379,59,37
562,379,58,37
560,385,62,41
559,385,62,41
553,400,65,42
554,400,66,43
554,400,67,43
553,400,66,43
558,411,67,47
557,411,67,47
545,428,77,43
545,427,77,43
551,427,79,43
551,428,79,43
541,439,73,46
522,446,74,47
504,455,74,47
470,493,76,48
435,517,75,47
436,539,76,48
442,569,76,48
460,641,77,48
453,651,78,49
416,669,79,49
488,624,78,49
510,628,80,50
512,630,80,50
516,633,80,50
482,609,80,50
474,609,81,51
456,594,81,51
448,590,80,50
462,574,82,51
479,561,81,51
503,551,82,52
531,557,83,53
533,548,84,53
532,545,84,53
538,628,84,53
547,688,85,54
508,690,86,54
492,690,87,55
467,689,87,55
406,666,86,54
402,694,84,53
389,673,84,53
428,687,84,53
421,688,85,54
419,691,85,54
440,680,86,54
458,677,85,54
454,686,86,55
549,692,88,56
583,692,88,56
660,692,90,57
664,691,90,57
637,633,89,56
645,628,89,56
627,692,89,56
596,693,87,55
660,692,89,56
719,691,90,57
698,692,89,57
683,690,90,58
645,691,89,58
661,690,90,59
671,689,91,60
654,688,92,61
611,689,93,62
605,689,95,63
640,688,96,64
619,687,98,65
609,687,99,66
609,686,100,67
628,687,99,67
619,687,98,66
648,683,98,66
646,686,98,66
669,659,98,66
774,654,99,66
711,648,101,67
632,659,103,68
594,659,103,68
552,659,103,68
556,666,104,69
482,648,103,68
444,649,103,68
441,655,103,68
497,644,103,68
493,652,103,68
535,604,104,69
526,628,105,70
537,543,105,70
599,545,107,71
583,552,106,70
599,545,105,69
627,524,105,69
609,527,105,69
608,516,105,69
671,503,103,68
682,504,104,68
681,506,104,68
656,515,104,68
664,513,105,69
712,499,105,69
702,501,103,68
695,498,106,70
696,501,107,70
752,500,107,70
809,495,107,70
793,472,107,70
795,471,106,69
812,491,106,69
813,500,106,69
803,503,107,69
816,499,106,69
855,536,105,69
891,533,106,69
827,570,105,68
835,569,104,68
768,651,104,69
795,647,105,70
869,644,102,68
857,654,103,69
865,682,101,68
887,684,101,68
881,658,101,68
897,646,100,67
961,602,98,66
980,615,97,66
1044,606,99,67
1121,609,99,67
1202,601,99,67
1199,652,100,78
1200,654,102,79
1198,656,104,78
1198,655,103,79
1193,649,108,84
1194,651,109,82
1195,652,109,81
1196,659,107,75
1195,654,107,80
1201,656,100,77
1201,664,104,70
1198,660,105,74
1196,654,108,80
1197,649,108,85
1194,651,112,84
1195,656,111,79
1191,653,114,81
1198,659,109,74
1195,658,110,74
1196,657,112,77
1194,659,113,75
1194,657,113,76
1194,655,114,78
1189,655,116,78
1193,657,115,76
1191,651,114,82
1193,655,113,78
1194,658,107,75
1197,657,107,75
1195,660,107,73
1196,656,107,76
1196,657,110,75
1195,655,111,77
1193,655,114,78
1191,654,114,77
1189,652,117,84
1188,653,117,82
1189,652,117,82
1190,655,115,79
1189,648,118,87
1187,653,119,83
1184,654,117,79
1181,647,121,87
1188,649,119,86
1187,650,121,85
1187,650,120,83
1184,654,122,81
1187,650,122,84
1190,651,122,84
1189,649,122,85
1186,654,123,80
1184,648,124,87
1185,649,126,86
1188,652,123,83
1190,650,120,84
1185,653,126,81
1184,652,125,83
1185,655,124,80
1183,651,125,83
1192,661,114,74
1188,658,114,77
1189,657,115,78
1189,660,116,76
1190,658,121,77
1194,662,117,73
1188,652,120,83
1189,655,119,81
1186,653,120,81
1187,652,120,82
1192,648,116,86
1188,652,118,80
1189,658,117,73
1189,659,117,73
1189,653,116,80
1187,654,118,79
1187,655,120,78
1184,650,122,85
1183,645,123,90
1182,649,124,86
1185,649,122,86
1185,648,125,87
1184,644,123,92
1188,651,120,83
1181,647,125,89
1184,643,124,93
1184,646,126,90
1187,650,126,86
1178,648,129,86
1182,647,127,89
1179,648,127,88
1180,647,127,88
1179,646,131,90
1176,647,132,88
1182,647,126,89
1182,648,125,89
1185,648,123,87
1185,645,123,90
1187,650,119,83
1187,650,118,83
1184,648,123,87
1183,650,124,86
1187,651,119,85
1181,649,124,88
1181,653,125,84
1186,651,124,86
1187,651,122,85
1187,652,123,85
1187,649,123,85
1184,650,125,86
1182,652,126,84
1184,651,125,84
1182,650,125,87
1184,647,125,89
1184,647,125,88
1184,650,125,85
1182,645,128,90
1184,646,127,89
1178,640,133,97
1176,638,136,100
1175,641,135,96
1173,641,138,98
1177,646,134,91
1175,637,134,101
1171,638,140,102
1169,640,139,99
1174,643,136,95
1175,647,135,91
1174,639,138,101
1174,640,137,98
1171,634,139,104
1173,637,138,101
1172,634,142,105
1170,638,142,100
1166,628,141,110
1169,637,143,102
1166,634,144,105
1167,634,144,106
1164,636,144,103
1167,640,144,99
1168,640,142,99
1170,641,140,98
1172,638,137,102
1173,638,139,101
1170,645,140,93
1172,641,140,98
1171,636,141,102
1169,640,142,98
1173,639,140,101
1172,641,139,99
1171,642,139,96
1173,640,139,97
1173,639,139,100
1170,639,140,99
1171,641,141,97
1172,645,139,93
1175,636,135,101
1165,641,146,97
1168,640,142,98
1165,641,146,97
1170,636,140,103
1172,642,138,96
1178,641,134,96
1174,640,136,98
1176,642,135,96
1173,644,136,92
1174,643,136,95
1175,638,135,101
1175,644,134,94
1173,638,133,100
1176,644,130,93
1175,638,135,100
1171,638,140,102
1169,636,141,104
1174,640,136,98
1169,637,140,102
1172,637,138,102
1172,635,139,103
1172,638,140,100
1168,637,142,102
1169,635,143,104
1169,637,141,103
1168,641,141,98
1168,637,141,103
1166,629,144,111
1169,635,142,105
1167,635,144,106
1167,638,143,101
1173,637,140,103
1169,635,143,105
1165,632,146,107
1170,639,142,100
1172,631,141,109
1168,635,144,105
1168,634,143,106
1172,635,141,105
1171,639,141,100
1170,632,142,108
1171,636,141,104
1171,637,145,103
1166,633,146,108
1168,630,142,109
1167,635,144,104
1166,630,145,111
1168,631,145,110
1167,636,147,104
1161,629,149,112
1168,625,144,117
1170,631,141,110
1170,634,142,106
1170,636,142,105
1174,635,137,106
1169,633,142,106
1170,633,141,106
1172,641,139,98
1171,636,140,104
1170,637,140,104
1169,630,142,111
1169,635,142,106
1171,636,141,105
1163,637,145,102
1170,637,139,102
1168,631,142,111
1175,637,138,103
1172,638,140,102
1170,632,140,107
1169,635,142,106
1165,634,146,106
1167,637,145,103
1165,628,146,114
1168,632,144,109
1168,630,145,111
1165,636,147,103
1164,626,146,113
1166,629,146,112
1165,630,146,110
1167,628,149,113
1163,625,150,115
1162,624,153,118
1164,627,152,114
1162,633,152,108
1163,626,151,118
1162,634,151,108
1162,629,151,113
1158,625,155,116
1159,629,154,113
1156,626,156,116
1156,626,157,116
1160,628,153,113
1162,627,153,113
1158,625,156,117
1154,629,158,111
1162,627,153,115
1163,626,152,115
1157,623,157,119
1163,627,152,115
1158,627,156,115
1160,622,155,120
1159,623,155,117
1162,626,153,114
1154,632,160,106
1155,628,161,113
1152,621,163,122
1155,617,162,125
1150,619,166,124
1145,614,173,131
1139,623,178,120
1149,616,171,128
1149,620,170,123
1148,611,169,132
1146,615,172,129
1144,614,173,130
1146,617,172,127
1144,618,174,126
1140,612,179,132
1140,615,179,127
1142,610,175,133
1149,611,170,133
1140,611,179,132
1147,615,173,128
1141,613,178,130
1133,604,184,142
1137,606,181,141
1139,611,181,135
1138,607,181,139
1136,609,182,136
1133,610,188,136
1135,608,185,137
1127,607,193,140
1142,612,181,136
1137,604,181,143
1132,600,186,147
1136,607,184,141
1139,605,181,143
1134,603,186,145
1130,607,191,139
1133,607,188,141
1132,604,189,143
1131,597,192,152
1141,600,182,149
1135,603,187,145
1130,598,192,152
1128,600,193,149
1133,595,187,155
1129,598,190,152
1131,596,188,152
1135,610,188,136
1130,596,194,152
1134,596,188,153
1134,594,187,156
1130,592,192,160
1126,596,196,154
1125,591,197,161
1129,599,194,152
1127,592,195,160
1127,599,194,151
1126,596,195,156
1126,596,196,155
1126,596,197,155
1124,586,195,165
1130,599,193,150
1129,598,193,150
1127,590,196,161
1125,588,200,163
1120,588,204,165
1119,589,204,163
1124,585,204,169
1118,589,209,164
1110,581,216,174
1115,586,212,168
1111,574,214,180
1114,583,211,169
1111,587,215,167
1104,589,222,162
1112,580,217,175
1108,583,219,169
1110,573,215,181
1111,576,216,177
1111,578,215,176
1107,584,220,170
1110,576,220,178
1107,572,221,181
1103,579,224,175
1109,580,219,173
1105,581,225,173
1100,582,228,172
1103,582,226,171
1099,579,231,174
1096,573,232,182
1093,583,235,169
1096,580,232,174
1101,572,229,183
1100,569,230,185
1092,572,239,182
1092,577,240,177
1093,566,239,191
1102,579,228,175
1092,578,239,176
1097,575,235,181
1095,564,237,194
1094,577,239,177
1099,569,229,187
1097,574,233,182
1103,565,228,191
1103,577,225,177
1102,581,230,173
1101,580,226,173
1096,572,233,184
1101,573,231,182
1098,586,231,166
1089,566,238,188
1108,586,222,166
1104,578,226,174
1106,580,223,173
1101,570,227,185
1101,573,225,182
1101,572,228,180
1097,569,232,184
1102,569,229,186
1098,577,230,176
1096,585,236,167
1093,569,237,185
1100,571,231,185
1101,565,229,191
1099,575,231,179
1093,560,236,195
1099,567,232,190
1086,562,246,194
1085,560,247,196
1079,564,252,192
1081,558,250,196
1083,550,252,207
1079,556,258,202
1084,556,250,200
1076,561,257,196
1072,551,262,208
1072,552,263,208
1077,553,259,205
1066,554,271,205
1065,543,270,217
1075,547,265,215
1061,530,276,234
1058,538,280,223
1066,537,270,225
1060,529,278,235
1062,550,275,211
1061,527,278,236
1066,537,275,226
1055,544,284,218
1056,534,279,227
1059,540,280,222
1057,541,283,221
1046,547,294,214
1055,542,285,220
1039,527,301,237
1054,538,286,224
1065,539,278,222
1057,542,282,221
1054,536,288,228
1056,544,286,217
1053,540,290,223
1049,533,294,232
1056,530,287,236
1051,531,289,234
1044,535,298,228
1044,527,296,239
1047,535,293,229
1042,527,299,239
1034,524,308,245
1044,527,301,240
1026,516,316,251
1044,517,301,251
1040,518,300,245
1036,533,303,231
1038,524,301,240
1049,533,289,232
1057,531,284,233
1051,536,291,228
1038,522,304,242
1048,528,297,236
1049,529,298,239
1034,518,308,249
1041,534,301,230
1038,528,305,237
1044,520,301,248
1037,510,307,259
1030,501,320,272
1033,502,320,273
1025,511,328,263
1018,510,333,264
1029,525,324,246
1024,517,332,256
1031,524,324,244
1025,527,331,240
1024,533,330,232
1021,530,334,235
1041,540,311,219
1036,540,316,218
1028,547,320,209
1062,547,292,208
1037,547,316,206
1043,542,309,211
1038,546,315,208
1041,542,314,213
1041,555,308,200
1038,550,316,205
1045,550,305,207
1046,545,305,211
1038,538,309,221
1037,545,310,214
1028,536,320,225
1025,529,320,230
1047,540,300,221
1033,535,314,226
1038,527,308,236
1055,541,290,222
1045,533,300,231
1040,537,304,224
1043,527,301,236
1054,528,287,234
1047,538,297,224
1046,530,298,234
1058,544,283,219
1049,531,293,231
1061,529,284,233
1046,535,300,228
1043,533,303,232
1038,520,306,244
1045,526,301,239
1041,524,306,240
1038,528,308,237
1035,532,311,233
1035,521,310,246
1030,524,317,244
1044,532,301,234
1034,524,311,242
1019,525,325,240
1022,531,319,232
1031,522,313,243
1045,531,298,234
1043,529,304,238
1049,538,298,227
1042,518,301,249
1030,521,315,248
1023,515,321,251
1041,532,302,233
1036,517,308,250
1047,529,298,238
1044,528,299,235
1049,527,292,238
1036,535,306,229
1038,526,304,240
1037,525,308,243
1030,523,313,244
1045,529,304,236
1033,526,309,241
1021,523,324,243
1050,519,299,249
1031,517,313,249
1032,523,312,243
1037,523,309,241
1029,524,316,240
1035,528,311,236
1025,524,322,237
1027,525,319,241
1027,521,319,243
1010,520,334,243
1022,508,325,254
1020,514,326,249
1027,517,321,247
1018,520,327,242
1034,526,315,239
999,519,343,243
1026,522,320,243
1033,521,315,247
1019,524,325,241
1046,531,301,234
1035,529,310,237
1013,532,328,227
1037,530,311,231
1025,522,317,238
1023,517,321,244
1036,519,316,241
1028,523,323,241
1030,518,321,247
1010,502,335,260
1019,505,337,258
1023,521,331,246
1032,521,320,243
1029,511,321,250
1009,511,340,255
1015,509,339,259
999,510,351,255
1018,507,342,260
1022,504,334,264
1006,511,345,257
1013,500,349,268
1004,493,354,275
1017,500,345,269
996,494,359,275
1004,495,356,274
1007,497,351,272
1017,501,350,272
1008,497,357,277
1005,491,353,279
1008,490,346,277
995,483,362,287
992,485,366,287
984,476,370,295
995,491,366,287
994,490,368,283
1000,495,359,277
987,488,370,286
992,483,362,286
985,492,368,281
995,491,362,281
989,494,364,279
989,484,362,285
1003,492,352,275
1005,495,351,274
1000,501,354,271
984,484,370,284
988,487,365,282
1004,487,356,280
1017,497,347,272
989,497,368,274
990,494,362,276
992,497,361,274
990,482,364,289
982,482,372,292
976,489,382,281
985,484,374,286
992,486,374,290
978,482,382,292
979,474,380,296
979,483,382,290
990,484,370,291
980,488,374,285
989,488,369,286
988,486,376,286
992,480,371,296
987,466,379,304
977,468,387,305
980,463,388,310
969,461,393,305
966,468,393,301
972,473,392,300
970,468,397,305
974,465,392,307
961,467,406,311
937,449,423,324
965,463,404,315
958,469,411,310
963,463,407,314
976,465,391,310
965,469,401,304
971,467,396,306
953,465,409,309
961,447,402,324
952,452,417,325
955,447,411,330
958,443,406,328
955,451,414,323
951,456,418,324
962,467,406,310
958,454,413,322
954,451,418,330
963,446,411,330
952,447,419,327
957,449,415,326
941,450,429,331
944,443,428,335
946,455,425,325
939,438,430,343
940,430,433,352
934,428,438,353
937,434,439,349
931,439,442,340
938,424,438,362
923,434,451,352
934,432,443,352
928,426,446,358
909,411,463,368
923,437,450,345
915,440,458,341
933,437,438,343
942,440,430,342
924,435,446,344
948,440,426,340
956,442,418,337
947,426,418,353
944,436,421,341
958,440,411,340
960,455,406,324
944,454,419,324
960,452,407,330
949,437,419,337
960,450,410,325
961,447,411,326
938,440,432,335
960,439,411,340
955,437,417,340
934,434,437,342
932,427,434,349
935,431,436,349
934,434,442,347
933,431,438,351
937,430,435,350
952,430,419,352
933,435,440,345
925,439,445,345
940,435,432,355
942,424,428,363
932,428,441,361
918,418,457,368
930,428,446,361
934,418,443,371
929,429,445,359
913,429,466,360
931,434,446,356
926,418,447,367
939,437,433,348
944,438,427,348
940,443,432,341
950,432,422,352
957,429,415,357
944,441,429,343
931,429,440,359
933,422,442,369
925,423,450,368
945,429,432,361
930,417,445,370
905,420,476,373
906,410,471,382
913,414,467,381
905,410,475,388
914,406,468,390
904,417,480,377
878,401,504,395
874,406,511,392
899,395,483,398
912,404,479,397
874,394,512,403
903,398,485,400
888,397,498,401
868,406,514,387
888,390,500,403
881,394,509,402
879,389,508,409
881,399,511,401
890,393,502,403
876,389,511,401
879,394,513,398
871,395,521,398
861,389,532,405
870,381,521,410
885,385,507,407
889,393,504,402
870,385,518,411
887,407,508,390
887,393,504,403
883,393,504,402
899,395,495,404
889,393,503,406
881,394,505,403
877,397,517,401
852,373,534,426
888,385,504,411
881,389,512,412
896,389,493,412
864,387,524,411
882,380,509,419
847,378,551,425
871,378,523,426
879,386,514,416
865,372,529,429
866,367,530,434
859,349,535,454
881,373,514,432
856,383,546,421
866,364,534,441
864,361,535,444
870,372,523,434
855,375,540,430
875,370,523,435
849,354,549,447
851,374,552,435
846,365,558,446
849,351,555,459
851,358,558,456
833,353,572,457
842,351,560,462
830,340,577,475
835,348,575,469
835,348,572,468
814,349,594,467
813,359,593,453
828,337,583,481
827,332,577,483
840,340,568,477
824,338,581,477
830,339,575,473
825,358,579,453
841,342,562,468
828,336,576,478
833,330,567,482
845,324,561,493
816,337,590,478
838,342,568,474
821,321,587,500
823,332,583,485
789,337,623,480
815,338,595,473
835,341,574,470
813,335,597,479
815,339,591,467
819,347,592,464
807,326,591,483
842,332,562,483
830,332,577,484
803,328,600,484
825,327,579,489
840,362,564,449
839,357,564,459
837,326,560,484
834,344,566,468
796,343,602,470
800,334,603,482
835,334,571,480
823,335,578,476
797,330,603,482
804,310,602,509
806,310,604,504
810,310,598,510
795,315,602,500
799,306,605,506
792,318,616,502
808,302,604,519
818,294,595,526
809,318,602,499
783,305,628,518
794,299,616,522
810,316,598,501
796,290,610,526
781,316,625,500
788,307,618,508
807,309,600,508
808,312,593,502
802,321,604,494
803,342,605,471
827,333,580,483
791,324,615,491
823,341,578,472
831,348,573,460
839,340,566,471
826,338,573,471
821,355,577,451
824,343,575,465
842,349,560,458
829,342,572,470
813,347,590,463
825,333,582,478
805,340,596,468
833,339,569,467
826,332,581,483
823,335,585,476
818,314,588,491
835,324,573,483
808,318,593,496
811,317,598,502
806,321,598,497
839,315,569,504
842,325,562,489
842,326,564,489
832,332,575,476
813,306,589,508
818,313,588,506
807,311,605,509
786,313,625,503
809,309,604,512
818,311,600,510
818,301,596,520
805,302,608,514
795,295,615,521
808,294,609,530
808,301,608,520
806,298,614,528
781,293,643,536
812,288,613,534
807,288,609,531
802,286,619,530
799,300,624,514
806,293,617,521
797,293,628,528
797,309,624,517
784,309,639,518
790,300,631,528
798,303,630,518
781,289,644,539
763,302,657,525
783,294,640,530
805,299,620,524
797,294,625,533
788,311,633,505
788,279,631,548
810,286,622,543
783,272,637,550
782,277,641,546
786,292,638,528
794,305,635,517
751,290,676,533
753,286,675,537
765,310,669,513
771,306,663,517
756,287,674,533
798,306,642,513
811,291,627,527
808,316,632,506
779,304,656,520
780,314,655,511
784,288,649,538
758,297,671,530
774,290,659,530
772,305,663,520
786,295,645,535
796,307,639,518
799,286,634,535
765,303,669,521
749,275,683,556
763,281,673,549
770,257,666,570
742,263,696,569
759,247,671,579
735,266,697,564
705,271,738,558
704,259,744,578
697,271,748,558
721,257,721,577
724,257,720,584
717,254,724,582
700,236,750,608
710,220,733,616
710,249,736,595
713,250,744,590
709,235,748,611
697,210,754,626
674,227,776,613
686,217,761,620
691,235,764,607
676,246,777,595
704,213,752,627
690,229,758,614
729,220,712,615
722,256,720,587
694,238,746,607
698,223,742,623
661,248,785,585
694,220,749,620
671,226,771,618
717,222,728,622
692,236,757,606
695,227,756,617
665,215,782,625
698,234,744,605
715,232,726,607
709,239,729,596
706,250,738,588
696,227,753,610
715,215,736,623
701,220,753,620
692,210,759,629
671,209,779,632
661,218,803,632
694,204,769,642
693,214,769,632
687,198,776,647
680,229,781,615
715,242,746,603
676,213,779,638
683,224,772,614
695,222,754,619
726,217,734,623
669,230,790,613
667,211,786,632
661,224,802,622
688,227,769,616
666,209,794,630
669,224,798,623
693,204,777,645
680,209,789,641
663,202,802,651
634,204,839,650
644,217,827,633
653,190,824,668
615,178,862,679
631,180,846,674
572,192,899,660
584,192,888,656
607,219,872,625
619,201,859,653
647,182,823,678
621,176,851,686
650,199,821,654
632,179,831,677
637,192,830,657
643,210,827,643
642,195,829,661
625,190,855,671
585,194,892,663
593,189,885,673
601,171,879,690
584,154,885,705
611,163,863,696
648,182,845,679
608,174,878,687
618,174,864,687
621,187,860,675
605,184,864,670
625,182,838,668
657,192,805,662
650,208,816,640
648,154,813,685
630,216,839,631
613,177,854,684
624,159,839,698
614,168,852,694
625,151,842,707
635,168,844,698
663,164,820,697
601,172,864,681
584,176,897,687
628,167,855,698
628,163,848,699
612,177,866,681
605,156,882,710
616,162,863,701
601,187,880,670
609,186,873,674
627,179,859,680
595,155,883,708
577,169,904,690
623,163,855,694
570,172,908,695
590,168,894,697
604,184,881,677
594,173,891,689
604,172,889,696
614,171,876,699
595,190,893,667
584,174,892,694
647,205,839,655
628,203,856,651
612,192,872,671
608,149,876,709
632,175,851,685
601,170,886,692
628,179,856,670
578,193,903,663
654,180,842,678
632,197,855,662
618,194,859,669
639,187,848,672
624,199,857,654
645,202,843,655
578,161,906,697
615,191,866,668
617,200,868,660
606,173,879,692
613,160,882,706
586,170,900,695
612,198,877,663
616,172,861,686
582,167,903,691
581,162,903,696
597,180,887,681
590,176,897,692
573,190,915,669
625,175,869,682
614,189,884,675
576,171,907,689
592,181,896,682
635,182,862,679
572,156,920,705
599,197,887,661
603,169,886,689
597,185,892,672
568,195,914,667
621,197,869,659
634,203,862,653
640,195,863,661
570,190,916,670
615,188,887,672
597,216,906,633
592,173,907,687
599,173,888,688
604,203,882,653
566,171,923,685
589,175,899,684
632,177,859,682
627,185,853,671
605,203,873,654
623,169,861,690
645,168,842,690
634,184,855,674
570,182,913,672
604,185,880,671
621,176,870,676
604,173,885,684
590,172,896,689
600,170,883,690
585,192,906,658
590,197,890,654
611,198,859,654
620,199,852,652
631,212,841,644
609,208,866,641
602,193,880,667
608,177,866,678
616,206,863,648
633,192,840,663
620,179,849,684
639,167,826,695
588,169,882,695
610,184,863,683
576,195,895,657
606,197,872,658
578,185,901,677
604,174,872,684
579,189,896,669
584,200,893,655
597,178,883,683
579,178,894,677
606,178,872,674
583,179,896,677
615,191,863,662
643,178,830,674
595,191,882,662
636,174,839,681
615,182,874,677
586,183,900,680
578,176,916,683
596,174,888,692
581,182,913,684
559,150,930,714
593,188,897,677
593,168,896,698
536,189,953,668
544,164,951,706
574,168,928,699
572,153,928,715
555,156,951,713
572,147,935,718
557,144,947,730
517,155,986,709
589,166,909,702
565,162,934,705
546,162,948,706
564,159,929,709
503,180,985,684
561,152,935,714
569,198,928,662
566,146,936,713
535,194,960,660
547,176,943,692
564,192,935,667
559,164,943,703
575,184,921,678
558,169,935,692
545,214,953,640
578,177,920,686
559,177,938,679
588,184,920,673
516,164,983,701
570,186,930,672
510,157,985,704
606,200,904,655
620,187,882,673
574,162,926,703
599,171,906,690
595,193,910,669
606,163,880,694
553,183,936,675
582,170,903,684
623,162,868,691
596,185,886,675
616,189,867,670
595,199,889,662
602,189,882,670
610,188,883,669
549,180,941,682
601,194,883,662
626,192,854,657
573,208,896,643
597,177,883,680
610,203,866,649
542,188,946,672
563,187,918,672
569,165,924,692
530,173,958,685
593,167,901,695
628,183,857,675
585,207,899,653
579,198,896,660
604,211,872,641
603,195,877,656
611,217,866,642
606,189,871,663
612,192,868,666
619,197,862,655
589,201,891,649
614,194,861,658
622,191,853,664
619,186,855,666
601,198,879,657
604,205,876,647
632,198,855,657
619,199,867,655
601,189,882,661
587,188,893,660
612,202,865,651
629,208,847,640
646,203,823,647
633,206,831,650
608,205,857,645
635,213,841,637
640,220,829,633
650,218,825,631
629,203,846,647
627,197,844,652
635,193,838,659
653,210,819,638
654,222,810,628
646,222,823,630
652,183,811,664
652,208,812,643
640,209,826,637
664,212,798,635
653,229,821,621
639,216,834,633
608,212,862,635
590,209,881,643
641,212,827,639
615,199,854,652
650,207,812,639
651,194,812,653
673,179,791,666
666,193,790,653
636,211,814,636
662,233,792,615
663,233,795,614
687,245,767,601
682,225,774,624
656,231,802,617
686,211,762,635
652,214,801,631
674,208,787,642
632,233,827,610
668,218,792,634
677,203,784,651
652,208,815,640
650,222,813,635
652,192,807,660
642,212,823,637
627,184,837,668
605,189,863,673
579,187,888,667
570,189,896,662
601,193,875,665
625,206,857,648
605,182,876,675
595,189,883,669
624,173,860,688
608,201,867,659
580,192,899,664
578,179,905,682
530,162,943,695
582,171,908,686
594,185,881,670
620,208,861,649
549,187,933,670
591,192,894,661
565,193,916,658
591,200,889,654
610,215,867,632
639,220,836,632
650,228,828,619
626,230,841,611
655,238,820,608
625,205,846,644
618,214,852,637
624,227,857,619
639,232,844,616
628,241,852,601
651,237,832,610
641,255,848,589
611,217,878,631
621,222,873,627
636,203,847,649
647,241,830,608
632,219,836,631
596,216,870,634
613,239,858,610
686,239,801,609
647,260,823,582
655,218,819,628
631,240,841,608
655,220,822,621
655,230,837,619
636,199,849,652
636,204,849,649
641,219,842,633
634,212,842,635
647,218,823,640
637,208,829,648
635,195,835,651
623,235,847,614
648,236,832,608
600,207,876,641
625,212,850,643
607,179,864,672
593,192,877,664
614,202,865,653
592,221,887,631
588,214,883,639
629,187,849,664
603,233,877,619
566,206,904,645
592,210,886,643
646,214,833,628
608,196,867,652
609,193,863,652
657,239,826,603
639,209,829,642
630,222,846,626
613,211,858,642
564,199,904,651
613,210,860,637
610,218,861,630
647,236,821,608
659,201,808,647
629,221,838,627
615,226,852,619
632,210,834,638
634,211,837,637
662,222,814,627
604,202,867,646
627,198,848,649
649,184,824,662
618,230,859,612
623,206,853,637
664,222,820,626
650,215,828,638
645,202,824,642
617,218,850,621
674,231,791,617
640,234,822,618
661,262,804,576
674,242,790,602
649,242,811,610
634,236,827,610
652,219,823,635
686,227,782,620
652,244,814,605
661,227,790,621
674,255,783,585
667,249,790,593
672,236,792,608
672,238,788,602
695,253,765,597
678,232,782,616
670,232,796,618
649,214,815,637
669,228,797,628
651,232,811,617
649,233,820,620
665,238,801,614
648,252,820,593
650,234,816,613
674,239,792,615
642,208,826,646
633,210,838,647
625,205,844,651
642,196,829,658
625,233,845,617
638,199,834,652
665,232,811,617
650,188,820,668
641,212,836,648
633,196,845,663
613,194,868,664
623,219,850,632
640,218,828,636
622,201,851,654
615,200,858,658
639,194,838,663
643,182,830,674
596,182,880,672
606,196,864,661
615,195,867,655
668,176,808,678
642,222,832,637
624,177,848,686
633,189,845,672
572,193,904,666
632,189,849,674
626,184,853,682
633,201,843,665
643,169,837,700
587,200,895,659
613,198,872,662
581,185,897,673
564,190,916,673
617,222,901,632
580,227,941,625
601,203,910,648
596,189,915,667
601,209,913,642
580,220,938,627
571,206,955,646
582,199,940,655
566,227,954,615
601,213,919,632
624,211,894,632
622,239,900,598
653,255,863,584
652,246,860,596
664,249,837,583
648,271,856,558
684,295,821,526
716,262,796,558
693,286,816,530
681,267,830,556
674,311,847,505
665,316,857,501
666,280,857,534
679,306,840,505
711,259,825,543
686,298,842,512
690,282,847,522
681,314,839,496
696,302,835,501
696,283,834,520
649,273,879,537
687,248,844,556
663,305,860,497
675,297,848,506
639,253,902,546
634,251,906,554
648,250,882,548
638,280,888,514
620,272,904,529
648,297,878,501
655,284,861,513
623,277,902,516
654,274,856,522
656,269,854,535
651,262,865,542
642,260,867,541
657,226,848,581
668,270,838,539
612,255,898,555
615,265,895,541
627,214,879,603
611,227,904,590
608,223,906,595
609,221,908,598
619,221,884,604
630,204,874,622
608,174,892,653
639,229,859,596
633,225,864,600
589,176,912,661
621,209,871,626
647,210,842,626
624,202,867,644
620,210,873,634
647,191,842,650
636,217,848,620
621,208,875,639
611,199,878,646
657,232,827,613
639,224,847,623
644,218,848,629
641,230,851,614
652,229,833,619
644,229,844,619
640,209,850,646
609,218,887,636
648,218,842,645
634,229,856,630
630,229,853,629
616,209,874,654
671,254,810,596
629,243,857,609
652,237,830,610
666,237,819,620
636,217,853,641
647,238,844,618
653,262,839,587
638,239,849,617
647,251,835,593
642,259,841,583
675,271,808,573
642,251,844,594
668,264,822,581
659,258,836,585
625,246,866,589
618,246,871,598
673,287,816,550
647,274,843,564
646,261,856,580
600,258,903,590
660,260,848,573
629,288,876,549
617,283,908,547
645,259,866,573
645,255,868,573
647,255,861,575
635,270,863,551
623,256,882,569
624,291,880,536
592,242,910,586
624,271,879,544
669,268,829,545
623,296,880,522
636,283,867,529
626,273,872,535
639,301,853,513
598,268,888,540
620,297,869,513
612,276,882,528
613,263,882,541
635,276,858,524
624,273,875,523
642,242,848,560
657,263,834,536
629,236,856,564
674,246,812,555
606,229,884,572
640,236,853,570
655,240,832,563
634,240,863,565
647,211,852,608
647,233,859,588
651,247,851,579
641,239,859,588
663,227,831,604
633,239,873,587
676,255,811,575
655,250,831,581
680,260,786,570
670,253,796,580
666,279,799,552
650,266,821,572
626,243,844,592
704,267,756,570
651,249,807,581
721,287,727,549
702,283,755,550
687,253,778,581
706,242,753,587
700,268,756,562
694,281,746,549
737,280,714,549
733,261,709,564
724,291,719,536
719,259,732,567
716,269,738,561
684,261,772,566
649,245,800,577
741,241,710,586
691,253,761,578
718,240,736,591
694,247,766,576
715,225,737,609
702,224,752,612
694,216,760,619
666,226,787,615
748,242,717,587
739,218,736,610
712,211,758,623
694,217,782,618
665,203,809,635
704,214,778,623
682,244,789,590
718,202,769,628
692,222,789,607
734,234,754,594
719,213,774,619
653,221,841,611
713,195,793,639
674,226,825,601
707,215,811,609
620,207,878,624
691,195,821,634
631,217,858,612
636,193,880,640
596,203,913,632
644,199,876,638
609,195,901,643
631,196,890,649
611,195,917,649
548,173,973,675
557,180,969,667
625,161,906,688
576,162,947,683
562,165,967,693
579,153,945,696
562,167,970,683
627,146,914,709
549,167,982,683
598,154,941,700
564,143,966,713
485,144,1011,695
477,153,1013,691
415,171,1089,673
432,143,1067,694
438,155,1063,690
430,140,1071,705
423,145,1085,701
415,129,1081,717
441,137,1061,714
391,137,1128,715
359,132,1157,721
368,120,1166,736
374,147,1151,709
321,111,1211,745
354,114,1182,739
386,96,1164,775
399,98,1151,772
358,93,1186,778
367,97,1181,772
379,126,1157,741
345,106,1181,752
346,161,1189,680
375,128,1158,720
406,134,1153,715
354,149,1189,705
345,126,1226,731
340,123,1238,730
356,138,1195,717
359,115,1189,735
368,135,1171,714
394,159,1154,692
366,141,1161,697
359,137,1158,703
373,164,1138,673
377,178,1145,664
371,194,1130,648
390,175,1103,669
389,185,1105,650
430,163,1068,674
363,207,1146,633
402,187,1095,657
349,144,1139,693
418,172,1074,670
419,172,1095,671
404,174,1097,667
423,196,1086,644
322,169,1141,657
416,184,1095,651
411,181,1095,665
429,207,1088,641
444,191,1068,657
340,174,1148,644
420,185,1092,658
372,170,1125,661
431,193,1076,650
416,183,1110,661
410,176,1105,665
393,150,1163,707
377,148,1174,707
371,190,1190,659
359,133,1193,725
287,114,1244,739
317,121,1227,736
322,104,1206,745
320,112,1215,744
335,138,1236,714
278,107,1278,751
325,138,1257,719
307,126,1269,736
281,76,1278,792
307,121,1265,746
343,106,1245,763
270,86,1308,783
273,100,1307,768
276,125,1310,741
293,106,1264,754
323,67,1234,796
326,104,1228,753
336,106,1219,757
387,121,1174,731
382,122,1187,727
372,103,1185,753
354,108,1189,749
383,159,1163,691
391,165,1149,695
385,139,1165,712
412,145,1143,709
444,129,1118,730
360,153,1173,697
393,173,1150,671
397,139,1153,718
379,136,1156,715
358,147,1177,708
411,154,1143,699
381,158,1178,692
391,142,1164,709
421,176,1136,675
405,166,1148,674
414,167,1114,672
415,169,1130,670
446,188,1097,652
410,198,1131,642
418,190,1134,643
418,169,1125,671
425,197,1119,644
431,195,1105,658
411,193,1134,654
417,138,1112,711
421,161,1120,690
400,170,1134,685
427,156,1108,697
420,153,1124,708
411,165,1121,674
412,148,1127,704
380,172,1152,676
438,192,1093,656
413,165,1110,687
434,170,1077,670
441,187,1075,656
351,207,1156,623
397,176,1108,662
465,218,1035,619
460,211,1037,627
392,210,1106,624
479,219,1027,619
395,203,1096,627
467,203,1039,641
452,218,1070,624
437,181,1083,664
467,203,1055,642
484,192,1041,656
423,215,1097,627
450,210,1075,634
441,190,1084,654
458,187,1071,659
423,176,1101,678
429,181,1096,669
416,167,1117,683
420,193,1114,665
443,184,1107,672
396,190,1132,657
388,181,1140,674
399,179,1136,677
375,140,1175,714
381,174,1165,687
378,150,1190,719
378,170,1182,697
334,155,1235,714
372,158,1199,712
308,163,1265,703
333,147,1244,722
340,142,1256,723
379,136,1227,742
311,136,1275,739
267,127,1311,739
319,144,1281,726
261,148,1327,716
290,161,1293,708
281,171,1296,705
316,170,1265,705
295,164,1293,708
304,187,1282,685
283,175,1296,698
288,187,1293,688
327,170,1256,697
383,192,1197,677
353,227,1230,645
402,219,1186,648
416,241,1171,627
414,203,1175,664
375,198,1213,666
422,225,1164,628
396,217,1189,637
386,206,1205,649
416,249,1169,610
410,212,1174,649
419,217,1165,634
