657,243,29,27
649,250,30,29
656,240,28,26
657,240,28,26
654,239,28,26
652,238,28,26
652,239,28,26
652,243,28,26
645,255,28,26
640,284,33,26
655,289,28,26
673,295,29,27
682,303,29,27
683,308,29,27
687,302,32,31
688,298,28,29
679,286,30,34
678,273,28,33
679,272,28,32
665,269,34,30
655,288,28,26
646,287,27,25
639,280,27,25
623,277,27,25
618,277,27,25
620,276,27,25
620,277,27,25
627,277,27,25
623,277,27,25
624,277,27,25
624,278,27,25
632,290,27,25
629,299,27,27
628,296,27,27
629,297,27,25
627,284,26,24
634,282,25,23
628,283,25,23
628,283,25,23
625,272,25,23
610,262,24,22
634,280,24,22
632,278,24,22
633,278,24,22
636,270,24,22
629,267,24,22
626,263,24,22
620,270,25,23
617,269,25,23
625,269,25,23
627,252,25,23
651,256,25,23
651,260,25,23
652,268,25,23
654,265,25,23
649,269,25,23
642,260,25,23
637,243,25,23
637,237,25,23
635,235,25,23
638,240,25,23
633,252,25,23
632,249,25,23
637,251,25,23
642,250,25,23
631,239,25,23
630,238,25,23
635,249,25,23
630,237,25,23
630,242,25,23
632,240,25,23
640,241,25,23
643,250,25,23
652,254,25,23
643,244,25,23
648,250,25,23
641,243,25,23
643,240,25,23
633,236,25,23
635,243,25,23
636,242,25,23
633,244,25,23
643,237,25,23
643,236,25,23
644,238,25,23
644,239,25,23
647,237,25,23
652,244,26,24
641,246,26,24
642,255,26,24
638,270,26,24
648,267,26,24
670,272,26,24
680,269,26,24
685,275,26,24
687,280,26,24
696,298,26,24
699,308,25,24
692,315,27,29
693,322,25,24
689,324,25,24
692,326,25,24
690,329,26,25
690,328,27,26
685,328,27,26
678,329,27,26
695,334,27,30
682,322,28,27
681,321,28,27
680,311,28,27
679,290,28,27
678,283,28,27
686,282,28,27
687,280,28,27
700,285,29,28
684,263,29,28
702,254,29,28
706,246,29,28
707,246,29,28
705,242,29,28
681,246,29,28
670,256,28,27
682,266,28,27
682,266,28,27
704,269,28,27
709,267,28,27
700,274,28,27
696,284,29,33
698,286,29,34
687,290,32,32
692,301,27,36
687,302,28,36
687,304,29,37
686,305,30,37
686,304,30,38
683,301,29,36
682,303,29,36
679,303,30,37
682,307,29,37
685,311,30,39
686,315,30,39
688,318,31,36
683,305,31,37
677,301,32,37
679,300,36,37
695,308,31,37
690,305,32,38
685,304,33,39
685,306,33,39
684,306,33,37
680,308,32,38
677,309,33,38
677,309,33,39
677,310,33,39
680,308,32,38
684,305,33,38
689,302,32,37
693,298,33,37
694,297,32,36
694,293,32,38
693,290,33,38
691,285,32,37
685,281,32,37
686,279,31,37
676,272,35,38
668,268,32,31
660,262,32,31
651,255,33,32
649,249,34,33
642,249,34,33
636,251,34,33
639,258,35,34
639,271,35,34
633,274,35,34
641,279,35,34
668,271,35,34
680,272,36,35
691,276,37,36
685,272,37,36
695,283,37,36
681,285,37,36
661,279,37,36
635,259,38,37
607,258,38,37
600,231,37,36
576,216,37,36
579,211,38,42
582,211,40,44
582,209,40,44
593,210,37,44
593,210,37,41
573,193,41,42
584,200,40,43
597,212,42,44
603,212,43,48
605,213,44,46
607,214,43,47
610,216,44,46
607,216,46,46
608,216,45,46
608,217,44,45
611,218,43,43
607,218,44,42
606,218,45,42
608,218,44,41
607,217,45,42
602,217,45,41
601,216,45,41
602,215,45,41
601,216,46,43
600,217,45,46
601,218,45,44
599,221,45,41
599,221,45,41
597,220,44,43
600,220,44,42
596,219,46,43
593,215,46,45
595,212,45,45
593,213,47,48
590,210,48,50
589,209,49,50
590,211,49,50
589,210,49,51
589,211,49,50
593,217,46,47
596,217,46,48
595,220,48,50
595,219,48,52
596,218,49,54
596,219,50,53
595,218,50,54
594,217,51,55
594,213,52,56
595,212,51,54
593,212,52,54
594,212,51,52
596,212,50,52
596,211,50,53
595,209,51,55
598,210,50,53
596,210,52,54
598,209,51,54
596,209,52,54
600,210,50,52
596,209,53,53
598,210,52,52
598,210,52,52
599,211,51,51
598,210,51,53
596,209,52,54
594,210,53,55
594,210,52,54
593,211,54,54
592,210,55,55
587,211,53,55
586,211,54,54
585,210,54,54
584,210,54,55
583,212,53,53
578,207,53,60
580,211,52,55
581,209,53,57
579,209,55,56
575,211,56,54
574,212,57,54
572,212,58,56
574,210,58,58
571,212,57,57
572,210,57,57
573,208,58,58
573,208,57,57
572,211,58,56
574,207,57,59
575,207,56,57
573,207,57,57
574,208,58,58
574,209,57,57
576,207,58,58
578,208,58,59
580,210,59,58
582,209,57,58
581,208,58,59
584,212,58,58
586,212,57,57
585,208,58,59
586,209,57,57
586,210,57,56
586,207,57,58
586,207,57,57
586,207,57,58
588,207,57,57
586,208,56,56
586,206,56,58
587,205,56,59
589,204,57,58
590,205,57,57
589,203,58,59
592,204,57,58
591,201,58,60
591,201,58,60
590,205,57,57
591,202,58,59
593,203,57,59
593,202,57,60
595,200,58,61
599,203,56,58
598,201,57,60
601,204,57,59
606,204,56,59
609,205,59,59
615,207,58,57
616,208,58,57
622,208,57,57
628,209,56,57
632,211,56,56
634,212,55,55
634,211,56,56
636,211,56,57
637,213,54,57
636,212,54,57
634,213,53,56
633,212,54,57
632,212,51,53
627,208,52,54
620,203,52,54
615,198,52,55
614,200,52,53
608,198,53,54
600,199,51,55
594,203,52,55
587,207,51,55
588,207,51,55
583,212,52,55
579,219,51,53
574,224,50,52
568,221,51,55
568,220,51,56
562,215,53,57
561,219,51,54
562,212,51,57
562,212,51,55
563,213,50,55
564,211,50,54
563,209,52,55
564,209,52,55
563,212,52,56
563,209,52,57
565,212,49,53
568,215,48,51
570,209,49,52
569,208,50,52
572,211,50,50
572,210,52,52
574,217,52,52
568,216,56,56
575,223,56,55
577,224,56,55
587,233,55,53
601,244,53,52
613,251,54,54
624,254,54,54
623,252,54,54
633,253,55,52
642,248,55,52
649,246,54,53
657,243,53,52
657,243,53,53
662,239,51,55
662,236,52,56
660,235,54,56
660,231,55,57
661,230,55,57
661,229,55,57
658,226,56,58
654,225,56,58
649,221,57,59
649,220,57,59
644,220,55,57
637,214,56,58
635,209,54,57
630,207,54,57
631,208,53,56
629,204,53,54
629,188,54,55
636,177,52,55
638,171,51,55
639,172,51,54
637,178,51,57
634,178,54,57
634,185,54,56
641,176,54,58
640,176,55,59
646,169,50,56
648,174,51,53
648,175,51,56
650,168,52,52
650,168,51,51
651,177,51,58
653,177,51,59
654,175,51,58
654,180,52,59
655,178,52,60
657,177,52,58
662,177,52,59
661,177,53,59
659,180,53,60
658,178,53,60
660,178,53,59
657,178,53,60
657,178,53,59
653,177,55,61
654,178,54,61
648,179,57,60
646,176,56,59
641,175,58,64
639,178,58,63
637,178,60,64
636,176,61,66
637,179,61,65
640,177,58,64
639,178,58,61
639,176,58,62
637,180,59,62
636,178,60,64
635,179,61,64
636,174,57,63
637,176,58,63
635,178,59,63
636,177,58,62
632,180,60,62
631,174,59,60
628,172,60,62
628,175,62,59
631,174,62,62
633,180,61,61
634,181,63,63
633,183,62,64
638,180,62,62
639,177,63,64
640,177,65,66
643,176,64,66
643,177,65,66
645,178,66,68
649,173,65,67
657,174,64,69
659,169,63,67
661,170,62,66
664,179,61,65
668,176,60,65
669,180,62,66
673,177,61,65
673,176,62,66
677,177,62,66
681,174,60,64
683,174,60,66
684,169,61,65
685,172,61,65
684,175,62,67
686,177,63,67
687,175,63,68
688,177,63,67
690,175,63,68
691,166,59,63
692,172,62,68
691,172,61,69
691,166,64,66
693,164,63,66
694,173,60,60
694,170,66,62
693,168,67,66
696,170,63,65
697,168,63,65
697,172,63,65
695,172,63,68
694,171,63,66
691,167,64,67
690,167,65,65
688,165,65,66
685,167,65,67
682,174,64,67
683,173,63,66
679,179,63,67
675,175,63,68
671,177,62,67
667,180,63,68
667,179,64,69
667,174,63,69
663,176,63,69
659,178,65,68
658,176,65,71
658,177,64,69
657,173,63,69
655,172,63,71
655,175,62,70
657,175,63,69
658,176,62,68
657,175,63,69
655,176,62,69
656,174,61,69
655,174,62,69
657,174,62,70
652,173,64,70
659,171,60,67
659,172,62,65
661,175,58,61
661,175,58,61
662,175,56,61
660,175,56,62
659,178,57,61
657,179,58,60
660,178,56,60
662,178,55,57
660,179,54,59
659,181,54,59
656,183,56,59
657,182,55,59
658,182,54,60
656,184,55,61
655,178,57,63
660,184,57,57
658,185,58,55
659,190,53,53
656,189,53,53
652,186,53,53
628,184,58,60
627,186,57,59
627,187,54,57
653,186,50,62
650,189,53,53
627,190,57,56
629,194,55,56
647,186,54,57
649,184,51,57
652,181,51,58
639,184,58,57
635,187,57,58
629,188,57,57
632,192,56,58
634,193,55,56
651,183,51,60
652,185,50,58
652,185,50,59
652,184,50,60
650,185,50,58
621,189,53,55
623,194,52,54
649,190,45,52
651,184,46,55
626,195,51,51
647,185,48,53
649,182,47,54
645,184,49,54
622,194,50,52
644,184,48,55
618,189,53,54
619,189,52,53
644,182,47,56
644,182,48,57
645,179,49,60
645,180,50,59
645,179,51,59
645,178,51,60
646,177,51,60
648,178,51,60
647,180,50,59
648,181,50,59
645,181,51,60
646,181,52,61
646,181,52,61
651,180,49,55
651,179,49,56
645,181,50,55
645,181,50,59
643,182,52,60
643,183,52,60
644,181,52,61
643,182,54,61
642,183,53,60
639,184,53,62
640,184,52,59
639,184,52,59
639,183,52,61
637,184,52,61
636,183,52,61
635,183,53,60
637,182,52,62
635,183,54,62
634,185,53,61
634,185,53,60
633,185,55,61
635,185,54,60
621,193,54,55
629,189,58,59
648,180,44,62
646,183,45,59
647,185,44,57
646,189,51,51
639,183,53,51
643,184,51,51
641,182,51,52
641,183,50,50
646,183,46,50
640,186,48,55
640,186,47,55
642,186,47,52
641,185,47,52
636,185,50,56
636,186,50,52
636,185,46,55
616,199,50,53
613,201,49,52
617,200,49,52
630,189,47,52
624,188,49,56
615,195,51,55
613,194,52,56
608,195,53,58
601,199,57,61
605,194,55,58
607,193,54,59
605,193,55,61
608,193,54,59
600,196,59,63
592,200,62,67
592,200,63,66
591,199,63,68
599,191,60,67
597,188,62,70
605,186,60,68
606,184,62,69
608,182,62,69
612,182,63,68
611,179,66,66
611,181,63,64
610,185,60,64
612,187,57,63
612,190,56,61
608,186,59,65
607,186,59,65
605,188,59,65
607,183,59,67
605,182,60,67
606,187,61,67
603,188,61,67
608,186,59,67
604,188,61,67
607,185,61,68
606,188,62,68
610,184,63,71
618,177,63,70
616,180,64,70
619,178,65,68
620,179,67,66
617,180,68,68
617,187,65,66
616,184,66,67
614,187,65,69
614,194,63,66
614,198,60,65
611,203,61,64
611,201,61,63
607,202,63,64
607,202,60,63
600,193,64,64
596,186,64,67
596,186,64,67
592,177,64,67
588,165,69,68
585,156,69,68
587,146,64,71
586,146,65,70
586,166,55,64
584,149,61,57
589,144,61,59
593,143,61,60
592,143,61,61
596,142,63,65
594,149,61,65
596,158,59,60
593,163,62,58
595,160,62,59
594,174,59,66
595,177,62,66
597,177,63,65
598,174,63,68
599,174,64,69
600,175,65,69
601,176,65,68
604,178,65,71
607,176,64,70
606,177,66,71
607,175,66,70
607,177,66,71
608,177,65,71
607,177,66,72
608,177,67,72
608,176,67,72
608,176,64,70
609,179,66,71
609,176,65,72
609,176,65,73
607,176,65,73
608,175,65,73
607,173,65,73
608,177,63,69
607,178,63,68
608,175,64,70
607,177,63,70
604,178,63,69
602,178,65,70
602,177,63,69
600,173,66,71
595,173,66,71
591,172,65,72
589,168,66,74
589,169,66,74
588,168,67,75
587,166,67,75
586,164,70,78
586,167,69,74
585,165,70,75
584,161,72,75
589,159,69,77
586,158,70,80
589,160,68,79
585,159,70,79
587,162,69,77
588,166,70,75
589,173,72,65
593,173,67,62
592,175,67,62
588,177,69,65
591,185,68,62
585,191,67,61
585,193,67,61
584,198,68,69
578,205,66,69
573,210,64,66
564,211,63,68
564,215,63,66
555,217,62,64
547,220,60,61
540,218,62,61
531,215,61,60
527,216,61,60
522,213,61,60
516,211,59,58
511,211,58,58
508,211,57,58
506,211,56,57
503,209,56,59
500,209,56,59
497,211,56,59
497,212,55,57
496,214,53,57
496,210,54,58
495,211,54,57
498,208,56,57
499,206,57,57
501,210,55,56
504,207,55,58
506,203,57,59
511,199,58,61
512,196,59,59
512,195,60,59
514,187,63,61
514,182,65,62
514,175,64,64
515,174,65,61
514,173,66,61
515,172,66,60
515,173,65,60
512,174,64,63
515,169,69,72
515,168,69,72
516,174,70,65
521,173,66,66
530,171,65,71
534,183,71,65
534,182,71,66
543,188,68,70
545,193,69,71
551,201,70,68
558,210,68,67
557,208,67,67
563,209,65,67
563,198,67,66
563,191,69,67
562,190,69,67
563,194,67,64
564,189,68,65
565,191,65,66
565,191,66,66
563,189,66,68
564,190,65,67
564,187,66,65
567,197,65,61
564,187,67,66
566,187,66,67
566,186,65,66
568,193,63,67
570,197,63,65
573,202,64,65
573,211,63,64
574,214,63,63
576,220,62,63
578,221,63,67
577,223,64,66
578,217,64,65
579,215,63,65
575,213,66,66
575,206,67,66
573,203,66,68
577,203,63,66
576,201,64,67
575,204,62,66
575,206,61,66
577,207,60,65
576,211,59,65
577,210,60,65
575,212,59,66
573,214,58,63
570,212,60,63
569,213,58,61
570,213,57,60
566,213,59,61
563,211,60,61
560,213,61,62
555,214,61,62
557,214,60,61
553,215,60,62
550,218,59,61
548,219,61,62
546,225,60,60
547,228,58,58
548,228,60,61
549,230,60,60
551,235,57,58
557,234,57,58
555,234,58,57
558,234,56,56
563,231,56,57
565,229,55,56
569,231,55,56
568,230,55,56
566,228,57,57
565,228,57,60
563,236,58,55
557,232,62,55
562,237,60,52
560,233,57,58
562,234,56,56
561,233,56,57
565,234,54,56
563,232,54,56
564,231,54,56
567,232,54,53
566,228,54,56
564,225,55,56
563,223,57,58
562,222,56,56
561,220,56,56
557,217,59,57
557,216,56,57
557,216,56,57
555,216,56,57
551,213,57,58
550,216,55,57
548,213,57,58
548,215,55,57
544,214,57,59
544,216,57,58
544,219,57,58
544,221,56,58
542,220,56,59
544,222,56,59
544,221,56,61
545,216,57,60
545,217,58,59
544,213,59,61
545,215,57,58
545,215,58,57
548,213,56,58
547,213,56,57
547,212,56,58
546,216,55,57
544,216,57,57
543,216,56,57
539,216,57,58
539,216,57,58
536,215,58,58
534,217,57,56
533,215,57,57
532,217,56,56
532,217,56,56
531,219,58,56
532,225,55,53
536,225,55,54
538,223,56,55
537,222,56,55
539,217,58,56
540,218,54,53
543,212,57,56
549,215,54,55
546,212,56,55
552,213,55,56
547,212,57,57
548,217,56,57
549,222,57,59
551,222,55,58
552,227,56,58
553,230,56,56
555,222,58,58
557,218,57,57
558,216,56,57
558,212,57,58
557,211,57,57
558,211,56,57
557,212,57,57
557,214,56,56
555,210,60,59
554,213,60,58
552,212,61,60
553,213,58,57
551,213,58,58
551,214,59,59
549,212,61,59
550,214,59,57
549,213,60,58
550,215,58,57
549,215,59,55
548,215,57,55
546,215,58,56
545,218,57,53
543,214,59,55
545,216,58,55
543,217,57,54
542,218,56,53
544,218,58,54
544,218,57,54
543,219,56,52
543,214,58,56
544,218,55,52
543,217,55,53
543,216,56,54
543,215,57,55
541,215,58,55
541,213,59,57
542,213,58,56
543,212,58,58
544,214,58,57
542,215,57,55
541,213,57,56
544,214,57,56
545,213,57,56
544,214,56,54
547,212,57,56
544,210,59,57
544,210,59,58
546,212,58,56
548,213,56,56
548,214,56,54
551,212,56,55
553,210,56,56
552,210,55,56
554,210,55,56
555,209,57,57
556,207,57,58
556,208,57,58
556,205,58,61
555,208,58,59
553,209,59,58
553,207,61,60
552,210,61,58
553,208,61,59
552,207,60,60
555,207,56,59
553,205,58,61
552,204,59,61
551,203,60,61
552,202,59,61
548,201,61,62
551,201,59,61
547,202,62,63
551,202,60,62
550,201,60,62
549,199,62,65
550,199,62,64
550,202,61,63
550,199,62,65
546,201,64,68
546,200,65,67
548,197,65,69
546,196,67,70
541,192,68,74
546,197,68,72
543,201,68,71
546,200,66,72
545,202,66,72
548,203,66,73
549,207,66,72
549,214,66,71
547,215,67,72
550,213,66,73
549,214,67,72
550,215,66,71
548,212,65,71
542,208,68,72
544,206,67,73
546,200,65,72
540,198,72,73
538,198,72,74
538,199,69,72
535,198,71,73
538,204,68,72
539,203,70,72
537,206,70,70
535,203,72,71
536,206,71,70
535,201,71,72
534,200,72,71
534,202,71,69
533,201,72,70
534,199,72,71
536,200,70,70
536,198,72,71
534,198,72,70
536,196,72,70
538,196,70,70
538,198,70,70
539,194,73,74
544,198,69,71
546,194,71,73
544,195,71,73
546,196,70,74
548,193,70,73
549,192,69,73
548,192,69,72
546,192,70,72
547,193,69,71
547,187,70,73
549,189,68,73
547,191,69,73
548,190,68,73
546,191,69,72
547,190,69,72
547,193,70,71
548,193,70,70
547,194,69,70
545,194,72,71
546,200,71,70
545,201,72,70
544,200,74,71
545,202,74,69
545,207,71,65
545,200,72,68
546,200,72,69
547,203,69,66
546,200,71,68
549,202,69,67
547,198,73,71
545,204,71,67
545,205,71,66
544,202,72,67
545,205,69,68
546,205,69,66
546,204,67,67
545,209,67,64
544,206,68,66
544,208,67,64
539,207,67,66
539,210,67,64
535,207,67,66
537,213,64,62
535,210,64,63
535,210,64,62
533,208,64,63
531,206,63,63
533,208,62,62
530,209,62,59
531,209,63,56
531,205,61,59
532,204,59,57
534,206,57,57
539,211,54,54
535,208,56,54
535,209,56,56
535,210,57,56
536,212,57,55
534,209,56,54
535,208,57,55
536,210,57,56
537,211,57,54
535,209,58,55
534,209,59,57
536,209,59,58
539,211,58,58
542,212,57,56
542,212,58,56
542,211,58,58
544,213,57,56
547,208,60,58
551,207,59,58
550,207,59,59
551,207,59,59
555,209,57,57
558,205,58,60
562,204,58,60
564,205,57,59
567,204,56,60
570,205,54,58
573,201,58,59
571,202,61,57
571,203,62,57
572,201,60,59
576,199,56,60
577,200,55,61
575,201,55,60
576,199,56,58
576,196,56,57
576,196,55,55
564,201,58,61
564,203,56,61
565,203,57,61
563,203,58,62
561,201,59,63
562,195,62,66
567,192,61,58
566,193,62,58
572,187,63,59
559,192,65,63
560,197,63,60
563,192,62,66
561,190,64,67
560,194,66,64
556,188,70,68
550,190,69,63
566,186,63,63
568,185,63,63
566,188,65,63
561,193,63,69
558,196,63,69
559,197,62,69
559,197,62,69
562,195,62,71
563,195,63,70
569,195,62,68
568,198,62,68
570,196,61,66
570,197,60,68
572,196,61,66
570,199,61,67
572,196,62,66
568,193,61,69
569,196,62,70
566,193,64,69
564,191,65,72
564,190,64,72
564,188,64,72
562,189,64,73
562,189,63,73
562,190,63,73
561,192,63,72
560,193,62,72
559,194,62,72
559,197,61,71
562,199,62,68
559,203,61,68
560,201,62,69
559,203,62,69
560,206,60,66
558,206,60,65
558,205,61,66
557,207,60,64
557,203,61,66
558,203,60,65
556,204,61,65
557,205,61,64
556,204,62,65
554,203,63,64
553,203,62,65
555,204,62,63
554,204,62,64
554,204,61,63
552,205,60,62
552,204,60,62
552,207,60,60
552,208,59,60
554,207,59,59
551,208,59,60
551,206,61,61
548,208,60,60
548,209,61,61
550,210,60,59
547,207,62,62
546,209,59,62
545,208,59,62
544,207,60,62
545,208,58,61
546,208,57,60
546,206,58,60
547,207,56,59
548,206,56,60
547,206,55,60
548,205,57,60
548,204,57,61
547,205,56,60
545,207,57,59
546,206,58,60
547,203,60,61
548,206,59,59
546,207,58,60
547,206,57,61
548,206,57,60
548,205,56,60
549,205,55,59
552,204,55,59
553,204,54,61
552,205,55,61
554,202,56,59
552,203,56,60
550,201,57,60
553,204,55,60
553,204,56,59
557,199,56,58
555,204,55,60
558,201,56,59
556,201,57,61
555,195,60,62
558,200,57,60
557,201,56,61
557,200,58,61
554,202,60,63
556,204,58,61
558,202,60,61
558,205,60,61
558,208,61,61
558,210,61,60
558,209,63,60
554,209,66,61
556,212,63,59
559,211,63,60
557,212,64,60
556,207,65,62
555,204,66,65
558,206,63,62
558,201,63,64
558,203,63,63
558,205,62,62
560,202,61,63
560,203,60,61
560,205,59,59
555,205,62,60
557,203,60,61
555,204,63,60
554,203,63,60
553,203,63,60
554,204,64,60
556,203,63,60
555,203,62,61
555,203,64,62
554,201,65,63
554,202,65,63
556,205,63,61
558,203,65,64
560,201,65,64
562,203,64,65
563,200,64,67
564,201,65,67
562,202,66,67
563,203,65,66
561,204,66,65
560,206,66,64
560,207,66,63
563,204,68,64
564,204,71,64
572,207,66,61
572,208,66,61
577,205,66,64
584,207,64,62
587,201,67,65
592,200,65,66
594,203,62,64
595,202,64,65
597,199,65,67
600,203,62,64
599,201,63,65
600,203,60,63
601,202,63,63
601,204,62,62
600,204,61,62
600,201,62,63
599,201,62,64
601,203,59,62
600,201,59,62
599,202,59,62
596,202,59,62
598,203,57,62
595,202,59,63
593,203,59,62
592,204,60,61
589,206,60,61
591,209,57,59
586,209,59,61
586,208,61,60
583,205,61,63
580,201,65,66
581,202,64,65
580,201,64,66
581,204,61,63
582,202,63,64
584,201,62,64
583,203,61,64
585,205,59,62
586,206,58,61
588,206,58,61
587,205,59,62
586,204,61,63
586,206,59,63
586,205,60,63
584,201,63,64
586,204,61,62
586,205,61,62
583,202,62,64
584,206,62,63
583,209,62,63
585,214,61,62
586,214,60,62
588,220,61,59
589,223,62,61
593,228,62,60
600,229,64,61
599,229,65,62
604,229,63,63
609,232,63,64
621,229,63,65
629,220,65,69
627,219,66,71
643,211,64,67
650,200,65,67
654,192,68,68
660,181,70,70
661,183,71,71
662,178,70,72
659,175,69,74
657,169,66,71
656,165,64,69
657,160,67,71
653,165,69,71
648,161,71,72
642,157,74,71
635,162,73,69
635,162,74,68
627,166,76,69
619,169,78,71
611,175,78,71
602,179,77,72
603,178,77,71
597,181,78,72
594,181,75,71
595,181,72,68
597,177,68,70
598,175,69,70
599,177,67,71
601,174,67,72
604,184,65,71
606,187,68,71
608,189,66,70
613,190,67,69
618,184,68,71
623,177,68,68
627,179,67,69
626,180,67,69
627,176,71,70
631,176,69,69
629,174,71,71
632,173,68,70
631,175,69,70
630,173,68,71
625,170,69,70
622,171,67,70
614,174,70,71
612,173,69,72
605,176,70,74
598,182,69,76
595,183,70,76
590,186,71,76
589,187,71,78
588,183,71,77
589,182,69,77
585,178,70,78
582,175,71,78
580,174,72,79
582,170,72,79
577,172,73,77
575,172,73,74
570,178,75,71
572,175,75,72
569,180,73,71
567,180,70,70
563,186,70,70
566,179,64,70
566,177,64,71
553,178,75,69
547,186,72,72
544,181,71,75
543,180,70,75
543,180,71,76
539,183,71,75
537,185,69,74
534,185,70,76
530,189,71,75
529,189,71,75
527,194,71,75
524,196,73,75
524,195,71,75
522,201,70,74
522,201,71,74
520,190,75,76
508,195,76,79
519,185,75,74
520,183,73,73
518,185,75,73
525,172,68,75
532,169,65,75
520,173,78,81
514,177,74,78
513,176,74,80
521,172,75,77
532,168,74,77
539,170,73,75
549,174,73,74
549,175,73,73
559,176,76,75
572,177,77,77
580,181,81,77
593,180,81,79
592,180,81,78
602,181,82,77
615,178,81,78
628,174,80,78
636,174,79,76
635,173,78,76
641,173,78,75
647,168,77,77
644,171,79,77
650,170,76,79
650,173,75,76
645,172,76,80
638,176,77,79
635,179,77,80
633,183,76,80
632,184,77,80
631,186,77,78
626,185,77,78
622,184,76,77
616,179,76,77
613,178,78,78
606,175,78,78
601,169,80,78
593,165,82,78
593,169,77,73
591,170,77,73
591,168,77,73
587,169,79,72
587,165,79,77
587,167,80,77
587,164,79,79
591,169,76,76
591,170,79,78
589,171,80,79
594,177,80,80
592,180,81,80
600,184,81,81
602,187,82,81
610,199,76,79
612,201,78,80
613,206,75,78
615,205,77,79
616,209,75,78
619,208,76,78
618,211,75,78
620,205,77,78
620,197,80,78
624,193,77,75
628,181,78,79
631,178,77,81
633,173,75,79
625,175,71,74
651,166,66,74
647,153,68,75
645,155,68,72
636,160,75,70
630,167,78,66
630,169,77,70
631,169,75,75
627,174,79,76
628,177,75,77
618,199,79,75
613,201,79,79
608,200,80,82
609,198,78,82
596,215,81,79
595,204,76,79
586,208,78,80
579,202,80,79
581,201,79,80
574,197,80,77
571,185,79,75
569,178,79,82
571,169,76,79
573,169,74,79
576,156,68,82
571,160,78,83
561,164,80,80
572,156,76,78
572,153,76,78
578,160,75,75
581,162,78,77
582,164,81,77
588,168,79,78
588,165,80,78
594,171,79,78
601,178,80,77
605,177,81,82
612,186,78,81
614,186,77,80
621,195,76,77
626,193,79,80
635,191,79,79
639,185,79,81
638,183,81,82
639,177,82,81
643,176,80,78
642,170,80,79
642,169,79,78
641,169,80,79
641,165,84,76
639,165,81,75
638,159,87,78
638,158,81,83
635,162,81,79
634,160,79,84
631,155,82,83
629,162,82,80
629,149,82,83
628,149,82,84
629,153,78,92
623,157,82,86
621,152,81,86
623,157,87,82
622,155,88,84
624,155,84,86
623,159,88,85
626,158,89,87
627,162,89,87
629,163,86,85
631,167,84,83
633,169,84,82
632,170,84,82
633,172,82,82
633,172,82,82
632,174,80,81
634,171,81,83
632,173,80,82
631,177,79,81
630,176,77,80
629,177,77,80
628,176,77,79
626,171,80,82
624,175,79,82
625,175,78,81
626,174,79,83
627,173,78,83
629,173,78,84
629,173,80,84
629,171,81,85
632,174,80,81
635,173,79,84
638,170,81,84
638,168,83,86
637,168,84,86
638,171,85,79
637,166,84,89
635,163,85,85
631,166,86,84
632,166,87,85
626,161,90,87
618,167,89,80
616,171,87,79
608,173,87,84
606,170,92,86
597,170,91,87
588,163,96,91
583,160,96,91
578,160,93,89
580,162,90,88
575,164,86,85
570,161,89,86
567,159,89,86
566,161,88,89
564,161,88,87
561,165,89,88
561,168,86,86
562,169,87,87
563,174,87,87
561,172,88,88
562,179,86,86
567,184,82,78
568,183,83,84
571,182,85,87
573,182,85,88
577,181,86,83
584,182,81,87
593,181,80,85
599,179,78,85
601,177,78,86
603,178,81,87
608,176,82,87
610,175,80,83
615,177,78,73
611,179,82,72
617,176,76,77
618,180,80,77
622,182,77,81
621,188,79,83
623,183,77,82
626,186,75,80
627,192,75,78
625,190,76,78
627,192,74,75
625,194,75,76
625,190,74,75
629,190,70,74
627,193,70,72
626,193,70,72
626,195,69,69
625,194,67,69
622,195,66,71
617,202,67,68
616,199,64,69
614,205,66,69
610,201,66,69
609,208,64,66
605,204,65,67
601,209,67,68
601,210,66,67
598,210,67,66
599,221,65,63
599,221,66,63
602,221,64,63
602,219,65,63
605,219,63,64
609,216,63,64
610,212,64,63
613,208,65,65
611,206,66,66
616,207,64,64
617,205,65,65
620,205,64,64
622,206,65,64
623,206,64,63
622,205,66,65
623,206,65,66
622,204,68,67
623,208,65,65
623,206,66,65
621,208,65,65
624,213,60,62
621,210,63,61
622,208,64,61
621,210,63,61
623,210,60,60
622,209,61,60
622,209,60,60
624,208,60,59
623,208,60,59
624,210,59,59
624,209,60,60
622,209,61,59
623,210,58,60
619,209,61,60
619,210,60,60
618,210,60,61
614,210,61,62
615,214,59,62
614,213,60,62
613,217,60,62
613,219,60,62
614,221,59,61
613,220,60,62
613,220,60,62
615,220,58,59
619,216,59,59
620,215,58,56
623,209,58,60
625,209,57,60
626,206,57,61
626,206,56,63
627,206,57,63
625,205,58,64
624,207,59,64
622,209,59,63
619,210,60,63
618,209,59,64
615,212,59,61
616,211,59,62
613,209,60,62
615,211,57,61
615,211,57,59
614,209,58,61
615,209,58,61
612,209,58,60
612,210,57,59
616,209,56,59
615,209,57,60
615,208,58,60
615,207,58,60
617,207,56,61
618,207,57,62
620,208,56,61
619,206,57,62
616,204,58,60
613,204,60,63
614,204,59,63
610,202,61,63
610,201,61,64
608,201,60,65
605,201,59,66
604,200,59,65
603,201,57,67
600,199,59,66
599,197,60,69
602,198,59,69
611,202,57,67
608,199,59,68
610,200,59,69
613,199,60,69
614,199,61,69
617,201,60,68
615,199,61,68
620,200,60,65
627,202,60,64
629,202,60,64
628,201,62,66
626,200,63,66
628,200,61,65
631,200,60,64
634,201,58,63
630,199,60,64
633,200,59,64
635,201,58,63
633,201,60,63
635,201,60,62
633,201,60,63
634,201,60,62
636,201,60,62
636,197,61,65
634,198,61,64
636,198,58,63
635,194,60,65
636,199,57,60
634,196,58,63
633,199,58,62
630,200,60,61
629,200,60,62
629,201,60,61
626,204,61,60
624,204,62,59
625,204,59,60
623,203,60,60
623,201,60,62
623,199,59,64
621,194,60,65
620,188,60,60
619,188,61,62
620,190,61,64
622,178,65,64
625,185,64,65
625,190,65,67
627,191,63,65
627,199,59,62
627,203,60,60
625,200,61,61
625,202,61,62
624,199,63,63
624,202,62,65
623,204,63,66
623,208,62,63
619,209,62,64
619,207,63,64
616,208,62,64
616,204,62,63
614,200,63,65
613,198,63,66
613,201,62,66
613,199,63,64
616,196,63,65
618,198,61,63
620,199,60,63
620,199,59,62
620,199,60,61
620,203,60,61
622,203,62,62
624,205,62,62
623,207,60,62
625,205,60,60
626,205,59,59
628,203,58,60
628,198,61,61
627,200,59,62
629,199,60,61
631,201,60,63
634,204,60,63
637,205,59,62
636,203,58,63
639,204,57,61
638,201,59,60
638,198,59,58
642,190,61,58
641,191,62,57
641,190,61,57
641,196,59,57
639,200,60,61
637,200,60,63
637,200,59,64
634,202,61,64
632,203,63,64
631,208,61,60
634,207,58,59
630,206,59,62
631,205,58,61
629,202,59,63
629,203,58,63
626,199,59,65
627,199,58,64
629,200,58,64
629,198,58,65
627,198,59,64
626,197,58,57
624,199,57,55
628,200,58,63
630,201,58,63
628,200,59,62
629,201,59,62
629,201,58,62
630,202,57,62
629,201,57,61
629,202,56,60
625,199,57,59
626,201,55,58
626,201,55,59
626,203,55,59
626,201,55,60
624,201,56,59
625,203,56,59
625,204,56,58
625,204,57,58
626,206,56,57
627,206,56,57
628,206,56,56
627,205,55,59
624,202,57,63
625,200,56,65
625,196,57,67
626,199,56,64
624,198,56,64
625,198,55,64
625,200,57,62
623,195,59,63
625,199,58,62
623,201,58,61
620,196,59,63
619,197,59,63
616,197,59,61
618,198,59,60
616,199,58,60
614,198,59,59
612,200,59,60
613,203,58,60
613,202,58,60
611,202,59,59
611,204,59,59
612,206,59,59
614,205,60,60
613,205,60,60
616,206,58,61
618,203,59,61
620,205,57,61
622,202,58,62
624,205,55,60
625,206,57,59
625,210,57,57
626,207,57,60
623,205,62,63
624,207,61,62
627,202,60,63
625,202,60,63
627,200,60,63
626,198,60,63
625,201,60,63
626,198,60,64
624,197,60,65
623,196,59,66
618,201,61,66
620,199,60,66
621,199,59,66
617,204,60,63
616,203,60,65
614,204,60,63
612,202,62,65
610,205,61,63
607,206,62,63
603,205,64,64
601,201,66,66
602,204,65,64
604,201,64,65
605,203,62,63
606,205,62,62
606,205,62,60
605,204,63,62
608,206,61,60
608,204,62,61
611,201,63,62
612,200,63,62
615,203,60,61
616,201,61,62
617,201,61,62
617,200,61,61
618,200,60,62
616,200,61,62
617,199,60,61
619,199,59,62
617,200,58,60
611,199,65,55
613,202,62,53
614,205,59,51
611,202,59,52
612,206,57,53
611,205,57,54
610,206,56,53
612,208,55,54
613,208,56,55
614,208,57,56
616,213,56,55
613,212,56,55
614,213,56,56
618,217,54,55
619,216,54,56
617,216,53,54
619,215,54,54
620,215,54,54
618,211,54,57
617,208,55,57
618,208,55,57
619,210,54,56
617,209,56,57
611,208,60,59
612,205,60,60
612,200,61,62
613,203,60,62
615,194,60,62
612,194,61,63
611,193,62,66
611,195,61,67
610,195,63,67
610,196,61,67
610,198,61,67
606,200,61,67
602,204,62,68
601,205,64,69
593,207,66,71
590,204,66,70
585,203,66,71
584,190,63,69
582,192,64,69
579,179,65,68
576,172,64,64
574,161,62,66
569,152,65,79
570,152,66,78
552,162,69,79
544,166,72,77
539,163,71,76
541,160,70,75
537,167,70,76
536,174,64,69
545,175,64,64
556,176,60,70
557,174,61,70
553,195,63,68
551,200,68,64
555,206,66,68
558,212,64,68
559,216,64,67
561,218,65,68
563,223,68,70
572,223,66,70
579,218,67,71
579,219,66,71
585,211,70,74
592,211,72,75
601,211,71,75
612,205,75,73
613,204,74,72
623,204,74,71
633,203,75,71
645,209,71,75
656,202,73,75
654,204,73,75
665,199,71,75
671,197,72,74
676,194,71,76
680,194,70,76
680,193,71,76
681,189,72,74
679,190,72,76
674,187,74,80
668,185,76,79
669,185,76,79
663,186,75,77
656,189,74,76
649,189,72,77
640,194,73,75
637,190,77,76
631,193,75,76
620,198,74,75
611,205,73,74
600,205,74,74
601,205,73,73
592,207,74,72
581,208,74,71
572,210,70,70
564,202,73,72
563,203,73,72
559,195,74,70
554,196,70,70
551,194,72,70
549,197,73,68
546,193,76,69
546,197,72,69
542,196,73,70
542,197,73,69
542,198,74,70
544,200,72,69
546,204,71,71
545,208,76,71
553,214,76,70
558,220,76,71
559,225,73,69
565,225,72,69
570,223,72,70
575,221,71,69
579,213,74,71
579,214,74,71
585,212,71,69
587,208,71,72
591,206,71,70
593,211,67,65
593,204,68,69
593,210,65,65
592,203,64,67
589,209,63,64
584,211,61,64
587,211,60,63
580,207,61,64
572,209,61,62
569,205,61,62
563,202,62,63
562,203,62,63
560,201,61,64
558,195,61,66
557,193,60,66
554,194,61,67
554,192,61,68
551,192,62,67
551,190,61,68
548,192,63,68
549,192,61,68
552,191,61,68
548,194,61,67
545,196,62,67
542,196,62,68
538,200,62,66
538,200,62,67
532,199,63,65
528,202,63,64
522,202,63,62
518,197,65,64
518,199,65,63
513,195,66,65
511,196,66,62
509,196,63,62
507,195,64,63
508,196,63,63
506,195,65,61
507,197,63,60
507,196,63,61
508,195,62,61
508,194,63,61
509,196,62,60
512,196,62,61
515,199,61,60
519,201,62,61
519,200,63,61
521,199,65,61
523,200,64,61
527,201,63,62
530,202,65,63
529,201,66,63
535,202,65,63
541,201,66,65
544,199,68,65
545,201,66,63
544,200,66,64
547,203,65,63
549,206,61,62
548,206,66,63
549,209,65,64
552,210,63,63
551,212,62,63
547,212,65,62
547,216,63,61
547,219,63,58
545,214,66,61
545,217,64,61
547,220,63,61
540,223,66,63
537,230,65,62
537,229,66,62
532,234,65,60
530,237,67,61
524,239,68,62
521,240,66,62
520,242,65,61
519,242,64,62
514,238,66,62
515,236,63,62
513,229,64,63
511,228,65,62
512,220,65,63
519,215,62,62
518,207,64,63
521,201,65,64
521,200,66,65
524,190,70,68
530,190,69,68
535,184,69,68
540,182,70,70
538,179,71,71
545,186,66,68
549,186,67,68
553,186,67,69
554,185,67,68
555,187,67,68
556,186,67,69
555,188,68,67
554,184,72,67
554,188,68,67
554,191,66,66
552,196,66,64
550,197,67,67
550,199,67,67
553,205,66,66
552,203,67,68
553,202,68,70
556,208,66,68
558,210,66,68
559,206,66,69
561,210,64,67
560,207,66,70
558,207,64,68
556,205,65,67
553,200,65,68
554,197,66,69
548,187,68,70
543,179,68,70
537,171,70,70
534,159,69,70
533,160,70,69
534,154,67,67
533,150,66,69
535,156,64,64
536,148,62,64
536,148,64,65
537,149,63,65
541,150,61,69
539,154,63,69
541,164,64,71
541,164,64,71
541,174,65,70
540,184,64,70
542,190,62,68
542,194,65,70
542,193,64,69
545,197,64,69
546,199,66,71
547,196,65,74
549,199,67,71
547,198,66,69
551,195,64,68
552,199,68,61
554,202,68,64
551,195,73,71
548,198,73,70
551,195,73,72
553,196,71,70
554,195,70,71
551,192,72,73
552,195,72,72
552,194,70,72
552,194,69,75
550,193,70,75
548,191,70,76
548,191,69,75
551,189,68,76
550,185,68,78
550,185,70,78
549,184,70,78
550,184,69,78
552,187,69,77
555,186,69,77
558,186,70,77
562,188,70,75
562,187,70,74
563,187,74,72
581,176,65,68
592,186,62,71
600,183,65,72
600,184,64,71
607,188,70,71
615,198,68,70
623,198,72,69
622,200,71,69
632,195,72,68
637,191,71,68
639,189,70,68
642,188,71,69
641,188,71,69
642,187,70,70
642,187,71,71
641,183,71,71
641,184,71,70
641,184,70,70
642,186,69,69
641,187,68,68
637,187,69,69
631,189,69,69
631,189,70,69
626,194,69,67
617,196,69,67
611,197,68,66
602,201,68,64
601,203,67,64
594,203,66,65
587,201,67,65
582,203,64,65
574,200,67,64
576,198,66,64
568,195,70,62
575,198,65,69
575,196,64,71
576,198,65,74
576,198,64,73
576,192,66,74
579,190,66,74
579,190,67,74
579,190,69,73
576,186,70,72
583,187,71,74
585,185,71,73
585,184,71,72
586,179,72,69
586,180,69,69
587,181,69,71
588,177,69,70
593,180,67,69
593,179,68,68
593,180,66,67
592,178,70,67
595,179,69,69
597,180,70,69
598,181,69,68
598,180,69,67
599,180,67,65
602,180,67,65
605,180,66,66
608,182,66,65
607,183,66,66
607,178,69,67
610,180,68,68
613,183,67,67
613,180,74,62
614,180,75,62
618,183,67,70
616,184,69,67
615,189,68,67
612,194,69,66
612,194,68,65
607,199,68,65
601,197,68,66
595,199,69,67
590,204,66,66
589,200,68,67
582,198,68,67
576,186,72,68
569,186,69,69
564,174,75,72
566,173,74,72
563,176,75,71
557,170,78,70
554,166,79,72
556,173,75,68
557,174,73,67
563,181,72,69
565,189,70,69
568,198,70,67
575,204,68,67
572,201,70,67
580,209,66,66
583,207,69,66
589,208,68,66
592,205,65,66
592,205,65,65
597,204,62,61
602,212,62,56
601,199,65,66
605,201,62,65
604,196,64,68
610,198,61,62
620,191,61,63
624,178,62,71
632,182,61,69
631,180,60,70
633,187,63,67
638,195,64,66
640,193,67,67
643,191,68,67
642,188,71,70
643,187,70,70
644,192,67,68
643,184,69,70
640,181,69,71
640,179,71,73
637,174,71,72
628,189,65,64
619,168,72,69
613,173,75,71
610,173,76,73
603,176,76,72
593,182,74,71
585,180,77,71
578,183,76,70
577,183,76,70
572,189,73,70
567,187,73,69
561,183,75,72
559,184,75,73
560,182,76,72
557,183,75,72
560,184,74,71
559,191,72,71
555,194,75,72
556,195,73,72
559,209,71,70
559,216,71,70
559,223,71,70
560,234,67,71
559,230,69,71
557,235,67,71
559,234,68,70
565,236,67,69
564,236,68,73
564,235,68,71
563,236,67,74
564,232,66,74
565,229,65,74
563,226,68,73
563,226,68,74
562,225,66,74
562,225,66,72
561,223,65,74
559,216,67,75
557,216,69,76
556,208,69,75
556,207,68,76
560,203,67,77
566,195,68,77
564,197,66,77
566,190,69,73
575,182,65,73
582,179,67,73
585,186,67,73
585,185,68,72
592,184,66,70
597,179,65,70
605,173,63,69
609,179,65,63
608,183,65,61
611,182,66,63
612,184,67,63
616,183,61,66
620,178,59,67
620,180,58,65
614,175,62,64
609,180,63,62
604,181,69,66
604,176,68,66
603,182,69,64
602,177,69,65
598,180,68,63
598,179,68,65
596,178,68,65
597,177,68,65
594,180,68,64
593,182,67,63
591,180,68,65
592,184,67,64
590,179,67,66
591,184,67,63
589,182,67,65
588,188,67,63
588,190,66,66
587,190,66,66
588,195,64,67
586,206,63,69
587,214,63,70
584,211,63,73
585,211,62,73
581,203,67,69
588,202,60,66
584,193,60,72
581,180,60,73
581,179,61,75
572,175,66,78
561,159,75,84
550,158,79,82
541,157,79,82
543,159,80,82
546,159,78,82
557,154,71,78
557,167,68,78
556,165,64,73
558,167,63,74
551,177,71,73
548,185,73,79
548,189,70,79
544,200,73,77
545,200,73,78
546,201,71,77
546,198,71,76
546,194,72,77
549,204,69,74
548,198,70,76
550,201,69,76
553,200,69,76
552,195,71,77
554,200,69,76
554,197,69,76
555,199,68,74
559,197,68,74
561,195,70,76
562,198,69,75
561,194,71,76
562,195,71,78
565,193,71,78
567,196,69,77
568,188,72,78
568,192,72,79
572,190,70,79
574,192,70,79
572,197,71,78
572,196,72,81
571,198,72,79
570,202,73,79
570,209,73,79
568,219,73,80
568,217,73,81
569,222,71,79
567,220,71,78
565,214,74,77
561,206,78,80
564,208,77,81
563,201,75,79
563,206,67,73
559,201,73,74
562,199,70,71
561,198,70,72
559,197,70,71
558,200,71,72
558,202,71,72
562,211,64,70
562,208,65,72
558,217,72,70
564,218,73,74
562,226,73,75
561,232,72,77
561,227,72,78
559,232,73,80
557,236,74,80
558,238,72,78
556,235,71,79
556,234,71,79
555,235,69,77
552,229,71,77
554,225,71,77
557,220,71,79
555,220,72,79
558,216,72,78
560,208,73,76
563,204,72,76
560,206,73,80
561,211,70,77
569,199,72,76
570,202,73,76
573,200,74,75
576,198,73,73
576,199,72,74
575,202,72,72
576,203,71,69
575,208,69,67
577,204,69,68
576,203,70,69
578,208,68,64
575,203,70,67
576,198,70,65
574,199,69,69
576,194,72,69
574,196,70,67
575,194,71,68
580,192,68,62
577,191,70,68
577,191,71,69
578,194,68,67
581,197,67,65
581,198,65,67
579,199,65,68
579,199,66,69
578,198,68,70
579,198,68,69
580,197,69,68
581,197,68,67
580,197,68,67
579,198,68,66
580,198,67,67
584,193,69,73
579,190,71,79
583,189,70,76
582,187,72,77
586,179,70,77
588,177,70,78
590,172,69,78
586,174,70,78
584,174,71,78
584,176,70,79
582,176,69,78
581,180,72,78
577,179,74,79
572,182,77,79
571,185,76,76
568,188,75,76
566,193,73,76
566,193,72,75
567,193,74,72
565,195,72,73
567,194,72,71
568,196,72,71
567,198,69,72
569,196,69,70
566,198,68,76
571,193,69,76
572,188,69,78
572,186,71,78
575,182,71,78
572,181,73,81
570,180,76,81
569,178,75,80
570,180,75,79
569,182,78,77
566,184,80,76
566,190,77,75
567,191,75,74
567,191,75,74
567,195,74,72
567,194,75,72
567,195,73,73
570,195,74,72
570,199,72,71
575,194,74,73
574,197,73,71
575,198,73,70
576,200,72,69
579,201,71,69
580,199,72,68
581,204,69,68
586,203,69,67
587,202,69,68
585,204,69,68
588,202,68,67
587,199,69,70
589,199,67,70
590,199,67,71
591,198,67,70
591,199,67,70
590,196,66,72
593,199,65,70
591,199,64,71
590,198,65,72
591,196,67,71
591,197,66,70
590,198,66,70
590,199,66,72
590,199,66,72
589,197,66,73
589,197,66,72
586,199,65,74
584,199,65,72
583,199,66,73
582,199,67,74
584,200,66,72
583,202,65,71
581,203,65,70
581,202,65,71
578,202,67,71
579,204,66,69
577,206,68,68
576,208,69,69
576,204,69,70
575,208,69,67
574,209,69,68
574,210,69,67
572,210,67,66
573,209,68,67
574,207,67,67
575,208,66,66
573,208,66,67
573,205,65,69
572,205,65,70
571,205,65,67
570,198,68,68
570,200,66,69
573,199,65,68
574,198,65,68
574,196,68,68
574,195,69,68
573,198,68,70
573,196,69,71
573,196,70,72
576,197,68,72
580,200,68,71
585,202,67,71
593,203,65,69
590,204,66,70
595,201,64,73
599,202,63,71
603,199,63,74
609,197,64,74
607,198,64,76
611,194,64,77
613,192,64,77
618,188,65,77
621,187,65,77
619,186,65,78
619,186,65,80
616,185,66,79
610,184,69,82
611,185,67,79
608,183,68,82
605,182,69,81
601,180,70,82
599,181,69,83
600,182,69,82
597,182,68,84
597,182,67,82
596,180,68,82
595,180,68,83
594,182,67,83
594,181,68,83
591,183,68,82
592,184,67,80
590,187,66,79
590,186,66,79
590,186,66,79
589,188,65,78
589,186,66,80
587,187,66,81
588,186,68,80
586,186,68,80
584,186,69,80
583,186,69,79
582,187,70,79
582,186,71,80
582,187,69,78
584,185,71,79
583,187,69,79
582,186,69,79
581,186,71,80
581,187,70,79
582,185,71,80
580,183,73,80
577,183,74,80
579,186,72,80
577,184,74,81
577,185,74,80
576,185,75,80
576,184,76,80
578,184,75,81
577,184,76,82
578,183,77,81
579,183,75,80
577,184,73,79
579,179,75,81
579,184,73,80
584,181,72,79
588,178,71,78
587,182,72,77
586,181,73,76
585,181,74,77
582,188,74,77
580,189,71,77
578,194,71,76
576,195,72,74
575,195,73,74
574,193,75,74
571,198,74,73
568,194,77,75
566,196,75,72
567,199,74,72
565,198,74,71
566,198,73,70
565,197,73,70
565,200,70,70
566,199,70,69
568,199,70,69
570,198,68,69
574,199,66,67
575,202,64,65
577,199,66,67
577,198,66,67
580,196,66,65
578,198,68,65
579,199,67,64
579,197,69,65
580,197,68,66
580,197,68,66
581,196,69,66
580,193,71,66
580,193,73,65
581,201,68,65
583,204,68,64
585,206,65,64
584,205,65,65
585,204,66,66
587,205,65,64
586,206,65,65
584,205,65,66
582,204,66,67
584,204,66,66
586,203,64,67
585,203,66,65
584,204,63,65
584,200,66,67
584,204,63,65
584,200,63,66
581,204,61,65
581,205,63,63
579,203,63,66
580,202,63,66
582,203,63,64
582,200,63,64
579,202,62,65
581,203,62,64
580,201,64,64
578,200,65,65
578,206,63,64
579,207,64,62
579,205,65,62
580,204,66,63
581,208,64,63
582,206,63,64
583,206,62,65
582,206,62,66
582,205,62,67
582,205,65,66
583,202,65,66
589,203,60,65
589,205,60,64
590,203,60,66
591,202,60,67
593,204,59,66
592,200,61,67
590,200,61,69
592,200,62,68
595,196,63,69
595,195,65,69
596,197,64,69
594,197,63,70
594,199,64,69
595,194,71,68
592,200,66,70
590,203,66,68
589,201,68,69
587,203,68,69
585,202,66,69
585,201,67,68
583,202,67,67
584,200,67,68
581,197,69,70
582,201,67,67
584,203,65,66
584,201,67,67
584,202,67,66
587,199,68,68
588,200,69,67
588,206,66,61
590,205,64,64
590,207,63,63
591,207,61,63
590,203,63,66
590,204,61,65
589,204,61,66
590,205,61,66
588,204,61,67
590,204,59,66
585,203,58,70
586,200,59,70
584,204,59,69
585,203,59,70
584,202,60,70
585,198,60,72
586,198,60,72
585,199,60,72
587,196,61,72
584,196,61,75
587,198,61,72
587,197,63,72
588,199,62,70
587,201,62,70
590,200,63,69
587,202,62,68
587,202,63,69
586,204,62,69
587,202,64,68
586,202,63,68
584,202,65,70
583,203,63,68
582,202,64,70
579,203,65,69
574,202,66,70
571,204,65,67
568,204,65,65
568,203,66,66
569,202,64,66
567,198,66,68
568,187,69,68
570,187,70,68
569,187,71,69
571,189,70,68
576,193,69,69
581,194,70,70
586,193,73,69
587,194,73,70
591,200,69,68
597,198,68,68
604,197,67,70
609,196,66,69
609,197,66,68
614,195,65,70
615,196,66,70
614,193,67,74
614,193,67,74
616,193,66,72
611,190,66,76
609,191,66,74
600,189,70,77
596,189,72,79
594,190,71,80
599,192,70,78
594,192,68,79
589,191,67,78
577,192,70,83
580,190,70,81
573,188,72,83
569,183,75,81
561,181,79,80
557,179,81,80
556,176,82,80
559,176,77,78
557,174,77,79
560,174,74,80
557,175,74,79
557,172,74,79
559,178,73,78
557,178,77,82
558,184,76,80
563,186,73,80
564,185,72,79
565,187,71,78
568,185,71,77
568,183,69,76
567,180,69,76
568,182,69,76
568,179,70,75
573,176,67,73
577,170,67,74
573,174,70,76
572,170,70,76
573,173,72,77
575,174,72,75
573,173,73,77
575,176,74,77
575,178,73,76
573,180,74,77
577,189,72,76
578,190,73,78
578,200,72,75
579,199,72,75
581,205,70,73
581,203,72,76
582,206,72,74
580,205,72,76
579,203,74,77
578,199,75,77
574,200,73,78
567,196,78,80
567,194,76,68
564,198,77,66
563,188,77,71
559,187,76,79
550,189,76,80
548,185,76,77
547,186,76,79
542,185,76,76
538,184,76,78
534,182,75,76
531,184,75,76
531,185,75,76
528,185,76,76
525,186,75,79
527,185,74,79
529,184,74,80
528,185,75,81
530,183,74,82
533,186,77,84
535,185,76,85
538,191,77,84
537,187,78,84
542,192,77,84
546,193,75,82
554,199,74,82
563,205,74,82
561,205,75,84
569,206,75,82
575,211,78,72
586,208,74,78
594,213,80,78
592,213,81,78
602,201,77,82
613,196,75,81
622,189,74,80
632,182,70,80
627,180,73,83
634,179,74,79
637,173,75,79
648,169,67,73
647,176,67,71
648,177,66,71
649,172,68,72
643,168,72,76
636,168,76,79
631,178,75,75
632,178,75,76
631,185,74,74
626,191,74,74
617,185,76,74
608,182,77,73
608,182,76,73
600,182,77,73
589,183,76,73
577,181,78,74
571,182,78,73
570,182,78,72
563,185,78,72
556,182,79,73
550,185,77,74
551,183,77,73
547,181,78,73
542,182,80,72
543,186,79,72
544,183,78,72
543,183,78,71
543,186,76,72
542,186,77,71
546,192,74,70
543,191,75,72
543,191,75,71
545,190,75,72
545,190,75,71
547,194,72,70
547,192,73,71
549,195,71,69
549,195,72,69
552,197,69,69
549,196,71,69
552,199,69,68
550,197,70,69
551,200,69,69
555,202,66,67
555,200,68,67
556,201,67,65
557,200,68,64
560,199,67,64
559,202,66,64
563,200,66,64
568,202,64,63
569,200,66,64
573,201,64,62
579,202,64,61
582,203,63,62
584,203,63,61
583,200,64,62
586,201,65,63
590,201,63,62
593,201,64,64
595,201,65,65
595,199,66,65
596,198,68,65
598,198,69,67
600,199,67,65
602,198,67,65
601,201,67,65
600,198,68,67
603,191,71,69
604,194,70,67
604,197,68,66
605,194,69,66
604,195,69,66
608,194,68,65
611,198,66,63
611,199,66,64
612,196,65,63
613,197,64,65
615,199,63,63
617,197,64,63
616,197,65,64
616,197,66,66
618,199,65,62
616,197,65,62
614,196,65,62
617,195,64,61
617,196,64,60
618,197,62,62
618,195,63,62
618,195,61,62
624,193,61,62
623,195,60,62
626,193,60,62
631,196,57,60
634,194,59,60
639,192,58,59
638,191,59,60
637,188,64,62
642,185,59,62
647,182,58,60
645,186,60,59
646,186,60,59
646,188,60,62
645,188,63,63
639,187,66,66
641,190,64,64
641,190,64,64
639,191,63,64
639,191,64,63
636,190,66,65
634,189,66,65
634,190,66,65
634,190,66,64
635,192,63,64
636,194,60,62
637,194,61,62
634,192,63,62
637,194,61,61
640,193,60,62
639,191,61,62
640,191,60,61
640,192,60,62
639,191,61,62
640,192,60,62
638,192,60,62
638,192,59,61
639,192,59,61
641,193,58,59
641,193,57,59
642,196,54,58
640,192,57,60
639,190,58,60
639,192,57,59
639,193,57,60
638,194,61,54
637,194,57,60
636,193,57,58
639,195,56,60
638,193,58,61
636,194,59,61
634,194,61,61
634,194,60,61
633,193,61,60
634,192,62,61
634,193,61,63
634,192,62,65
635,192,62,64
635,192,63,64
637,193,62,63
639,194,61,62
642,197,60,64
640,196,61,63
643,195,60,62
645,197,60,63
647,195,60,62
647,194,60,61
648,193,60,61
646,193,60,62
647,189,60,61
648,189,59,62
649,188,57,63
648,188,58,64
646,184,59,64
644,181,66,64
643,184,62,63
642,177,64,65
642,178,63,64
640,181,61,65
637,174,64,65
636,176,66,66
634,172,67,65
634,175,66,67
632,172,67,67
628,171,70,66
629,170,68,66
630,173,67,68
630,174,67,69
628,177,69,68
627,178,69,67
627,178,69,68
626,181,68,68
627,180,69,68
627,181,70,69
628,182,67,68
629,181,67,66
630,182,68,66
629,183,67,65
631,184,66,64
629,185,65,63
632,186,64,65
631,188,62,63
632,188,63,64
632,188,64,64
633,188,62,64
632,187,63,62
632,186,64,64
631,186,65,64
631,185,64,64
635,188,60,63
632,186,62,64
632,188,60,63
632,185,63,64
632,187,62,64
631,187,62,64
630,187,64,64
627,188,65,64
628,189,65,64
627,189,64,63
627,187,65,64
625,186,67,65
626,187,64,64
628,189,63,63
627,191,62,62
628,190,62,62
627,191,62,62
625,190,63,63
624,192,63,62
626,192,61,63
628,195,59,60
628,193,61,59
629,196,60,56
627,194,62,58
628,193,63,55
629,193,60,59
634,191,53,57
629,190,59,59
626,190,57,60
628,190,59,61
635,193,57,64
632,185,58,68
637,192,59,59
641,188,55,63
640,193,58,58
649,194,58,58
657,205,57,57
649,192,57,57
652,193,57,57
643,187,58,54
644,190,50,59
641,189,55,61
642,190,54,58
644,194,52,56
641,199,57,52
644,195,59,57
641,196,56,56
635,196,57,57
636,194,58,59
630,196,58,59
627,195,59,61
624,196,62,59
626,196,64,58
627,193,63,60
626,198,61,57
629,197,59,56
632,201,59,56
636,198,60,59
636,197,61,60
640,199,60,59
643,199,59,59
647,197,60,60
651,196,59,59
649,195,61,60
652,195,60,61
651,192,60,61
652,193,58,61
652,189,61,60
654,191,59,59
652,192,58,58
652,191,58,59
652,191,58,59
650,190,59,59
651,192,59,59
652,193,59,59
654,197,57,58
656,196,56,57
657,197,56,57
657,192,58,58
659,191,59,61
662,191,59,60
660,187,62,62
661,188,61,62
661,188,61,62
660,187,61,62
661,191,60,60
657,192,61,62
657,190,61,62
657,192,60,60
654,194,61,58
651,191,64,61
650,187,64,62
651,190,61,63
647,185,63,64
646,185,64,66
646,181,66,70
644,178,66,69
644,177,67,70
642,175,66,67
644,172,68,64
645,167,69,65
649,169,69,64
647,167,69,65
651,166,68,66
653,172,67,65
652,169,67,68
653,173,66,68
654,171,67,67
655,185,64,64
655,183,63,63
656,181,64,64
654,180,64,65
653,179,66,66
653,178,66,66
651,177,66,68
649,181,64,66
648,183,63,66
649,183,65,67
645,180,66,69
641,183,67,67
638,183,67,67
637,183,67,67
638,184,67,65
636,186,67,63
634,184,67,64
635,182,66,64
634,179,69,66
633,178,69,67
632,177,72,67
634,176,70,68
632,177,71,69
635,182,69,70
633,180,70,69
634,185,68,67
633,187,68,67
630,187,69,68
629,193,66,64
630,193,65,65
626,196,64,62
624,198,63,62
621,197,62,61
614,197,64,63
615,198,63,63
611,198,65,64
608,200,66,65
607,204,66,64
604,205,67,65
605,206,67,65
602,207,67,65
602,205,67,65
601,197,68,66
600,189,67,67
598,193,66,67
596,187,68,70
593,182,68,69
593,179,65,69
587,176,68,70
588,174,68,70
586,172,68,71
583,176,68,70
583,177,67,71
581,180,68,70
582,180,68,71
579,176,70,72
581,179,69,71
582,178,70,73
584,173,71,71
585,174,71,72
587,175,72,71
589,174,71,71
593,176,71,72
598,175,71,71
598,174,72,72
602,170,75,74
611,172,73,73
619,168,75,75
629,166,72,72
629,167,72,73
638,169,71,65
645,164,74,75
652,162,74,75
657,164,76,75
658,167,74,76
665,165,74,76
668,168,76,75
668,170,77,74
666,167,78,74
665,173,79,78
665,170,78,76
663,167,77,74
659,163,76,76
654,164,76,76
651,158,80,75
644,155,81,76
639,153,81,77
632,153,80,79
626,159,80,76
625,158,81,77
620,168,80,79
617,177,78,78
614,177,80,76
613,186,79,75
611,184,80,74
612,190,78,72
610,190,82,77
612,188,80,78
615,184,82,78
616,185,81,80
620,178,83,79
627,174,83,78
634,175,82,74
642,174,77,72
644,175,75,72
651,174,76,72
655,180,75,69
661,180,73,73
660,187,75,74
662,184,75,74
660,191,73,73
659,191,73,72
653,196,72,70
650,198,70,67
647,198,69,68
644,197,69,68
637,196,69,67
634,197,67,64
628,195,68,66
630,197,66,64
625,193,67,66
620,192,67,65
615,191,67,64
613,192,67,63
612,193,65,63
609,191,66,63
606,193,65,63
602,187,65,64
600,189,64,62
600,187,65,63
598,183,66,64
603,184,66,63
605,182,65,65
604,178,66,65
606,182,65,64
610,180,65,66
611,176,70,69
617,178,69,68
621,179,69,67
620,175,71,67
624,173,67,73
628,166,70,68
628,164,67,68
631,160,68,65
630,161,68,67
633,163,68,65
638,164,65,66
631,161,69,72
634,161,69,70
631,163,66,70
634,163,71,73
637,171,73,69
636,172,75,73
636,182,73,72
635,182,75,73
640,184,76,73
651,187,77,77
656,188,84,81
665,185,82,82
663,183,84,83
669,177,84,82
677,168,86,83
681,164,86,82
684,163,84,81
683,161,86,83
684,159,88,85
685,166,87,86
686,170,88,86
686,174,89,87
687,180,85,85
687,185,89,85
689,188,92,86
691,188,93,88
690,190,94,87
688,189,96,88
691,189,93,88
694,192,87,87
696,194,83,85
702,196,79,84
700,194,81,85
703,196,78,82
700,196,77,83
699,195,76,82
698,189,78,83
698,185,83,83
696,187,78,85
690,181,82,87
682,176,84,87
677,175,85,89
676,173,85,89
671,173,85,90
663,168,89,91
654,169,88,89
648,168,88,91
647,167,88,89
638,166,90,91
632,168,89,88
625,172,88,86
617,175,88,88
613,173,90,87
607,178,90,88
603,182,88,87
598,183,87,86
594,185,86,84
592,186,85,84
591,184,87,86
588,183,87,86
589,183,85,86
585,177,90,87
588,182,85,86
589,177,89,87
587,173,92,89
589,173,91,86
593,176,88,87
594,175,88,88
595,173,89,83
600,173,89,84
602,176,87,82
603,174,88,83
604,173,88,83
609,170,87,85
612,169,86,84
616,171,86,83
617,172,85,83
619,172,85,82
620,170,86,82
621,173,85,82
624,180,84,82
622,180,84,81
625,185,83,79
623,189,83,80
622,192,85,82
622,197,82,81
625,197,81,80
622,195,84,81
620,195,84,80
620,193,84,81
618,193,81,82
618,192,82,83
615,189,82,81
613,187,82,81
611,182,85,83
609,182,83,84
612,185,82,84
612,184,79,82
608,178,82,82
609,176,81,80
607,175,81,80
607,174,82,81
608,174,80,80
608,169,85,83
609,169,84,81
612,170,82,80
614,172,81,82
619,172,80,80
619,171,81,80
618,168,83,83
621,172,82,82
621,172,83,82
620,173,82,81
618,167,84,82
619,169,83,81
621,170,83,80
621,167,84,81
622,167,83,83
621,165,84,83
623,170,83,82
626,169,83,81
625,168,84,81
631,170,84,82
634,172,83,81
636,173,86,82
637,174,85,82
639,176,84,80
643,176,83,81
645,180,81,81
645,179,82,82
645,179,82,81
644,178,83,80
644,180,81,81
644,181,78,79
644,180,78,79
639,178,80,79
637,177,80,78
638,177,77,78
637,175,79,78
637,178,76,78
634,175,77,80
634,175,76,80
634,176,76,79
634,174,78,79
632,175,78,79
632,175,79,79
634,179,77,79
632,176,80,80
631,177,80,78
631,178,78,77
631,178,77,77
631,178,77,78
630,177,77,77
629,179,78,78
630,177,79,79
630,175,81,80
628,179,81,79
628,176,81,80
628,172,83,82
625,173,81,81
625,174,82,83
625,173,82,83
625,173,82,81
622,169,85,83
621,172,84,81
617,167,85,81
618,167,86,81
617,170,82,79
617,169,83,79
614,168,86,80
612,166,87,83
611,166,88,83
610,166,86,82
608,166,87,82
608,168,86,82
607,170,87,82
608,172,83,80
607,172,85,80
606,174,86,80
607,176,84,81
607,177,84,81
607,176,85,81
607,176,84,80
608,177,83,81
607,177,83,82
607,177,83,81
608,176,84,81
608,177,82,81
609,175,83,82
610,174,84,81
611,173,83,82
611,171,86,85
608,171,83,82
609,168,84,83
608,170,84,83
609,167,85,84
607,167,86,84
608,165,87,85
606,168,85,85
605,169,86,85
606,169,85,85
603,169,87,85
603,170,86,83
601,168,88,86
600,169,86,84
599,167,88,85
599,167,89,86
599,164,91,88
600,167,90,86
595,166,90,83
598,166,89,85
596,167,90,84
597,170,89,84
595,168,92,85
594,168,93,85
596,170,90,85
595,167,91,85
597,169,89,85
596,164,93,87
596,167,90,86
596,166,90,86
597,167,91,86
597,167,88,85
600,170,86,83
601,169,86,81
599,168,87,82
600,168,88,85
598,171,84,81
599,168,85,81
599,169,84,82
599,171,85,81
599,167,87,83
598,168,88,82
598,168,88,84
599,170,86,83
597,171,86,83
598,171,86,83
598,176,83,82
596,178,81,81
599,177,82,81
599,175,82,82
600,179,81,81
599,179,81,81
600,174,84,82
600,175,83,81
601,171,85,82
600,175,80,78
602,173,80,79
602,169,83,80
602,169,81,79
603,165,81,80
602,167,81,81
601,165,84,84
600,163,86,82
598,163,87,82
598,167,88,83
597,168,86,80
599,172,82,80
596,171,83,77
593,173,83,78
593,171,84,78
594,170,83,78
594,174,82,79
593,169,86,81
592,169,86,81
593,169,86,81
591,170,85,80
592,167,86,82
591,168,87,82
592,169,86,83
595,170,84,84
593,170,83,81
595,167,82,80
598,167,80,79
599,169,80,80
600,167,81,80
600,167,81,80
602,166,81,81
598,169,80,77
599,171,77,78
598,170,79,79
597,172,78,78
594,169,79,75
589,175,79,74
587,177,79,73
585,181,79,72
585,183,77,70
583,189,75,70
580,187,76,70
579,188,76,69
579,185,78,70
579,184,78,71
580,184,78,68
583,185,77,68
586,186,75,68
587,181,78,70
587,182,77,70
588,176,78,70
592,177,76,72
589,178,76,72
589,178,74,73
593,179,72,74
589,180,74,72
589,175,75,75
586,188,73,71
584,195,73,70
584,194,73,71
585,197,72,73
582,201,73,74
581,195,71,75
577,194,72,73
577,190,72,75
576,186,73,74
577,181,70,71
575,178,69,70
577,166,67,72
575,170,69,69
579,158,68,74
578,159,70,75
580,160,70,73
582,155,68,75
584,155,68,73
591,153,69,74
597,149,69,77
601,155,73,73
600,152,73,76
607,152,73,76
613,156,72,74
618,157,73,75
622,158,76,76
621,158,76,76
623,164,78,76
625,164,78,76
627,168,77,74
626,167,80,75
629,167,77,75
628,168,77,75
625,168,78,76
625,172,77,75
622,175,76,75
621,174,78,75
617,175,78,75
612,180,78,76
611,176,77,77
605,188,77,77
604,188,77,75
603,194,77,76
598,204,77,75
598,203,74,76
595,207,74,74
596,209,74,74
592,206,74,75
586,208,78,73
586,197,76,74
583,194,77,73
583,194,79,73
582,190,77,70
581,180,75,74
575,167,77,78
575,156,77,83
576,152,74,82
574,148,74,85
573,147,69,80
570,144,64,67
569,150,65,65
570,151,65,65
567,156,67,66
561,160,71,70
558,163,70,72
553,166,70,72
554,165,71,74
555,163,70,74
556,162,70,74
555,158,70,74
554,157,70,74
554,150,70,77
551,159,70,74
552,161,70,72
554,151,68,75
552,165,70,72
552,168,69,72
551,170,69,72
552,169,73,73
556,174,72,73
558,173,76,75
558,175,75,74
563,179,77,72
572,178,77,76
579,176,77,78
589,176,77,73
589,174,76,73
599,178,72,70
605,169,74,70
616,163,74,75
623,164,72,72
623,165,72,72
630,163,72,71
639,161,74,68
642,160,75,69
647,159,72,68
647,159,74,69
649,159,73,68
647,159,73,69
645,158,74,68
642,162,73,68
641,159,74,69
636,162,74,70
628,163,75,71
620,163,77,71
613,165,77,72
612,165,77,72
605,169,75,71
597,173,73,72
587,173,75,72
579,177,73,72
579,176,73,71
571,176,76,73
565,179,74,71
562,181,74,72
559,182,75,71
559,182,75,72
556,184,78,73
556,185,78,74
561,189,76,75
566,196,74,76
567,195,74,76
571,201,75,75
574,207,78,73
587,213,75,72
594,212,75,72
594,211,74,71
602,211,74,70
604,207,73,73
608,203,72,72
612,202,70,73
612,202,71,72
616,201,70,70
619,202,68,68
619,196,66,70
617,192,67,71
619,191,65,71
614,193,65,66
611,193,66,67
606,192,67,69
604,189,66,74
605,193,65,72
597,192,67,73
595,187,70,79
594,190,68,76
594,192,69,75
594,191,67,73
596,198,67,71
603,197,64,71
608,203,64,66
612,200,65,69
611,200,66,68
618,205,65,68
625,206,65,67
631,206,67,67
638,205,66,67
637,208,66,65
644,203,69,67
646,204,67,65
651,204,65,62
650,200,66,63
649,197,68,66
650,197,66,65
656,197,65,65
655,199,66,68
651,202,68,70
652,203,67,69
651,205,68,70
650,205,68,69
651,204,69,69
650,199,70,68
649,199,71,69
645,195,73,71
647,191,71,71
647,188,70,72
646,184,70,74
646,183,71,75
644,183,71,75
642,183,71,75
637,188,72,75
636,189,71,75
636,190,71,74
637,194,69,75
633,195,72,75
632,196,72,75
632,196,72,74
631,195,72,74
632,198,73,75
632,195,75,78
634,195,76,78
631,196,79,77
633,196,78,78
635,198,75,76
635,199,75,77
637,199,76,78
638,200,77,78
637,200,77,77
641,201,76,77
641,202,77,78
644,203,76,78
646,204,74,75
646,204,73,76
651,209,70,71
650,209,71,71
654,209,70,71
654,206,71,71
653,205,71,71
654,207,71,70
655,205,71,71
655,203,72,73
655,198,72,73
654,199,73,73
654,199,73,73
650,194,73,76
644,190,74,77
641,188,76,78
641,189,75,77
638,190,74,75
634,192,74,75
629,195,74,73
626,203,72,70
625,203,72,70
622,210,71,70
618,217,71,69
613,223,71,69
611,228,70,67
610,230,68,66
609,230,70,67
610,233,69,62
610,232,68,62
605,228,69,62
607,231,68,60
604,225,68,61
604,221,68,61
603,215,67,62
605,209,65,62
605,209,65,61
604,200,65,64
602,193,65,65
601,185,67,67
603,178,67,67
602,178,66,65
605,174,66,65
609,175,64,65
613,171,66,65
616,173,67,66
616,173,68,67
626,175,64,65
632,178,67,66
641,180,66,64
648,184,65,64
648,184,66,65
654,183,66,67
663,191,66,64
669,191,66,62
672,193,66,60
671,192,66,60
673,196,61,57
674,190,64,60
668,186,66,62
663,183,65,64
663,180,67,64
656,181,65,60
650,179,68,62
641,180,66,65
641,180,67,65
632,180,66,66
629,186,64,64
617,192,66,65
612,195,67,64
611,195,67,65
608,202,66,65
605,209,67,64
603,214,66,65
605,214,66,65
604,214,66,65
608,212,66,65
612,210,67,65
618,204,66,65
626,196,67,65
627,199,66,63
638,192,65,68
645,190,67,69
657,188,67,71
669,186,66,71
670,187,66,71
678,185,69,71
687,185,70,67
693,191,68,68
697,191,69,70
698,193,67,72
703,198,68,70
707,205,68,66
706,205,71,70
705,212,68,69
706,215,66,68
702,217,67,69
698,216,66,72
689,208,69,67
676,202,67,67
677,203,66,69
666,194,69,69
651,188,69,71
639,185,69,69
627,183,71,67
628,182,71,67
619,181,70,66
609,181,69,66
603,179,69,66
597,179,69,67
598,177,71,67
597,178,70,67
597,180,67,65
599,184,67,64
605,186,68,64
604,185,69,67
607,192,70,67
614,191,71,71
617,195,72,69
622,196,74,70
622,195,75,70
624,195,73,71
627,192,71,72
628,190,71,73
627,190,70,73
628,190,70,73
630,189,69,74
629,186,71,74
626,186,70,73
623,186,71,74
623,184,71,74
619,183,73,75
616,183,71,75
609,182,73,76
602,182,74,73
605,183,72,75
599,184,72,73
595,185,72,74
591,185,72,72
589,185,72,72
590,184,73,73
588,186,72,72
588,182,72,75
588,179,73,75
592,179,73,76
591,179,74,76
594,179,72,75
592,178,75,75
594,179,75,77
596,178,75,74
597,180,74,75
594,174,79,75
598,179,75,76
598,179,75,75
599,176,75,73
599,175,75,72
600,177,76,70
598,174,78,72
597,173,75,72
596,173,78,72
596,172,78,73
594,171,77,73
593,170,79,73
592,171,78,73
593,172,77,73
593,171,77,73
593,172,77,74
591,169,76,74
589,170,75,74
586,168,73,73
587,165,74,72
586,166,74,72
583,163,81,69
585,163,75,72
584,164,76,73
585,164,75,71
585,166,75,71
585,165,76,73
583,166,77,74
584,162,77,75
584,163,75,75
586,162,77,74
586,164,76,71
584,166,77,73
584,169,76,74
584,170,77,73
587,168,76,72
589,168,77,71
590,172,76,69
590,173,77,67
590,172,77,67
590,167,82,69
592,169,76,72
597,173,73,71
597,171,74,71
597,170,75,71
599,172,74,71
600,172,74,70
599,170,75,72
599,170,73,71
600,169,74,70
598,171,74,71
596,167,81,72
600,169,74,73
599,170,74,73
599,168,75,74
596,168,77,76
596,165,77,76
596,166,76,75
594,164,78,77
592,164,79,77
593,163,77,77
595,169,76,75
598,170,72,72
597,171,73,71
598,166,74,72
595,166,75,72
598,169,72,70
599,167,72,70
600,164,73,71
599,165,74,72
597,168,74,73
599,166,75,72
597,167,77,73
601,169,75,72
604,169,73,72
603,165,75,74
606,168,73,74
606,165,75,73
606,162,76,73
607,161,76,73
608,167,78,67
606,162,75,74
607,161,74,76
608,162,74,75
606,157,78,76
606,160,75,77
602,157,78,76
598,162,78,70
592,160,80,77
592,161,80,76
587,162,78,74
580,159,81,75
580,155,76,77
577,155,78,77
577,156,77,77
572,154,80,75
571,155,80,74
569,153,81,75
570,157,82,73
572,154,80,72
576,155,74,70
574,158,79,75
574,166,81,73
577,160,83,79
578,159,82,77
582,161,79,76
586,164,81,77
591,164,79,77
599,167,77,74
600,166,78,74
609,172,75,73
615,172,76,72
623,173,73,75
631,179,74,72
634,181,73,70
639,186,72,71
642,188,71,70
642,187,74,71
642,190,73,69
643,189,73,70
641,188,70,70
637,181,71,71
634,178,73,72
632,177,73,73
632,178,72,72
627,172,74,71
632,173,72,74
622,172,75,74
620,172,74,73
624,172,73,73
620,176,71,74
617,175,74,74
615,181,72,74
614,183,73,75
616,183,74,74
616,188,72,72
616,188,73,72
615,192,71,69
618,193,72,70
616,191,74,71
621,194,73,69
624,191,71,72
628,188,73,71
635,181,76,73
635,184,72,72
641,178,72,71
650,172,72,72
655,168,71,72
660,168,68,71
663,171,67,69
668,167,68,71
675,172,67,67
680,172,66,67
681,176,68,65
682,177,66,65
685,180,66,64
687,179,67,69
685,181,69,70
685,189,71,68
687,190,70,68
693,199,65,67
693,195,69,67
698,196,68,67
696,195,70,67
701,192,70,67
705,192,68,68
711,196,65,66
713,193,67,67
713,192,68,68
718,194,66,66
721,190,67,67
727,189,67,64
730,189,65,65
730,187,67,66
733,183,67,67
739,183,67,66
746,178,67,67
751,179,68,66
752,182,67,65
755,176,69,66
762,176,70,68
767,179,67,65
770,179,67,65
772,180,67,64
770,177,68,65
774,173,66,67
771,170,66,67
771,164,67,68
771,163,67,69
766,165,69,73
765,164,69,71
763,168,69,73
764,161,72,74
764,164,71,71
764,172,71,73
766,175,72,73
772,181,70,70
776,180,70,74
775,181,70,73
779,183,71,74
784,187,73,78
791,191,73,75
799,196,73,76
799,193,74,77
805,197,76,76
812,196,76,72
817,196,75,72
822,196,74,69
819,194,76,70
821,196,72,69
819,190,73,72
815,185,73,74
809,181,74,76
813,185,72,72
806,183,71,73
799,182,71,72
794,180,73,73
787,185,72,68
787,183,73,70
778,183,74,72
767,188,72,69
756,191,73,67
746,190,74,69
746,193,73,67
735,193,74,68
726,189,74,69
722,191,72,69
712,187,72,69
713,188,71,69
706,187,72,69
698,185,72,69
697,186,70,68
693,187,69,68
692,186,71,69
694,190,69,66
693,191,68,67
693,189,69,68
694,187,72,69
695,188,71,69
695,188,69,67
697,185,70,69
695,184,69,68
699,183,70,69
698,184,70,68
702,186,68,67
700,181,70,71
703,180,69,70
702,181,69,70
703,184,68,69
702,184,69,69
701,181,70,71
700,180,70,71
699,179,71,71
697,180,71,70
698,182,69,68
695,181,71,69
697,182,72,66
696,180,71,67
696,180,71,68
695,180,70,67
693,180,71,65
691,180,72,66
690,179,72,68
690,181,71,68
690,182,70,67
689,182,71,67
687,182,71,67
686,182,70,66
687,183,69,66
686,183,68,65
688,186,65,63
687,186,64,62
688,184,67,64
687,183,68,64
691,184,66,64
694,186,66,63
692,186,65,64
694,187,65,63
694,186,66,64
695,187,66,62
696,186,67,63
696,190,65,60
696,187,65,63
697,189,64,61
694,187,65,64
697,189,63,62
698,190,62,60
696,189,64,61
697,189,65,62
696,191,64,59
694,186,65,63
694,186,64,62
688,181,68,63
689,181,69,63
688,179,65,64
683,179,62,62
677,178,61,62
670,177,59,61
669,179,58,59
664,177,56,59
658,181,54,58
641,182,61,59
632,178,66,70
632,178,67,70
633,178,64,69
633,179,65,69
634,177,66,69
634,180,66,68
631,178,66,71
632,178,68,71
633,178,66,71
634,181,66,71
634,179,68,71
634,180,67,72
634,179,66,68
631,178,68,67
630,176,69,70
633,177,67,71
632,176,69,72
632,178,69,74
633,175,70,75
634,175,72,75
636,175,71,75
635,171,74,76
635,173,74,75
638,174,72,73
639,173,73,74
639,173,74,75
639,172,74,74
640,173,73,77
642,174,73,76
645,172,76,73
641,170,78,75
641,170,78,75
643,170,78,76
643,170,78,74
642,170,81,73
643,169,81,72
642,165,82,74
647,161,80,76
649,161,77,75
648,155,77,78
645,158,79,76
647,160,77,75
652,160,73,75
648,165,76,75
644,166,77,77
636,169,82,81
638,165,82,82
630,177,83,76
623,178,85,81
621,182,84,81
623,178,79,82
624,180,78,81
620,173,81,80
619,175,78,77
614,167,84,80
611,167,83,77
613,171,80,76
608,169,81,80
610,170,82,79
610,168,83,80
611,168,84,81
610,168,84,81
612,168,83,81
612,166,84,80
615,166,84,80
619,166,83,79
618,167,83,78
620,165,84,80
622,161,87,81
625,163,86,80
623,160,89,80
623,162,87,78
625,162,88,78
629,164,88,79
631,168,86,80
633,173,85,80
635,171,85,80
638,180,81,77
642,187,79,74
640,189,80,76
641,196,79,75
642,196,78,75
644,195,80,77
646,199,78,75
647,196,80,76
648,197,78,75
648,197,79,74
650,198,76,72
653,194,76,72
655,194,73,70
653,189,74,70
652,193,71,69
652,188,72,70
644,182,76,75
643,179,76,73
636,171,81,76
638,172,81,76
636,169,75,77
642,169,64,70
645,172,62,67
645,172,64,70
645,172,64,70
651,159,68,82
653,159,72,82
658,161,68,76
661,170,75,81
659,168,76,82
662,177,84,74
671,177,84,78
678,177,84,78
677,178,84,79
685,177,84,79
689,177,83,81
697,175,83,80
700,175,86,78
701,175,85,78
700,177,91,71
700,178,88,68
701,167,81,81
707,160,83,83
710,157,84,84
713,156,86,86
706,148,97,76
713,167,74,74
711,162,89,83
709,161,90,84
701,152,99,90
698,157,94,88
695,159,92,89
691,160,96,88
693,161,96,87
685,159,97,89
679,164,93,86
672,158,95,89
667,162,91,88
667,163,92,87
664,167,87,86
654,165,91,88
649,168,91,87
645,170,91,88
644,172,90,86
641,175,89,88
637,176,88,88
636,180,85,84
637,181,81,81
639,182,81,81
638,181,81,78
640,179,77,79
640,180,75,77
639,176,76,76
641,174,78,77
641,177,75,72
646,176,73,72
646,179,72,69
645,176,74,70
647,180,72,68
647,178,72,67
646,180,70,69
645,178,72,69
647,178,73,68
648,181,70,67
651,181,69,68
651,183,67,67
650,183,67,68
652,177,67,69
652,179,66,68
651,174,69,67
652,173,69,67
650,169,72,69
645,172,72,67
646,173,72,67
643,173,73,72
641,174,73,75
636,171,75,77
636,164,76,76
638,162,77,78
635,167,74,70
638,152,78,70
642,157,70,73
631,157,79,82
633,159,79,82
637,159,75,80
634,161,79,80
639,161,77,73
636,166,75,67
637,165,74,67
639,159,74,74
635,163,81,79
638,169,77,78
635,167,79,80
635,168,78,79
634,177,75,75
633,174,76,76
633,171,77,78
633,171,78,75
634,174,76,74
632,169,79,73
629,169,79,73
630,169,80,74
632,171,77,72
631,170,77,72
634,176,77,73
637,177,77,71
638,179,75,74
637,180,76,73
638,184,73,71
638,181,74,73
640,179,74,74
645,182,72,72
646,181,73,72
645,182,72,71
647,184,70,70
648,183,70,70
648,184,69,69
650,184,69,68
649,183,70,69
649,183,69,69
650,182,71,69
654,183,68,68
654,183,69,67
655,183,69,67
657,185,67,66
660,186,68,66
664,188,67,65
666,186,67,67
665,186,67,67
667,182,69,70
669,182,68,69
676,180,69,71
678,179,71,71
678,179,70,71
683,177,73,68
684,176,78,69
689,175,81,68
694,172,80,70
696,171,80,71
698,173,78,64
704,170,78,67
705,168,79,70
710,167,79,72
710,168,80,71
712,168,78,72
712,165,81,76
710,163,84,78
708,161,84,81
708,160,83,81
706,161,83,81
699,163,83,81
695,162,83,81
688,162,83,79
686,159,86,81
680,161,85,80
670,161,86,84
659,161,86,83
655,163,84,82
654,164,84,83
645,167,86,85
638,168,85,86
632,167,85,85
630,172,80,81
628,169,83,82
623,168,81,83
621,165,83,82
620,166,82,81
622,167,82,80
621,164,84,81
621,166,82,81
621,165,82,80
625,165,82,82
626,170,86,74
627,173,84,71
637,166,79,75
643,168,80,75
645,171,77,70
653,173,79,72
653,178,77,69
657,176,80,78
659,173,83,78
663,177,81,78
665,180,77,77
663,177,80,80
664,178,78,80
665,183,74,75
663,185,71,74
664,187,69,70
662,185,70,71
662,186,69,69
661,187,66,68
658,184,67,68
658,186,65,65
657,185,66,66
656,187,66,65
654,189,64,63
652,188,64,65
653,190,60,64
652,188,60,65
650,188,64,65
651,188,64,63
649,188,65,63
650,190,63,63
650,189,63,63
651,187,62,66
652,184,64,66
648,187,62,64
644,181,65,65
645,182,63,64
639,181,66,64
633,180,65,63
632,184,62,63
628,182,66,63
629,185,65,62
627,184,67,64
625,184,65,62
621,186,65,62
620,187,66,62
620,186,67,64
620,189,67,64
623,194,67,64
625,203,66,63
629,204,66,64
629,203,69,65
633,206,69,66
638,202,71,68
645,201,71,68
647,198,72,69
647,197,72,69
650,193,70,72
652,190,67,73
650,190,65,70
647,185,64,72
647,186,65,72
642,186,63,67
637,185,64,68
631,187,64,68
624,186,65,68
624,187,64,67
617,184,64,67
612,187,65,66
606,188,65,65
604,188,65,67
604,187,65,67
599,189,66,67
599,188,66,68
601,185,69,71
601,187,72,72
602,186,72,72
605,191,71,71
606,187,73,74
610,191,75,74
616,194,73,75
617,194,72,75
615,200,74,74
616,202,75,74
617,206,74,72
617,204,75,69
618,209,72,67
616,205,72,66
616,204,69,66
610,196,70,66
603,190,69,66
603,190,70,67
600,188,68,68
594,185,68,71
593,184,69,74
593,184,69,75
583,179,74,73
576,179,75,74
575,182,75,73
567,181,76,74
570,183,74,72
566,179,77,72
565,179,77,71
565,173,77,76
566,171,75,77
567,173,74,76
567,169,75,77
565,161,75,80
566,162,72,77
567,165,71,75
566,164,71,74
567,166,71,75
564,165,75,78
564,170,74,76
561,172,76,75
562,173,75,74
558,173,77,77
558,179,77,74
557,179,77,73
557,182,77,73
554,179,77,74
555,173,79,74
557,168,77,75
557,154,78,75
563,145,74,73
564,149,73,71
571,161,70,75
575,156,72,73
574,144,73,76
571,157,76,75
571,156,76,76
573,152,77,76
568,160,80,74
568,170,81,75
570,183,80,76
569,182,80,76
571,193,81,76
575,203,82,77
578,210,82,76
581,211,83,79
583,215,80,76
585,214,80,76
588,212,81,76
590,212,78,75
592,210,76,74
593,209,76,73
590,203,81,73
593,205,76,71
592,199,73,75
593,191,75,81
593,190,75,81
592,194,73,78
590,195,72,76
583,196,77,75
581,201,72,73
582,200,72,72
578,197,72,77
574,194,74,80
571,182,75,82
576,176,71,74
575,175,72,74
570,163,73,83
561,156,78,84
568,143,76,77
567,143,74,74
563,145,74,74
551,142,74,74
532,152,74,74
536,150,76,76
543,154,76,76
540,153,78,78
543,166,79,79
556,169,79,79
565,181,80,80
572,187,78,79
570,180,81,78
578,190,79,82
579,192,81,83
580,195,81,80
578,197,85,83
580,198,82,82
580,202,77,77
581,206,75,76
575,205,78,77
571,206,77,77
573,203,78,78
566,201,80,80
564,209,76,76
553,197,81,80
548,192,78,79
549,196,77,77
547,189,76,79
537,182,79,81
533,178,77,80
528,180,75,78
527,175,77,79
517,180,78,77
516,172,79,79
511,172,78,78
511,177,76,75
512,177,76,74
513,176,76,73
515,176,76,72
518,175,77,72
522,177,76,70
521,179,74,70
524,176,75,71
531,174,75,69
535,172,75,68
539,169,77,70
538,172,76,71
543,171,75,71
545,170,81,70
549,172,75,70
552,174,74,72
552,174,75,72
554,180,74,72
558,179,74,71
562,184,72,72
564,184,73,73
565,188,73,72
565,186,76,74
568,186,76,76
571,189,76,75
571,189,74,74
573,192,73,72
567,191,75,73
563,188,76,72
557,183,79,75
548,176,78,74
549,179,80,74
539,177,78,73
530,171,79,73
519,166,80,73
510,164,78,74
511,165,79,73
505,162,79,72
501,160,79,72
499,158,77,70
501,156,77,71
500,155,78,71
505,155,77,71
506,154,77,72
509,154,77,72
519,156,76,70
519,157,77,72
527,156,79,73
540,158,78,71
548,162,78,72
558,165,78,73
559,166,78,71
570,168,78,71
578,169,78,70
585,169,77,69
591,171,76,69
589,172,75,71
596,167,74,70
600,167,72,71
601,167,72,74
603,168,70,72
603,164,70,75
602,168,69,70
598,164,68,73
595,169,69,70
591,170,70,69
589,168,71,71
584,173,72,69
580,176,70,68
575,181,69,66
574,176,69,68
573,179,69,68
572,175,69,68
570,178,68,69
568,176,68,67
569,170,67,70
569,170,68,70
570,163,72,74
573,172,67,66
573,172,70,70
577,173,73,71
577,172,73,72
583,170,72,73
586,174,72,74
593,172,74,72
595,174,73,72
596,175,74,72
599,176,73,73
600,179,76,74
597,187,76,73
596,191,77,73
595,193,76,73
593,194,77,73
591,194,76,72
588,193,74,72
583,194,73,71
586,197,72,69
577,192,73,72
575,193,72,72
567,191,74,72
563,191,74,71
563,192,73,70
561,191,73,70
558,194,71,70
555,195,70,69
550,198,70,68
549,194,70,68
548,200,68,66
549,199,65,65
545,204,66,63
543,203,67,64
543,204,66,63
544,206,64,63
545,209,64,62
544,212,64,61
546,210,64,62
547,210,64,62
549,210,65,62
558,211,62,60
562,210,63,61
567,208,63,61
569,211,60,58
572,208,62,59
582,205,61,59
587,196,62,61
595,193,61,61
596,194,62,60
600,190,63,63
609,186,64,66
609,183,65,63
615,184,65,63
615,182,66,65
618,184,66,64
623,182,64,68
625,181,64,68
625,178,64,67
625,175,65,68
625,176,64,67
623,179,63,66
620,186,62,65
613,194,64,66
612,193,66,67
608,197,64,66
605,197,65,67
600,191,66,68
599,191,67,68
597,186,67,68
592,181,67,68
589,178,68,68
588,177,68,69
587,175,69,69
583,176,67,67
581,176,69,68
580,172,67,69
577,171,68,69
576,170,68,69
573,172,68,68
572,169,70,70
569,171,70,70
568,172,70,69
568,169,70,69
567,171,70,68
564,170,71,70
563,174,70,70
564,177,71,70
565,178,70,70
564,179,69,71
565,180,68,71
562,182,69,71
561,181,70,70
562,183,69,69
561,183,69,68
558,184,69,69
558,185,67,67
556,186,67,66
555,184,70,67
553,186,69,66
553,189,66,64
551,190,66,64
549,190,66,64
551,192,66,65
551,192,65,64
550,192,64,63
550,193,64,63
550,194,63,62
549,192,64,63
549,189,64,64
551,191,63,63
553,192,62,62
553,192,63,62
551,190,64,63
556,191,63,64
558,194,63,64
561,197,62,64
563,194,60,65
564,199,60,62
563,196,62,63
561,192,63,63
559,193,62,62
557,194,62,60
557,193,62,60
559,192,62,62
556,191,62,63
553,191,62,64
551,195,62,62
550,193,64,64
549,192,63,62
546,189,66,64
544,189,66,64
546,191,64,64
545,190,65,64
544,188,67,65
543,186,68,65
544,190,66,64
542,190,66,63
542,190,66,63
543,191,65,64
542,192,66,65
543,191,65,63
544,190,65,64
545,191,64,63
547,192,64,64
549,190,67,66
555,191,65,64
558,190,65,65
559,194,64,63
563,192,66,64
574,190,64,68
578,190,67,72
582,193,68,71
583,194,67,70
588,196,66,69
591,199,64,68
593,201,64,66
595,204,61,64
594,202,62,66
592,202,63,66
591,203,62,64
586,202,63,65
584,196,64,63
583,196,63,64
577,193,67,62
573,186,71,64
573,188,69,61
573,189,67,60
570,186,68,61
569,191,65,59
571,198,62,61
570,198,63,64
570,203,65,64
569,201,66,65
569,206,66,63
570,210,68,61
572,212,69,62
573,213,68,64
573,215,67,63
573,217,67,62
571,216,67,64
572,215,66,63
569,210,66,65
570,212,64,63
566,207,63,62
559,197,64,64
554,187,64,63
550,180,65,64
550,178,65,65
548,171,65,65
547,168,65,65
546,168,66,66
545,167,66,69
545,165,68,71
543,169,66,71
544,174,65,69
545,182,65,68
547,187,68,70
547,190,67,68
547,197,67,68
549,204,68,68
555,208,67,69
559,212,65,69
559,213,65,68
563,214,66,68
568,216,65,66
566,212,69,70
571,213,65,68
572,213,65,68
573,213,65,67
572,210,70,69
572,208,67,70
573,206,67,70
574,208,67,68
576,207,68,67
578,205,68,67
579,201,70,68
580,199,69,68
580,201,69,67
582,197,69,67
585,193,70,67
586,190,70,67
587,190,70,66
586,187,72,68
585,183,75,70
587,183,74,69
587,182,75,70
587,189,72,67
587,188,72,67
586,193,73,68
584,200,74,70
582,209,73,71
581,219,73,71
580,214,74,72
583,225,71,69
581,229,70,67
581,229,70,66
582,229,68,64
582,228,68,65
582,225,69,63
582,219,67,64
578,208,69,68
578,195,75,69
578,194,75,69
578,182,73,70
576,169,75,68
576,158,66,71
579,157,65,68
579,153,66,68
579,154,65,69
582,152,70,71
586,158,77,71
590,171,72,72
593,171,73,72
594,184,72,71
596,190,74,72
600,199,72,75
603,204,75,75
604,206,73,74
610,209,75,74
613,212,76,74
614,208,78,74
617,205,78,74
616,207,76,73
615,195,81,75
616,192,78,76
615,185,77,79
612,181,78,82
613,179,78,82
608,177,78,79
607,175,77,79
606,176,74,76
597,173,76,75
598,173,76,76
594,175,76,75
592,178,76,75
592,181,76,76
593,182,76,78
592,183,76,78
593,189,75,77
598,191,75,79
602,197,73,78
605,194,74,78
608,195,73,79
610,196,73,78
613,198,72,77
614,198,72,77
617,198,72,74
619,197,72,76
619,195,71,76
615,189,76,73
617,187,71,74
614,182,71,74
612,182,72,75
610,180,72,74
610,173,70,75
602,166,73,76
605,171,71,74
603,163,75,77
604,165,73,76
606,162,73,77
608,161,77,78
613,167,69,73
611,167,71,74
618,168,68,70
612,168,72,74
617,174,77,76
613,171,78,79
614,174,78,78
612,167,82,78
613,178,82,71
613,175,87,71
613,170,88,74
608,169,94,75
607,167,95,76
618,170,86,75
623,175,81,73
614,175,89,74
618,177,85,73
612,173,89,75
612,175,88,74
611,177,89,73
612,174,89,76
606,170,97,77
611,167,97,77
612,167,93,77
614,170,88,76
613,170,89,76
610,165,97,80
612,169,96,79
617,170,92,80
613,174,93,80
611,172,95,82
604,167,102,92
609,173,85,85
611,170,87,88
611,165,82,96
614,164,81,98
615,169,78,95
607,164,90,96
608,173,87,86
607,167,91,92
608,173,85,86
607,172,88,85
614,182,82,81
609,179,94,82
611,186,88,83
608,181,91,86
612,186,96,90
618,187,87,87
622,189,85,86
621,189,85,81
621,189,86,82
626,188,84,83
630,192,83,80
631,187,88,84
632,187,89,83
634,187,88,84
634,184,90,86
633,183,89,85
636,182,85,83
638,178,84,81
637,180,82,78
643,171,81,84
645,170,81,80
647,169,81,83
645,167,87,86
648,169,85,85
