1.000000
0.308079
0.303664
0.263473
0.391696
0.243787
0.366150
0.332767
0.231252
0.352845
0.343153
0.346948
0.367770
0.303419
0.313926
0.227525
0.294456
0.225670
0.119982
0.110872
0.129910
0.080217
0.092707
0.075672
0.083322
0.146523
0.139805
0.137351
0.287472
0.179898
0.155511
0.129553
0.079443
0.061202
0.280113
0.127983
0.057389
0.205505
0.044443
0.137542
0.225454
0.095423
0.238784
0.154700
0.103104
0.124494
0.196872
0.069952
0.117961
0.066036
0.056707
0.063649
0.081914
0.138024
0.124902
0.103671
0.100990
0.091239
0.117715
0.056383
0.040578
0.054778
0.038216
0.088289
0.052353
0.072687
0.066402
0.054754
0.115536
0.160325
0.091362
0.057292
0.207390
0.289598
0.184939
0.101760
0.044263
0.061817
0.210170
0.078317
0.470625
0.083135
0.116642
0.085664
0.105922
0.101557
0.103571
0.117846
0.146498
0.096223
0.114486
0.071630
0.266880
0.049007
0.053171
0.039833
0.085558
0.047408
0.095665
0.054736
0.049544
0.109073
0.094944
0.106414
0.098576
0.078589
0.074968
0.097970
0.097324
0.116559
0.113953
0.093471
0.118994
0.079408
0.102605
0.252525
0.105765
0.101838
0.083067
0.112573
0.085338
0.238373
0.053477
0.069547
0.171891
0.273057
0.075256
0.103579
0.087762
0.077823
0.094127
0.073663
0.070757
0.046984
0.133576
0.133867
0.123432
0.128736
0.122298
0.115905
0.093439
0.059234
0.090792
0.084216
0.101151
0.084765
0.161583
0.119434
0.104235
0.083666
0.146570
0.131649
0.116252
0.081952
0.103499
0.119205
0.124351
0.058705
0.055813
0.069948
0.049570
0.085831
0.093092
0.099215
0.147306
0.085975
0.069240
0.114799
0.123675
0.089175
0.054557
0.208276
0.090253
0.081643
0.350300
0.071000
0.129821
0.126351
0.092037
0.068492
0.112913
0.074467
0.070178
0.080411
0.080638
0.064311
0.105568
0.078552
0.115108
0.108018
0.086696
0.078132
0.116488
0.096124
0.116742
0.094388
0.106653
0.102535
0.117637
0.250772
0.084047
0.090407
0.252453
0.094723
0.099477
0.086942
0.116700
0.160230
0.104947
0.110179
0.090950
0.065821
0.217265
0.094050
0.223580
0.106672
0.081819
0.099612
0.091228
0.069032
0.105189
0.092448
0.111553
0.071645
0.081142
0.419655
0.083247
0.079318
0.159708
0.081176
0.085553
0.186900
0.088996
0.092262
0.085195
0.096627
0.145509
0.077015
0.082555
0.353960
0.084181
0.106764
0.085404
0.232301
0.120944
0.086486
0.087335
0.126118
0.096447
0.106073
0.136997
0.235011
0.076756
0.100624
0.112818
0.193145
0.095381
0.118088
0.141281
0.082371
0.106723
0.089027
0.121436
0.064084
0.063663
0.058395
0.210187
0.070771
0.048936
0.155613
0.133108
0.138257
0.089118
0.075462
0.058621
0.051157
0.048872
0.106988
0.121669
0.162212
0.090501
0.079513
0.057676
0.069099
0.046925
0.100687
0.156412
0.369783
0.137461
0.106432
0.111020
0.102684
0.123240
0.093391
0.108122
0.278082
0.110374
0.136805
0.131780
0.141654
0.120821
0.073331
0.076708
0.117919
0.090590
0.342841
0.153943
0.104348
0.116588
0.175475
0.085927
0.102210
0.179743
0.102094
0.098138
0.143695
0.100407
0.104566
0.063785
0.052214
0.162102
0.287566
0.060785
0.051615
0.192439
0.118018
0.112179
0.135004
0.057524
0.242396
0.071475
0.098075
0.210814
0.054418
0.145003
0.232136
0.087788
0.134779
0.045351
0.065657
0.141619
0.253636
0.060738
0.035450
0.199906
0.065186
0.134779
0.133728
0.073631
