1.116524
0.097444
0.084423
0.007997
0.008622
0.007004
0.009014
0.009017
0.009366
0.014307
0.015023
0.045638
0.025576
0.015529
0.015947
0.010015
0.009022
0.013040
0.009017
0.008006
0.010011
0.010017
0.030049
0.017057
0.011038
0.011536
0.013030
0.014032
0.013966
0.014981
0.014960
0.012037
0.014016
0.027454
0.016023
0.019544
0.011020
0.008506
0.008525
0.008524
0.014030
0.012955
0.014034
0.008018
0.053617
0.010013
0.011524
0.012019
0.014029
0.012531
0.009025
0.007509
0.014021
0.008506
0.008864
0.030518
0.012014
0.009018
0.009030
0.010025
0.009027
0.011990
0.014523
0.011032
0.014551
0.015034
0.037575
0.012009
0.008012
0.009017
0.014452
0.010022
0.013054
0.011582
0.008012
0.009522
0.010513
0.060166
0.015019
0.014030
0.015031
0.014053
0.012016
0.012524
0.013404
0.009517
0.010020
0.013532
0.047145
0.010537
0.008004
0.013016
0.012966
0.015022
0.014556
0.017566
0.010018
0.007890
0.008519
0.027048
0.010528
0.008012
0.009004
0.014015
0.013546
0.015048
0.014040
0.009531
0.013530
0.014016
0.049953
0.014542
0.009316
0.008510
0.007514
0.008577
0.007014
0.007020
0.008007
0.008514
0.011523
0.058600
0.015536
0.008012
0.011023
0.007512
0.009016
0.008009
0.014010
0.012525
0.016051
0.014010
0.036597
0.010023
0.015532
0.011970
0.012014
0.013525
0.012016
0.012018
0.015522
0.008512
0.012025
0.031388
0.014020
0.011512
0.011393
0.008777
0.010508
0.012030
0.009017
0.008005
0.008515
0.009012
0.027559
0.013037
0.009012
0.009558
0.015523
0.010024
0.015031
0.013537
0.013532
0.015075
0.014019
0.049664
0.010551
0.013412
0.013523
0.008013
0.010632
0.008967
0.010508
0.012047
0.010010
0.007518
0.013025
0.009019
0.015645
0.050306
0.010012
0.007499
0.007573
0.007529
0.009033
0.008516
0.009014
0.011540
0.010019
0.007003
0.051174
0.008419
0.012025
0.013015
0.014558
0.013021
0.011009
0.011534
0.009020
0.007511
0.008506
0.008511
0.049177
0.008014
0.009129
0.008022
0.008012
0.008044
0.008973
0.007512
0.009019
0.010542
0.012010
0.011056
0.015553
0.012012
0.013531
0.007022
0.009521
0.007015
0.050076
0.008894
0.013523
0.012024
0.013532
0.012197
0.014011
0.010020
0.009017
0.011014
0.014018
0.026054
0.010010
0.012526
0.013532
0.013539
0.014051
0.015047
0.010016
0.011307
0.014080
0.011010
0.008003
0.010523
0.052191
0.011018
0.009013
0.008506
0.010016
0.008558
0.011522
0.010525
0.007514
0.012041
0.007036
0.006649
0.027516
0.011091
0.014014
0.013008
0.016030
0.013031
0.013571
0.014015
0.013521
0.012527
0.013016
0.012015
0.028542
0.010013
0.009009
0.011516
0.013010
0.007426
0.008505
0.013008
0.009008
0.007010
0.009016
0.026532
0.009523
0.012036
0.011014
0.007016
0.008011
0.016673
0.010019
0.007502
0.008011
0.007015
0.040563
0.007508
0.008666
0.008018
0.011035
0.008003
0.008023
0.008027
0.008538
0.007016
0.008024
0.007538
0.008011
0.026034
0.009007
0.008032
0.009024
0.013423
0.009542
0.009021
0.009036
0.008976
0.010031
0.010292
0.046947
0.008603
0.008017
0.008057
0.011033
0.008546
0.009511
0.008505
0.007738
0.006024
0.011524
0.012532
0.012067
0.010509
0.028536
0.009510
0.013077
0.013010
0.011012
0.010525
0.007509
0.007756
0.011433
0.012768
0.015030
0.009024
0.027014
0.008022
0.009552
0.013995
0.010018
0.007003
0.009006
0.008011
0.008846
0.008333
