0.936875
0.011014
0.009522
0.006504
0.008687
0.006642
0.008520
0.007394
0.011013
0.007004
0.012937
0.038438
0.014026
0.010022
0.009530
0.006515
0.009027
0.007025
0.009010
0.007515
0.012023
0.014035
0.014527
0.012516
0.014053
0.044094
0.015149
0.011515
0.009515
0.005999
0.010010
0.008020
0.010008
0.008632
0.010019
0.007007
0.029539
0.015030
0.013012
0.013229
0.013574
0.011516
0.013344
0.012015
0.012520
0.013564
0.012567
0.031090
0.011087
0.009521
0.009013
0.009022
0.009009
0.007465
0.009518
0.008930
0.010514
0.008016
0.031797
0.009020
0.010015
0.007010
0.011015
0.012527
0.013010
0.012007
0.012527
0.012010
0.014018
0.026531
0.015036
0.012504
0.010532
0.006601
0.018141
0.012538
0.010014
0.007009
0.009105
0.007005
0.028029
0.010991
0.015031
0.010491
0.009544
0.010013
0.009989
0.013018
0.013514
0.014019
0.012515
0.049102
0.014971
0.012008
0.012038
0.009189
0.009507
0.009546
0.009520
0.009596
0.018547
0.015250
0.051636
0.015517
0.009534
0.010009
0.010014
0.008525
0.010017
0.011009
0.012007
0.010011
0.010007
0.038515
0.013525
0.013013
0.013518
0.009555
0.010509
0.009032
0.010024
0.009016
0.011011
0.013012
0.052641
0.012025
0.009785
0.012517
0.011250
0.013033
0.010164
0.009222
0.009662
0.010010
0.009166
0.029152
0.014030
0.016554
0.014036
0.013019
0.013056
0.012522
0.010015
0.010746
0.009506
0.012529
0.030036
0.014534
0.014036
0.010026
0.009573
0.010011
0.009439
0.010019
0.010017
0.007006
0.009945
0.026633
0.011557
0.009072
0.009975
0.005998
0.009510
0.008003
0.009530
0.010012
0.009042
0.010348
0.030297
0.011014
0.013020
0.013058
0.012507
0.013034
0.014016
0.015063
0.016022
0.012750
0.012517
0.044166
0.014024
0.012529
0.012049
0.010031
0.009009
0.006737
0.010016
0.007028
0.010539
0.007054
0.028670
0.008510
0.010532
0.008011
0.009032
0.007004
0.008018
0.006510
0.010022
0.005704
0.009063
0.029060
0.014611
0.012524
0.012517
0.012254
0.013015
0.012012
0.012969
0.012319
0.012514
0.012048
0.035543
0.008022
0.010012
