0.873779
0.009001
0.006000
0.013505
0.011000
0.010504
0.010000
0.006000
0.006001
0.008001
0.006509
0.005997
0.024504
0.011000
0.010000
0.014505
0.011000
0.010000
0.010504
0.013506
0.012000
0.013000
0.011003
0.008000
0.025502
0.007002
0.010000
0.013003
0.006000
0.005505
0.008000
0.006000
0.006000
0.007000
0.007000
0.005999
0.041218
0.008812
0.010837
0.013464
0.008187
0.006000
0.007999
0.005349
0.010003
0.013009
0.010548
0.012506
0.049214
0.010504
0.010000
0.013000
0.009505
0.006000
0.009001
0.005999
0.006000
0.008001
0.005509
0.005999
0.031507
0.006507
0.006000
0.008000
0.006000
0.005997
0.007690
0.011005
0.010502
0.013000
0.010506
0.011000
0.034000
0.010502
0.011502
0.013000
0.010999
0.010504
0.008000
0.007000
0.006000
0.008002
0.006506
0.007003
0.048010
0.010762
0.006227
0.008405
0.005502
0.005000
0.009002
0.006000
0.006504
0.009000
0.006000
0.005999
0.041505
0.011505
0.011000
0.015506
0.010000
0.010505
0.014000
0.010000
0.010000
0.013005
0.010505
0.010000
0.032504
0.007000
0.006999
0.014000
0.010504
0.009505
0.013003
0.011043
0.006508
0.008997
0.006000
0.006001
0.036511
0.011006
0.005997
0.008000
0.006003
0.006000
0.008000
0.005000
0.005000
0.012505
0.010001
0.010000
0.048509
0.008998
0.007000
0.013000
0.010505
0.010504
0.012000
0.009001
0.007509
0.013000
0.007000
0.007000
0.026508
0.007505
0.005997
0.008000
0.008505
0.006000
0.008000
0.006000
0.006001
0.008000
0.006000
0.006000
0.041010
0.013507
0.010000
0.015999
0.006002
0.006509
0.007997
0.004507
0.005996
0.009000
0.006000
0.005504
0.031000
0.007001
0.006503
0.008003
0.006000
0.005505
0.008000
0.007998
0.010505
0.012000
0.009000
0.011000
0.034022
0.007000
0.005999
0.008999
0.005511
0.011000
0.011002
0.016000
0.011508
0.008512
0.006000
0.006000
0.030503
0.012000
0.011000
0.011506
0.006000
0.006502
0.009001
0.006000
0.006505
0.008000
0.006000
0.007000
0.026000
0.006502
0.006000
0.013505
0.007001
0.006000
0.008000
0.006003
0.008000
0.008000
0.008002
0.007999
0.027024
0.007997
0.010505
0.014000
0.012049
0.010468
0.013135
0.006009
0.007000
0.009004
0.006004
0.006999
0.027514
0.008000
0.006002
0.012508
0.010003
0.010504
0.010000
0.006000
0.007507
0.008002
0.006000
0.005996
0.025511
0.005999
0.005000
0.008003
0.006000
0.005000
0.008000
0.005504
0.006000
0.008000
0.011001
0.008000
0.050516
0.007002
0.005999
0.008000
0.005999
0.006998
0.006511
0.006004
0.004997
0.008507
0.007000
0.010000
0.047505
0.011000
0.006506
0.008502
0.006998
0.006000
0.008000
0.006000
0.007003
0.012001
0.008999
0.007000
0.053013
0.006000
0.006000
0.014000
0.008000
0.011505
0.013003
0.006505
0.006000
0.008002
0.005998
0.006000
0.025505
0.007000
0.006003
0.009504
0.010000
0.010003
0.013000
0.010506
0.010000
0.008000
0.008002
0.005998
0.026011
0.007000
0.008001
0.009508
0.006000
0.006000
0.008000
0.006000
0.006000
0.007506
0.011002
0.011504
0.013000
0.005000
0.010502
0.047504
0.011000
0.010506
0.013000
0.010505
0.011000
0.012999
0.005000
0.005000
0.007504
0.006003
0.005999
0.046010
0.011000
0.010997
0.008000
0.006000
0.006505
0.008504
0.006000
0.006000
0.008000
0.006999
0.011000
0.049511
0.013506
0.010000
0.010506
0.011000
0.011000
0.013000
0.008003
0.008000
0.013505
0.010000
0.008506
0.028002
0.006999
0.005000
0.008998
0.006509
0.006000
0.013003
0.010999
0.010504
0.012001
0.006000
0.006000
0.026506
0.011505
0.012000
0.014506
0.007000
0.005000
0.008000
0.010000
0.010825
0.009497
0.006132
0.007000
0.049505
