275	137	23	26
276	134	23	26
279	132	23	26
278	133	23	26
279	133	23	26
277	135	23	26
271	140	23	26
268	149	23	26
269	148	23	26
270	152	23	26
272	151	23	26
276	149	23	26
278	142	22	25
278	143	22	25
279	132	22	25
277	117	23	26
275	102	23	26
275	86	23	26
273	84	24	27
273	74	24	27
277	64	24	27
279	56	24	28
280	51	24	28
281	50	24	28
281	52	23	27
282	56	23	27
285	62	23	27
285	70	24	27
286	70	24	27
282	71	24	27
278	68	25	28
278	61	25	28
277	54	25	28
278	55	24	28
276	53	24	28
276	51	24	28
276	47	25	29
278	44	25	29
277	45	25	29
276	43	26	29
272	38	26	29
266	31	26	29
262	24	26	30
263	24	26	30
260	25	26	30
256	29	26	29
251	30	26	29
250	32	26	29
249	33	27	31
256	41	27	31
266	52	27	31
274	60	26	29
284	65	26	29
283	65	26	29
293	72	26	30
297	84	26	30
293	96	26	30
282	101	28	31
283	101	28	31
272	98	28	31
260	88	29	32
253	77	29	32
247	73	29	32
247	73	29	32
243	71	29	32
242	71	29	32
242	70	29	32
240	68	29	32
241	67	29	32
241	64	29	32
240	64	29	32
240	62	29	32
239	64	28	32
239	64	28	32
240	67	28	32
242	73	28	31
239	78	28	31
234	88	28	31
234	89	28	32
229	98	28	32
223	102	28	32
218	104	28	32
209	103	28	32
208	102	28	32
198	102	29	33
191	104	29	33
187	100	29	33
187	95	28	32
187	95	28	32
189	94	28	32
189	97	29	33
192	97	29	33
196	94	29	33
195	94	29	33
198	91	29	33
196	93	29	33
189	95	30	34
181	98	30	34
181	97	30	34
178	97	30	34
178	98	30	34
173	98	30	34
168	101	32	36
168	100	32	36
163	104	32	36
165	105	32	37
165	102	32	37
161	93	32	37
161	93	32	36
156	84	32	36
152	76	32	36
149	69	31	35
142	57	31	35
142	56	31	35
134	43	32	37
128	36	32	37
128	35	32	37
132	34	34	38
133	34	34	38
135	33	34	38
135	35	35	40
140	42	35	40
148	53	35	40
147	55	34	39
152	63	34	39
155	72	34	39
154	84	34	39
157	92	34	39
157	91	34	39
167	97	35	40
179	99	35	40
188	94	35	40
197	87	36	40
197	88	36	40
204	80	36	40
209	71	36	40
207	58	36	40
202	42	36	40
202	41	37	42
195	30	37	42
190	22	37	42
187	13	39	44
185	4	39	44
184	5	39	44
181	-3	40	45
182	-4	40	45
185	1	40	45
182	7	38	43
181	7	38	43
173	13	38	43
163	26	37	42
156	45	37	42
150	60	37	42
151	62	38	43
143	71	38	43
135	75	38	43
133	73	40	45
132	67	40	45
132	67	40	45
127	54	41	47
121	43	41	47
115	33	41	47
110	28	41	47
110	28	41	47
109	34	41	47
113	42	42	48
120	44	42	48
131	47	42	48
132	47	41	47
141	46	41	47
151	46	41	47
159	41	40	45
161	33	40	45
161	33	40	45
159	24	38	43
157	22	38	43
158	25	38	43
162	33	36	41
163	33	36	41
166	43	36	41
170	57	36	40
174	70	36	40
179	78	36	40
180	78	34	39
182	79	34	39
182	81	34	39
182	82	33	37
181	81	33	37
181	81	33	37
182	82	34	38
184	89	34	38
187	97	34	38
192	108	32	37
193	107	32	37
197	112	32	37
201	116	32	36
202	120	32	36
203	124	32	36
204	125	33	37
202	129	33	37
199	133	33	37
197	137	32	36
195	135	32	36
195	136	32	36
192	135	32	36
193	135	32	36
194	136	32	36
195	135	32	36
194	135	32	36
195	130	32	36
198	123	33	37
200	117	33	37
201	111	34	39
202	110	36	40
202	107	37	42
203	108	39	44
206	110	40	46
210	108	40	46
211	108	40	46
213	102	41	47
218	98	41	47
224	93	41	47
228	85	42	48
228	85	42	48
230	77	42	48
230	71	43	48
228	72	43	48
225	72	43	48
226	73	45	50
223	76	45	50
220	82	45	50
219	86	44	49
219	88	44	49
217	89	44	49
220	91	42	48
223	88	42	48
228	80	42	48
234	69	42	48
233	70	42	48
239	60	42	48
243	52	40	46
246	49	40	46
250	46	40	46
251	47	39	44
254	41	39	44
260	37	39	44
264	32	37	42
268	30	37	42
268	29	37	42
271	27	36	40
274	27	36	40
275	31	36	40
273	36	34	39
273	36	34	39
274	44	34	39
271	54	34	39
270	63	34	39
270	71	34	39
270	70	34	39
269	72	34	39
269	72	34	39
269	69	33	37
271	66	33	37
271	65	33	37
272	59	33	37
273	54	33	37
272	52	33	37
272	50	33	37
272	49	33	37
273	47	33	37
275	45	33	37
277	44	33	37
279	43	33	37
279	43	34	38
277	43	34	38
275	47	34	38
273	48	35	40
272	54	35	40
272	54	35	40
270	58	34	39
266	61	34	39
263	64	34	39
254	63	34	39
255	63	34	39
244	63	34	39
237	65	34	38
231	65	34	38
225	65	34	38
223	64	35	40
216	65	35	40
210	71	35	40
204	80	35	40
201	88	35	40
202	89	35	40
201	95	36	40
199	100	36	40
200	104	36	40
204	108	37	42
203	109	37	42
207	116	37	42
209	122	36	41
210	125	36	41
211	128	36	41
210	128	38	43
209	130	38	43
209	131	38	43
209	133	37	42
210	136	37	42
211	137	37	42
212	138	36	40
211	138	36	40
210	139	36	40
209	141	36	40
209	142	36	40
209	142	36	40
210	145	37	42
213	152	37	42
213	158	37	42
212	159	37	42
213	164	37	42
214	165	37	42
217	165	36	41
222	161	36	41
222	161	36	41
224	152	38	43
227	143	38	43
229	130	38	43
232	121	36	41
233	120	36	41
236	113	36	41
239	105	37	42
243	99	37	42
244	90	37	42
244	89	39	44
249	82	39	44
255	78	39	44
258	72	40	46
263	66	40	46
263	67	40	46
264	61	41	47
268	55	41	47
270	51	41	47
271	50	40	46
270	50	40	46
269	52	40	46
269	56	40	46
270	59	40	46
276	62	40	46
276	63	39	44
281	64	39	44
288	65	39	44
293	65	39	44
299	65	39	44
298	65	39	44
303	67	39	44
311	72	39	44
319	75	39	44
328	77	40	46
330	77	40	46
339	75	40	46
346	75	42	48
352	76	42	48
356	77	42	48
356	77	40	46
357	72	40	46
358	70	40	46
358	71	40	46
355	75	40	46
354	75	40	46
354	77	40	46
354	81	40	46
356	87	40	46
365	97	42	48
363	96	42	48
371	113	42	48
377	129	41	47
