396,238,370,359
395,237,369,360
392,235,372,362
391,236,369,360
390,236,369,360
387,235,374,358
387,233,371,361
388,233,369,359
385,234,369,359
385,233,371,360
385,232,370,360
383,233,373,359
381,233,374,359
380,232,374,362
378,231,375,362
375,229,376,365
376,230,374,364
375,231,375,362
374,230,374,365
373,231,374,362
372,230,374,363
369,231,377,360
369,229,375,362
368,231,376,359
370,232,373,359
369,229,373,360
368,230,374,359
371,232,371,356
371,232,370,356
371,230,373,358
371,230,370,358
370,230,371,358
369,229,373,355
368,230,373,353
368,229,371,353
370,230,365,349
370,228,365,351
370,225,363,352
369,224,367,349
369,224,365,351
370,225,361,348
370,224,363,349
368,222,361,348
368,220,361,348
366,220,361,346
364,218,359,345
363,217,357,346
360,216,361,346
361,215,357,346
361,214,353,344
359,212,356,345
361,214,351,341
358,213,356,343
364,215,344,342
359,215,350,338
363,214,340,340
360,210,342,342
359,209,341,339
362,210,335,338
357,207,340,336
360,209,336,334
360,211,335,333
356,209,338,334
361,209,325,338
356,209,330,338
356,211,327,333
357,212,322,333
362,214,316,333
359,210,319,336
355,213,327,329
353,209,322,334
356,209,318,335
354,206,321,334
355,209,316,331
355,210,316,332
353,207,318,333
352,206,318,332
355,210,316,329
350,209,316,330
351,210,316,327
350,211,313,324
353,215,309,322
355,215,308,323
357,220,305,318
355,219,306,322
355,225,304,319
350,228,305,318
348,234,305,320
349,237,305,319
345,239,305,317
346,245,301,316
341,249,304,316
342,253,302,319
334,254,306,318
333,255,305,319
331,259,306,316
319,263,311,316
317,266,310,319
312,267,313,316
306,270,317,315
310,272,311,313
302,273,316,313
302,275,317,311
303,279,314,311
295,279,317,312
299,281,313,312
292,283,315,310
283,284,322,309
284,288,317,307
275,288,320,307
274,290,316,308
268,291,318,303
263,290,320,307
264,293,315,307
258,295,317,310
260,294,314,309
260,294,314,308
255,295,315,308
256,294,310,307
254,292,312,303
251,291,315,302
248,291,313,307
247,289,312,300
246,288,303,300
243,284,298,302
243,281,307,297
248,281,304,299
241,277,300,298
243,276,303,299
243,277,299,295
243,276,301,292
245,274,300,295
240,274,298,290
245,272,300,290
239,271,299,294
247,268,303,293
247,271,298,297
247,265,296,288
248,263,298,287
249,262,296,286
254,264,291,286
252,260,291,283
252,260,287,285
255,256,290,283
253,256,294,283
253,255,292,286
255,252,290,288
256,250,288,286
251,250,287,287
253,248,290,286
255,243,295,294
254,243,295,298
254,240,296,296
256,240,300,293
256,238,295,297
255,238,294,297
254,237,300,296
253,236,297,294
253,234,295,294
256,233,297,300
252,230,301,295
253,230,298,289
253,230,299,289
254,230,300,290
252,227,296,285
254,227,295,290
253,226,296,289
255,225,295,294
253,225,298,290
251,223,299,289
251,220,299,289
249,218,302,289
250,217,300,287
250,215,302,293
253,216,301,295
251,213,308,299
251,211,312,295
251,211,314,298
256,211,310,305
254,207,310,302
255,208,317,305
261,210,311,311
263,209,311,309
265,205,313,306
267,204,312,300
275,204,314,308
276,202,317,305
281,200,311,312
283,201,318,308
286,199,316,311
284,195,322,311
284,194,324,321
285,195,324,323
279,192,329,314
274,186,332,315
275,184,332,322
275,184,334,333
273,180,337,330
272,175,343,329
265,169,351,347
262,167,354,351
257,158,360,354
253,155,364,362
249,153,374,385
235,152,386,393
228,138,393,391
225,134,400,400
216,130,412,415
206,121,421,421
199,114,433,428
192,117,440,438
195,109,442,449
189,98,456,445
185,92,465,450
172,96,476,449
164,101,486,444
146,107,506,452
150,107,507,451
141,106,509,449
136,107,514,455
135,110,515,453
124,116,525,451
136,113,520,461
113,114,542,454
118,114,533,464
112,115,545,490
111,120,547,473
107,119,552,502
104,119,556,503
100,119,563,517
97,114,567,522
93,117,571,544
77,115,586,539
78,117,590,547
75,119,590,536
80,120,585,544
79,119,587,538
74,120,593,546
55,116,610,559
56,120,603,558
52,110,609,558
45,108,609,563
50,107,605,574
49,105,609,568
46,107,605,559
56,106,598,556
45,112,605,546
48,104,609,555
44,103,611,548
37,106,615,544
40,106,622,560
30,97,625,558
23,103,633,566
19,97,633,579
8,96,640,573
17,87,636,598
4,72,645,598
-12,64,654,607
-25,59,656,618
-37,48,643,614
-46,32,645,621
-45,21,635,627
-43,18,636,620
-46,12,641,624
-40,12,639,620
-45,9,645,626
-41,18,643,628
-42,25,641,617
-45,28,636,614
-40,24,636,630
-42,25,639,619
-45,24,631,612
-43,23,637,615
-45,24,631,616
-42,20,631,612
-51,24,638,620
-50,24,640,617
-55,25,637,621
-43,23,637,628
-42,26,629,613
-38,29,629,608
-40,21,639,640
-42,21,637,622
-41,23,634,618
-27,23,628,633
-26,30,625,606
-26,38,617,599
-24,43,619,612
-21,45,618,597
-15,52,613,591
-12,49,624,608
-8,51,618,616
-2,59,604,618
0,63,606,597
6,62,594,601
15,64,594,606
6,64,602,608
19,67,599,619
12,63,603,611
32,70,600,602
38,74,595,610
42,75,596,606
52,80,579,622
62,88,582,607
65,89,586,596
64,91,577,594
83,95,572,599
77,88,570,591
82,93,571,601
94,90,563,578
80,95,578,573
105,107,562,576
97,108,583,574
79,113,593,565
75,114,598,547
96,116,578,545
92,121,583,552
94,116,588,538
101,113,591,552
98,119,596,546
91,118,598,554
100,118,587,553
99,122,581,545
93,121,584,556
97,123,581,550
87,122,580,554
109,120,582,552
97,126,569,551
97,128,567,543
103,128,564,530
101,131,566,534
106,133,556,523
106,133,558,528
100,139,562,539
105,141,556,531
108,138,560,531
110,139,559,530
113,140,557,526
106,144,558,520
112,144,552,525
110,149,558,527
115,146,556,530
115,146,555,523
120,155,547,519
119,151,552,517
124,153,543,523
119,159,543,518
121,151,547,514
122,152,545,524
114,149,547,513
118,150,542,529
117,153,540,516
120,151,539,543
121,149,541,534
125,149,542,530
125,148,544,539
124,147,551,534
120,147,553,548
115,147,555,534
119,146,562,540
115,140,563,540
117,141,567,551
112,138,571,541
113,139,566,528
110,132,576,543
103,127,574,543
111,126,571,553
105,118,577,551
98,117,579,559
99,117,564,551
101,114,566,540
103,119,562,550
95,113,565,553
105,108,558,546
90,106,564,540
96,104,559,549
108,105,557,539
110,102,561,536
102,93,566,543
109,88,569,531
105,86,567,538
111,84,569,543
114,83,574,547
106,81,578,548
106,82,580,542
110,75,570,545
107,75,576,541
111,64,573,545
106,54,575,546
104,48,574,545
103,43,572,544
119,28,574,551
116,16,566,559
116,5,564,546
121,-4,571,548
122,-6,568,545
120,-9,570,543
122,-13,569,537
125,-19,576,542
125,-16,573,541
122,-16,569,549
110,-22,580,550
108,-27,581,558
109,-31,581,558
115,-33,579,560
102,-31,575,545
90,-30,585,551
99,-34,580,557
99,-33,577,562
93,-30,579,560
84,-31,584,560
82,-31,585,558
72,-26,587,558
63,-26,589,566
54,-20,599,572
57,-16,594,562
60,-15,597,575
50,-6,595,566
65,-2,583,562
51,9,590,560
61,7,588,576
40,17,602,569
51,20,600,568
50,25,599,568
45,24,602,588
41,21,607,594
50,26,601,580
49,25,602,578
59,28,591,572
72,27,586,567
62,34,593,561
66,33,598,571
74,33,599,579
70,34,609,584
81,41,605,576
82,46,608,570
98,50,603,564
95,52,607,562
106,55,603,562
106,54,602,557
109,60,602,554
114,60,603,549
123,61,610,554
136,66,593,528
138,69,599,555
155,70,576,538
157,73,582,540
158,82,589,540
170,84,573,533
180,93,564,525
180,98,560,517
198,97,549,530
194,99,553,521
211,101,533,511
218,105,531,511
224,110,524,511
234,114,519,514
246,112,504,502
257,116,490,501
269,125,480,493
270,124,480,485
270,128,473,486
281,129,470,490
279,130,472,487
289,135,465,488
289,135,467,473
293,140,467,470
295,142,469,473
308,145,461,475
314,146,459,474
312,147,456,481
307,146,463,475
302,147,466,477
301,146,469,478
311,142,458,488
304,145,466,472
312,143,461,476
314,143,452,483
309,139,464,466
313,137,456,473
312,141,455,461
313,146,451,459
310,140,457,462
310,142,453,456
308,142,454,454
307,141,457,452
310,145,450,454
308,145,452,444
309,147,452,446
307,143,452,448
303,144,451,440
303,147,452,438
300,149,450,435
303,151,449,437
302,149,453,436
298,152,449,433
299,150,448,432
296,154,451,426
295,155,448,427
292,155,450,424
289,157,455,418
291,155,450,424
289,156,452,421
290,156,452,422
292,155,445,423
289,156,456,418
288,158,453,414
287,160,450,414
285,158,457,415
285,156,457,419
285,155,457,416
286,157,454,417
285,159,453,410
287,157,454,411
289,157,450,410
295,157,441,410
297,158,441,411
303,160,439,412
299,160,452,401
305,156,436,415
307,160,440,406
311,162,442,402
315,163,435,400
317,164,441,397
319,159,433,408
320,159,437,402
322,156,430,411
321,156,444,404
323,156,445,400
326,157,440,399
328,155,435,398
331,155,430,398
332,153,427,405
336,155,434,399
336,153,429,404
337,153,431,399
340,153,431,399
343,151,429,399
347,154,428,391
350,152,426,394
350,153,422,391
350,149,423,394
352,150,415,395
355,149,417,395
351,149,419,395
355,150,417,395
356,151,417,389
359,155,411,391
358,157,414,390
358,161,419,385
360,162,411,388
364,170,405,388
365,172,405,392
368,175,407,390
371,179,409,393
370,183,408,393
372,184,408,387
374,185,404,387
374,183,400,386
373,184,397,395
375,185,396,388
374,185,398,389
369,183,402,391
370,185,396,389
370,182,395,391
370,182,398,391
368,178,400,391
366,181,398,395
366,181,399,390
364,181,401,388
361,182,400,391
355,181,403,395
359,187,396,389
357,185,398,391
356,185,400,389
354,184,403,386
353,182,398,387
349,181,397,389
346,179,403,389
342,182,402,387
341,180,403,384
339,182,396,386
334,182,397,383
334,182,393,387
330,181,395,383
327,183,392,384
326,183,389,385
322,184,394,384
319,182,395,386
316,182,396,382
315,180,391,382
307,177,396,384
303,178,394,383
304,177,388,378
299,175,393,383
294,174,393,382
292,174,390,380
286,170,391,381
277,166,394,384
270,163,393,389
266,163,400,382
260,160,395,389
253,161,396,387
250,161,395,387
247,163,393,385
248,163,390,383
243,162,389,385
241,164,391,384
241,165,389,382
237,169,389,376
232,168,391,380
233,175,386,372
226,174,386,376
225,175,388,373
223,176,389,377
218,176,392,375
217,176,390,374
218,177,388,374
213,176,391,377
213,179,392,373
215,179,395,373
222,180,395,371
226,181,390,375
233,183,392,370
230,185,393,370
230,183,395,375
237,180,396,380
239,184,397,372
242,183,396,372
243,184,395,371
244,183,392,373
246,182,393,374
249,181,392,373
247,180,397,375
241,179,402,381
242,182,402,373
244,184,401,372
240,183,403,368
241,184,401,370
242,184,400,366
244,182,401,366
244,177,394,370
247,176,398,370
248,176,397,366
248,178,397,368
250,177,394,372
249,177,389,374
245,174,394,379
251,175,391,370
249,173,393,376
250,174,394,375
249,174,398,370
247,169,400,377
244,166,403,381
240,164,407,384
243,163,404,382
246,162,401,378
246,163,400,381
244,160,397,383
242,159,399,379
246,164,393,381
247,164,389,378
240,163,387,372
244,161,388,371
242,158,387,374
247,156,384,370
245,147,384,370
246,142,383,370
249,143,382,370
248,142,381,367
250,141,380,370
249,144,380,364
249,145,381,370
248,142,381,369
247,143,381,368
252,141,379,371
254,141,381,370
255,143,381,366
260,147,375,361
259,151,376,356
258,156,371,366
257,156,373,357
258,155,372,354
259,154,371,361
258,153,373,359
260,154,372,358
259,155,375,357
258,154,379,357
260,157,377,362
262,160,378,360
264,162,379,362
263,164,380,364
265,168,380,361
268,173,378,359
268,173,378,367
270,178,381,362
273,179,375,367
269,182,386,357
271,183,381,360
271,184,379,362
270,187,380,360
272,188,379,365
272,190,378,359
273,191,378,365
273,194,382,361
271,199,384,353
278,201,371,360
281,206,370,358
278,206,376,359
281,210,374,356
283,211,372,354
287,216,367,353
286,216,370,351
288,219,370,350
290,222,367,355
291,225,368,355
296,230,364,350
294,230,365,359
295,232,368,350
298,237,365,354
299,238,365,360
293,243,371,357
301,245,366,360
298,247,372,353
294,250,377,360
291,247,384,361
303,249,369,362
300,249,376,364
309,249,373,359
302,252,377,359
298,252,380,359
294,249,383,353
304,251,372,358
302,250,372,362
305,251,373,353
296,249,382,356
299,247,376,360
300,245,371,356
299,241,371,365
296,240,373,361
295,239,372,360
292,240,370,358
295,239,367,354
294,237,368,362
292,236,375,355
296,233,364,366
291,231,370,363
288,228,377,363
287,224,372,360
279,222,381,369
282,217,379,365
273,216,385,371
277,216,381,369
273,215,380,367
266,214,384,366
269,212,380,372
259,207,387,372
267,206,380,363
261,200,378,363
257,192,381,367
256,185,385,364
246,174,394,368
245,168,388,364
242,157,389,368
235,153,394,365
233,148,397,367
232,144,392,370
225,142,394,372
225,139,398,372
221,137,395,378
219,134,400,379
215,131,401,383
211,131,403,384
216,131,397,384
208,127,402,387
212,126,401,387
214,126,399,383
212,125,405,383
203,118,411,391
205,120,409,396
205,119,411,394
206,116,409,398
201,114,413,406
205,115,411,397
204,114,410,398
210,113,406,393
212,113,404,394
215,113,402,395
221,114,403,387
225,113,400,396
222,116,410,390
224,115,411,392
228,118,411,392
235,119,409,392
237,122,411,390
242,122,412,388
240,123,410,391
243,121,413,393
241,120,416,395
237,122,418,391
242,121,419,394
245,121,411,393
241,124,414,395
249,126,415,393
244,128,422,397
249,134,419,398
254,142,416,394
263,150,418,395
261,156,417,395
263,163,421,400
263,172,421,402
262,178,426,403
259,180,429,403
262,182,429,407
266,181,430,405
267,180,426,406
267,181,430,405
270,182,426,411
271,184,428,406
273,184,427,406
278,187,427,401
277,189,429,397
278,188,424,401
278,191,428,402
284,190,433,397
287,192,434,393
287,190,429,398
289,188,428,408
294,189,431,403
296,189,432,396
299,188,429,406
302,188,423,404
305,183,425,392
304,179,430,404
305,175,421,396
310,173,421,404
312,165,426,402
315,163,426,403
322,163,423,406
316,161,426,412
319,161,431,409
324,164,432,406
326,162,433,412
324,160,436,411
335,160,432,410
322,156,443,412
323,155,443,417
324,155,442,423
326,156,444,415
340,155,429,422
326,151,439,429
328,152,437,421
334,152,430,429
330,149,432,424
331,147,430,428
322,145,438,424
310,144,441,436
312,147,439,432
310,148,440,427
301,146,444,436
298,146,444,437
285,142,454,435
281,144,447,438
271,143,450,441
259,143,462,439
255,142,454,445
259,144,451,436
250,140,455,440
238,139,455,448
233,137,455,450
228,136,456,449
215,134,466,454
213,135,464,455
201,132,470,459
193,132,467,459
191,129,468,462
177,128,480,457
178,127,476,459
157,121,483,468
156,123,481,467
152,116,479,470
158,114,475,475
136,113,486,472
135,112,485,471
138,113,480,468
131,113,486,467
125,109,487,471
121,113,485,467
130,111,476,459
120,108,482,460
110,112,482,464
114,106,483,463
115,106,480,465
103,104,486,464
97,100,488,466
92,98,485,465
87,96,484,465
98,86,482,473
87,93,483,476
74,80,490,473
69,81,499,478
70,79,499,476
86,76,486,470
63,84,496,472
67,81,493,470
59,78,489,472
65,79,485,470
61,79,488,479
66,85,489,477
61,76,491,485
63,80,491,480
52,75,495,483
50,71,502,491
47,72,511,493
39,70,518,495
38,76,520,506
32,72,525,499
42,75,516,507
46,77,512,500
40,78,524,507
51,79,510,498
47,73,512,503
53,77,514,506
56,80,512,503
63,75,514,502
69,82,511,511
76,83,507,507
86,86,505,498
82,78,520,494
80,83,525,503
85,82,521,510
84,85,523,509
78,81,530,515
80,81,527,518
80,83,528,518
80,82,527,523
76,79,537,512
82,79,537,526
87,82,537,523
76,84,540,530
76,79,546,518
64,86,549,522
66,86,542,529
66,86,543,533
65,80,549,527
59,81,550,536
54,80,555,538
49,80,560,538
53,80,559,528
51,77,558,531
40,77,566,540
37,76,568,537
44,78,563,529
28,74,568,532
23,75,572,546
13,70,578,556
4,74,582,561
5,70,587,563
3,72,582,577
1,71,582,560
-3,69,592,571
-8,73,598,570
-9,70,596,557
-2,67,586,580
-14,67,597,571
-15,61,600,572
-19,60,598,568
-22,60,600,581
-23,55,607,595
-37,51,612,596
-38,48,620,597
-35,47,616,610
-44,41,629,599
-57,37,635,606
-52,33,634,614
-59,34,641,606
-58,22,648,610
-66,23,647,604
-64,20,654,630
-65,15,652,626
-66,11,654,619
-60,13,645,619
-71,14,645,629
-66,10,658,626
-71,12,655,639
-76,12,654,627
-67,6,646,637
-70,8,645,629
-76,3,645,611
-74,4,633,611
-80,2,631,626
-87,-5,633,640
-87,-14,640,636
-88,-14,635,638
-92,-11,628,634
-91,-17,623,645
-97,-14,629,650
-101,-14,628,631
-96,-12,616,640
-108,-17,641,628
-103,-15,637,641
-103,-10,641,645
-114,-24,651,656
-111,-10,648,667
-119,-17,659,664
-120,-16,652,674
-118,-12,646,660
-120,-22,641,656
-122,-19,653,650
-141,-31,668,660
-149,-17,658,670
-136,-13,658,673
-133,-22,662,669
-147,-26,680,668
-141,-13,671,671
-138,-24,674,675
-139,-29,675,677
-136,-26,669,672
-130,-23,664,663
-135,-26,659,676
-130,-24,662,659
-124,-29,665,667
-135,-28,658,658
-126,-29,657,671
-129,-24,658,660
-125,-28,655,664
-128,-26,656,670
-129,-29,655,660
-127,-27,653,665
-124,-29,662,672
-134,-26,662,670
-125,-37,660,670
-134,-37,660,676
-119,-51,659,679
-116,-36,648,687
-123,-58,645,668
-123,-55,649,665
-119,-50,650,664
-121,-50,646,651
-113,-44,635,654
-113,-43,641,657
-110,-45,641,672
-101,-44,643,676
-110,-39,642,669
-128,-47,660,672
-130,-50,667,680
-128,-42,663,672
-105,-32,647,680
-110,-49,645,665
-102,-41,638,660
-100,-39,639,664
-107,-30,636,664
-108,-41,638,661
-106,-38,637,664
-106,-44,644,667
-125,-59,669,680
-127,-62,669,676
-117,-57,665,702
-131,-78,690,679
-129,-77,683,692
-127,-71,674,708
-133,-78,686,711
-128,-70,676,692
-131,-71,675,683
-122,-57,670,709
-111,-52,644,676
-105,-48,660,679
-120,-62,669,678
-120,-76,670,661
-118,-64,665,673
-112,-69,672,664
-100,-48,656,690
-106,-67,675,689
-115,-82,683,713
-123,-85,700,702
-100,-81,686,717
-105,-102,686,716
-116,-103,702,700
-115,-93,703,667
-111,-81,690,683
-103,-81,689,647
-100,-77,676,651
-91,-83,678,637
-104,-77,671,631
-104,-76,682,638
-100,-65,685,653
-115,-79,691,658
-113,-83,685,649
-101,-63,672,642
-100,-54,662,645
-103,-61,660,636
-107,-67,670,632
-94,-63,674,635
-104,-65,688,648
-100,-79,696,658
-107,-81,707,665
-115,-83,720,672
-103,-78,709,677
-114,-77,715,671
-118,-85,716,669
-112,-90,730,675
-108,-80,714,664
-107,-78,711,661
-103,-73,705,662
-101,-83,727,672
-106,-81,721,671
-106,-88,743,689
-101,-78,735,693
-101,-83,744,683
-95,-73,743,699
-84,-82,743,693
-78,-72,741,699
-63,-69,735,701
-49,-72,735,697
-69,-60,731,690
-59,-66,748,711
-54,-48,755,712
-29,-44,772,719
-10,-28,758,695
2,-9,753,674
37,-15,728,675
46,9,710,648
70,18,689,640
85,22,678,631
96,20,672,626
90,8,686,640
104,12,670,639
102,25,674,632
117,20,667,626
128,12,660,633
127,7,663,628
140,20,654,619
148,15,648,619
157,17,641,609
163,15,639,608
173,33,632,593
175,23,633,594
180,28,633,594
185,22,634,600
201,38,625,603
205,37,623,596
201,36,634,597
199,30,642,604
212,30,637,608
208,43,638,595
224,35,624,592
235,44,617,585
247,47,608,582
247,55,604,575
260,49,605,578
268,62,594,569
276,66,591,568
278,56,598,573
284,56,588,567
288,64,590,572
287,67,596,568
295,64,592,566
303,74,586,560
304,72,582,560
300,74,593,557
302,65,596,553
319,74,575,546
320,69,583,546
317,80,581,541
337,84,564,541
337,84,563,537
337,83,567,533
338,93,562,525
346,91,558,530
354,96,545,524
350,88,553,528
370,90,534,523
357,89,546,523
364,93,536,522
364,86,544,523
365,95,533,515
364,83,541,523
361,89,540,522
363,88,543,527
360,94,540,524
362,94,537,527
368,102,525,521
359,101,535,521
373,106,517,512
368,105,518,511
361,107,526,505
364,104,522,509
361,106,521,501
367,112,508,502
365,115,504,501
355,109,509,499
355,120,504,497
358,126,497,489
359,125,492,489
345,130,501,487
342,127,502,491
347,125,498,493
349,128,495,489
354,136,486,486
341,135,497,489
345,134,492,487
332,135,503,487
330,138,502,484
335,136,495,485
338,136,490,487
335,140,491,486
343,139,479,482
334,136,490,483
322,143,496,482
328,146,487,481
327,142,489,478
323,148,485,474
325,143,487,475
340,145,471,472
336,142,475,475
339,145,471,472
339,143,469,476
335,141,475,478
342,143,465,477
337,147,465,474
341,151,461,468
344,152,459,461
341,155,460,463
342,151,458,461
347,152,452,456
340,155,453,449
343,154,450,448
337,159,451,442
342,150,449,445
346,152,446,442
342,144,446,445
338,153,449,434
342,146,447,443
344,146,441,439
344,144,438,439
345,148,435,431
345,147,438,433
338,151,444,434
344,151,438,429
335,155,442,427
342,153,436,424
342,152,436,419
344,153,434,418
342,153,434,416
344,155,428,409
335,155,430,409
335,154,429,414
331,153,429,413
328,150,428,411
326,150,428,413
322,152,431,415
328,149,423,410
324,148,423,412
322,150,424,412
323,149,419,414
319,149,422,416
315,150,420,411
322,152,408,406
319,154,409,403
315,155,413,404
316,155,408,406
316,154,406,408
316,158,404,402
314,159,405,397
317,158,400,397
312,160,407,395
312,159,404,397
315,159,397,394
312,157,401,398
311,158,401,397
309,161,399,400
308,159,402,397
307,159,399,399
304,159,401,400
305,161,397,401
301,165,400,400
303,165,393,400
307,166,395,398
303,170,396,395
304,172,397,396
303,171,399,394
299,170,400,392
302,173,393,392
303,171,393,390
301,173,394,392
300,172,392,392
297,176,393,386
300,177,388,386
298,179,389,382
302,186,378,379
301,185,384,372
297,187,382,375
297,187,381,385
296,186,379,387
291,189,389,384
293,190,384,382
288,187,392,381
291,189,382,382
296,194,372,387
286,188,385,379
286,190,378,382
287,189,381,379
285,191,376,386
281,189,380,375
283,193,376,379
282,192,380,380
280,196,375,381
278,196,375,382
276,196,377,372
281,197,373,368
278,195,374,371
275,196,380,374
272,199,377,376
269,200,378,375
264,199,382,373
262,197,389,376
269,199,377,375
266,200,378,373
263,199,375,375
270,201,372,372
266,201,373,369
261,203,376,368
260,205,379,365
262,200,380,370
260,203,378,376
259,204,377,370
258,202,379,375
259,203,380,372
259,205,378,369
251,201,385,375
258,204,381,368
255,204,381,368
258,205,380,362
255,201,382,369
257,203,376,369
254,198,386,369
249,199,387,366
252,198,389,369
255,196,384,368
257,193,384,372
256,191,387,372
260,192,383,377
264,190,378,373
265,192,377,372
262,190,384,376
262,190,386,371
261,190,390,373
266,192,386,374
262,191,387,370
262,191,387,371
263,190,386,370
266,189,387,364
271,191,383,366
266,190,389,366
269,193,387,366
273,192,386,370
270,188,392,365
269,190,391,368
266,192,393,362
264,187,398,360
265,189,394,367
264,186,395,370
267,187,395,365
268,186,396,365
264,185,401,365
264,183,401,362
263,184,404,361
263,184,405,361
261,183,405,367
259,184,404,365
265,182,402,365
260,180,407,360
267,178,403,365
264,180,405,363
263,176,405,368
261,179,406,369
261,182,406,364
261,181,406,363
261,181,404,365
262,182,403,359
266,185,398,361
268,183,399,350
268,188,398,348
272,184,396,351
271,190,395,352
281,190,387,350
275,196,389,347
276,197,390,343
277,195,395,353
279,199,389,352
284,194,388,352
281,199,389,355
281,198,389,352
283,201,387,351
285,203,387,350
290,207,385,350
291,210,381,352
294,210,383,351
295,212,380,349
303,213,378,351
307,215,373,352
314,215,372,354
321,214,369,349
320,217,370,345
322,219,367,354
325,218,368,346
327,219,367,348
326,221,366,347
327,224,363,348
337,222,359,342
332,226,363,342
331,226,363,345
337,228,362,340
337,229,356,347
339,229,361,339
341,230,360,341
338,231,358,342
347,231,357,339
338,233,363,345
344,234,357,349
343,234,359,345
338,234,359,347
341,233,361,347
342,231,358,343
346,234,358,346
344,235,359,343
348,236,354,341
350,235,353,338
352,234,353,343
350,238,353,340
355,233,350,342
350,231,357,345
345,230,363,344
350,231,361,345
348,231,363,347
348,230,361,345
350,228,361,343
348,229,365,345
346,227,366,343
350,226,362,345
346,227,366,345
347,229,362,343
351,224,362,336
347,227,363,339
348,225,365,341
348,225,363,339
350,225,364,344
355,223,360,340
358,223,356,338
355,222,357,342
353,222,359,339
357,218,359,343
358,217,355,342
359,216,355,340
353,217,359,335
355,217,358,336
360,217,352,333
361,217,353,334
362,216,351,338
361,218,353,339
360,219,355,336
354,222,357,333
360,219,354,333
356,221,355,338
356,220,355,335
351,222,359,337
354,221,355,342
351,221,360,338
348,222,361,339
345,227,361,336
349,226,361,333
348,226,361,336
339,230,367,334
339,227,365,339
340,228,365,341
337,227,369,343
341,228,364,339
336,230,365,337
341,230,360,338
340,234,362,340
335,236,366,340
334,237,363,332
334,240,364,340
334,243,365,334
333,242,363,331
330,242,366,335
334,241,359,335
333,240,359,332
331,240,362,332
334,238,358,335
331,238,361,334
333,236,358,334
332,238,358,335
331,238,358,332
331,240,361,329
334,242,356,332
336,243,355,331
336,245,358,330
341,248,352,329
339,249,355,325
338,249,359,326
344,252,355,325
347,251,356,334
352,255,351,323
352,253,355,325
358,253,351,324
356,251,355,330
356,254,353,322
356,252,353,323
357,255,351,326
357,250,350,322
356,249,349,321
356,246,349,318
358,243,346,324
361,240,349,321
368,241,346,320
372,244,342,320
373,245,344,319
372,243,347,322
375,247,344,317
379,250,341,321
378,248,342,318
378,250,342,318
373,246,344,317
373,245,344,317
372,245,341,315
371,243,345,317
372,242,339,318
368,243,345,314
368,242,342,314
369,240,341,319
365,242,341,315
370,242,337,317
364,239,345,312
364,239,341,317
367,241,337,313
365,239,336,316
366,240,332,314
365,239,331,314
366,239,327,316
364,239,329,316
364,241,324,315
365,241,320,315
364,241,322,308
362,244,322,310
361,243,319,311
358,244,323,303
355,244,321,307
354,244,325,306
349,243,325,305
350,245,325,301
348,242,323,302
342,242,327,300
342,243,326,299
342,241,327,304
341,241,326,302
342,242,323,302
345,245,317,297
341,244,322,299
341,245,323,298
341,244,321,302
338,243,325,301
340,243,322,303
340,242,322,302
340,243,317,299
339,241,320,300
338,240,316,301
339,242,320,295
338,242,320,299
339,243,321,301
338,240,322,301
339,246,320,298
338,245,322,298
337,248,323,293
340,247,319,296
339,246,314,294
337,242,317,295
338,245,317,291
339,243,312,294
337,240,311,293
339,241,311,295
339,244,310,293
336,243,310,295
338,244,312,295
337,245,307,297
339,244,308,293
338,243,308,294
336,242,310,293
339,242,306,293
340,240,307,294
338,238,307,292
343,242,302,288
341,242,302,287
343,243,302,283
341,239,304,292
341,242,304,284
344,243,301,283
347,243,300,282
344,243,302,280
351,246,298,278
347,245,303,278
348,244,301,277
347,244,303,278
347,245,299,275
348,243,297,276
351,246,294,270
354,245,293,269
352,244,297,273
353,243,298,275
353,244,295,271
354,244,293,272
359,246,291,270
359,246,289,271
361,247,288,270
366,248,283,272
366,248,285,270
369,249,281,272
370,250,283,268
373,251,280,269
378,252,278,266
382,253,279,267
384,250,279,268
387,254,282,266
391,255,280,262
397,257,277,264
400,259,278,264
403,262,280,263
406,264,279,265
408,265,278,265
411,266,279,263
413,268,277,264
416,268,278,261
418,267,278,264
421,270,278,262
423,272,277,259
425,275,276,258
428,276,277,258
430,280,276,258
434,280,277,255
436,284,277,255
440,285,277,253
442,287,274,253
448,289,274,252
448,290,273,250
455,291,272,250
458,291,271,248
460,292,272,249
461,293,273,248
465,293,273,246
467,293,270,247
468,291,271,246
470,294,270,243
471,293,270,243
475,293,268,245
474,292,272,243
475,294,270,240
478,292,271,242
479,291,271,241
481,291,271,242
483,291,268,243
485,290,271,240
486,290,271,240
488,288,271,241
487,287,272,240
492,286,268,242
494,286,267,237
495,285,265,237
496,285,266,237
498,285,265,236
499,284,262,237
500,284,263,235
502,284,261,234
504,283,258,236
507,284,257,232
506,282,258,231
506,281,257,231
511,280,256,235
508,279,257,232
509,279,258,230
512,278,254,232
512,278,257,233
514,278,252,232
513,278,254,232
513,277,256,230
514,277,256,233
515,277,256,233
516,276,253,233
518,276,250,232
518,276,252,232
520,274,250,232
518,274,253,229
520,272,253,232
521,271,252,230
521,270,252,230
522,268,249,230
524,269,248,229
525,267,247,230
523,268,248,225
525,268,245,228
525,268,245,228
527,269,244,228
528,267,243,230
527,266,246,231
527,267,244,232
528,266,242,232
529,266,242,232
529,267,243,228
526,267,243,230
527,268,240,232
528,268,237,229
526,270,240,225
527,271,241,227
526,273,238,223
526,274,239,224
526,275,237,224
526,276,236,223
527,276,234,227
524,275,240,225
522,274,242,228
523,273,237,231
521,272,238,230
520,272,240,231
519,273,238,230
516,273,240,229
517,274,241,226
518,275,239,227
517,276,237,227
515,276,237,229
516,278,236,228
513,277,239,229
513,276,242,229
515,279,238,228
513,281,236,227
515,282,236,227
513,285,237,224
514,292,234,223
512,297,235,226
509,306,235,226
510,311,235,228
508,317,237,228
507,321,239,226
505,321,241,227
505,321,238,227
505,323,241,224
506,324,239,223
506,325,238,226
507,326,241,224
507,328,241,226
510,331,238,226
511,332,241,223
512,334,239,222
513,336,240,222
513,336,238,223
514,334,238,225
515,333,238,224
515,330,240,223
517,331,237,223
521,328,237,223
522,326,240,225
523,326,239,225
524,326,238,226
520,325,236,228
519,324,239,232
520,325,237,229
520,323,240,230
520,321,240,232
520,322,240,230
520,323,239,228
518,321,242,230
519,323,239,225
518,322,238,226
518,324,235,225
518,323,234,225
518,321,235,223
516,321,235,222
514,317,236,224
513,316,240,229
510,317,243,233
506,316,244,232
499,318,243,230
502,320,240,227
512,317,238,227
518,316,238,229
526,315,239,230
535,314,238,231
537,314,238,234
539,320,239,232
542,320,239,231
545,323,240,230
547,324,239,229
553,326,240,230
554,326,240,229
558,327,243,229
560,328,240,229
562,327,244,230
561,328,242,228
561,329,245,229
561,330,244,232
556,327,249,236
556,331,249,234
559,329,249,233
554,329,247,236
552,330,249,234
554,330,249,235
551,334,249,234
547,331,251,239
547,331,251,240
548,333,248,238
546,332,250,240
544,330,250,239
543,336,250,237
540,333,252,242
539,332,252,241
539,334,254,242
537,335,253,243
535,335,253,243
538,338,252,240
535,342,250,240
532,342,251,238
539,344,246,233
531,345,248,239
535,346,247,238
533,349,245,235
534,350,244,233
535,353,244,233
534,354,242,231
533,353,244,233
532,351,247,235
531,351,247,235
529,353,245,231
535,352,240,227
537,351,238,226
534,348,241,228
537,349,241,230
536,349,243,232
540,349,242,234
543,350,243,232
545,353,244,231
544,356,242,229
541,358,246,233
543,360,246,232
548,367,245,228
545,368,247,232
547,374,245,229
546,374,246,230
551,379,242,228
550,375,245,227
552,378,243,227
551,379,243,227
554,382,240,225
552,384,241,226
557,385,244,224
560,388,240,223
561,386,240,222
563,390,237,224
565,391,236,224
568,392,236,224
564,393,236,226
570,394,234,227
572,395,235,229
573,398,233,232
578,400,227,231
577,399,229,228
581,403,230,226
581,402,231,227
583,404,228,227
586,406,229,227
589,406,230,224
593,409,229,224
594,408,226,223
596,405,227,225
594,399,229,232
600,397,226,229
601,397,231,230
597,396,231,233
600,394,231,234
602,397,231,232
606,398,232,226
606,405,228,222
604,406,234,222
610,406,234,223
614,404,235,216
613,404,237,219
614,402,239,219
612,400,235,215
618,400,233,215
618,399,230,218
615,397,230,219
615,399,228,216
613,396,227,216
608,394,226,215
606,395,224,218
605,395,223,217
605,394,224,218
603,393,224,217
600,393,224,219
600,400,224,215
597,399,224,214
596,397,224,212
596,397,221,210
598,395,217,208
597,391,216,205
597,389,214,210
597,385,217,214
595,384,216,212
595,384,213,212
593,382,216,215
593,384,215,209
590,387,214,209
592,388,212,209
591,389,214,209
594,390,214,208
594,386,215,208
591,386,211,207
592,383,208,207
593,383,209,208
589,379,212,213
591,377,213,215
587,376,218,219
592,376,222,218
591,377,218,216
590,376,216,218
589,379,215,217
587,381,215,216
590,382,214,210
592,384,215,207
591,385,212,210
590,385,213,208
590,384,214,208
591,387,213,210
588,383,212,206
589,388,212,210
589,393,213,207
588,394,215,209
589,396,215,211
587,398,210,208
590,395,211,209
589,393,213,208
588,394,211,210
590,394,206,212
592,393,207,211
591,394,209,211
591,393,206,211
593,392,207,207
587,393,204,211
588,390,206,212
586,388,209,213
588,387,210,210
587,382,214,214
586,380,214,212
584,382,208,212
583,380,207,214
582,377,204,210
584,380,205,210
584,378,205,210
582,376,207,211
579,375,206,211
579,374,207,210
575,372,206,213
575,371,209,211
577,372,206,213
569,370,206,213
572,368,208,213
570,369,208,214
568,367,209,210
566,367,205,213
563,365,209,213
560,363,207,212
559,365,207,209
560,371,207,207
554,363,209,207
558,367,207,208
554,365,208,211
553,363,205,209
549,358,208,208
548,359,209,209
546,354,211,214
551,359,208,210
546,352,210,212
543,347,213,215
541,344,213,215
537,345,213,215
534,345,213,218
533,342,214,216
534,342,216,215
533,337,215,214
534,334,217,215
529,327,216,215
527,325,221,213
524,328,215,214
521,324,221,216
520,321,222,216
516,320,223,217
512,319,228,218
512,318,229,219
513,316,229,219
511,315,227,217
511,314,226,215
510,312,228,216
510,308,227,218
511,311,225,216
508,309,225,216
510,306,225,216
504,306,226,218
505,302,227,220
502,299,229,222
504,299,226,222
503,297,229,222
500,297,232,223
499,296,229,221
496,294,232,220
489,294,226,221
486,292,226,220
481,289,226,220
475,288,226,220
472,285,227,222
471,286,227,220
468,285,227,222
468,285,230,218
465,285,228,219
462,286,224,221
460,285,227,218
456,284,226,219
456,286,226,219
455,286,228,219
452,285,227,222
448,286,229,223
446,290,232,223
442,295,234,223
441,299,238,217
437,303,238,221
435,307,241,221
433,312,240,220
430,317,243,218
428,319,243,220
425,322,242,223
424,325,243,223
423,326,242,227
423,328,244,224
422,329,247,223
421,329,245,227
421,333,246,227
418,335,250,225
419,339,248,226
419,340,249,231
418,342,250,228
418,342,252,228
419,344,251,226
415,345,252,229
416,344,254,229
412,343,254,230
412,345,254,230
412,345,256,229
413,346,255,229
413,348,256,228
413,346,259,231
413,347,256,231
413,347,260,229
414,347,258,231
414,346,259,232
414,347,259,232
415,347,259,232
416,348,257,231
416,350,257,231
417,349,257,231
419,349,252,231
419,347,254,229
416,348,252,229
418,348,251,230
415,345,251,231
415,346,251,230
415,347,253,231
411,343,258,231
410,345,256,235
408,344,255,235
409,346,255,235
410,346,256,239
406,346,258,240
405,347,262,239
401,345,262,242
397,345,261,242
395,345,264,243
389,340,266,246
383,339,266,249
378,337,269,248
375,335,268,246
369,326,271,249
365,321,272,250
360,317,275,250
353,307,276,252
350,295,276,253
342,285,278,253
337,276,278,255
333,267,280,254
329,258,281,257
323,250,281,258
320,247,280,257
315,246,282,257
312,245,284,258
308,244,284,256
306,245,282,258
302,243,285,258
298,242,286,261
296,240,287,256
289,233,288,261
286,233,287,259
283,228,288,262
279,226,291,261
275,223,292,265
272,221,296,266
269,218,292,269
265,217,296,270
263,212,295,273
260,211,295,274
257,208,296,274
256,206,294,277
255,202,300,277
252,201,298,276
253,201,293,273
252,198,297,271
249,197,294,275
248,197,296,271
248,196,299,276
245,198,300,273
247,201,297,274
247,206,302,272
246,207,305,276
250,212,304,274
248,214,302,274
248,216,305,274
248,217,306,275
249,220,306,272
250,219,311,270
251,221,308,269
250,221,308,270
252,220,305,271
254,220,303,268
256,218,306,270
255,219,305,269
255,218,305,271
256,217,307,272
261,218,305,269
261,217,306,273
261,217,307,268
267,214,305,274
266,214,306,277
265,215,311,274
267,213,312,278
270,211,311,278
277,208,303,284
282,206,308,277
286,202,301,277
290,201,295,282
291,199,297,277
291,195,298,284
293,192,297,285
294,193,296,283
298,194,301,279
292,191,300,288
296,194,297,286
297,194,301,282
298,193,301,283
296,192,300,287
302,193,298,281
303,192,299,281
297,190,302,285
294,190,306,285
292,188,309,288
294,188,309,285
294,190,311,282
294,186,315,284
290,185,316,286
294,186,318,288
289,184,316,290
288,182,316,290
290,182,319,290
288,184,314,298
289,183,321,295
285,181,322,296
285,181,324,295
282,179,327,300
283,181,324,299
283,178,325,300
284,176,324,298
283,173,328,298
286,171,325,302
285,170,321,299
287,171,323,300
286,171,323,302
287,170,323,301
293,170,322,301
288,168,329,305
290,168,329,300
290,168,327,300
291,165,325,303
292,161,328,298
292,159,324,301
292,157,325,303
292,154,323,305
296,156,326,300
296,155,327,305
297,155,326,306
299,158,327,306
296,158,330,302
299,161,329,301
301,165,327,302
306,170,325,304
303,172,329,304
306,178,327,301
309,180,328,301
309,182,327,303
309,182,326,301
312,185,319,305
314,187,321,298
311,185,330,297
304,189,337,297
301,190,337,296
301,190,337,294
300,188,343,296
305,187,330,300
304,184,337,295
303,181,335,297
306,180,338,296
309,180,337,295
308,176,334,295
308,172,336,297
310,171,335,294
308,166,337,294
310,163,337,294
311,160,333,294
313,156,334,293
309,153,334,297
311,151,335,297
313,150,332,292
311,148,336,294
307,146,340,293
306,145,337,296
307,145,341,295
309,145,339,297
313,145,332,293
307,142,334,291
308,142,334,289
308,139,333,289
309,137,328,290
315,135,328,288
311,135,329,287
315,132,326,291
309,130,331,290
316,130,329,288
320,129,325,291
312,128,334,290
316,126,329,286
315,128,331,287
314,129,329,292
311,131,332,295
311,134,333,291
312,139,332,288
308,146,334,286
305,151,330,290
304,158,329,284
298,161,332,286
290,163,333,282
291,163,330,280
279,167,327,278
267,165,328,277
265,166,321,278
263,166,322,277
258,167,318,277
260,165,317,278
260,163,318,277
257,162,323,277
263,161,322,279
262,162,318,282
255,161,322,278
259,161,320,278
259,162,319,280
257,163,319,277
259,164,314,280
255,165,320,277
257,163,318,277
261,163,313,283
262,164,311,281
256,165,312,277
260,166,308,278
262,164,310,278
261,165,310,272
258,164,309,274
259,161,313,272
258,165,310,270
262,165,308,274
263,163,308,272
261,162,311,270
266,163,304,273
271,161,301,271
264,157,303,271
268,158,303,272
270,156,303,273
269,154,306,272
272,152,305,273
269,152,307,273
272,149,306,277
274,148,303,272
277,147,303,274
281,146,298,273
278,144,299,274
284,144,298,271
286,144,300,272
285,140,302,270
287,141,301,271
288,141,301,268
291,140,299,268
291,136,302,270
292,137,298,269
297,136,295,271
298,138,295,266
297,136,297,265
298,136,299,266
303,139,292,268
298,138,297,269
300,140,292,271
302,145,294,266
303,147,295,267
302,149,295,270
302,151,295,269
302,155,296,268
301,157,296,272
301,159,294,273
305,168,291,272
305,176,293,270
306,185,295,266
303,194,296,270
304,200,299,270
304,206,296,271
303,212,294,268
301,216,294,271
300,217,290,269
297,218,295,267
298,219,294,266
296,219,293,270
291,220,296,269
292,222,295,270
287,223,295,267
286,226,296,268
286,228,295,273
287,232,293,270
285,232,296,270
285,234,294,268
285,233,291,270
279,232,292,271
267,235,295,269
263,240,294,268
261,241,298,265
265,242,294,265
262,243,293,267
259,244,296,265
256,243,296,266
261,240,293,269
258,236,297,269
258,235,292,268
257,232,294,266
250,230,298,267
250,230,296,265
252,231,296,264
246,231,298,266
246,231,297,265
250,235,294,262
245,234,295,266
241,233,297,266
241,234,298,268
238,237,300,265
237,234,301,269
237,231,302,268
237,230,302,268
236,229,301,264
235,227,300,265
235,226,299,268
233,229,298,270
233,229,298,266
233,228,296,267
232,230,294,265
233,231,295,266
231,232,296,264
226,231,298,266
226,229,302,272
227,230,297,269
226,227,299,267
222,227,301,271
222,227,298,265
225,225,299,264
224,227,296,264
219,227,298,267
222,225,300,267
220,228,301,265
218,229,303,268
221,229,299,266
218,228,301,268
216,227,306,268
213,230,304,266
212,228,307,268
215,229,301,270
209,226,307,269
207,231,306,267
210,228,303,272
211,228,305,276
203,229,310,272
207,230,305,273
202,226,307,275
206,227,308,276
200,228,311,279
202,229,310,278
204,228,310,279
208,229,305,277
199,229,310,273
197,230,312,274
198,229,313,281
195,229,314,279
194,231,312,274
193,230,314,276
192,230,313,279
187,227,313,274
185,226,313,277
187,225,312,277
185,226,310,274
188,228,307,273
182,228,312,273
186,232,310,271
181,232,313,274
184,231,311,273
183,230,311,276
183,227,314,276
181,226,314,273
175,225,317,276
176,219,317,280
176,217,316,278
176,215,313,278
174,217,312,275
173,219,312,277
171,218,316,278
171,221,316,281
170,217,318,275
169,218,316,279
168,215,317,275
167,217,314,276
162,215,321,282
163,216,316,284
160,215,322,288
154,214,322,280
157,212,321,283
153,212,321,283
154,212,323,283
154,213,324,284
149,215,329,287
149,212,331,290
144,213,331,289
140,215,335,291
140,217,332,288
137,215,335,291
137,215,334,293
134,217,334,292
132,217,337,289
134,213,333,291
131,219,334,289
135,218,332,293
131,218,337,292
130,218,337,295
122,218,344,297
126,221,340,299
119,224,339,295
119,223,342,297
121,226,341,293
113,226,344,296
122,223,339,302
117,227,340,297
114,226,341,297
115,226,339,298
113,229,337,302
105,232,339,299
111,230,339,300
105,229,345,300
100,232,349,306
98,233,351,305
102,233,347,307
102,232,346,304
102,233,345,299
100,230,349,303
96,231,350,302
98,229,347,308
92,232,351,302
91,231,353,304
85,231,357,306
90,232,352,307
91,230,353,308
89,230,351,307
86,227,356,310
85,230,351,311
81,232,356,309
79,232,356,308
84,230,354,310
83,230,354,312
81,229,358,317
74,229,363,317
75,227,358,315
71,224,368,312
72,221,363,319
75,215,364,321
68,213,370,322
67,206,370,319
68,207,369,316
72,204,367,317
71,204,370,320
63,205,379,323
60,206,383,330
62,208,379,331
59,209,379,334
60,207,384,327
63,202,381,328
55,200,386,329
56,198,385,330
55,199,384,330
54,197,382,329
57,192,383,329
55,193,384,330
52,190,383,330
52,187,383,331
55,186,385,333
55,187,387,337
50,190,386,337
52,188,392,339
54,185,391,341
49,189,391,341
50,185,395,342
48,186,397,353
40,181,401,350
43,182,398,346
45,186,400,351
41,182,403,360
43,181,406,357
34,179,412,359
34,177,412,361
27,177,419,359
26,174,422,367
30,173,418,372
28,175,421,366
34,177,417,366
29,177,424,368
28,177,421,362
28,175,425,369
32,176,426,370
25,171,428,373
28,175,429,365
26,173,432,374
30,173,428,374
30,169,431,374
30,171,428,373
32,174,427,379
23,173,431,383
37,175,429,380
34,174,436,380
31,173,435,387
35,175,434,383
39,173,437,386
43,174,434,379
44,172,432,383
39,171,435,379
46,172,429,388
42,172,432,381
44,173,434,383
44,174,435,384
45,175,431,385
46,177,437,384
49,178,436,384
49,177,436,389
50,175,439,390
47,173,437,388
54,172,437,386
66,172,426,389
61,173,429,385
69,173,427,395
68,173,431,388
70,173,428,386
78,173,424,384
78,173,424,385
82,172,426,382
77,173,430,386
81,177,431,387
82,173,434,389
81,175,438,385
89,172,441,385
97,172,435,387
102,174,434,385
106,177,434,386
107,176,437,384
118,172,432,394
115,177,433,390
114,177,439,394
118,178,436,393
113,182,443,392
118,181,443,389
122,183,439,392
125,184,439,386
125,183,439,388
128,186,435,386
139,185,430,387
128,189,436,384
132,186,438,386
134,188,437,387
136,187,438,390
126,188,442,386
137,188,436,390
137,191,433,389
128,192,446,385
138,190,436,385
123,191,444,383
131,193,442,392
132,196,444,390
131,199,443,387
137,198,439,388
133,199,443,386
130,200,444,384
134,199,441,389
128,200,445,393
125,200,446,389
125,199,445,388
131,200,440,389
131,203,442,385
132,204,435,387
130,202,436,388
132,203,430,387
131,203,435,393
129,200,432,390
128,202,432,389
124,201,435,390
128,202,433,391
121,198,436,395
121,197,436,395
123,201,429,393
124,202,433,391
122,202,429,391
115,204,435,391
118,199,431,390
113,195,435,389
107,191,438,394
103,193,439,395
104,191,442,397
98,189,443,396
97,184,446,397
95,182,444,398
92,183,446,399
84,179,448,410
92,179,447,404
93,182,444,401
91,180,445,404
85,180,446,397
85,178,446,400
78,175,445,401
82,174,448,395
80,175,444,401
82,172,446,399
69,167,449,399
70,169,449,409
73,169,444,406
73,169,445,404
64,166,457,408
59,168,459,409
53,167,463,414
50,165,467,413
52,167,466,412
52,166,461,413
55,170,458,405
50,166,461,410
51,171,462,409
53,167,458,415
47,168,463,411
46,167,463,415
39,165,469,413
34,164,473,416
36,167,473,416
26,167,477,418
34,170,472,413
31,169,473,413
35,169,467,419
33,169,470,416
26,170,477,420
35,168,470,428
31,171,470,418
29,170,471,419
29,171,473,421
33,173,469,411
31,170,471,416
37,171,467,415
29,170,470,417
26,172,474,414
27,170,474,423
25,167,475,422
26,168,477,421
27,166,476,420
26,166,480,419
29,166,479,416
26,166,479,415
33,164,469,419
33,163,471,417
32,161,471,412
30,158,469,413
24,156,475,411
31,157,470,416
36,156,463,410
35,152,469,410
36,154,466,411
34,152,473,412
41,154,466,414
41,151,467,414
35,149,470,421
36,151,470,415
35,152,477,421
32,152,480,417
42,149,472,424
39,154,478,421
35,152,480,420
44,151,479,418
54,152,466,425
44,146,474,421
45,149,478,417
53,145,477,423
50,146,478,418
59,147,468,418
64,144,468,412
63,144,466,408
68,144,469,416
69,143,468,419
67,144,471,422
67,143,476,422
63,144,480,420
73,147,476,424
67,149,480,426
74,149,478,429
79,147,482,433
71,146,480,423
78,146,477,427
85,142,480,428
78,141,483,424
84,134,480,427
87,131,483,422
82,131,491,422
91,125,483,430
94,124,484,434
101,123,480,432
100,120,483,424
107,121,478,431
111,126,478,425
114,124,480,429
119,126,480,431
122,126,478,429
123,127,483,430
129,128,477,426
133,128,480,428
134,128,483,419
139,128,483,418
139,127,485,417
148,123,480,418
147,124,475,416
155,126,475,416
160,127,477,410
163,127,474,417
170,127,477,410
171,128,473,411
174,127,478,411
181,129,473,412
182,133,471,408
184,130,471,412
182,130,477,411
182,127,475,415
187,133,473,413
191,134,469,419
193,136,467,421
196,136,469,415
198,138,469,413
197,138,469,408
195,139,469,407
200,138,468,406
200,136,469,404
207,134,465,413
207,134,467,403
200,135,470,407
204,136,471,397
209,136,464,407
208,138,463,403
209,137,463,402
210,137,463,401
207,139,468,398
213,139,460,399
211,138,467,403
214,139,465,399
214,136,467,406
214,137,467,401
220,134,458,402
219,132,456,405
216,132,463,394
214,133,463,397
212,130,467,405
213,132,467,400
216,131,464,402
216,131,464,401
213,131,468,400
214,134,468,397
211,133,472,400
214,133,471,406
212,132,470,404
216,133,464,407
212,131,471,403
213,129,468,408
213,129,468,410
212,129,470,403
213,125,469,406
215,122,466,407
212,121,466,404
216,121,467,410
213,121,471,409
208,118,477,406
213,115,475,412
215,115,472,413
206,114,483,417
216,112,472,421
208,112,481,422
207,109,481,425
212,108,479,424
211,109,479,426
205,108,490,425
209,103,489,430
205,102,493,432
214,99,483,429
213,100,487,430
207,96,496,432
214,90,490,440
210,90,499,440
208,84,506,441
214,91,503,436
218,79,503,446
210,79,514,439
210,78,512,437
218,76,511,450
214,75,516,445
222,73,507,441
218,72,513,447
223,69,511,451
227,68,510,446
230,68,508,450
225,65,516,448
226,64,511,447
230,66,512,450
230,67,521,450
228,60,519,452
232,59,519,458
228,52,527,460
240,54,514,454
236,52,524,455
238,52,521,453
247,52,509,463
242,54,520,454
239,51,526,459
243,59,525,457
253,65,517,458
251,71,517,451
249,76,516,455
254,90,506,449
255,102,509,453
251,119,513,448
256,128,509,456
250,135,517,446
257,136,512,446
258,137,510,446
265,133,509,449
256,132,516,456
257,126,515,462
257,121,518,460
245,112,525,465
247,109,525,466
249,96,526,464
249,87,529,477
234,89,543,465
234,80,545,466
242,80,538,470
242,79,538,469
233,70,554,473
232,71,551,475
242,72,538,477
241,66,553,480
237,69,552,482
237,67,547,476
234,61,550,479
242,61,549,482
230,60,560,478
248,62,545,478
241,57,550,484
242,54,550,482
239,51,557,495
234,53,556,490
233,53,561,487
233,52,557,493
229,49,569,500
235,47,563,497
226,49,567,494
