221,147,70,72
220,144,71,73
220,142,71,74
222,140,72,75
225,139,73,76
227,139,74,77
229,139,73,77
230,141,74,78
232,141,75,79
233,143,76,79
233,145,76,80
232,146,77,81
229,149,77,81
229,150,77,81
229,147,78,82
228,144,79,82
229,145,80,83
232,143,80,84
236,142,81,85
238,145,82,85
240,147,82,86
237,145,83,86
233,141,83,87
234,142,83,88
236,142,84,88
238,141,85,90
240,142,84,90
238,142,86,91
239,141,85,92
237,140,86,92
235,139,86,93
232,135,90,95
234,134,88,95
234,133,89,95
234,133,89,96
232,133,88,97
230,132,88,97
228,132,90,98
229,133,91,98
229,132,91,98
224,129,92,98
219,127,93,98
217,125,93,100
216,126,94,99
216,126,94,100
217,126,94,101
216,126,95,101
217,126,94,102
219,126,95,101
224,122,96,102
227,121,97,104
225,121,98,103
223,120,97,103
220,118,97,104
218,118,98,102
217,120,99,102
217,122,98,103
217,122,98,104
217,123,97,104
217,123,96,104
217,122,97,104
217,121,95,105
216,121,97,106
215,122,96,105
213,123,97,105
214,121,98,106
215,120,98,106
217,121,98,106
215,120,100,106
215,121,98,108
216,122,99,108
217,122,99,108
218,122,99,107
217,122,99,107
215,120,100,109
213,118,100,108
210,116,100,107
207,114,100,107
208,114,100,107
210,114,99,107
210,112,99,109
209,112,100,108
208,111,100,107
209,111,99,107
207,112,100,108
208,114,101,107
210,116,101,107
211,116,101,107
213,116,100,107
213,117,102,107
217,119,99,106
220,119,98,105
220,119,99,106
220,120,100,107
221,122,100,106
221,121,99,106
216,121,99,107
210,123,100,107
207,124,99,107
210,123,99,106
214,121,100,106
216,122,99,105
212,125,99,105
207,128,98,107
204,130,99,108
205,128,100,109
210,128,100,107
212,128,100,107
212,127,101,109
213,126,100,109
213,125,100,109
212,125,100,109
210,127,101,108
207,127,100,111
206,128,100,109
206,128,100,109
207,128,100,108
208,128,100,108
209,128,100,107
209,127,99,108
212,127,98,106
212,125,100,107
213,124,100,107
213,122,101,108
213,122,101,108
211,122,102,108
212,121,102,109
211,122,101,107
210,122,101,108
208,122,102,108
207,123,101,107
203,124,102,107
201,125,101,107
197,126,102,108
196,128,102,107
194,129,102,108
195,129,101,108
195,130,100,107
193,129,101,109
192,129,101,108
191,128,102,109
194,128,100,108
194,127,102,108
195,127,100,107
196,126,100,108
197,127,100,107
197,127,100,107
198,128,100,107
199,128,100,106
201,128,98,107
201,128,99,107
201,128,100,107
202,128,100,108
203,127,100,107
204,127,101,107
204,129,101,106
206,129,101,106
209,127,99,106
209,127,99,106
210,126,97,106
211,126,97,105
210,126,97,106
211,126,99,105
211,126,98,104
211,126,99,105
210,125,100,106
210,125,100,105
210,125,100,106
210,125,99,105
210,125,99,105
210,125,99,106
210,126,99,105
209,126,99,106
209,127,99,105
208,127,101,105
209,127,99,105
208,126,100,105
207,126,99,104
206,125,99,106
204,124,99,107
203,124,98,107
200,124,102,108
199,124,100,107
199,125,99,108
197,125,101,108
197,126,100,109
195,127,101,109
195,128,101,108
194,129,102,107
195,130,100,107
194,129,101,109
195,130,101,109
194,131,101,109
194,131,101,109
194,131,101,110
194,131,100,111
194,133,100,109
193,132,102,111
194,132,100,110
195,132,98,110
194,133,100,111
196,134,98,109
194,135,100,110
194,136,100,110
193,137,100,110
193,139,100,110
194,140,98,109
194,140,99,109
192,139,100,109
193,139,99,109
193,137,101,109
193,135,103,110
195,134,102,110
195,133,103,110
197,132,102,110
198,132,101,110
198,131,102,110
200,131,99,108
202,130,99,109
202,129,99,110
203,128,100,110
204,126,101,110
206,126,100,108
208,125,99,109
208,124,99,109
209,125,99,108
211,124,98,108
212,124,97,107
211,122,99,108
210,121,101,108
212,117,99,110
213,117,100,109
212,117,101,108
211,115,102,109
212,114,103,107
212,113,103,109
211,111,104,110
211,110,104,111
210,109,105,111
211,110,105,111
211,109,105,111
211,110,105,110
211,110,105,111
210,110,106,111
211,111,105,110
211,111,105,110
209,112,106,111
210,113,104,110
209,113,103,111
209,114,104,111
208,116,104,109
208,116,105,110
207,116,105,111
207,116,106,110
206,116,105,111
207,116,104,110
206,116,104,110
206,116,104,110
205,115,104,111
205,114,104,111
205,113,104,110
204,113,104,110
203,113,105,110
203,112,104,112
203,112,105,112
203,112,106,111
202,111,106,112
202,112,106,112
201,112,106,111
200,112,105,112
199,112,107,111
200,112,105,112
201,111,105,113
201,111,105,112
201,109,106,113
203,108,105,113
204,107,104,112
204,106,105,112
205,104,105,113
205,103,105,114
206,104,104,112
206,102,105,113
207,102,105,114
207,102,105,113
206,101,106,114
206,101,107,113
207,102,105,114
206,102,105,114
205,104,107,113
205,104,105,113
205,105,105,113
204,107,105,113
203,107,105,113
202,108,104,114
201,111,105,113
201,113,104,114
202,116,103,112
202,117,103,113
202,118,104,113
203,119,104,114
203,119,105,113
205,119,105,114
207,118,105,115
209,117,104,114
209,117,105,114
211,118,104,113
211,119,104,113
212,120,106,112
213,119,105,112
213,117,105,113
213,116,106,112
212,115,107,112
212,115,104,112
210,115,106,114
208,116,106,113
208,118,105,112
207,119,104,112
206,120,105,113
207,122,104,110
207,122,104,112
207,123,105,110
208,123,105,111
211,124,103,110
213,123,103,111
214,123,103,110
217,123,102,108
219,121,103,109
220,119,102,109
221,117,103,109
221,116,103,109
219,115,103,109
218,114,104,109
218,113,103,109
217,112,103,109
216,112,104,108
216,112,104,109
216,112,102,109
215,112,103,109
214,113,101,109
212,115,102,108
211,118,101,106
210,118,101,106
209,119,100,105
209,119,99,104
207,118,100,106
207,119,100,104
207,119,100,105
208,120,98,105
208,122,98,104
208,123,97,105
211,126,95,102
210,126,95,104
211,128,94,103
212,128,95,104
213,127,95,105
214,126,96,105
215,125,97,104
215,122,98,106
215,122,97,106
214,121,99,105
214,120,99,106
214,119,97,106
213,119,97,105
212,119,99,106
212,118,97,105
212,119,98,104
212,117,97,106
211,118,98,105
212,117,96,106
211,118,97,104
211,118,96,105
211,117,97,105
210,117,98,104
210,118,97,103
208,117,99,104
207,118,97,103
206,118,95,103
204,119,95,102
204,119,95,102
202,117,97,103
203,117,98,102
204,117,96,103
204,116,97,103
204,116,98,104
203,116,98,103
204,117,98,103
203,117,98,103
202,117,97,103
201,118,97,104
200,119,97,103
199,120,96,103
199,120,97,103
199,121,96,103
198,122,97,104
199,122,97,103
198,122,98,104
198,123,98,104
197,124,100,104
199,125,98,103
197,126,98,103
196,127,99,103
196,127,98,104
197,129,96,103
196,130,97,103
196,131,97,103
197,131,97,104
199,130,96,104
200,129,97,104
201,128,98,105
203,128,98,104
204,127,98,105
204,126,99,106
204,126,99,106
203,126,98,106
203,127,98,106
201,127,98,106
199,127,99,107
198,128,98,106
198,128,97,105
195,127,100,106
195,126,98,106
193,125,100,106
192,125,99,106
192,124,98,105
190,123,99,106
191,123,97,105
191,123,97,105
191,122,98,105
192,121,98,105
193,119,97,105
193,118,98,105
193,117,97,105
195,117,95,104
194,116,98,104
195,116,96,104
194,116,97,104
194,116,97,104
194,115,96,103
194,115,97,103
195,115,96,102
195,114,96,103
197,115,95,102
197,114,96,102
197,115,97,103
196,115,98,103
198,117,97,101
198,116,96,103
198,117,96,103
198,117,96,103
198,117,97,104
198,117,97,104
199,117,97,104
199,118,98,103
200,118,96,103
201,118,95,103
201,117,96,105
200,116,97,105
201,117,96,103
200,118,98,104
200,118,98,103
201,119,97,103
202,119,97,103
202,120,98,103
202,120,97,103
204,121,95,101
202,120,98,103
202,120,97,103
201,120,99,103
203,120,97,102
203,119,97,103
202,118,98,104
202,118,98,104
202,117,98,105
202,119,97,103
201,118,98,104
201,118,97,104
202,118,97,104
201,119,99,104
202,119,97,104
202,119,98,105
201,119,100,105
201,119,100,105
202,120,98,103
201,119,98,104
202,118,99,105
202,118,98,103
203,117,97,104
204,117,96,102
204,116,96,103
205,117,96,102
204,117,97,102
206,117,95,102
207,118,93,101
208,117,94,102
208,117,96,101
208,116,96,102
209,115,95,101
209,114,95,102
210,114,96,102
210,114,96,102
211,113,94,101
210,112,96,102
211,113,97,102
212,113,96,102
213,113,98,101
215,111,97,103
216,111,97,103
216,110,97,104
217,110,97,102
217,109,97,104
217,109,97,103
215,109,98,103
214,111,97,102
212,112,96,102
209,114,96,101
205,116,96,101
203,118,96,100
201,119,97,101
198,120,97,102
196,120,98,103
196,119,97,105
196,120,98,105
198,119,98,105
198,121,99,103
197,121,99,104
196,121,97,105
194,121,99,107
192,123,100,105
191,124,98,104
190,125,97,104
189,125,99,105
189,125,98,104
188,125,100,104
188,125,99,105
189,125,98,105
189,125,98,104
191,125,97,103
191,124,98,105
193,124,98,104
195,124,98,103
198,123,98,103
201,123,97,103
201,123,97,102
202,122,98,104
202,122,97,105
203,124,96,103
203,123,95,105
203,125,97,103
202,124,96,104
200,125,99,103
201,126,98,103
201,126,97,104
201,126,98,104
201,126,97,104
202,127,97,104
203,128,96,103
204,128,96,104
205,127,95,105
207,129,95,103
207,128,95,103
210,129,93,101
209,128,95,104
210,127,95,104
210,127,95,103
210,127,95,103
210,127,95,102
209,126,96,103
209,126,96,103
207,126,97,103
208,126,97,104
209,125,96,106
211,125,95,106
214,125,92,105
217,127,90,101
218,125,89,98
217,127,91,97
216,129,91,92
215,130,91,91
213,132,91,88
222,123,82,84
217,133,89,83
218,133,89,84
222,120,81,83
220,131,87,79
222,130,87,83
228,117,80,82
222,129,85,86
225,119,79,81
222,126,85,86
226,121,80,82
224,122,82,94
205,121,82,81
207,111,81,83
210,117,84,85
225,115,78,98
207,112,86,90
200,110,85,85
203,110,83,93
201,106,81,92
197,107,79,89
197,108,80,91
194,99,84,86
199,106,80,89
202,105,81,91
200,105,82,91
203,105,83,92
202,102,84,94
202,98,84,95
201,96,83,94
202,93,81,93
203,91,84,96
202,91,82,93
203,91,81,92
203,92,79,91
207,94,80,92
212,95,84,98
210,95,85,98
207,96,86,95
207,98,86,99
206,100,83,98
206,98,81,95
208,97,82,93
206,98,81,93
208,93,83,93
211,93,84,95
212,90,83,94
212,91,84,93
213,89,85,94
215,89,84,93
212,85,87,98
203,84,93,98
195,84,92,96
189,83,90,93
186,81,90,93
187,79,87,88
185,83,86,85
183,78,84,86
183,91,86,88
183,96,83,85
187,98,83,92
191,103,82,83
182,94,83,84
189,94,82,83
180,93,79,89
188,100,84,90
186,104,82,87
204,115,83,90
224,120,77,89
225,121,74,91
223,119,77,95
216,118,84,97
215,118,83,95
210,117,89,95
212,116,88,92
214,118,86,88
214,117,85,88
211,114,90,94
209,112,93,101
210,111,95,99
209,111,95,99
210,110,95,100
209,111,96,100
211,113,94,99
208,113,95,100
208,115,94,99
206,116,95,99
204,115,96,100
203,116,97,99
202,116,95,100
202,116,95,100
203,115,93,100
204,114,91,100
206,115,87,100
207,114,87,98
208,113,83,101
209,113,82,100
211,114,81,99
212,115,80,99
214,116,79,97
215,117,79,98
215,117,79,98
217,119,77,98
216,120,78,98
217,120,77,98
215,121,79,99
216,123,80,97
217,123,78,97
219,123,75,97
220,122,75,96
222,122,72,98
220,122,75,97
195,117,86,89
199,115,89,93
192,116,86,98
192,116,82,94
194,114,81,92
195,113,81,95
195,112,82,94
190,107,83,96
183,109,84,96
185,103,86,95
181,100,87,91
183,98,87,93
182,97,89,94
187,99,91,98
186,99,90,97
188,99,88,96
189,100,88,101
190,100,87,101
186,97,89,100
181,95,91,99
182,95,92,104
179,92,92,99
176,91,92,104
167,91,93,105
171,88,94,108
172,88,94,107
171,87,94,105
168,89,95,109
168,92,98,112
166,93,107,109
172,92,101,104
181,96,99,102
186,111,99,102
156,110,99,102
187,109,98,101
189,123,96,96
191,121,93,99
192,120,93,101
192,120,94,101
192,121,92,99
195,118,91,101
169,103,95,99
181,113,90,101
184,117,88,98
187,121,91,95
166,105,89,90
153,88,89,90
150,86,92,96
146,89,93,95
145,91,94,96
146,90,94,95
148,91,96,97
149,91,95,96
151,90,93,93
165,95,93,96
172,97,96,97
178,100,96,95
179,99,96,96
179,98,94,92
183,101,96,97
187,105,96,97
189,104,93,94
191,104,94,96
191,103,94,97
189,100,91,90
193,99,91,95
194,98,91,94
201,97,87,92
203,94,86,91
202,94,87,94
210,96,84,96
210,95,85,97
210,97,84,95
212,101,84,96
214,104,85,97
215,107,85,97
213,106,87,96
215,104,85,95
215,104,87,100
215,105,88,102
215,104,88,103
214,104,87,104
215,105,85,103
215,106,87,105
218,106,88,103
222,107,86,102
222,108,88,103
223,107,87,103
220,107,91,107
224,107,90,109
220,107,91,107
220,105,93,111
218,106,93,110
218,105,93,110
215,102,93,105
215,101,93,107
213,101,93,107
213,103,94,108
212,103,92,107
210,104,93,106
211,105,92,108
211,106,94,114
210,105,93,111
206,106,95,110
211,108,91,112
212,106,89,107
210,106,90,108
210,105,90,110
213,105,89,112
207,102,92,112
206,102,94,113
205,103,95,115
203,104,94,112
203,103,94,111
200,104,95,109
201,103,96,111
204,103,94,110
202,104,96,111
203,107,97,108
205,109,97,107
207,109,97,109
206,111,97,108
210,110,95,107
207,109,99,111
207,109,98,110
204,109,100,113
205,108,99,114
202,107,101,115
202,107,99,113
197,108,100,110
194,107,102,112
196,107,102,113
198,108,101,113
201,110,100,109
206,110,97,107
203,114,97,101
200,115,100,100
198,115,99,103
194,117,101,103
192,120,101,100
190,124,102,102
199,123,95,99
193,123,99,101
196,120,97,104
198,121,95,98
202,121,91,97
198,119,93,100
205,118,86,102
206,119,84,96
202,118,88,99
197,117,94,101
194,118,96,103
194,121,91,97
192,122,95,90
199,110,92,92
200,119,93,93
194,123,92,91
198,126,90,92
199,125,90,93
201,127,89,91
200,126,90,93
201,125,91,93
201,123,94,97
198,121,96,100
196,120,97,101
195,120,97,100
192,120,98,99
192,122,97,98
192,123,94,97
192,124,91,97
192,127,90,98
193,128,86,98
195,130,82,96
196,132,81,94
197,132,80,95
198,133,77,95
198,132,78,97
196,131,78,95
196,130,79,97
197,127,77,99
199,124,77,101
198,121,81,104
198,120,83,101
199,119,83,99
199,119,84,101
197,120,85,98
200,121,84,96
202,122,83,96
201,121,83,100
202,122,82,99
204,122,82,97
204,122,82,97
205,122,83,97
205,122,83,93
207,122,82,92
205,120,83,94
206,121,81,90
206,122,81,88
202,119,81,90
203,117,82,90
196,115,86,95
191,113,88,97
190,111,90,97
192,110,88,96
190,111,88,98
190,111,90,100
197,112,89,101
192,112,92,104
191,112,93,105
190,111,93,106
195,110,92,103
194,109,91,101
195,109,89,103
191,106,92,105
198,106,89,105
190,103,92,105
187,101,94,108
187,100,95,110
187,100,93,112
171,91,102,106
170,88,104,107
169,86,106,109
165,85,108,110
154,81,115,109
152,80,116,110
158,79,113,116
153,78,118,117
156,77,117,119
154,76,116,122
150,76,117,119
154,77,115,121
150,78,115,120
149,77,117,117
151,77,116,118
149,76,120,121
147,77,119,118
148,76,117,120
151,76,114,120
148,75,116,120
155,75,116,124
160,74,117,126
168,75,115,125
172,77,114,124
173,81,113,130
174,83,112,129
169,82,114,129
169,85,114,131
168,87,113,131
167,89,115,131
165,89,116,131
167,92,113,129
170,93,115,123
171,94,112,124
172,94,111,125
171,93,111,123
171,96,109,123
170,98,106,121
171,96,105,120
174,93,103,120
168,89,104,121
160,86,108,123
162,86,109,125
159,85,113,124
161,86,114,126
162,87,114,124
164,87,115,125
159,88,117,126
159,89,117,125
159,90,118,126
162,93,117,124
156,96,119,126
156,96,119,124
157,96,118,122
160,97,117,122
155,95,120,125
159,96,117,126
160,95,119,127
160,96,118,130
163,98,118,133
163,96,118,133
163,99,118,131
164,99,116,130
163,99,113,131
163,100,112,129
167,101,111,128
167,99,111,127
168,100,111,129
172,101,108,126
172,99,109,126
175,104,108,125
176,103,109,122
173,104,109,120
173,105,110,120
173,106,114,123
175,111,113,121
180,109,118,120
172,111,129,121
168,112,133,118
163,112,130,110
181,111,115,112
172,105,116,114
181,106,106,114
181,107,103,114
180,109,104,114
186,111,101,106
187,110,101,105
189,111,97,104
187,112,96,102
185,111,101,104
184,110,101,105
183,109,102,105
181,108,103,105
181,107,101,105
178,107,102,106
176,107,102,105
175,106,102,106
173,105,102,107
173,104,100,105
170,103,100,105
167,102,101,106
165,101,102,106
162,99,102,106
160,96,103,108
157,94,103,108
155,93,104,107
152,93,105,108
151,92,104,107
148,91,104,108
145,91,105,107
143,91,104,106
139,91,105,108
137,93,106,107
135,94,105,106
133,96,104,106
130,99,103,103
126,102,103,104
120,104,104,106
117,108,102,105
114,110,102,106
112,113,100,103
110,116,99,101
105,117,102,104
104,115,99,104
102,117,98,104
98,117,99,105
97,119,99,103
96,118,98,102
93,119,100,103
94,118,98,102
93,117,100,105
95,117,100,104
97,115,100,105
100,116,99,104
100,118,100,104
101,116,99,105
104,118,97,102
103,117,102,103
104,119,99,103
110,119,93,99
113,124,88,88
112,132,88,88
111,137,88,88
112,132,87,87
83,133,85,85
29,133,85,85
38,130,85,85
32,119,85,85
38,133,86,86
1,82,87,87
-3,51,88,88
77,115,87,87
166,72,88,88
158,22,93,85
143,24,92,84
128,22,93,85
124,30,92,85
122,45,92,84
127,59,92,85
137,75,94,86
146,86,91,85
157,94,91,83
169,105,88,86
177,114,90,87
181,117,86,83
189,119,87,83
190,120,88,83
191,120,88,84
193,120,87,83
196,120,84,81
195,119,81,77
195,120,82,80
192,119,80,79
196,119,81,80
196,116,78,73
195,115,76,74
196,114,77,73
196,113,77,74
195,117,78,74
194,117,78,74
194,119,79,76
198,119,77,76
202,118,79,75
208,117,77,74
210,116,77,74
215,115,76,74
217,115,76,75
219,115,76,75
220,113,75,74
219,109,75,74
218,104,75,73
220,103,76,73
218,100,76,74
219,98,77,75
224,97,78,73
224,93,76,72
228,89,77,72
226,87,77,73
227,85,77,72
227,82,76,74
228,80,77,76
233,79,74,78
235,78,73,78
232,79,76,77
234,81,74,78
231,76,76,78
230,77,76,79
228,77,78,80
229,76,77,78
229,79,78,78
228,82,78,78
229,83,78,77
227,84,78,77
229,87,74,79
229,84,75,78
228,83,76,79
226,84,77,78
225,86,76,75
226,92,72,75
221,88,75,77
218,83,75,74
215,87,73,73
215,82,74,74
215,82,75,74
215,82,75,73
213,80,76,76
215,80,74,73
217,81,75,73
221,80,74,71
217,73,73,71
222,78,73,72
219,75,75,70
219,77,75,72
217,72,76,72
217,72,76,72
207,69,80,73
213,70,78,75
212,70,78,78
203,67,85,84
210,70,85,91
212,68,85,93
213,70,85,94
213,69,86,94
211,70,87,91
210,69,85,84
210,71,85,84
209,71,83,82
210,72,85,83
212,71,83,81
210,73,83,83
211,74,83,82
212,74,83,82
213,74,84,81
213,74,84,82
212,75,86,83
213,76,83,82
214,77,83,82
214,75,83,81
216,76,83,82
215,75,82,81
215,73,83,83
215,72,83,83
216,72,84,84
214,74,85,85
212,75,85,83
208,77,86,85
207,77,86,86
206,77,84,86
202,78,85,85
200,79,84,83
201,81,83,84
204,83,82,83
205,83,83,83
203,86,83,82
204,88,81,81
203,90,80,80
199,90,80,80
197,90,79,79
194,90,79,79
193,89,78,78
193,90,79,80
192,91,78,76
191,91,76,76
192,93,77,75
193,93,76,74
195,95,78,76
199,97,79,76
203,101,77,76
204,104,76,75
203,105,74,73
206,107,75,74
210,109,76,75
209,111,76,75
212,114,75,75
213,116,75,74
217,119,75,75
213,118,76,78
211,118,78,78
211,115,76,75
211,114,77,76
212,112,76,76
214,112,77,76
214,110,77,74
217,109,76,75
220,108,77,76
221,107,77,76
224,106,78,78
225,106,78,80
224,104,79,79
222,102,78,78
226,102,78,78
229,101,79,78
231,100,76,73
231,101,76,73
231,98,77,73
230,99,77,76
230,98,77,76
228,99,77,76
228,98,76,74
227,98,76,74
227,98,76,74
227,98,77,74
229,97,77,75
229,98,76,76
228,97,77,75
228,97,77,74
227,97,79,76
227,98,80,80
227,97,82,84
224,98,83,84
221,97,82,84
216,95,84,83
213,94,83,82
210,91,82,82
208,90,81,81
206,89,81,81
206,87,82,82
203,85,81,80
203,84,81,81
203,84,83,82
204,82,83,80
203,83,83,80
205,84,82,81
208,82,82,81
208,83,83,84
210,82,83,84
211,85,83,86
212,84,84,85
211,85,85,90
210,85,87,90
209,86,87,88
208,86,86,87
209,86,86,86
209,88,86,86
210,88,85,86
210,89,86,87
210,91,85,88
213,91,86,87
216,91,85,88
218,90,86,88
219,91,85,88
216,91,85,88
217,91,86,90
214,91,88,91
214,91,88,90
215,92,88,90
219,91,87,90
222,94,88,92
226,94,88,91
226,97,89,91
227,98,89,90
226,102,88,91
226,102,86,87
227,104,86,89
225,102,87,88
228,103,86,88
226,101,87,89
225,99,87,89
224,99,88,91
223,97,88,89
225,96,89,92
225,95,90,92
226,94,90,90
225,93,90,91
226,93,87,90
222,94,84,85
216,94,86,85
215,95,84,84
215,96,84,83
214,94,84,84
215,94,85,84
220,94,83,82
221,97,83,84
220,96,85,83
223,99,84,86
224,97,86,86
228,100,86,87
228,100,87,91
229,102,91,96
229,100,90,95
228,101,88,96
220,98,90,93
214,95,89,97
207,87,95,101
198,81,96,100
197,77,93,94
185,75,94,87
170,75,94,89
159,75,93,96
148,72,94,95
175,102,84,95
173,114,95,95
176,113,89,89
177,116,88,91
171,120,93,93
173,114,90,93
172,118,90,92
175,115,88,93
170,112,91,94
173,111,90,97
171,108,91,99
170,108,92,101
172,111,93,100
169,110,97,103
167,111,99,102
167,112,99,102
168,112,98,103
167,111,98,104
167,112,97,101
167,110,98,103
167,109,97,104
167,109,99,104
166,108,99,105
166,108,98,106
166,110,98,104
167,110,98,103
168,111,97,103
170,112,96,102
171,112,95,103
173,113,94,102
173,111,96,103
174,111,96,104
174,112,95,103
176,113,93,100
177,111,93,103
177,111,93,100
179,110,92,103
179,111,93,101
178,111,93,102
177,111,93,102
177,112,93,101
177,111,92,103
179,112,93,101
180,112,92,100
179,111,91,103
179,112,91,101
180,112,90,99
178,109,91,104
181,111,90,96
179,109,90,98
179,109,90,98
177,110,88,99
177,110,90,98
175,110,90,100
175,112,89,98
175,113,88,97
173,113,89,99
172,114,89,98
170,114,91,99
168,114,92,101
167,114,91,100
167,115,91,100
168,116,90,99
170,118,86,95
171,119,87,90
171,120,87,85
171,123,86,82
174,124,82,82
178,124,79,80
176,124,80,83
175,125,80,81
175,124,80,83
174,123,81,84
173,126,82,86
171,125,83,87
170,125,87,90
171,126,84,89
172,119,82,88
173,93,80,96
162,74,82,89
169,84,85,86
177,92,82,87
183,100,81,85
186,110,81,85
193,113,80,83
194,116,79,81
195,120,76,77
196,121,77,75
199,125,77,77
201,122,79,77
203,122,79,77
203,123,81,81
201,122,83,82
199,121,82,83
200,118,84,82
202,118,84,84
207,120,83,86
205,119,81,83
209,120,79,82
209,119,80,81
211,119,80,81
215,119,78,82
219,118,78,84
213,114,80,81
218,113,80,83
216,110,81,84
218,109,81,83
222,109,80,85
222,108,80,85
219,108,82,86
218,108,82,86
219,107,82,86
218,107,83,85
220,108,83,87
222,110,82,86
231,111,80,83
229,112,82,87
225,112,83,86
226,112,80,86
224,111,81,89
222,110,81,90
223,109,81,91
216,106,82,85
223,108,82,89
224,108,82,87
220,107,84,88
214,108,85,90
211,108,87,94
210,107,88,93
209,107,88,93
210,106,88,91
214,106,85,90
215,107,85,92
211,106,84,88
208,105,86,86
212,103,82,81
211,104,82,83
208,103,79,79
208,107,81,78
205,105,81,77
207,103,80,76
208,105,79,75
208,101,78,73
206,104,80,75
206,101,81,79
208,101,83,82
208,101,82,81
203,100,88,85
210,99,85,95
212,100,86,97
218,100,85,100
211,100,89,102
203,97,95,100
203,97,91,97
199,95,92,97
200,94,90,96
197,90,92,96
198,88,92,100
197,85,91,99
194,83,93,98
193,80,94,100
194,79,95,101
193,76,96,104
191,76,95,105
189,71,99,110
186,70,100,109
181,69,103,112
177,67,104,112
170,68,105,113
166,69,105,112
162,69,106,115
158,72,104,113
155,72,106,115
149,73,105,111
148,73,105,113
147,72,105,113
150,71,102,113
155,71,101,114
157,71,102,113
164,71,99,112
167,71,99,112
169,72,99,112
170,73,98,111
171,74,98,112
172,77,97,111
172,79,96,110
174,80,94,109
177,82,95,107
181,85,96,111
184,86,95,109
187,86,96,111
190,85,97,111
193,86,96,110
195,86,96,111
195,86,96,111
196,88,94,106
200,88,94,106
199,88,94,107
200,89,95,108
198,88,95,110
196,89,96,108
195,89,96,111
195,89,97,107
198,89,97,112
200,90,97,114
204,91,94,113
203,89,95,109
205,89,95,108
207,87,94,108
206,86,94,105
206,86,95,104
210,89,94,108
209,88,94,102
209,91,97,109
209,92,97,110
210,94,97,111
210,95,96,107
209,98,97,108
209,101,96,109
208,105,97,109
207,103,100,112
205,101,102,114
206,98,102,114
204,97,104,116
205,94,104,115
204,92,104,113
204,90,105,117
203,87,103,112
206,86,100,118
203,84,101,114
200,85,101,114
201,85,99,112
199,85,99,114
196,86,98,111
195,83,97,109
193,84,96,112
193,83,96,110
192,83,96,110
193,84,95,111
196,84,95,113
194,85,95,110
193,84,97,114
191,85,97,112
192,85,96,113
192,86,97,113
194,87,97,112
197,87,97,111
200,88,97,110
202,88,98,112
201,89,100,113
201,89,99,112
200,91,99,112
200,91,98,111
202,91,97,112
203,90,95,113
205,90,95,115
205,90,99,114
209,91,97,111
211,90,97,106
210,91,97,106
210,91,97,107
211,91,96,104
208,90,95,103
207,91,96,109
206,91,96,111
205,91,97,109
207,90,98,111
207,89,97,111
205,89,97,112
205,88,97,109
206,90,97,113
207,91,99,113
208,91,99,114
207,91,101,117
207,91,100,114
207,89,100,112
208,88,99,111
208,87,99,111
211,85,99,110
209,85,100,107
212,85,98,110
210,81,100,117
208,79,102,118
208,79,102,117
205,79,102,118
200,80,103,118
196,80,101,117
193,81,98,117
188,80,105,122
182,79,110,119
182,79,110,121
181,77,113,123
177,78,110,123
172,76,111,119
165,72,119,123
160,72,118,113
153,77,121,116
160,87,113,111
167,91,109,105
185,95,95,104
189,95,90,102
190,96,89,100
182,94,96,104
188,94,92,103
187,91,91,105
189,93,89,96
193,93,87,90
190,97,91,90
189,98,92,90
189,98,92,89
197,98,86,87
196,100,84,86
193,104,86,85
192,105,87,84
193,105,87,83
191,105,87,81
192,106,88,81
189,104,91,82
191,104,89,87
189,103,90,89
190,102,89,93
190,102,90,93
190,102,89,97
188,103,90,97
188,102,93,97
191,104,88,96
192,106,87,95
187,106,92,96
183,110,93,97
183,111,94,95
183,111,94,97
183,110,95,100
184,109,94,101
185,108,95,102
187,107,93,101
188,107,93,99
188,106,94,98
189,105,94,100
189,105,95,100
191,104,94,102
192,104,93,100
192,104,94,101
193,106,94,97
193,105,94,98
194,105,92,97
194,104,91,99
193,103,93,98
192,102,96,99
195,102,93,97
193,100,93,96
192,100,93,96
189,98,95,97
189,97,94,100
189,96,94,102
191,95,93,102
185,96,97,103
183,96,99,102
184,96,96,97
188,96,93,96
190,97,90,98
189,96,91,100
188,95,92,100
191,94,90,99
188,91,94,102
182,87,97,105
172,83,103,109
177,82,99,106
180,83,100,107
178,84,103,106
178,85,103,107
182,86,101,104
177,84,104,107
177,82,103,107
181,84,99,106
179,83,101,108
174,82,105,110
178,84,105,110
176,84,106,110
179,83,105,110
179,84,107,114
179,86,107,112
180,88,107,113
186,91,103,116
188,89,101,119
187,90,98,109
188,89,98,110
185,89,96,108
183,91,94,105
181,91,94,104
179,93,94,101
178,93,95,102
177,94,93,101
177,94,94,101
176,94,96,103
177,93,95,102
178,92,94,103
179,93,95,102
179,93,95,102
180,94,94,102
179,93,95,102
180,94,94,101
179,94,93,103
179,95,94,101
179,95,93,103
179,96,94,102
179,95,95,102
178,95,96,103
177,96,97,102
178,97,95,101
177,98,95,100
175,99,95,99
175,99,95,100
175,100,95,99
174,100,95,100
174,102,94,100
173,103,94,101
171,105,93,99
169,107,93,99
167,110,93,98
165,111,93,100
164,112,94,99
163,111,93,100
162,111,94,100
162,111,93,101
162,110,94,100
163,111,93,98
162,110,94,100
163,110,94,101
163,111,94,98
163,111,94,99
164,112,94,99
165,113,93,99
164,114,93,99
165,115,91,98
164,115,93,99
165,115,93,99
165,114,92,99
165,113,92,100
164,113,93,100
163,113,93,100
162,113,93,100
161,113,94,100
160,112,94,100
159,112,95,100
159,111,95,100
159,110,95,100
160,109,94,102
160,108,94,102
159,108,95,102
159,107,95,102
159,106,94,103
159,105,96,103
160,105,94,103
160,106,95,101
160,106,94,102
158,106,95,102
159,106,94,101
159,106,94,102
159,106,95,101
160,106,94,101
161,105,94,102
162,104,94,102
163,105,93,101
165,105,93,100
165,105,94,100
165,105,94,101
165,104,94,102
166,104,95,101
167,104,94,101
167,105,94,100
166,105,94,101
166,105,94,101
164,105,94,102
162,105,95,102
160,104,95,103
159,104,96,103
158,105,96,102
158,105,96,104
158,106,96,102
159,106,95,102
160,105,94,102
160,104,94,102
159,103,95,102
159,102,95,102
159,104,94,100
159,103,93,101
158,104,93,101
156,104,93,100
153,105,94,101
152,106,95,100
151,107,94,101
151,108,94,99
149,108,94,100
149,109,94,99
148,108,94,101
148,108,94,101
149,108,94,101
149,109,93,100
149,108,94,101
149,107,94,102
149,107,94,102
150,105,94,102
150,105,94,103
151,104,94,101
152,104,94,101
151,103,95,102
152,103,95,100
152,102,96,100
153,102,95,101
153,102,95,101
154,102,95,100
156,100,93,101
156,101,94,99
158,101,94,100
159,101,92,98
158,101,92,99
156,102,94,99
154,102,94,99
153,102,92,99
150,102,95,99
148,101,95,100
147,101,94,100
144,102,95,100
144,102,94,99
142,102,95,100
142,103,95,99
143,102,95,100
146,102,94,98
148,101,94,99
150,100,94,99
153,100,94,98
154,100,94,99
157,100,92,99
158,100,93,99
160,99,94,99
161,98,93,99
160,98,94,99
163,98,93,98
161,97,94,98
163,98,93,97
164,98,92,97
164,98,91,98
163,98,93,99
163,99,94,99
164,99,93,99
165,99,93,99
166,100,93,97
167,100,93,98
168,99,92,98
168,99,92,98
168,98,94,98
168,98,94,99
171,97,93,98
170,97,94,97
170,97,94,99
170,98,93,98
169,98,94,98
168,99,93,99
169,99,94,97
169,99,93,98
168,99,94,98
169,99,94,98
169,99,93,98
169,99,93,98
169,99,94,98
169,100,93,98
170,99,94,98
171,99,94,98
172,99,93,99
172,100,93,98
172,100,94,98
171,100,93,99
172,100,92,98
172,100,93,98
173,99,93,99
175,99,92,98
176,100,91,96
176,100,92,98
176,99,93,97
177,99,93,97
178,98,91,97
178,98,93,98
178,99,92,96
178,98,93,97
178,98,94,97
178,99,92,96
179,99,92,95
180,98,92,96
181,99,92,95
180,99,92,96
181,99,92,96
180,100,92,97
180,100,92,97
181,100,92,97
182,100,92,96
182,98,92,97
182,98,92,98
184,98,92,96
183,98,91,97
184,98,90,96
183,98,92,96
183,98,92,97
184,98,92,95
183,97,92,97
183,97,92,97
184,97,93,96
184,97,93,97
185,97,92,96
185,98,91,96
186,97,91,96
188,97,91,95
188,96,91,96
188,97,91,96
186,98,92,96
183,98,92,97
183,99,89,95
179,99,91,97
178,99,92,97
175,99,94,98
174,98,94,100
175,100,92,98
177,101,92,97
180,103,92,97
182,104,92,97
185,104,92,97
188,105,92,97
190,107,91,97
194,108,91,96
196,108,91,96
198,108,91,97
199,108,92,97
200,107,92,97
200,106,91,97
199,105,91,98
199,106,91,96
199,103,91,98
199,102,91,98
200,101,93,98
201,98,93,98
204,97,92,98
204,96,93,99
205,96,93,98
204,96,93,98
203,96,94,98
202,96,94,98
201,96,93,98
200,98,94,98
199,100,94,97
198,102,93,97
199,103,92,97
199,104,91,97
199,103,91,97
199,104,92,96
200,103,91,96
199,102,91,98
199,102,92,98
198,103,93,97
199,105,91,96
198,107,91,96
196,108,91,96
196,109,91,96
196,108,91,97
196,108,93,98
198,107,91,98
199,107,92,98
201,105,91,98
201,104,92,99
202,104,90,97
203,103,90,94
202,100,90,96
200,98,91,98
199,99,89,97
197,98,90,96
195,98,90,96
193,98,90,94
189,92,91,96
188,91,90,95
187,92,91,95
188,95,88,94
185,95,90,94
184,98,89,93
181,99,91,96
181,101,89,95
179,100,92,96
181,101,89,93
186,103,84,88
186,106,84,87
189,106,81,85
190,105,83,85
190,102,84,86
188,101,88,88
189,101,85,85
191,106,84,82
191,106,87,82
195,109,88,79
196,112,86,77
198,110,88,76
202,110,86,74
208,114,86,72
213,115,84,69
214,114,82,68
216,114,83,69
217,113,83,72
213,106,84,75
208,98,87,79
202,92,89,84
188,80,96,93
181,76,95,98
161,65,94,93
156,65,100,98
152,69,106,105
152,70,107,105
149,70,113,109
158,79,112,109
163,90,118,118
164,93,123,120
166,98,124,125
167,100,125,125
169,101,125,126
171,97,125,125
172,97,126,127
178,101,124,124
180,103,122,123
182,106,122,123
189,110,117,125
189,111,119,124
190,110,120,124
194,110,120,123
197,110,121,125
197,110,120,123
199,109,119,121
199,109,119,124
201,110,116,124
204,109,114,125
206,108,113,124
206,105,116,129
206,104,115,128
206,101,115,127
208,100,116,125
211,100,114,128
211,100,116,128
212,101,117,130
213,102,117,132
212,103,118,131
213,104,118,129
212,104,119,132
213,104,120,132
214,105,119,131
212,103,121,135
213,102,122,135
214,102,121,133
215,102,120,132
214,101,120,131
215,102,120,132
215,102,120,133
213,102,122,133
215,102,119,129
215,102,121,133
216,103,121,132
216,102,121,132
216,101,122,133
218,99,121,134
217,98,123,138
217,98,122,134
215,98,123,135
214,98,124,136
215,99,122,133
213,100,123,132
211,101,124,134
211,101,123,134
210,102,122,134
209,102,123,133
208,102,124,135
209,102,123,134
208,101,122,132
210,100,119,129
208,97,122,133
207,94,122,134
206,93,122,132
205,91,122,136
203,92,121,132
203,91,122,137
204,92,120,130
202,93,120,133
203,94,118,132
202,96,119,133
204,99,118,130
205,102,118,128
208,106,116,128
211,108,116,125
212,110,116,129
213,110,115,128
214,111,116,131
214,112,114,128
215,112,115,131
216,112,113,129
216,112,114,128
218,110,114,130
218,110,113,128
220,110,114,129
221,109,115,132
220,109,114,129
219,109,116,131
218,109,117,129
218,110,117,129
217,110,117,128
214,107,119,133
214,107,117,130
216,107,115,130
219,107,114,128
218,108,115,128
215,109,117,132
217,110,115,128
219,111,114,127
217,110,114,127
214,109,117,130
214,108,119,131
218,109,116,125
217,107,118,130
212,107,123,132
213,107,123,132
215,106,122,131
211,105,124,134
211,106,124,134
211,107,126,133
211,108,127,134
212,109,124,132
211,109,125,131
210,109,126,133
211,107,126,134
213,107,125,134
215,106,123,132
215,105,124,134
216,105,123,136
215,104,122,136
213,104,123,136
212,104,124,135
215,104,121,131
212,103,122,132
212,102,121,132
211,101,121,133
208,101,123,137
209,99,123,137
210,99,121,134
210,98,122,137
210,98,121,133
210,99,120,133
208,99,121,134
209,100,119,132
207,100,120,133
206,100,120,135
208,100,118,132
207,100,118,132
207,99,118,133
206,100,118,131
205,99,118,131
205,98,117,132
205,98,115,131
206,97,115,129
204,95,118,135
202,95,120,135
203,95,118,131
202,96,118,132
203,96,119,134
203,96,120,137
205,97,118,133
203,97,118,135
204,97,119,134
204,98,119,134
205,98,118,133
205,99,117,133
205,99,117,130
206,98,117,131
205,98,120,133
209,97,118,131
212,97,117,130
215,97,116,130
216,95,116,131
217,95,115,128
216,94,116,129
214,93,118,130
213,93,117,130
212,92,117,131
211,92,118,133
213,93,117,134
214,92,118,134
215,92,118,136
217,93,118,131
216,93,120,135
218,93,120,136
219,93,119,136
217,94,120,135
215,93,122,137
216,93,120,134
217,93,121,135
216,93,121,134
215,92,122,137
216,93,120,134
215,91,121,135
215,90,123,137
217,90,122,135
216,89,124,137
218,89,122,135
218,88,123,135
218,89,123,136
217,89,123,135
217,88,124,140
219,91,121,136
217,93,123,135
216,94,123,137
217,94,123,136
219,96,120,134
218,96,123,137
218,97,121,134
218,96,121,135
217,95,123,137
217,95,122,137
220,95,119,134
220,94,118,132
218,94,119,135
217,94,118,135
221,95,116,130
220,93,119,135
222,92,119,135
224,91,117,133
225,90,117,133
231,91,113,126
228,92,114,127
227,92,114,130
227,93,114,131
227,94,114,133
222,96,118,137
224,97,118,134
225,99,117,133
227,101,116,133
224,102,116,133
223,103,116,133
220,102,118,135
223,102,114,131
220,101,118,135
221,102,115,133
223,102,113,129
219,101,116,134
220,100,116,130
219,100,116,135
219,99,118,133
221,98,118,136
224,98,117,138
222,98,118,138
221,98,119,138
220,97,120,139
216,97,120,137
216,96,120,138
215,96,119,134
214,96,120,137
215,96,119,136
212,96,120,136
215,99,116,132
209,98,121,137
210,100,120,134
211,100,120,135
211,101,120,136
211,102,119,133
212,102,119,134
213,103,116,131
212,102,118,134
210,103,118,132
210,102,118,133
209,101,120,136
211,101,119,134
211,100,122,136
213,101,121,137
213,101,123,137
214,102,121,135
213,102,121,136
211,102,124,138
208,101,126,139
205,102,124,137
203,102,125,135
201,101,126,136
202,100,126,135
202,101,126,133
203,101,128,136
206,100,126,134
207,100,126,136
209,100,127,135
210,101,124,133
210,100,124,135
207,101,124,133
208,101,121,133
207,100,118,134
207,98,118,134
206,97,121,135
206,95,122,139
207,96,123,135
207,95,125,138
209,96,124,134
209,96,123,134
209,95,124,137
210,95,126,139
210,96,125,137
211,98,125,138
210,99,125,137
210,101,123,135
209,101,125,135
207,99,127,140
208,97,127,140
210,96,125,136
211,94,123,136
212,93,124,137
213,92,123,138
213,91,122,136
211,90,123,139
212,91,123,137
210,92,124,138
211,92,123,138
212,94,122,133
213,95,121,131
210,94,122,138
209,93,124,141
212,94,122,138
212,94,122,138
211,95,122,139
213,96,118,132
215,96,114,130
212,94,115,134
214,95,115,130
212,95,117,135
212,95,116,135
212,97,116,135
213,98,116,134
214,98,116,132
213,98,117,132
213,97,116,132
213,96,118,132
213,96,117,133
214,96,115,130
212,96,116,131
213,93,114,127
214,94,112,125
217,93,110,124
217,91,109,122
217,90,110,121
216,92,110,125
214,90,111,124
218,91,108,121
218,92,110,120
219,92,109,122
217,93,109,123
217,94,110,121
215,94,111,124
214,95,112,127
213,97,112,128
215,95,110,124
214,95,112,125
215,95,110,122
214,96,110,123
218,96,107,116
213,97,109,119
212,96,108,122
209,95,109,124
208,94,111,125
208,92,111,127
207,91,112,128
208,90,113,127
205,89,116,133
206,87,115,130
204,87,119,135
205,87,118,132
205,86,117,132
203,85,119,133
202,84,119,135
205,84,115,134
201,84,117,138
204,83,115,133
203,83,116,130
205,84,114,129
203,83,116,128
205,82,115,129
204,83,115,128
207,84,114,128
204,84,116,131
206,84,115,130
204,84,116,133
202,84,116,135
201,84,117,134
200,84,117,135
202,85,118,132
202,83,119,135
205,82,120,134
206,80,120,136
206,77,123,138
206,74,123,139
205,73,124,139
203,72,124,141
202,73,122,139
199,73,124,137
197,72,125,135
196,73,124,139
195,74,124,137
196,71,126,140
195,73,128,140
194,76,125,137
196,78,124,136
195,81,122,136
194,83,122,136
190,85,126,135
190,86,125,132
187,88,128,132
183,85,131,132
178,86,131,128
175,88,128,124
175,89,125,124
177,88,122,122
176,87,120,121
176,88,119,123
177,88,118,120
179,90,113,120
182,90,112,119
182,92,113,121
184,92,112,121
183,92,113,122
184,91,113,121
182,92,115,123
180,95,115,119
177,94,118,119
176,94,116,120
177,93,115,120
181,93,112,120
181,94,112,119
180,95,113,120
182,96,111,119
181,98,113,121
185,99,111,120
184,96,112,120
183,95,112,119
182,92,113,120
181,90,115,121
178,87,122,125
176,81,129,131
178,80,130,132
182,78,129,132
185,78,127,131
188,77,128,132
191,78,128,135
194,79,128,134
195,79,130,136
198,82,130,135
201,84,131,137
203,86,131,137
208,83,131,139
209,82,132,140
210,80,133,142
207,78,132,139
204,76,134,141
206,75,131,142
203,74,131,143
201,74,129,141
202,74,127,139
201,74,128,141
202,75,127,139
203,75,127,140
205,77,125,137
204,79,126,137
206,81,124,134
209,82,122,135
209,83,124,136
211,83,124,135
213,84,122,135
211,85,123,135
209,85,123,136
206,83,124,138
205,82,123,135
204,81,122,136
205,80,123,135
206,80,123,135
204,79,122,138
203,79,122,137
203,80,122,137
203,80,122,137
203,81,123,136
204,81,125,137
207,80,124,136
207,80,124,139
207,79,125,138
208,78,124,140
210,77,124,141
212,74,124,141
213,72,125,144
214,70,126,143
212,71,128,144
212,73,126,142
211,76,126,141
211,78,126,140
213,82,126,141
214,82,124,141
215,82,124,142
219,83,123,139
218,81,124,139
219,81,122,138
217,80,119,134
220,81,115,131
216,81,116,134
215,79,118,137
212,79,120,138
210,79,123,140
208,81,127,142
204,84,129,141
201,86,128,141
202,87,126,141
197,87,129,143
196,87,131,142
197,83,132,142
192,79,133,141
189,77,137,143
185,77,138,142
182,77,137,144
178,79,137,141
174,81,137,140
171,81,138,140
169,81,137,144
168,81,140,143
173,78,138,140
182,72,132,137
185,70,133,141
185,69,135,141
188,68,134,143
191,66,131,143
196,66,126,140
196,68,126,140
197,71,126,140
197,73,126,139
197,74,126,140
199,77,126,140
201,78,127,141
204,80,126,140
205,78,127,142
205,78,126,139
206,76,126,138
211,77,122,136
212,76,122,138
212,76,121,139
211,76,123,140
214,77,120,136
212,77,121,137
214,80,119,134
212,80,119,136
212,81,118,136
210,81,118,138
210,83,119,137
213,84,117,134
214,83,118,134
217,83,118,137
221,83,120,136
222,82,121,141
224,82,122,138
222,81,122,141
220,81,123,138
217,81,125,141
216,81,123,141
215,80,123,140
215,80,123,141
214,80,123,140
213,80,124,141
210,80,129,140
208,81,134,142
206,83,134,144
204,86,136,145
203,89,135,142
202,89,135,143
195,91,134,140
187,92,134,139
182,93,132,140
176,98,131,138
170,99,131,140
166,101,136,142
162,106,134,138
162,107,133,135
161,107,132,139
156,110,132,142
145,111,132,137
144,109,132,142
143,109,131,142
161,105,125,125
177,117,115,132
169,108,114,130
145,101,123,123
117,107,131,135
104,101,130,129
97,104,128,128
105,104,131,131
119,95,127,127
108,102,138,135
100,97,139,134
97,92,136,132
81,89,135,136
71,87,135,137
60,87,131,134
41,85,133,135
27,86,129,132
33,91,130,132
18,90,130,124
11,93,134,126
11,101,135,127
18,104,136,125
34,90,131,131
75,110,139,127
32,107,147,133
35,109,146,139
24,110,145,138
-0,87,136,147
48,108,141,143
30,101,154,139
8,94,145,153
-0,93,127,148
20,102,128,150
36,98,126,145
47,96,131,152
55,96,134,154
61,100,134,152
62,109,132,151
74,111,132,149
88,115,129,147
102,119,123,144
118,124,122,145
126,114,126,138
128,111,130,136
132,112,130,135
135,111,135,138
136,113,138,140
138,110,143,144
143,110,142,146
140,106,146,142
141,106,146,144
147,102,142,144
142,102,146,143
142,102,144,142
145,100,143,142
145,97,141,143
151,94,132,143
154,94,127,147
154,91,132,146
140,90,148,144
140,89,152,145
138,91,151,144
144,89,144,144
154,90,131,142
157,89,130,148
157,91,130,148
156,90,130,147
154,92,130,150
155,98,131,145
156,101,132,140
152,100,131,143
144,96,133,142
141,92,133,145
140,89,135,146
136,88,139,144
132,89,144,145
137,87,136,145
139,82,134,147
139,81,134,148
140,81,132,144
139,81,136,146
140,80,133,145
136,80,138,148
135,77,141,152
137,77,137,152
136,76,141,150
138,77,138,146
137,76,141,151
138,72,140,152
140,69,136,152
142,69,136,154
142,72,138,153
147,72,136,154
148,73,136,154
146,73,141,155
147,74,139,155
144,74,143,154
144,75,143,157
145,76,141,154
145,77,142,155
147,76,140,157
148,76,142,157
148,77,142,157
148,78,141,158
150,77,140,158
147,77,143,159
147,76,143,158
149,76,145,159
148,75,146,159
150,75,145,159
152,76,144,157
153,76,142,155
150,77,146,158
150,77,146,157
152,78,143,157
149,77,144,156
153,78,142,156
153,77,143,155
155,76,142,155
152,76,146,159
153,77,143,156
155,78,141,155
153,78,143,156
155,79,142,157
153,79,143,157
155,77,141,153
155,78,142,155
159,77,139,154
154,76,143,156
155,76,142,155
155,76,143,156
156,78,142,155
157,79,142,155
155,80,144,156
153,82,144,156
155,84,139,154
156,85,136,151
155,88,138,151
155,88,137,151
155,88,137,152
157,88,135,151
160,88,135,151
161,87,136,150
162,86,136,151
158,85,139,152
156,83,140,154
156,83,139,154
157,83,138,153
155,83,140,153
155,83,142,153
159,84,139,153
160,84,140,152
162,85,139,155
162,85,139,154
161,84,140,154
159,84,141,156
157,84,143,154
158,83,142,156
159,83,140,155
158,84,141,154
156,87,142,154
158,88,140,153
158,90,139,152
159,91,138,151
159,91,139,153
157,93,140,151
157,93,140,154
155,94,140,153
156,96,140,153
159,95,138,153
160,93,138,153
160,89,138,152
161,89,137,151
161,86,137,152
162,84,137,152
162,86,136,150
160,84,137,150
161,84,135,149
158,84,134,149
154,85,137,149
153,86,136,153
147,85,140,153
146,85,139,151
140,87,142,150
139,93,140,146
139,99,140,147
142,106,138,148
144,110,139,151
141,111,141,151
136,109,143,147
131,110,146,145
124,107,146,144
121,108,146,147
118,107,150,148
116,107,145,145
119,108,141,144
120,106,140,142
117,106,139,142
119,101,141,141
122,103,139,138
123,103,139,137
126,104,139,136
129,106,136,135
127,107,134,133
129,108,132,132
128,109,130,131
126,108,128,131
128,111,125,129
129,110,125,126
129,109,125,127
132,112,123,128
128,111,124,127
128,111,122,128
128,109,119,126
128,110,119,123
126,108,120,124
127,107,118,124
128,107,116,125
124,108,117,124
121,108,115,123
120,110,113,123
119,111,113,123
118,108,110,121
117,108,108,120
118,110,106,118
117,110,107,120
117,110,107,120
117,109,106,119
120,111,104,118
117,110,105,121
119,113,104,117
121,115,103,117
121,117,104,116
122,118,103,114
119,117,101,114
121,121,101,112
121,121,101,111
122,119,100,109
125,121,100,109
121,118,99,109
121,117,101,110
122,117,98,108
122,118,100,109
123,119,96,107
122,117,96,106
123,119,96,107
121,118,97,109
122,121,97,108
124,126,96,108
126,126,97,109
127,128,98,109
124,124,97,109
128,127,97,108
133,121,98,107
143,118,100,107
154,116,99,106
160,114,100,104
172,121,100,107
179,127,100,108
173,124,101,107
173,121,99,108
169,121,104,107
168,121,104,107
175,120,103,105
180,119,102,103
182,118,102,102
183,118,105,107
185,115,106,105
188,113,106,105
188,112,109,109
192,110,108,108
191,107,108,106
192,105,107,106
194,103,104,105
195,101,104,110
195,101,102,110
196,103,104,114
194,103,105,115
196,103,106,109
198,107,107,107
196,109,107,108
192,111,110,114
193,111,110,115
193,111,111,116
190,110,111,114
189,109,112,116
186,109,112,117
185,107,111,114
183,106,113,117
186,106,110,118
187,105,112,121
189,103,110,118
189,102,110,120
188,101,112,119
193,101,110,119
198,102,108,114
196,103,110,120
199,102,110,120
197,101,111,121
194,100,113,123
193,99,113,122
188,97,113,119
190,96,112,115
188,94,113,119
189,94,113,121
190,93,113,120
192,94,112,118
191,95,110,120
188,96,111,117
190,98,111,117
193,101,109,119
191,100,110,117
193,101,110,119
191,103,112,124
190,103,112,123
191,104,112,122
185,101,116,126
187,100,113,122
187,99,115,122
184,96,116,124
185,96,114,126
186,96,114,126
185,92,114,124
182,89,116,127
181,87,115,126
182,84,117,129
176,83,120,131
173,80,122,131
177,79,117,129
177,78,117,130
178,80,119,130
180,79,120,131
180,82,121,131
183,82,118,131
180,82,120,130
173,80,127,131
160,82,139,132
157,86,138,132
158,84,131,130
160,75,126,133
157,64,126,133
160,59,127,134
163,58,128,134
166,58,128,141
167,62,128,135
171,74,125,136
168,73,125,133
164,68,129,134
154,63,133,140
143,66,133,141
132,63,131,142
129,59,129,139
127,61,132,143
133,63,133,139
135,64,137,141
143,60,137,138
155,53,135,139
161,58,136,130
169,65,131,128
166,67,147,126
222,84,127,127
228,92,129,129
186,99,138,122
254,90,127,127
198,125,127,127
197,130,128,131
208,136,128,128
217,148,128,137
212,149,125,134
218,148,118,128
207,148,119,130
218,146,115,131
213,145,120,131
200,149,129,131
197,149,130,132
191,146,129,132
181,142,131,128
181,145,133,132
180,142,133,130
185,140,129,130
181,137,130,128
183,138,128,134
177,135,131,133
180,123,130,136
176,104,141,143
180,97,144,145
188,96,142,146
190,94,137,138
195,91,139,140
190,89,144,141
191,91,135,143
193,93,137,144
204,87,141,141
201,83,141,143
200,80,142,146
206,78,147,144
208,75,154,147
207,74,157,153
209,76,157,152
200,70,156,153
199,71,154,152
197,73,155,151
196,73,157,149
193,70,153,150
191,70,154,149
187,69,152,148
184,68,150,150
179,68,148,148
171,69,144,145
165,71,135,145
162,78,127,138
158,85,124,130
162,90,122,126
165,96,118,122
165,102,115,114
168,103,112,116
166,103,112,113
168,102,109,109
176,100,107,110
183,100,106,109
191,98,105,109
195,98,102,104
200,100,100,104
202,99,97,104
203,98,97,101
203,98,96,100
208,97,94,99
212,98,92,96
217,98,91,96
223,97,91,94
224,96,90,95
223,95,90,94
219,94,93,96
218,92,94,98
215,90,94,99
212,90,94,96
210,92,93,93
206,93,91,93
202,93,92,96
199,94,90,94
195,94,90,96
193,95,88,96
190,97,88,94
188,97,88,93
187,97,87,96
184,96,88,92
180,94,87,93
177,92,88,94
177,91,88,95
179,91,87,94
179,92,86,92
177,92,87,91
177,93,86,92
178,94,85,93
178,93,85,91
179,91,85,90
180,89,85,92
179,86,86,92
179,83,86,92
179,82,86,92
178,81,85,92
178,81,86,91
177,82,87,92
178,82,86,91
178,81,86,93
178,81,87,92
180,80,87,91
180,79,87,92
182,79,87,92
183,80,87,91
185,81,88,92
186,81,90,93
186,81,92,94
189,81,92,94
192,82,90,93
196,82,91,93
198,82,91,95
202,82,93,95
207,83,92,95
210,83,93,95
213,85,92,95
215,87,93,95
215,89,96,97
217,91,94,95
219,93,92,93
218,94,94,97
219,95,93,97
217,96,93,98
216,96,94,97
213,96,94,98
210,94,95,100
209,93,95,100
207,91,96,100
207,89,96,101
206,87,96,102
205,86,98,102
203,84,99,102
200,84,99,102
199,83,100,102
195,80,101,105
190,78,103,106
189,75,103,107
189,72,104,107
187,68,103,108
177,66,108,113
171,67,109,114
172,67,110,115
174,68,110,115
174,71,112,115
176,74,111,114
178,78,108,113
179,83,109,114
178,87,110,115
181,92,108,113
182,95,108,114
179,99,110,115
179,101,111,116
