225,70,52,30
226,68,52,30
227,66,53,30
229,64,53,31
230,61,54,31
232,59,53,31
232,57,56,31
234,55,55,32
236,53,55,32
237,51,55,32
239,48,56,32
240,46,57,33
240,45,57,32
242,43,58,33
243,41,59,33
243,38,60,34
244,36,61,35
245,35,61,34
245,32,62,34
246,29,62,35
247,27,63,36
247,25,63,35
248,22,63,36
249,20,64,36
249,17,64,36
249,15,65,36
249,12,66,37
249,10,66,37
249,8,67,38
249,6,67,38
250,5,67,37
249,3,68,38
249,2,68,38
250,1,68,39
250,-1,68,39
251,-2,69,39
252,-3,68,40
252,-3,68,39
253,-3,69,39
253,-3,71,39
254,-4,71,40
256,-4,71,41
257,-4,71,41
258,-4,73,42
259,-4,74,44
260,-4,76,45
261,-4,76,46
262,-2,78,47
263,-3,77,49
264,-2,78,49
264,-1,79,50
264,0,81,50
266,2,80,51
266,2,81,50
265,3,82,52
265,3,84,52
265,4,85,53
265,4,85,53
265,4,87,53
266,5,85,53
265,5,87,53
266,5,87,52
264,6,89,52
263,5,89,53
262,5,89,53
260,5,91,53
259,4,91,52
257,4,92,51
254,3,93,52
252,3,94,52
249,3,92,52
245,3,95,52
241,2,97,53
239,3,96,53
236,3,98,53
233,3,98,54
231,3,99,54
230,3,100,53
229,2,100,53
228,2,100,54
227,1,101,53
228,1,103,52
228,-1,101,55
228,-1,101,52
229,-1,101,53
230,-2,100,54
231,-3,99,55
232,-2,100,53
232,-3,99,53
234,-3,98,53
235,-2,97,53
236,-3,97,52
237,-3,96,53
238,-3,96,52
240,-3,95,52
241,-3,94,52
239,-5,97,52
241,-4,94,51
242,-5,95,51
241,-5,96,51
242,-6,96,52
241,-5,94,52
241,-5,95,50
241,-5,94,50
241,-5,95,51
241,-5,93,51
241,-4,92,52
240,-4,95,52
240,-4,94,53
239,-4,94,52
239,-4,93,54
238,-4,92,55
236,-4,93,55
236,-4,92,56
233,-3,94,54
231,-4,94,55
229,-5,95,55
226,-5,95,55
222,-4,96,55
219,-4,96,56
217,-5,94,56
214,-5,95,57
211,-5,96,58
209,-3,93,58
206,-3,94,59
204,-3,95,60
202,-2,94,60
199,-1,95,61
196,2,94,62
197,5,92,63
194,11,91,63
195,13,88,65
195,15,87,62
196,14,87,64
197,14,87,63
196,15,88,64
196,14,89,65
196,14,88,63
198,13,87,61
198,13,89,59
199,11,92,60
200,9,96,60
202,5,98,58
208,2,99,56
214,-2,96,54
221,-4,92,51
231,-5,85,48
238,-6,80,46
241,-7,81,47
242,-7,80,45
246,-8,77,45
247,-8,77,45
248,-7,78,42
251,-8,75,42
250,-7,77,41
250,-8,79,41
250,-9,77,40
251,-8,77,42
249,-8,77,41
246,-8,79,41
245,-8,78,41
244,-7,78,41
241,-6,79,40
241,-6,81,40
241,-6,80,41
241,-5,81,41
241,-5,82,41
242,-5,81,42
242,-5,81,41
244,-5,81,42
244,-6,80,42
245,-5,81,42
246,-5,81,40
247,-5,80,40
249,-5,79,41
249,-5,79,40
251,-5,79,41
251,-5,78,41
251,-5,79,40
253,-5,78,41
253,-5,79,41
254,-5,77,42
254,-4,78,41
254,-5,77,42
254,-5,77,43
255,-4,76,42
254,-4,78,42
254,-4,77,42
254,-4,77,42
255,-4,77,43
255,-4,78,42
255,-4,76,43
255,-4,76,43
255,-4,77,44
255,-4,78,42
255,-4,77,42
256,-4,77,43
256,-4,76,42
256,-4,77,42
257,-4,76,42
256,-4,77,41
255,-4,79,42
256,-3,80,41
256,-3,81,41
256,-3,82,41
259,-2,83,40
260,-2,81,41
262,-2,82,41
262,-2,81,40
263,-2,83,41
264,-2,82,41
264,-2,83,40
265,-2,81,41
266,-2,81,43
269,-2,80,45
266,-3,82,43
266,-3,83,45
267,-2,83,45
267,-2,83,46
269,-2,82,46
268,-2,85,45
269,-2,82,47
270,-2,82,48
269,-2,84,47
269,-2,83,48
270,-2,85,49
270,-2,84,49
271,-2,85,49
272,-2,84,50
270,-2,85,51
270,-2,86,50
269,-3,85,51
270,-2,84,52
269,-3,85,52
270,-3,85,52
269,-3,85,52
270,-1,84,52
270,-2,84,52
270,-2,85,51
270,-2,84,51
269,-3,85,51
270,-3,85,51
268,-4,87,53
268,-4,86,53
268,-3,85,53
267,-3,87,52
267,-3,87,51
268,-2,84,53
266,-3,86,51
268,-2,85,52
267,-3,87,51
266,-3,86,52
267,-3,84,53
266,-3,85,53
266,-2,86,52
266,-2,85,52
265,-2,85,52
265,-1,86,51
266,-1,84,54
265,-2,84,54
265,-1,85,53
266,-1,84,53
265,-2,85,54
265,-2,85,52
266,-0,84,54
265,-1,85,54
265,-2,84,54
265,-1,85,53
265,-1,84,52
265,-0,84,53
267,1,83,54
267,1,84,55
266,-0,84,56
267,1,83,56
269,2,82,55
268,-0,83,56
268,-0,83,56
269,1,83,58
269,-0,83,58
269,-0,83,58
270,0,83,57
270,-0,83,59
270,-0,83,59
270,0,83,57
271,1,83,59
271,1,83,59
271,1,83,58
271,2,83,57
269,0,83,58
269,1,82,58
268,1,82,56
267,2,82,56
265,2,84,56
264,2,84,55
263,2,82,54
262,3,82,53
261,4,82,53
261,4,81,52
259,5,81,51
257,4,81,51
255,4,81,53
253,5,82,52
253,5,80,52
250,5,82,53
249,8,80,52
246,8,82,53
245,9,79,53
245,11,78,53
244,11,76,53
244,11,76,53
245,11,76,52
245,11,76,53
245,11,75,52
246,11,76,52
246,10,75,52
246,11,76,53
245,11,77,53
245,10,77,53
245,9,78,55
246,10,77,54
246,9,77,54
247,10,77,53
246,9,78,54
246,8,77,54
248,9,76,53
247,9,77,53
247,8,76,53
247,8,75,53
246,8,76,52
246,9,76,52
246,9,76,52
245,9,75,52
245,9,73,52
244,9,74,53
243,9,75,52
242,9,73,52
241,10,73,51
241,10,73,53
240,11,72,51
240,11,72,52
240,12,71,51
239,12,70,51
239,13,71,52
239,14,70,51
237,14,71,52
239,15,70,50
238,15,70,51
238,16,69,50
236,17,68,50
235,18,69,50
233,19,69,50
231,21,69,50
230,23,67,49
229,24,66,48
228,25,67,48
227,26,66,48
227,27,67,49
227,28,66,48
228,28,64,48
229,30,63,47
228,32,65,46
231,32,63,46
231,32,63,46
232,31,64,47
233,30,65,47
234,29,66,48
235,27,67,48
237,26,65,47
237,25,67,48
240,24,66,47
239,24,68,50
240,24,67,49
241,23,67,49
240,23,69,50
242,23,68,51
241,21,69,51
241,22,69,52
241,22,70,52
240,23,71,52
239,22,70,52
238,23,70,52
236,24,71,53
236,25,70,52
236,26,68,51
236,27,70,50
236,27,69,50
236,27,69,50
236,27,69,50
236,27,70,50
237,27,69,50
237,26,71,50
238,26,71,50
240,25,69,49
242,25,69,48
243,25,70,49
244,24,70,50
244,23,71,50
245,23,71,49
248,22,70,49
249,22,71,49
249,21,72,48
251,20,70,48
252,19,71,50
252,18,71,49
253,17,72,50
254,17,71,50
255,17,71,49
255,16,71,49
256,17,72,49
257,17,71,48
258,17,70,47
258,16,71,47
258,17,71,47
259,17,70,46
259,17,70,46
259,17,71,47
259,18,70,46
258,18,72,46
258,18,73,46
259,19,70,45
258,20,71,44
258,20,70,43
259,21,69,42
258,21,70,43
258,21,68,43
257,21,70,43
257,21,69,43
255,21,71,44
255,21,69,45
254,21,70,44
253,21,70,45
252,21,70,45
251,21,69,44
249,21,69,46
248,22,70,44
247,23,69,43
246,23,68,44
245,23,68,44
244,24,67,43
243,24,67,44
242,24,68,44
242,24,66,43
242,25,66,42
241,25,66,42
241,25,66,42
240,26,65,41
238,27,65,42
238,27,64,41
237,28,64,41
237,28,63,41
235,29,63,40
235,29,63,39
234,29,63,40
235,29,62,39
233,29,63,40
232,29,64,40
232,29,62,40
230,29,64,41
230,29,63,40
230,28,63,41
229,28,64,41
228,28,64,41
227,27,64,42
226,27,64,42
226,27,63,42
227,27,63,42
226,26,64,42
225,26,64,43
225,26,64,44
224,26,64,44
224,26,64,43
224,26,65,44
224,25,65,45
224,25,65,45
223,25,66,46
223,24,66,46
223,24,67,48
223,24,68,46
223,23,68,47
223,23,68,48
224,23,68,48
225,22,67,48
226,21,67,48
226,21,67,47
227,20,69,47
227,18,70,49
228,18,69,49
227,18,71,50
228,18,70,49
226,17,72,50
225,18,72,50
224,20,71,49
223,21,71,49
223,20,71,50
224,20,70,50
224,20,70,49
226,19,70,49
227,18,71,49
227,17,70,50
228,17,70,50
229,17,69,49
230,17,70,49
231,17,70,48
231,16,70,49
232,16,70,49
233,17,69,48
234,17,69,48
234,16,69,49
236,17,69,48
237,17,69,48
239,17,69,46
240,17,69,47
242,17,68,46
244,17,68,46
245,16,68,46
247,16,67,46
249,16,67,45
249,15,68,46
250,16,67,45
252,15,66,45
251,15,68,45
252,15,68,45
251,15,69,45
252,15,68,46
253,15,68,45
254,14,68,46
254,15,68,46
253,14,70,46
255,15,68,45
255,15,68,46
255,15,68,46
254,15,68,45
255,15,67,46
254,15,68,45
256,16,66,44
257,17,66,44
257,16,66,45
258,17,65,44
259,17,65,44
259,17,65,45
259,17,65,46
261,17,63,46
261,18,65,45
260,17,65,45
261,18,64,44
261,18,63,45
262,20,62,43
261,20,63,44
260,20,62,44
259,21,63,43
259,23,63,43
258,24,62,43
258,24,62,43
258,25,62,43
258,25,62,44
257,25,63,44
258,25,62,45
258,26,63,44
258,26,63,44
258,26,63,44
259,26,62,44
258,27,64,45
259,27,63,45
259,27,62,45
259,27,63,45
261,28,62,45
261,28,62,45
261,27,62,45
261,28,64,46
262,27,62,45
263,27,63,46
263,27,64,46
263,27,63,46
264,27,63,47
263,27,64,47
262,27,66,48
263,27,65,48
264,28,63,47
263,28,64,47
264,28,63,47
263,28,64,47
263,28,64,47
263,29,64,47
265,29,62,46
263,30,64,47
264,30,63,46
265,29,62,46
264,29,64,47
264,30,64,47
265,30,63,46
264,30,64,47
264,29,64,48
265,30,64,48
265,30,65,48
266,30,64,47
266,29,65,49
266,30,63,48
266,30,65,49
266,30,65,48
266,30,66,49
267,30,65,49
267,31,66,49
268,31,64,48
268,31,64,48
267,32,67,50
265,32,67,51
265,33,68,51
264,33,69,52
262,35,71,54
262,35,72,56
261,37,71,55
262,38,70,55
261,38,71,54
260,39,73,55
259,39,72,55
260,39,72,55
259,39,73,56
258,39,74,58
258,38,73,58
258,39,75,60
257,38,75,61
256,39,74,60
254,39,75,62
253,40,75,60
253,41,74,61
252,42,73,59
253,42,72,59
251,42,73,59
252,42,73,59
252,41,72,60
254,41,70,56
253,40,71,57
253,40,71,58
253,40,71,57
253,40,72,57
252,40,73,57
252,39,73,57
252,39,71,56
251,40,72,56
252,40,71,57
253,40,70,57
253,41,70,57
253,40,71,58
253,40,71,57
253,39,71,57
254,40,70,56
253,40,71,55
254,40,69,54
255,40,68,53
255,40,69,53
256,40,69,54
255,39,70,54
258,38,67,52
257,37,68,53
259,38,67,51
259,37,67,52
261,36,66,52
263,35,66,51
262,35,67,51
265,34,65,49
266,35,64,48
264,34,65,49
265,34,65,49
266,34,64,48
266,34,64,47
268,34,63,46
268,33,63,46
270,34,61,44
270,34,62,43
270,33,62,44
270,33,63,44
271,33,61,43
271,32,62,44
273,32,61,43
274,31,61,44
273,31,64,45
274,30,64,45
276,29,62,46
275,28,65,46
275,28,65,47
275,28,65,46
276,27,64,47
276,27,65,46
275,27,65,46
275,27,65,45
275,26,65,46
273,26,66,45
273,26,65,45
272,27,66,45
273,27,65,44
272,26,66,44
270,27,68,44
271,26,67,44
270,26,67,44
270,25,68,45
268,25,68,45
268,25,68,44
267,25,69,44
268,25,68,45
266,25,69,44
266,25,69,44
266,25,69,43
265,26,71,43
263,26,72,43
264,25,72,43
263,25,73,43
264,25,73,42
263,25,74,43
264,24,74,42
264,24,74,41
266,24,73,40
267,23,73,41
268,22,74,42
270,22,73,42
269,22,74,41
269,22,74,40
269,22,74,40
272,23,72,41
269,22,73,40
270,23,73,41
268,24,75,41
267,24,79,42
266,23,79,43
267,24,81,42
268,24,81,42
269,23,81,44
271,23,80,45
272,23,81,46
272,23,80,42
274,23,80,44
275,23,80,43
276,24,79,43
277,24,78,42
276,23,79,42
277,23,79,44
277,24,79,43
277,24,79,42
278,24,79,43
277,25,78,43
276,26,79,42
274,27,80,44
271,31,79,44
267,36,80,45
267,36,79,45
264,41,79,46
260,44,79,45
258,45,80,45
257,46,80,44
256,45,79,45
255,44,79,43
254,43,80,43
256,43,79,44
254,43,80,44
255,43,81,44
257,43,78,46
258,42,78,46
259,42,79,45
259,40,80,45
261,39,80,45
263,38,79,45
265,38,77,44
265,37,78,42
268,37,77,44
269,36,77,44
270,36,78,44
270,36,78,43
270,36,77,44
270,35,79,42
271,35,79,42
272,35,79,43
273,35,78,43
274,34,77,43
275,34,77,42
275,34,79,42
276,33,78,43
276,32,79,43
278,32,78,42
278,32,78,41
280,31,78,43
280,30,79,44
281,30,78,43
281,29,76,42
280,28,78,44
280,27,78,44
280,27,79,43
279,26,81,44
279,26,80,43
278,26,80,42
278,25,80,42
278,24,82,44
278,24,81,43
278,24,81,43
277,23,81,44
277,23,81,44
278,23,81,43
279,22,81,46
278,22,82,45
280,21,81,45
279,21,81,44
278,21,81,45
278,21,81,43
279,21,81,43
278,20,81,44
278,20,81,42
278,19,80,43
277,18,78,42
276,18,79,42
275,16,81,44
274,16,79,43
272,15,81,44
272,14,81,44
271,13,81,45
270,13,83,43
269,11,82,44
267,10,83,44
267,9,81,44
266,8,81,45
264,7,81,45
263,6,81,45
263,5,80,45
261,5,83,44
260,4,83,45
258,4,83,45
257,4,81,46
255,4,83,48
254,4,82,47
253,5,83,47
251,5,82,49
250,5,83,48
249,6,83,50
247,7,84,49
246,7,84,50
245,8,84,50
244,8,85,51
243,9,85,52
243,11,85,48
242,12,85,50
241,13,86,49
241,14,85,50
240,16,86,49
240,16,87,52
239,18,86,51
239,19,89,52
239,20,88,54
239,21,90,54
240,23,88,55
240,24,90,56
242,26,91,55
243,27,91,55
245,28,91,54
247,28,90,55
250,28,90,55
254,28,86,56
252,27,88,55
255,27,87,54
258,26,85,55
261,26,83,55
263,24,82,57
264,23,83,56
265,22,82,56
265,21,84,57
266,19,83,59
266,18,83,59
264,17,86,60
265,16,84,59
265,15,86,61
267,14,85,61
269,12,85,62
270,11,87,62
272,9,86,61
273,7,86,61
273,6,87,59
275,4,86,59
275,3,87,59
276,0,87,62
276,-1,88,61
278,-3,87,62
278,-5,87,60
278,-6,88,64
276,-6,90,64
276,-6,89,62
275,-6,91,63
274,-7,92,64
274,-7,94,64
274,-7,95,65
274,-7,96,63
275,-7,97,65
277,-7,96,67
278,-7,95,65
278,-7,97,66
280,-6,96,65
281,-7,96,64
283,-6,95,67
284,-5,94,67
284,-6,95,65
286,-6,93,60
287,-6,92,63
288,-5,93,59
290,-6,93,59
293,-5,93,64
293,-6,94,59
295,-6,94,61
297,-7,94,62
299,-7,93,63
300,-7,93,64
300,-7,93,64
299,-7,93,64
301,-8,93,65
293,-8,93,64
293,-9,94,65
292,-8,94,62
293,-7,91,63
295,-7,89,60
295,-8,90,59
294,-9,90,58
297,-10,88,59
298,-11,87,55
294,-10,84,55
294,-11,85,54
295,-12,86,53
296,-12,85,54
295,-12,85,53
294,-12,84,54
295,-12,83,53
294,-13,84,51
293,-11,83,50
289,-11,82,48
291,-11,80,48
289,-12,80,48
289,-13,78,47
288,-15,75,48
290,-15,74,46
283,-18,81,58
281,-18,81,58
282,-17,79,56
280,-14,77,55
277,-15,78,56
281,4,77,55
279,39,77,55
268,66,77,55
260,86,77,55
270,73,77,55
281,68,76,54
280,69,77,55
260,77,77,55
261,77,76,54
274,88,76,54
270,97,76,54
268,81,76,54
277,38,76,54
265,-15,77,54
272,-12,74,45
260,-10,76,45
262,-8,78,45
260,-7,80,51
255,-6,85,53
249,-5,89,57
249,-9,89,58
246,-5,92,56
245,-3,93,56
246,2,91,55
245,4,93,55
245,7,93,51
238,10,94,52
239,10,96,52
240,10,97,53
240,10,99,54
243,7,98,55
244,3,99,60
247,-1,97,58
246,-2,101,60
247,-5,101,59
246,-6,106,62
247,-7,105,64
248,-7,105,59
249,-7,102,58
249,-8,103,57
251,-9,101,57
250,-9,99,55
251,-10,98,55
250,-9,96,52
250,-11,96,53
248,-11,94,52
246,-12,93,53
245,-13,93,53
243,-13,93,53
240,-13,93,50
237,-12,91,51
232,-12,92,49
232,-15,94,55
226,-12,93,51
221,-13,94,53
217,-11,95,53
213,-10,94,53
208,-10,96,54
202,-10,98,56
197,-10,99,58
191,-10,99,58
187,-10,100,60
183,-10,101,60
179,-8,100,58
175,-10,101,60
172,-9,101,60
169,-10,102,60
167,-12,105,63
165,-10,103,61
162,-10,105,61
161,-9,104,61
161,-10,106,64
159,-9,107,63
159,-9,106,62
160,-8,102,63
158,-2,100,64
156,16,96,65
158,43,97,65
154,67,100,64
160,88,102,67
159,104,101,70
161,104,100,71
162,115,101,70
159,125,98,71
154,131,99,70
150,137,100,69
144,143,98,65
143,147,95,64
142,151,96,64
140,155,99,64
141,158,98,65
141,161,98,64
142,164,100,65
142,166,101,65
144,168,100,67
144,168,100,65
144,168,98,67
143,165,99,64
145,157,98,67
146,150,96,69
146,144,95,70
146,135,94,68
145,128,96,69
144,121,96,65
144,116,97,65
143,109,98,62
144,101,103,68
148,97,102,69
149,92,103,65
154,86,102,66
156,77,98,64
160,71,96,64
162,67,96,60
166,60,98,63
170,54,96,62
176,47,93,64
180,43,91,63
182,36,91,67
184,31,92,66
186,25,93,66
188,19,94,66
191,14,94,65
193,9,92,64
195,6,93,61
198,2,90,60
200,-1,89,57
203,-4,89,58
205,-6,90,58
208,-8,89,56
211,-9,89,54
214,-9,90,51
216,-9,89,51
220,-10,89,51
222,-9,89,48
224,-9,89,48
225,-8,90,47
226,-8,91,48
228,-8,90,49
230,-7,91,48
232,-7,93,49
234,-6,93,49
235,-7,94,50
238,-7,93,51
241,-6,91,51
242,-6,93,51
244,-7,92,50
245,-7,92,50
245,-6,93,49
247,-7,92,50
247,-7,92,50
247,-6,91,49
247,-7,92,50
246,-6,92,49
245,-6,90,50
245,-7,88,52
243,-6,88,50
240,-6,88,50
236,-6,87,50
234,-5,89,50
231,-4,89,49
229,-3,92,50
225,-2,94,50
224,-3,91,51
222,-3,91,51
221,-2,94,52
220,-2,93,55
220,-1,93,56
220,-0,93,57
221,0,92,61
223,2,92,63
224,3,93,67
227,6,94,70
231,9,94,69
237,12,91,66
240,13,88,64
241,13,90,65
243,12,87,63
241,10,90,66
240,8,88,61
239,6,89,61
236,3,90,62
233,1,92,65
232,-1,90,61
229,-2,90,63
227,-2,91,60
225,-2,91,60
224,-3,89,59
221,-3,90,60
220,-3,90,60
217,-5,90,58
216,-4,90,61
213,-5,90,58
211,-6,90,59
209,-6,92,61
207,-7,91,62
203,-6,90,59
199,-7,94,62
196,-7,91,60
192,-7,93,62
187,-7,96,62
184,-7,95,62
182,-6,94,60
177,-5,96,60
174,-6,96,62
170,-5,97,61
168,-5,97,61
168,-4,97,64
164,-5,96,62
163,-5,94,61
162,-5,95,63
161,-6,96,65
161,-5,97,64
161,-5,98,64
161,-5,97,63
160,-4,99,63
161,-4,101,64
162,-5,100,64
163,-3,103,65
164,-1,103,66
166,1,103,66
167,4,104,67
168,6,104,69
171,7,101,68
173,6,100,71
175,6,99,69
178,6,98,67
182,5,96,68
186,4,94,70
188,2,95,70
190,0,94,70
192,1,95,69
193,2,96,66
196,2,95,65
198,-0,94,65
200,1,95,63
200,-0,97,62
203,-0,96,61
204,-1,98,62
205,-1,101,65
208,-3,97,61
209,-2,98,61
212,-3,98,64
213,-4,95,61
215,-5,96,62
217,-5,95,60
219,-6,96,62
219,-6,94,60
222,-7,94,62
223,-8,94,62
224,-8,94,62
226,-8,94,59
228,-8,92,58
228,-7,93,58
230,-8,93,57
230,-8,93,57
232,-8,92,57
232,-8,93,56
234,-8,92,56
235,-8,93,56
236,-7,91,55
237,-7,90,55
238,-6,91,54
241,-6,89,54
243,-4,90,55
244,-1,89,56
247,2,88,55
247,4,88,55
247,4,91,58
247,5,91,57
247,5,91,57
247,5,91,56
246,4,91,56
244,4,91,55
243,4,90,56
241,4,90,54
239,4,91,55
236,5,90,53
234,5,92,53
232,5,91,54
230,6,90,52
228,6,89,54
227,5,88,56
224,6,88,52
223,4,89,56
221,5,89,56
218,5,89,54
217,5,89,54
215,5,90,53
215,4,90,55
214,3,90,55
212,4,91,53
212,3,92,53
211,3,92,53
212,3,90,53
211,2,90,54
211,3,91,54
211,2,89,54
210,2,91,54
210,2,90,55
210,2,90,55
209,2,89,55
209,3,90,55
209,2,89,55
208,3,89,57
208,4,88,56
206,3,90,59
204,3,91,62
203,3,91,62
202,4,92,62
200,4,92,64
198,4,92,65
195,4,93,65
192,4,92,67
189,5,94,65
186,5,94,65
183,6,95,65
180,6,96,64
178,6,95,65
175,7,95,66
174,7,94,68
172,7,94,70
171,8,93,70
169,8,94,72
166,9,95,71
164,10,96,70
163,10,97,71
163,9,95,72
163,10,95,72
163,10,96,73
164,11,95,71
164,10,97,71
166,10,97,71
168,9,98,71
170,10,96,69
173,9,96,70
177,9,97,69
180,8,96,69
185,9,95,68
188,9,95,67
191,9,96,68
194,9,94,68
197,9,95,69
199,9,96,71
201,10,95,72
202,10,98,73
204,11,99,74
206,12,100,73
209,13,100,75
211,14,99,74
213,15,98,76
215,16,95,72
215,18,96,74
215,18,96,74
215,18,96,75
213,18,98,78
213,16,96,74
213,15,95,74
210,14,96,75
208,13,95,73
205,10,98,74
203,8,97,73
200,5,100,76
197,4,100,77
196,3,97,73
192,1,98,71
189,1,99,70
187,-1,98,68
184,-4,98,67
180,-6,101,66
178,-7,101,65
177,-9,99,65
175,-9,100,64
173,-11,101,63
172,-12,99,63
169,-13,101,62
168,-13,102,61
167,-14,101,61
167,-14,102,60
166,-14,102,60
168,-15,101,61
168,-13,102,59
169,-12,100,60
171,-11,101,62
173,-11,99,63
175,-10,98,63
177,-11,97,62
179,-11,96,62
180,-10,97,60
182,-11,97,60
184,-11,98,59
187,-10,98,59
189,-11,96,60
190,-13,96,60
192,-13,95,59
196,-13,96,58
196,-13,95,58
200,-14,94,56
202,-14,94,55
203,-15,94,55
208,-16,93,55
206,-16,97,54
209,-15,94,54
208,-16,95,54
212,-17,94,55
213,-17,91,57
212,-17,92,56
213,-17,91,57
211,-23,97,78
215,-17,91,60
218,-20,92,61
219,-20,93,57
217,-18,91,58
218,-19,91,57
218,-17,89,57
217,-16,88,56
214,-18,89,53
215,-17,88,56
213,-16,87,59
212,-18,88,55
203,-17,87,58
204,-18,85,61
204,-16,83,63
199,-17,84,63
204,-14,78,66
199,-12,78,65
201,-14,76,67
198,-14,76,68
198,-12,74,71
198,-12,73,71
196,-11,72,70
196,-11,72,69
195,-12,72,69
194,-9,70,68
191,-10,72,66
190,-10,72,67
190,-10,71,65
189,-9,71,65
188,-8,73,65
188,-7,71,65
186,-8,73,64
187,-9,74,64
187,-9,73,65
190,-8,72,66
191,-8,73,66
193,-9,74,64
196,-8,72,68
198,-7,73,69
200,-9,73,65
203,-7,73,69
208,-6,74,68
209,-9,76,65
212,-7,74,66
214,-12,77,62
214,-16,81,56
218,-18,82,57
222,-12,78,60
224,-11,79,64
228,-10,77,66
229,-8,76,68
232,-9,76,66
233,-11,78,64
235,-11,78,64
236,-13,81,64
238,-15,80,65
239,-14,79,64
239,-17,81,61
238,-18,83,57
237,-18,83,55
238,-19,84,57
235,-19,84,60
235,-20,85,62
234,-20,85,61
232,-20,85,64
233,-20,86,63
231,-22,86,62
228,-22,87,61
229,-22,88,62
228,-21,86,63
226,-20,85,65
224,-22,87,61
223,-22,87,66
222,-22,87,63
220,-21,86,64
217,-21,85,63
218,-22,87,63
212,-22,88,59
211,-21,87,62
209,-22,88,64
208,-21,88,67
209,-22,88,60
208,-22,87,63
209,-22,87,64
210,-20,87,67
207,-22,87,63
209,-21,88,61
210,-22,88,64
211,-21,86,64
213,-21,86,65
216,-20,87,62
216,-21,86,62
218,-21,87,63
219,-22,87,63
221,-22,88,61
223,-22,89,67
222,-22,89,67
225,-21,89,66
226,-22,90,67
227,-22,89,64
230,-22,89,63
233,-22,89,65
232,-21,89,64
233,-21,89,64
233,-22,90,62
234,-22,89,64
235,-21,89,65
237,-19,87,62
239,-16,85,64
239,-15,83,65
240,-12,81,59
242,-12,80,61
242,-12,80,60
243,-12,81,60
243,-12,80,60
244,-13,80,60
246,-12,79,58
246,-13,80,58
248,-14,78,58
249,-14,79,55
249,-15,78,54
251,-15,77,53
252,-14,77,52
250,-15,79,52
252,-15,76,52
253,-14,76,52
252,-14,77,52
253,-14,76,53
253,-13,75,54
253,-13,76,52
253,-14,76,53
252,-15,76,54
253,-14,75,52
251,-13,76,53
253,-15,75,52
252,-13,75,51
254,-13,73,51
253,-14,74,53
253,-13,73,52
254,-12,73,52
252,-13,74,52
254,-12,73,52
254,-11,74,51
255,-12,74,51
254,-13,75,51
257,-14,75,51
258,-14,74,50
260,-14,74,48
262,-15,74,49
263,-15,74,49
265,-15,74,48
265,-15,76,48
267,-17,75,48
268,-15,75,50
270,-15,74,48
269,-16,75,48
269,-17,75,50
269,-16,75,50
269,-17,75,50
269,-17,76,50
269,-17,75,51
268,-18,76,52
266,-18,78,53
265,-17,77,53
265,-18,78,51
262,-19,79,51
262,-20,78,52
260,-19,79,51
258,-20,78,52
260,-18,78,52
257,-18,78,51
255,-19,79,49
254,-18,78,51
251,-19,78,53
249,-19,79,51
248,-18,78,53
245,-18,79,54
244,-18,79,54
241,-19,80,54
240,-19,80,56
237,-19,80,56
235,-19,80,56
233,-19,80,56
230,-20,81,55
227,-19,80,59
225,-18,81,54
222,-18,81,56
221,-17,81,57
219,-17,81,59
217,-18,83,59
215,-19,84,57
216,-20,83,57
214,-18,84,61
213,-18,83,62
212,-18,82,62
213,-19,82,60
211,-17,82,61
209,-17,82,64
208,-18,83,59
207,-18,84,59
205,-18,84,60
203,-17,84,61
204,-17,83,57
201,-16,83,62
201,-16,82,60
201,-14,82,61
198,-15,85,63
199,-15,83,63
199,-15,82,64
198,-14,83,64
199,-13,82,62
199,-13,82,63
198,-13,83,62
199,-12,81,60
199,-12,81,60
197,-12,82,59
198,-12,81,58
198,-11,81,58
198,-11,80,57
197,-11,80,58
197,-11,81,58
196,-11,79,57
196,-11,79,58
196,-12,79,59
196,-11,80,59
195,-12,80,59
196,-12,80,57
195,-12,79,58
194,-12,80,58
195,-12,79,57
193,-11,80,56
193,-11,78,57
194,-10,78,56
193,-10,79,56
193,-10,79,56
193,-11,79,57
193,-9,78,56
192,-9,78,56
191,-9,79,56
191,-8,78,56
192,-8,77,56
191,-8,78,56
190,-8,78,56
189,-8,78,57
189,-8,79,58
189,-7,78,59
187,-7,81,59
187,-7,81,59
188,-6,79,59
187,-6,80,58
187,-6,79,60
187,-5,79,59
187,-5,78,61
186,-5,80,60
184,-5,80,61
183,-5,82,59
183,-4,80,59
182,-4,82,58
183,-4,79,60
181,-4,81,59
183,-4,79,60
181,-4,80,60
182,-3,79,60
182,-3,79,60
181,-4,81,59
180,-3,82,58
181,-4,81,59
184,-4,79,59
184,-5,80,60
184,-5,80,59
186,-5,80,59
187,-4,81,59
188,-4,81,59
189,-3,81,58
190,-3,80,55
191,-4,79,56
191,-3,81,55
193,-3,82,56
193,-2,83,54
193,-3,80,55
194,-2,84,54
195,-1,82,54
197,-1,81,53
201,-1,82,56
201,-0,81,55
204,-1,80,55
209,-1,78,58
209,-1,80,57
210,-1,80,56
212,-1,81,56
213,-1,82,55
216,-1,82,56
216,-2,83,56
218,-1,83,55
221,-2,81,55
223,-1,80,54
225,-2,80,55
226,-2,80,55
228,-1,78,54
229,-1,79,53
231,-1,77,52
233,-1,78,55
234,-1,78,53
234,-1,78,53
235,-1,78,54
236,-1,76,55
236,-0,76,53
236,-0,76,54
237,0,76,55
237,0,76,53
237,0,76,53
237,-0,76,54
238,0,76,54
238,1,75,52
238,1,76,53
237,0,76,53
237,1,76,52
238,1,75,53
237,2,76,51
237,2,76,50
237,2,76,50
238,2,75,50
237,2,76,50
238,2,75,50
237,2,77,51
239,3,76,50
239,4,77,51
240,6,78,53
243,8,76,53
244,8,75,54
245,8,74,55
245,9,76,55
245,9,74,54
245,8,75,54
245,8,75,55
245,8,74,54
244,7,74,53
243,6,73,53
241,6,74,53
238,7,76,51
237,6,75,51
237,5,73,51
234,5,75,51
232,4,74,50
230,4,75,51
228,3,74,51
226,3,75,51
223,3,76,51
220,3,76,50
217,3,77,50
215,3,78,52
213,3,77,50
210,3,77,51
209,4,77,50
208,3,77,52
205,2,78,51
203,2,77,51
202,2,76,52
199,2,77,51
197,2,77,50
193,2,79,49
192,2,79,51
188,2,79,48
188,2,78,49
186,2,77,48
186,2,77,48
185,1,77,48
187,1,76,50
186,1,76,50
185,0,74,50
186,1,74,50
185,0,73,50
185,-0,73,51
186,0,73,51
184,-0,74,52
185,0,73,51
185,0,73,51
184,0,73,52
184,2,73,52
182,2,72,52
182,4,75,53
183,4,74,55
183,4,75,55
183,5,74,55
185,3,73,55
186,5,72,54
187,4,71,55
189,4,72,55
190,3,73,55
190,4,71,55
192,4,72,53
193,3,71,52
196,3,71,51
197,3,71,50
200,2,70,49
202,2,70,49
205,2,69,49
206,2,69,49
207,2,70,48
209,3,70,48
210,2,71,48
212,3,70,47
214,3,71,47
215,3,71,47
215,4,72,46
217,4,71,47
219,4,70,47
220,4,72,46
221,4,71,47
223,4,70,46
224,4,70,47
226,4,70,47
227,4,71,48
228,5,71,48
229,5,71,49
230,4,71,49
230,5,71,49
230,4,72,49
231,4,71,49
231,4,71,49
231,4,71,49
232,4,71,49
232,4,71,48
231,4,71,48
232,4,71,47
232,4,70,47
232,3,70,47
232,4,71,47
232,4,71,48
232,5,71,47
231,6,72,49
231,7,72,50
231,8,72,51
229,8,73,52
228,8,72,53
226,8,72,54
224,8,73,53
222,8,72,53
219,9,72,53
216,9,74,52
214,7,73,53
211,7,73,53
208,7,73,52
205,6,74,52
205,6,75,52
203,5,74,53
199,4,74,52
196,3,75,53
193,3,75,52
189,4,75,51
187,4,75,51
184,3,75,50
182,2,75,50
180,2,74,50
178,2,75,49
177,-1,73,50
176,-2,72,49
175,-2,71,48
175,-3,71,48
174,-3,71,48
173,-4,71,48
173,-4,71,47
173,-5,70,47
173,-4,71,46
173,-5,70,47
173,-4,71,46
174,-5,70,45
174,-4,71,44
174,-4,72,45
175,-4,73,44
177,-4,73,44
178,-3,73,43
180,-3,73,45
183,-4,73,46
185,-4,72,46
187,-4,73,46
190,-5,72,48
191,-5,74,48
193,-5,75,49
194,-5,76,48
197,-5,76,48
199,-5,75,49
201,-6,76,49
202,-5,77,47
204,-6,76,48
206,-6,75,48
207,-6,75,48
207,-7,76,48
208,-9,76,48
209,-8,76,46
210,-9,75,46
209,-9,76,45
209,-9,75,45
209,-9,75,46
207,-9,75,46
207,-10,75,46
207,-9,74,46
208,-10,73,47
206,-10,74,47
205,-10,76,47
206,-10,75,47
204,-10,77,48
204,-10,76,47
204,-11,77,48
203,-10,78,47
205,-10,76,47
205,-11,77,48
205,-11,77,48
206,-12,77,48
207,-12,76,48
208,-14,76,47
212,-14,75,44
211,-15,75,44
215,-15,73,46
219,-16,72,49
219,-16,74,48
219,-17,75,50
220,-18,75,48
225,-17,72,49
224,-18,73,47
224,-16,73,49
223,-17,75,48
225,-17,75,50
224,-18,77,47
226,-18,76,48
225,-18,77,46
227,-17,75,46
226,-14,72,50
228,-14,72,50
226,-13,72,53
225,-12,72,54
223,-13,72,55
224,-11,71,55
223,-12,72,58
222,-13,71,59
223,-12,71,57
220,-10,69,58
218,-11,69,58
219,-10,68,59
218,-10,67,60
215,-12,69,61
215,-12,69,61
218,-9,67,60
215,-8,66,57
215,-10,69,57
219,-9,68,58
218,-10,69,56
221,-11,70,59
221,-11,71,56
223,-10,72,57
223,-16,77,51
225,-19,79,50
229,-18,78,52
232,-17,79,51
233,-18,79,49
234,-19,78,50
237,-18,78,52
241,-18,78,50
246,-18,77,49
251,-18,77,50
256,-19,79,51
261,-18,78,52
266,-18,78,50
270,-18,81,49
271,-18,80,51
273,-20,79,51
274,-20,79,51
273,-19,78,52
274,-19,77,53
274,-19,77,54
273,-16,76,58
270,-15,75,59
270,-15,75,59
270,-16,75,60
268,-15,73,60
265,-16,74,56
264,-17,73,56
261,-19,75,56
259,-21,76,55
257,-20,77,56
255,-18,75,57
254,-20,77,54
253,-22,76,53
252,-23,77,54
249,-23,77,56
250,-23,77,57
248,-23,77,55
248,-22,77,55
246,-22,77,53
247,-23,78,54
246,-21,77,58
244,-20,77,57
243,-20,76,56
241,-20,77,56
241,-19,76,59
243,-20,76,59
238,-20,79,57
236,-19,77,59
234,-19,77,61
234,-17,76,62
234,-19,76,59
232,-17,74,64
230,-16,71,66
227,-17,70,66
228,-17,69,67
224,-16,67,64
222,-17,68,65
219,-17,68,66
215,-16,66,65
214,-17,68,66
208,-17,69,66
205,-17,69,66
204,-16,68,65
199,-16,68,65
198,-16,68,65
196,-14,68,66
195,-16,69,66
195,-15,69,67
193,-14,69,66
193,-10,69,67
192,-14,70,67
194,-10,70,66
194,-11,68,67
196,-9,68,66
196,-8,69,67
197,-9,69,66
198,-9,68,65
197,-11,68,67
198,-11,68,63
199,-13,68,64
199,-14,68,63
199,-15,67,65
201,-14,67,62
203,-16,66,63
206,-16,66,63
207,-14,66,63
207,-14,66,61
209,-14,63,60
209,-15,64,58
210,-14,63,57
211,-13,63,57
211,-13,64,57
209,-13,63,58
210,-14,63,56
205,-11,64,57
204,-13,63,57
202,-13,63,58
200,-14,63,57
198,-13,63,56
197,-13,64,57
192,-12,63,58
190,-12,66,58
186,-12,65,60
184,-13,68,61
182,-12,68,61
176,-12,71,64
173,-11,71,65
169,-10,71,65
166,-8,73,66
165,-6,73,68
160,-8,74,68
158,-8,75,69
155,-7,76,70
154,-5,76,71
151,-5,78,71
150,-4,79,73
149,-3,79,72
148,-2,80,70
147,-3,81,70
148,-2,82,70
147,-4,85,69
152,-9,88,58
150,-18,91,53
148,-20,93,52
141,-22,92,55
149,-18,94,56
153,-18,96,58
152,-16,98,58
145,-15,101,61
144,-14,104,62
150,-14,108,68
150,-16,111,72
146,-16,114,76
139,-18,116,81
137,-17,120,82
128,-16,120,83
124,-16,121,83
124,-16,125,86
115,-15,125,85
113,-16,127,87
106,-16,128,86
100,-19,129,88
90,-17,132,89
77,-17,131,87
75,-18,133,88
67,-19,134,89
60,-21,134,89
58,-19,136,89
48,-20,136,86
52,-24,135,86
47,-21,132,84
49,-19,130,80
43,-23,133,84
44,-25,136,83
46,-23,134,80
45,-24,139,80
44,-25,142,79
45,-22,140,79
46,-24,145,85
47,-18,148,87
53,-19,150,97
59,-19,152,101
63,-18,151,106
64,-15,146,99
65,-12,146,98
61,-6,148,104
56,4,150,102
50,14,153,99
45,22,153,95
38,25,154,93
38,26,154,94
33,25,154,94
30,23,152,95
27,21,153,100
27,16,154,98
27,10,156,98
29,6,157,104
31,-1,158,105
34,-8,157,106
38,-15,155,104
41,-16,157,106
48,-21,156,104
52,-22,158,103
55,-23,157,99
65,-24,155,93
75,-29,154,90
87,-29,147,89
93,-29,148,84
103,-28,145,81
104,-28,147,83
104,-29,150,83
106,-28,148,86
103,-31,151,88
106,-29,148,87
110,-29,148,85
111,-28,143,83
108,-28,144,87
104,-29,146,83
102,-29,145,82
96,-32,144,87
93,-33,147,88
96,-32,144,89
93,-33,143,84
93,-33,138,89
98,-33,135,90
88,-32,137,88
81,-30,135,93
74,-26,133,95
55,-22,138,93
39,-21,145,88
22,-18,150,90
7,-26,140,90
5,-23,136,93
8,-21,134,93
12,-19,136,91
13,-13,133,95
6,4,136,88
4,17,139,84
8,28,134,88
22,39,128,93
37,54,118,92
44,73,119,87
53,95,118,85
58,119,117,79
59,139,115,73
66,138,110,72
65,154,111,67
61,156,108,68
59,147,109,70
54,140,109,74
48,131,111,75
51,123,113,82
52,116,111,77
60,110,111,72
62,106,112,73
66,104,113,73
72,102,112,69
78,99,110,68
86,99,107,67
88,98,106,66
92,97,104,64
94,96,104,64
93,93,105,65
95,91,103,63
95,90,104,63
94,88,104,64
91,89,106,66
91,87,106,66
87,86,108,69
87,86,110,68
85,85,110,69
83,84,113,70
83,83,113,69
83,80,113,72
83,78,113,72
83,77,117,72
84,76,113,72
85,73,114,72
84,72,116,73
85,69,116,74
86,67,117,74
87,65,117,73
88,63,118,75
91,61,116,72
91,58,117,73
92,55,118,75
94,53,119,75
95,51,119,75
98,49,117,74
97,47,122,77
99,44,122,75
101,42,121,77
102,38,122,77
101,37,123,77
104,34,123,77
106,31,121,75
107,28,124,80
108,26,124,77
107,23,123,77
108,19,125,78
109,18,125,76
111,15,126,77
111,13,125,78
113,10,125,77
114,7,125,78
115,5,124,76
116,3,126,78
118,-1,125,76
120,-5,123,76
119,-8,125,77
121,-10,122,72
123,-12,121,77
124,-13,118,74
127,-16,117,73
130,-18,117,69
137,-18,112,64
145,-19,110,58
145,-18,108,58
152,-19,106,61
155,-19,105,63
166,-16,99,66
172,-13,96,67
176,-13,96,64
186,-13,90,66
188,-12,91,66
189,-11,92,66
194,-11,90,68
196,-12,92,66
195,-13,94,63
195,-13,94,61
197,-12,93,63
196,-17,96,58
199,-20,98,54
205,-19,97,55
203,-19,96,57
201,-21,99,56
202,-21,99,56
201,-21,99,53
207,-20,96,55
205,-20,98,53
207,-17,96,53
205,-17,96,54
204,-17,99,56
202,-16,102,56
204,-16,100,57
203,-15,100,56
202,-16,101,58
200,-15,101,58
202,-15,101,59
196,-16,105,59
196,-15,104,60
195,-16,105,61
195,-14,106,60
193,-14,105,59
193,-14,104,59
193,-15,106,60
193,-15,107,60
196,-14,104,57
195,-14,104,58
199,-15,103,56
198,-15,102,56
198,-15,101,56
199,-16,101,57
202,-15,100,54
204,-14,98,54
204,-16,100,55
204,-16,99,56
205,-15,97,55
204,-16,100,56
200,-17,99,58
202,-16,101,57
201,-16,101,58
200,-16,102,60
196,-16,105,61
199,-15,103,60
198,-15,105,62
197,-14,106,63
195,-14,108,66
192,-15,112,68
192,-15,112,68
191,-16,115,69
188,-16,118,72
190,-16,118,73
188,-16,120,76
191,-17,119,77
191,-15,119,74
183,-17,123,77
184,-15,122,74
186,-15,119,74
185,-16,118,73
187,-18,118,71
190,-22,115,71
187,-24,117,68
188,-24,114,63
187,-25,113,67
190,-24,112,68
182,-27,111,89
126,-21,113,90
130,-24,112,90
125,-25,111,90
142,-25,111,90
152,-29,113,92
178,-28,113,92
174,-30,114,92
180,-25,115,93
178,-28,115,93
149,5,116,94
126,-1,116,94
116,-3,116,94
138,33,115,93
172,47,114,92
131,140,114,92
128,200,113,91
138,228,111,89
164,248,111,89
177,272,110,88
185,254,108,86
195,273,107,86
196,287,108,87
176,228,109,88
174,247,109,88
161,238,110,89
176,267,109,88
175,272,108,87
186,255,108,87
184,254,107,86
195,291,106,85
190,294,105,84
183,275,104,84
180,268,103,83
189,296,102,82
183,296,103,83
181,269,103,83
180,289,101,81
171,262,102,82
180,265,100,80
174,276,100,80
184,286,100,80
179,293,99,79
181,276,98,79
174,288,98,79
176,275,98,79
162,278,97,78
163,300,96,77
180,294,93,75
172,286,94,76
125,265,93,75
108,250,92,74
80,265,92,74
61,258,93,75
52,277,93,75
97,297,94,75
76,287,95,76
76,280,98,78
73,218,98,78
83,242,98,78
121,228,100,80
150,211,100,80
166,282,100,80
162,283,101,81
155,274,102,82
156,282,101,82
155,284,103,83
144,280,103,83
146,291,102,82
136,283,102,82
141,292,103,83
131,277,102,82
123,266,103,83
127,271,103,83
123,274,101,81
124,275,100,81
117,271,100,81
96,241,101,82
107,272,101,82
101,263,102,83
103,265,103,84
99,251,103,84
94,249,103,84
59,228,103,84
50,220,105,85
43,187,105,85
35,129,107,87
44,88,106,86
22,31,108,87
64,-31,108,87
54,-21,112,77
56,-21,110,76
54,-20,107,75
53,-21,105,73
61,-30,107,86
64,-23,102,69
72,-29,106,86
85,-22,98,72
91,-20,95,74
92,-21,97,72
90,-21,98,72
94,-22,97,72
96,-21,96,71
101,-20,94,71
97,-26,100,81
97,-18,99,67
102,-20,100,64
86,-19,102,63
65,-18,106,60
64,-16,105,62
71,-16,105,60
82,-16,105,59
81,-17,103,59
88,-17,100,58
92,-16,99,59
97,-15,96,59
95,-14,95,60
88,-15,99,61
97,-15,97,63
101,-16,97,64
98,-17,98,66
98,-18,100,64
96,-16,101,66
94,-18,103,65
96,-17,102,67
98,-15,102,67
98,-14,103,69
100,-15,102,69
99,-15,101,69
99,-13,102,70
102,-15,102,70
104,-14,104,70
101,-13,105,70
105,-12,105,71
106,-14,105,71
112,-12,105,71
112,-12,106,71
115,-15,105,71
119,-13,107,73
122,-14,105,74
122,-13,107,74
125,-12,107,74
125,-13,108,75
128,-11,109,74
126,-10,111,74
125,-9,112,75
123,-7,115,77
123,-11,114,79
118,-6,117,81
113,-7,116,80
115,-14,112,79
114,-12,109,78
113,-14,106,74
116,-16,103,72
119,-16,102,68
117,-18,102,69
121,-16,101,69
123,-15,101,68
126,-12,99,69
128,-12,100,73
133,-15,99,70
137,-10,100,72
137,-17,96,69
142,-14,92,65
139,2,93,74
133,17,105,83
142,36,92,77
142,42,91,78
142,52,91,80
141,61,92,79
141,70,92,78
142,78,93,77
142,83,94,77
141,84,95,78
139,89,95,77
133,107,102,78
129,106,101,79
124,105,101,78
123,106,99,78
115,109,102,79
114,117,102,78
108,119,103,80
107,118,101,78
95,130,105,80
91,132,107,82
87,128,101,80
85,132,102,83
81,134,100,83
75,138,99,83
72,143,100,85
68,153,102,85
70,160,100,82
67,162,99,85
64,170,100,85
63,175,98,83
62,181,96,83
62,188,95,82
63,193,92,80
62,201,92,83
63,207,91,81
67,214,88,78
60,218,107,82
74,233,84,76
77,235,82,75
78,239,80,73
73,238,80,74
70,241,80,75
68,248,83,74
63,251,88,71
60,257,89,71
62,262,91,68
62,270,91,69
67,280,92,70
72,282,90,68
75,288,90,68
80,294,90,68
81,296,93,66
89,299,91,65
95,300,88,65
97,298,97,73
104,305,98,74
116,304,98,74
119,306,99,75
152,233,99,75
169,232,97,73
175,247,97,73
193,264,97,73
209,264,98,74
214,270,98,74
220,283,98,75
194,269,100,76
114,267,99,76
99,259,98,75
111,259,97,74
101,276,98,75
106,270,99,75
110,285,97,74
117,262,98,74
133,257,98,74
143,238,98,74
151,251,97,73
166,238,97,73
184,229,96,72
174,286,96,72
208,264,95,71
252,232,95,71
266,270,94,70
294,276,93,69
326,284,92,69
318,255,91,69
345,285,92,70
352,284,93,71
408,233,93,71
452,262,95,72
459,269,96,73
405,212,95,73
339,185,94,72
263,187,95,73
214,185,97,74
195,183,97,74
119,277,96,73
101,293,94,71
97,286,94,71
78,282,96,73
72,285,98,74
66,277,100,75
65,263,100,75
53,281,100,75
53,267,101,75
54,265,102,76
57,251,100,75
66,230,100,75
84,219,94,66
87,217,96,68
90,211,97,71
92,208,97,71
95,206,98,71
100,198,97,72
101,196,99,73
99,194,99,73
101,193,99,72
96,191,99,73
96,188,99,70
92,185,99,71
86,181,103,74
77,178,106,75
69,169,109,79
59,176,111,78
54,172,110,82
42,167,113,84
37,164,112,86
24,161,113,86
11,160,113,86
7,156,112,87
-3,153,111,88
-8,152,111,87
-19,147,116,87
-24,143,115,86
-26,143,113,85
-30,137,113,86
-28,157,115,87
-29,140,113,85
-17,182,112,84
-19,179,113,84
-23,178,112,83
-27,176,111,82
-30,168,111,82
-28,162,112,83
-33,170,113,83
-31,178,113,83
-9,209,111,82
15,234,110,82
28,264,109,81
85,320,107,79
85,321,106,78
87,321,104,77
90,322,104,77
93,322,102,76
84,312,100,74
77,314,98,73
104,323,97,72
95,325,96,71
96,325,96,71
99,324,96,71
98,325,94,70
102,325,94,70
131,325,94,70
123,325,94,70
133,325,93,69
131,326,91,68
132,327,90,67
128,327,88,66
126,327,89,67
125,327,89,67
128,327,89,67
129,327,88,67
128,326,89,68
132,326,89,68
131,326,90,69
139,325,91,70
203,309,89,69
247,326,87,68
244,326,87,68
246,327,85,67
248,327,84,67
277,327,84,67
282,326,84,67
291,327,84,66
305,328,82,64
315,329,80,62
317,330,78,60
319,329,80,61
323,330,78,60
325,331,76,59
336,330,77,60
338,330,78,61
334,329,80,63
312,329,80,63
317,329,79,62
322,329,79,62
328,329,79,62
333,329,79,62
336,330,78,62
441,328,78,62
501,329,77,62
474,329,78,62
464,329,79,63
453,290,81,65
459,328,80,64
450,306,81,65
415,230,82,66
425,215,82,67
432,244,81,66
436,251,80,66
440,262,79,65
443,255,79,65
437,283,79,65
415,264,80,65
