425,142,435,368
423,137,439,368
425,137,435,363
425,143,437,351
425,153,432,337
433,157,426,339
444,167,412,338
438,164,422,339
441,172,419,343
438,172,424,344
428,178,429,341
424,181,431,340
424,186,433,341
420,192,435,341
421,196,431,342
427,202,429,346
423,209,440,343
421,211,446,344
415,215,442,340
425,230,429,326
429,232,428,335
429,240,414,332
415,237,425,335
403,245,429,333
404,246,416,333
401,250,413,330
384,245,431,327
376,242,431,329
379,239,421,331
365,233,430,336
367,232,433,338
362,227,430,340
356,224,437,346
345,223,450,336
357,230,432,338
356,227,438,344
351,228,444,332
359,232,435,331
362,233,439,326
355,232,455,322
360,233,455,319
372,234,451,320
371,228,459,328
377,234,454,329
400,238,440,338
394,237,446,329
381,232,461,317
394,234,457,334
392,233,462,330
403,231,460,329
390,227,469,323
385,225,492,324
389,222,479,325
400,224,468,326
403,223,461,329
414,229,448,331
406,226,464,323
406,222,483,329
401,223,484,329
402,224,487,329
399,227,489,329
394,229,480,326
406,224,483,332
401,215,488,331
411,205,481,333
393,199,480,331
372,193,489,326
392,190,481,327
395,186,480,334
375,183,480,331
388,191,466,341
400,198,446,343
394,193,465,348
371,196,481,338
357,208,486,326
381,208,470,333
370,214,469,329
375,215,471,338
371,215,475,344
378,221,470,342
359,231,482,333
380,234,469,338
345,223,487,329
343,226,483,329
323,215,485,331
314,194,487,333
286,170,483,340
313,175,473,344
295,152,474,340
290,135,478,348
297,128,490,339
309,126,487,339
307,117,476,334
310,108,476,324
323,108,470,320
332,103,457,317
343,96,449,313
358,93,451,313
361,89,444,312
348,87,459,312
327,83,456,314
308,81,450,304
299,83,448,307
285,85,446,310
254,82,441,306
242,88,436,308
236,89,440,301
244,95,434,305
228,93,430,298
251,106,419,307
228,100,429,295
237,103,428,299
252,108,421,295
246,103,432,292
263,110,437,304
258,102,441,297
275,105,440,304
278,102,436,311
271,91,436,297
310,95,435,302
301,88,433,298
323,89,428,300
326,83,425,297
354,85,419,307
349,80,421,300
366,76,423,299
377,78,422,300
385,76,423,297
404,78,409,301
391,79,408,301
397,87,398,297
412,94,404,299
416,93,409,300
402,95,400,301
405,98,398,297
414,100,399,297
410,97,397,290
411,105,396,293
414,109,396,295
394,106,395,294
385,114,392,292
389,114,401,296
391,127,404,296
383,132,394,293
378,131,399,293
367,126,400,288
376,140,402,293
367,133,393,289
379,140,396,286
382,138,387,282
390,137,389,277
400,141,384,277
405,138,382,274
404,137,374,271
425,144,372,268
413,140,366,275
422,150,358,270
431,156,362,264
420,152,358,263
428,159,367,261
428,167,359,256
423,172,354,258
414,174,353,261
429,178,355,251
415,172,355,248
420,179,354,251
421,186,349,248
416,187,348,246
417,191,347,245
407,187,353,246
405,195,354,253
409,195,360,253
401,190,359,251
407,199,356,252
404,193,350,245
404,202,345,252
399,193,352,248
404,206,337,253
404,200,345,256
400,199,340,259
399,202,342,265
412,199,358,261
395,194,356,263
406,201,353,269
405,201,366,271
395,196,370,275
391,196,368,277
399,199,373,279
408,204,376,279
387,199,369,285
389,201,373,282
402,209,376,283
383,198,375,285
384,201,377,280
388,208,373,284
377,204,376,284
385,212,378,286
372,202,380,284
379,207,375,281
372,209,371,283
371,206,370,279
370,208,373,279
355,206,377,292
360,208,380,283
352,204,378,288
354,205,378,283
346,202,373,286
366,213,392,295
354,209,386,292
349,202,389,284
359,213,380,284
355,211,387,288
361,219,397,296
348,210,389,290
346,211,396,291
342,211,389,293
344,212,392,291
344,213,385,290
349,214,391,291
346,216,389,293
356,222,394,294
353,217,396,294
340,209,381,290
338,211,386,288
343,214,380,291
333,212,381,295
345,218,379,292
343,213,370,284
326,208,372,289
329,210,374,288
327,206,379,291
351,222,380,289
331,213,382,292
322,212,379,297
338,223,374,290
344,223,373,283
341,230,373,288
340,224,376,287
339,227,378,290
321,223,379,289
312,227,372,290
319,225,382,294
306,224,375,292
313,230,371,290
322,235,377,289
305,232,368,288
305,233,367,287
316,234,373,287
313,234,368,284
300,230,370,289
292,226,374,291
300,227,382,293
287,220,385,299
306,225,385,296
289,221,378,297
291,225,378,300
285,219,381,303
271,210,391,310
282,212,395,311
264,211,392,315
276,211,406,311
274,216,392,309
276,218,393,305
264,213,392,307
271,219,394,311
271,217,395,305
257,219,393,303
273,222,392,303
277,230,389,305
267,222,394,303
259,221,394,306
259,220,393,305
262,219,397,304
259,226,399,309
247,221,402,314
256,218,405,308
258,223,403,311
251,226,397,318
270,220,396,304
267,224,398,311
269,229,392,314
262,218,399,315
257,219,402,327
264,222,396,320
261,222,397,320
266,220,399,317
287,227,390,316
273,216,399,318
276,218,397,311
285,226,385,314
274,218,397,315
252,211,404,318
273,221,396,314
265,216,397,317
273,223,399,318
264,215,404,323
274,212,405,318
255,211,419,328
256,209,422,329
249,204,427,329
263,209,429,326
229,198,439,343
245,197,436,340
242,198,439,344
248,195,445,337
248,202,436,347
244,192,439,338
242,198,436,345
246,193,442,339
252,196,442,335
252,207,438,352
237,194,439,341
237,197,441,341
241,200,439,342
247,203,436,338
238,202,433,344
234,200,436,341
231,203,427,344
236,201,431,333
243,206,428,340
230,202,431,343
218,195,430,341
237,212,424,338
224,206,425,345
235,211,423,332
218,202,424,333
241,208,419,330
229,212,416,333
229,208,421,341
211,197,422,334
237,213,412,334
227,205,416,331
221,206,418,343
220,205,417,345
227,210,414,341
221,204,420,345
207,194,435,352
210,201,431,358
196,191,442,364
201,204,444,369
196,195,443,368
198,191,434,362
197,192,432,361
211,193,428,356
209,200,424,357
195,192,430,357
197,196,421,354
208,202,406,343
210,196,408,342
202,192,409,342
183,177,415,344
196,177,418,344
191,176,418,349
189,177,419,348
187,172,410,343
189,172,413,348
211,181,395,337
202,171,392,333
202,161,394,332
195,158,398,340
199,174,395,343
204,172,391,336
190,166,390,337
197,166,397,337
201,162,405,344
204,176,403,348
204,174,413,346
204,169,407,342
205,187,409,347
205,168,417,350
200,176,431,365
209,185,423,359
232,203,421,357
212,187,429,360
216,204,425,359
230,216,426,359
240,227,423,357
224,218,426,360
223,207,436,362
222,208,437,363
229,219,433,361
234,230,446,362
224,229,443,361
235,243,432,365
234,252,426,363
265,270,421,348
256,262,431,356
266,270,430,353
277,269,423,355
284,272,427,353
279,263,432,356
283,260,425,357
279,259,428,363
313,272,421,344
306,258,422,354
324,266,421,347
342,275,405,334
334,258,411,342
330,260,417,348
326,256,429,355
334,269,422,355
320,258,433,360
318,254,436,362
343,269,437,362
331,250,437,369
349,251,437,367
347,246,437,370
357,249,429,363
357,235,433,361
364,248,426,363
397,261,414,353
384,248,427,359
388,247,416,357
403,244,413,352
394,233,417,354
401,248,412,357
372,242,426,360
375,256,411,357
371,262,419,360
369,269,413,363
369,272,417,357
353,265,421,359
362,260,410,361
353,249,407,359
353,232,412,356
314,214,429,366
310,206,433,369
318,200,428,372
331,188,430,367
293,170,448,381
288,182,436,373
268,184,445,373
244,172,468,378
250,185,466,375
236,179,474,382
218,176,474,386
237,168,472,387
195,171,494,377
205,172,488,381
227,170,462,391
222,159,458,393
201,140,475,406
201,116,496,416
177,113,505,419
167,103,522,421
159,107,512,427
172,90,498,429
154,79,516,430
170,82,494,426
161,68,519,428
166,81,503,427
188,72,508,419
169,77,514,422
165,97,509,429
175,85,514,432
168,87,522,429
160,76,536,426
169,84,530,437
147,69,554,445
163,70,538,442
154,72,543,446
130,61,569,449
115,74,575,454
112,87,588,459
88,81,601,464
84,81,580,460
85,79,579,464
88,73,573,463
100,58,562,453
106,43,569,458
110,43,568,457
124,26,568,460
136,15,562,456
151,13,555,456
156,1,555,447
167,-3,564,456
179,-5,558,456
185,-14,561,460
200,-16,556,455
211,-8,540,450
231,0,532,448
219,-4,531,448
223,-4,523,437
234,8,510,438
227,19,501,437
212,-2,509,451
216,8,507,441
209,0,507,432
219,-10,517,424
227,6,510,438
209,-3,510,426
211,-2,502,420
218,-5,484,401
232,-2,485,393
213,-6,488,404
216,-10,491,407
218,-2,489,413
250,-4,487,407
238,-12,487,400
261,4,483,401
247,-11,479,404
217,-11,484,410
241,-13,488,406
230,-15,491,409
224,-15,489,408
237,-3,475,402
220,-6,472,392
228,-7,472,402
220,-1,472,391
233,-5,471,390
224,5,466,388
222,-2,466,389
230,-0,469,382
216,-1,465,378
245,0,468,382
251,7,460,374
253,10,453,378
267,10,452,366
265,9,455,374
265,9,464,365
266,18,462,359
266,13,462,360
275,18,462,364
292,26,464,361
297,31,450,350
297,33,446,347
291,45,442,350
296,49,448,355
313,57,443,353
315,67,432,350
331,68,435,344
347,74,429,347
348,72,432,348
348,72,420,345
371,73,426,345
364,72,428,344
379,67,419,345
400,75,424,346
401,72,432,348
387,80,428,344
401,85,428,338
399,80,427,340
397,83,427,340
406,85,432,337
407,91,434,339
411,85,437,337
402,80,434,337
384,72,430,335
375,68,424,335
368,67,433,336
360,64,424,335
356,66,429,333
339,60,424,344
344,65,418,345
345,70,423,337
340,72,420,332
348,75,412,328
357,73,414,329
358,73,419,328
340,66,424,338
344,65,424,335
350,77,417,324
330,62,414,327
336,58,408,330
330,58,411,333
342,68,423,328
301,71,419,326
308,52,423,328
328,46,419,325
317,35,408,319
320,31,419,321
323,20,425,322
307,22,425,321
319,15,421,319
341,20,417,312
334,12,417,314
330,9,418,314
337,16,426,317
330,1,421,315
321,2,427,315
354,-8,415,325
345,-7,425,322
340,-10,413,319
349,11,410,311
318,15,417,304
339,8,410,309
354,2,411,315
326,7,415,308
321,5,427,314
292,-10,430,319
297,-8,437,325
311,-7,445,338
299,-7,446,328
273,-7,442,322
300,6,435,322
299,-6,425,316
317,9,419,320
305,-5,429,321
292,2,427,321
307,8,426,325
309,-4,431,325
310,0,437,331
306,5,430,333
315,2,435,332
312,-1,427,325
315,9,427,326
296,-2,430,325
324,3,425,330
327,3,425,332
320,17,421,334
305,6,420,337
318,10,422,337
324,15,420,341
327,1,425,354
320,3,426,358
324,-5,428,368
319,-5,428,369
321,-17,435,373
311,-9,436,371
327,-4,428,370
325,-14,444,365
299,-32,449,352
302,-27,458,358
312,-14,453,358
295,-24,462,360
295,-11,461,360
301,-41,465,368
291,-21,468,362
316,-29,466,366
313,-14,460,362
307,-23,474,376
316,-45,480,375
306,-41,479,374
292,-42,482,372
281,-44,492,375
279,-48,494,376
277,-52,500,380
290,-52,495,376
295,-58,500,386
279,-60,499,387
270,-47,491,383
277,-67,515,394
269,-58,519,393
249,-63,526,407
231,-68,534,408
238,-64,535,406
251,-73,539,409
236,-58,523,407
245,-66,526,413
262,-67,527,412
258,-56,532,420
268,-61,534,414
258,-68,540,424
258,-57,528,423
249,-70,529,425
261,-58,531,419
259,-64,518,412
246,-67,526,417
222,-67,510,414
230,-70,518,423
246,-76,536,426
234,-75,528,421
222,-77,535,425
214,-72,539,432
200,-83,546,428
219,-81,548,425
206,-84,540,423
212,-103,561,433
217,-102,555,438
186,-113,540,429
213,-111,551,427
207,-115,542,429
200,-122,531,429
189,-123,528,432
185,-129,542,434
189,-131,558,446
176,-118,542,437
155,-121,547,449
169,-133,547,447
212,-131,545,450
188,-138,550,450
161,-144,570,459
182,-144,570,465
149,-147,582,468
175,-133,582,469
152,-125,589,461
141,-118,572,443
154,-128,595,444
176,-125,582,443
133,-127,596,446
169,-103,580,431
145,-109,592,436
109,-90,602,440
132,-84,609,437
147,-77,599,445
167,-67,597,445
128,-82,620,440
120,-61,618,437
132,-57,622,429
114,-52,634,420
135,-39,632,421
144,-33,612,423
107,-32,638,410
90,-23,628,414
54,-28,635,412
150,-19,630,422
209,-6,596,429
277,-4,577,439
298,20,577,452
291,24,577,445
295,27,576,442
283,23,579,441
296,27,572,441
320,36,584,451
302,29,577,446
314,28,567,442
275,27,580,445
274,28,599,450
318,14,610,466
310,30,606,456
308,26,614,454
318,17,632,456
341,27,618,452
388,25,614,454
375,32,626,454
397,31,645,468
341,33,629,458
404,19,616,468
420,22,639,475
353,33,631,461
383,28,645,486
370,29,654,497
383,25,655,497
401,26,646,511
404,24,665,538
392,42,667,532
395,40,659,526
403,24,640,517
441,26,644,549
467,34,628,560
423,31,630,553
438,22,625,552
399,19,632,548
434,19,655,575
368,28,656,560
389,42,670,571
305,58,676,559
313,33,679,546
342,39,702,565
345,49,695,560
314,44,701,544
291,34,710,561
325,43,697,569
386,47,683,584
333,71,713,544
344,84,705,537
332,107,717,535
386,105,683,534
418,112,675,539
402,117,674,540
433,116,671,538
438,111,664,527
441,112,673,532
419,100,699,537
448,104,681,531
444,100,680,523
440,108,684,523
470,96,665,515
449,111,673,501
448,121,677,504
432,133,669,493
380,142,697,492
367,159,702,491
334,168,703,499
290,161,712,505
308,184,701,498
307,198,696,495
311,202,683,494
278,194,703,504
257,193,704,505
264,206,678,492
241,200,672,499
253,206,676,494
208,198,689,501
243,205,672,501
221,208,681,505
195,216,686,504
159,205,699,520
161,222,678,506
178,219,666,505
194,240,638,495
185,240,631,496
196,245,627,491
204,253,616,491
181,231,624,495
123,218,653,503
158,229,646,494
169,223,635,491
122,217,648,501
128,217,648,511
127,228,639,514
152,241,636,506
126,214,638,511
115,221,648,511
123,224,633,515
126,224,625,514
134,217,623,522
137,219,626,524
194,233,612,513
188,230,617,512
197,229,618,509
165,210,622,509
167,215,611,500
171,210,608,505
175,206,605,499
193,224,594,490
221,225,578,478
211,219,583,484
209,224,589,478
197,225,600,479
218,230,589,475
205,247,586,468
200,249,584,459
191,232,587,466
194,234,594,464
199,239,584,457
179,223,596,459
177,212,593,471
188,225,585,463
181,234,580,448
169,217,592,463
170,223,588,456
179,223,592,458
159,228,593,459
177,232,589,443
165,252,583,430
148,233,582,437
155,220,576,447
164,225,569,436
128,223,561,438
155,231,556,427
150,212,545,429
138,210,540,425
147,207,533,422
141,203,526,425
134,202,515,425
142,193,501,417
156,196,494,427
158,175,493,427
143,178,490,438
185,175,474,440
197,167,476,447
180,168,474,441
207,170,463,447
222,174,451,439
239,179,452,443
235,181,454,443
238,194,447,446
243,210,443,443
244,211,441,435
243,203,448,434
250,218,449,432
242,227,437,426
252,231,437,424
238,248,419,418
221,256,418,419
234,283,407,413
241,289,400,413
224,290,404,410
242,305,399,409
233,314,399,410
218,332,411,408
247,326,419,420
242,357,410,402
244,342,405,402
244,374,403,385
250,395,405,379
251,403,395,373
259,413,393,369
255,420,398,369
252,420,398,365
259,424,403,368
268,414,412,380
266,393,430,406
272,410,447,403
275,396,449,402
292,395,437,408
310,390,433,413
288,384,445,415
309,392,446,413
306,399,441,404
352,360,430,406
364,372,426,409
359,308,427,416
354,287,437,424
401,367,439,416
406,377,437,403
413,354,447,412
387,270,449,438
391,297,450,431
367,284,459,430
358,271,468,430
357,277,453,423
352,248,449,430
343,220,465,436
341,208,454,420
357,189,453,417
353,153,444,416
365,118,459,421
365,93,452,419
381,42,457,424
374,5,463,423
399,-13,459,408
410,-32,460,407
417,-62,465,399
432,-73,466,402
430,-82,482,400
421,-96,505,407
426,-96,515,396
437,-108,517,383
445,-90,557,388
458,-97,543,384
459,-104,538,382
463,-104,535,386
483,-94,543,399
477,-96,536,399
486,-95,530,424
473,-86,523,426
488,-73,507,441
461,-38,516,444
449,-6,532,463
454,30,536,473
468,63,544,485
469,94,553,492
446,114,551,492
468,141,540,487
469,170,527,479
466,191,512,467
466,195,502,457
482,213,503,462
488,223,500,459
493,225,497,454
495,229,489,451
492,237,488,445
478,235,490,443
480,221,496,452
481,231,487,436
491,226,490,440
500,234,483,430
491,224,488,432
487,199,484,438
493,222,479,430
481,227,472,423
471,228,484,427
471,217,491,431
464,226,481,425
453,219,485,428
438,233,476,426
441,238,468,422
429,236,463,417
437,237,460,418
426,236,458,411
404,242,447,414
413,251,454,414
393,236,457,420
400,233,462,422
400,245,452,414
395,231,455,420
396,253,452,409
387,243,455,414
391,257,445,398
399,258,438,393
389,247,441,400
382,245,446,401
373,242,449,402
377,254,451,392
394,255,436,386
400,248,435,389
391,258,434,382
381,241,429,384
385,251,435,384
394,252,428,381
397,250,426,380
392,258,430,376
373,257,426,370
403,260,417,368
388,257,418,368
402,266,416,362
402,261,414,364
372,255,425,368
390,248,421,372
377,243,426,373
383,239,428,375
379,246,433,374
395,244,422,371
400,249,420,365
412,255,413,363
417,257,414,363
402,263,415,356
391,260,413,357
407,262,411,359
398,266,408,357
393,263,405,357
379,280,408,344
388,268,407,349
374,275,400,340
378,260,389,338
379,265,397,339
360,246,400,348
359,240,405,354
374,259,404,344
383,274,405,338
396,275,392,330
399,289,395,329
397,283,396,334
396,276,394,337
385,278,399,339
380,269,398,338
377,275,394,332
363,270,401,332
340,267,403,334
325,249,407,351
305,258,406,343
272,265,407,344
250,279,415,346
245,288,399,352
227,356,403,328
200,345,419,354
193,362,425,360
209,375,409,354
199,398,423,350
192,389,426,361
197,406,428,356
189,386,426,360
188,388,415,353
175,382,423,356
169,367,432,361
164,353,425,363
149,329,427,366
159,322,431,361
158,307,435,365
163,289,436,367
167,283,444,365
154,277,446,366
163,273,436,361
165,263,446,363
167,265,445,360
159,262,438,356
162,263,437,352
147,262,435,348
148,260,431,342
134,255,436,343
142,256,444,348
148,249,438,345
153,246,441,350
135,229,444,352
147,225,448,355
150,229,457,354
153,232,456,348
143,234,456,342
170,244,454,342
182,246,447,343
181,246,439,336
188,255,440,332
192,263,438,328
205,253,435,335
215,257,428,332
210,260,428,327
215,262,428,327
226,273,439,326
230,278,431,317
231,271,422,319
239,280,415,312
225,273,407,309
212,265,400,307
209,270,406,303
185,266,405,293
179,268,381,286
188,272,380,283
182,269,382,283
183,269,379,280
181,268,363,271
191,267,365,274
192,269,370,273
212,265,374,281
228,275,378,278
245,280,380,274
238,276,369,269
260,278,363,269
247,277,346,259
261,278,338,256
257,287,339,255
249,291,338,253
248,299,338,250
243,299,326,248
254,303,329,253
244,315,340,252
225,314,334,253
229,318,331,254
241,330,326,250
239,343,325,250
244,366,325,248
241,379,317,247
219,392,312,244
210,402,315,246
209,414,325,249
210,413,322,249
214,408,318,252
184,396,331,252
177,398,325,251
168,400,333,254
155,398,317,254
159,413,320,256
143,432,323,254
130,454,327,255
136,473,327,256
125,486,329,259
128,500,322,257
134,497,322,262
137,511,330,262
140,515,332,264
140,512,334,265
151,504,344,271
171,496,345,277
168,491,346,273
180,485,347,276
173,468,349,277
176,463,354,278
178,459,353,275
176,445,354,280
173,441,353,278
175,436,357,281
169,430,353,282
169,438,352,279
174,434,348,279
170,433,346,277
160,440,347,274
167,437,347,276
158,430,350,277
165,433,358,280
163,425,363,282
156,424,363,279
171,418,365,278
185,418,356,268
200,418,354,270
203,415,357,272
213,413,355,273
216,407,353,276
222,400,360,283
216,400,362,282
222,396,363,286
209,391,365,290
221,396,373,292
222,395,375,294
224,396,372,295
239,396,376,297
240,394,379,297
249,393,388,303
245,392,393,305
242,391,398,309
229,388,405,311
179,385,396,314
198,396,404,318
178,392,404,319
187,396,408,319
169,398,399,319
173,401,398,315
172,401,401,320
166,407,404,321
170,408,399,318
165,406,405,323
172,410,393,316
163,419,386,310
147,408,380,314
136,409,384,314
123,400,387,325
133,414,384,319
134,402,389,327
118,413,396,328
118,398,399,333
120,394,405,334
137,393,401,337
121,398,403,339
127,396,402,337
129,394,402,338
136,387,399,338
135,386,396,335
142,386,393,332
149,394,396,333
140,386,394,333
142,387,394,332
143,389,388,329
134,382,397,338
113,371,406,346
111,378,419,352
106,383,417,352
95,372,416,353
91,374,412,353
78,375,416,353
70,387,416,355
62,392,419,356
72,389,413,358
78,398,411,352
71,370,410,359
60,365,422,361
63,361,417,359
84,378,411,356
71,373,416,358
63,370,413,355
63,369,411,356
61,365,415,362
70,380,406,352
48,365,414,358
60,391,401,351
61,393,402,353
59,395,404,357
66,406,411,357
51,405,411,360
42,411,406,360
48,416,401,356
34,417,406,360
64,441,389,346
42,432,397,361
45,442,397,356
47,434,397,357
52,447,393,347
65,435,396,347
77,432,397,347
81,431,406,341
86,434,414,341
99,414,413,342
135,413,399,335
139,394,397,341
146,384,387,343
143,413,397,331
132,403,399,339
127,408,405,342
112,388,404,351
128,409,402,349
124,401,396,354
102,420,403,345
119,430,397,350
88,425,406,350
96,423,401,353
90,417,406,358
78,411,412,352
94,409,407,349
119,416,400,348
100,406,398,342
103,404,395,347
114,397,392,357
115,408,383,347
123,407,384,354
127,424,382,348
135,430,376,348
166,441,372,356
162,444,366,356
146,432,380,364
148,445,370,356
173,434,363,373
167,431,362,372
163,430,367,367
171,420,370,375
163,416,380,379
158,423,389,376
185,427,378,379
180,426,394,390
206,434,374,382
212,441,372,378
224,448,366,372
213,445,366,373
229,440,360,378
224,429,365,388
224,431,361,385
214,433,361,374
212,436,360,368
189,420,373,372
196,414,373,385
195,418,367,379
159,412,373,373
152,400,383,379
113,398,396,376
119,395,387,378
106,412,373,373
111,396,372,371
117,392,362,361
107,365,371,371
126,365,363,368
113,339,373,380
137,340,368,380
138,335,370,373
156,337,370,378
164,322,362,377
163,323,364,377
178,342,350,373
174,328,353,374
172,332,360,376
158,322,362,373
138,301,381,380
162,318,369,379
176,315,364,380
178,320,360,381
171,297,365,378
172,304,360,372
169,290,371,379
174,278,376,379
172,273,380,379
149,242,395,393
147,225,393,395
157,248,397,389
157,238,396,389
152,228,392,391
172,248,375,383
159,251,382,391
141,224,392,392
139,238,390,392
157,232,387,392
162,244,387,391
147,232,396,399
168,246,394,405
165,222,395,400
169,228,399,403
167,227,399,403
173,232,397,399
167,244,398,399
166,266,402,405
161,251,404,411
161,255,403,411
154,242,410,409
147,243,409,415
122,239,424,418
134,227,414,422
122,229,423,425
131,251,423,419
123,267,436,419
135,234,416,428
98,244,450,434
87,248,466,435
112,243,447,436
117,243,443,433
130,259,439,431
108,244,450,441
114,248,450,439
102,242,456,438
103,246,456,435
110,253,447,425
99,241,459,431
110,250,467,435
88,247,485,440
103,251,478,433
145,252,471,442
140,245,479,446
133,252,485,442
126,253,488,436
134,264,490,429
134,268,495,421
136,282,493,421
117,285,497,426
115,286,500,419
107,301,493,409
110,294,490,402
107,296,487,400
104,300,486,394
103,301,483,391
110,303,481,382
90,303,476,385
80,315,476,378
81,314,479,383
45,310,471,384
79,323,483,383
85,326,474,384
60,331,475,386
54,325,467,382
53,333,469,379
78,337,457,380
44,332,449,373
52,334,447,370
59,321,447,375
59,324,445,369
69,318,440,374
62,331,438,368
61,328,433,364
90,333,419,363
70,332,438,371
95,314,428,374
88,329,425,371
101,333,408,361
81,350,414,351
95,343,398,350
120,354,402,346
105,346,392,340
108,347,388,339
113,358,387,338
124,350,389,342
126,354,404,352
119,343,400,354
106,352,401,353
112,367,393,348
81,382,397,341
97,396,391,344
101,397,392,347
121,406,377,341
107,425,369,328
112,433,361,325
117,430,369,331
82,425,386,340
85,425,387,347
87,415,397,359
69,418,405,359
88,421,397,361
97,421,401,364
67,429,395,346
95,428,407,360
87,436,394,345
93,425,408,355
112,434,396,356
106,422,405,355
113,429,401,353
128,442,393,351
108,436,397,345
109,442,392,344
121,438,397,345
120,447,397,343
121,458,387,341
131,458,395,348
163,448,402,352
170,443,414,353
171,438,418,356
170,454,403,344
215,428,399,355
174,452,400,346
173,458,388,339
175,444,394,338
175,450,392,337
184,434,395,343
181,467,375,333
184,447,378,328
191,436,367,324
205,437,377,331
211,430,374,334
221,423,374,338
226,425,379,340
225,429,378,339
235,426,366,337
243,434,359,336
256,418,363,344
265,427,365,347
258,415,372,340
265,427,373,334
271,413,384,344
281,399,391,347
298,394,393,351
309,397,388,335
323,388,393,344
337,385,388,349
358,357,386,359
373,368,381,350
399,350,380,368
395,354,383,363
428,353,371,372
418,365,365,361
420,359,366,361
439,345,357,370
443,330,363,374
454,326,358,377
453,327,361,377
456,324,359,371
453,304,365,376
468,289,361,382
487,325,352,373
491,322,350,371
496,296,348,378
512,290,337,383
498,300,338,368
485,289,339,358
483,278,346,359
481,269,349,367
488,270,350,378
480,268,359,380
467,253,363,382
446,230,370,381
433,268,376,373
461,269,362,383
452,255,364,386
450,265,367,380
455,273,374,386
438,266,385,378
468,251,375,397
457,217,392,406
452,218,398,397
460,235,396,399
454,215,407,410
452,234,407,407
454,224,413,414
438,233,408,398
459,213,411,413
474,232,400,407
462,208,404,396
469,210,402,398
483,222,399,405
473,212,402,403
496,216,394,406
491,214,404,408
498,218,402,410
474,200,409,401
477,229,403,405
485,258,399,400
485,241,402,399
498,242,395,407
492,256,395,407
494,263,408,400
477,251,414,398
493,252,405,401
502,272,407,401
504,248,413,413
503,262,416,416
507,237,419,426
500,255,418,417
512,259,410,419
497,254,410,413
509,250,403,433
505,260,408,429
505,250,409,430
493,256,406,422
484,264,406,409
478,259,403,406
476,254,402,416
495,247,392,419
478,239,391,416
475,234,394,414
469,242,396,406
474,241,391,404
472,251,392,402
465,226,392,402
461,215,386,397
469,230,393,400
464,230,397,395
479,203,388,400
471,221,398,404
469,213,399,399
471,208,396,397
479,226,396,398
486,209,396,402
492,235,392,398
492,240,396,403
472,238,398,389
488,257,380,379
500,271,383,379
486,297,397,384
503,317,398,383
523,331,396,386
523,337,394,374
540,358,387,368
532,348,390,368
537,346,389,371
523,358,398,372
513,340,397,378
492,325,403,376
475,312,399,371
459,294,394,372
446,306,395,373
428,334,402,376
401,330,408,374
377,339,412,380
345,356,422,371
336,357,403,383
319,350,416,383
268,326,423,373
254,319,418,371
243,277,412,376
223,294,412,377
198,267,409,378
180,225,408,390
181,191,412,384
189,148,416,383
203,146,438,378
234,135,412,388
233,104,417,383
250,81,409,382
241,64,417,369
229,55,421,372
192,37,417,369
179,-2,409,373
130,-63,465,388
73,-76,470,392
134,-89,422,360
110,-115,415,346
75,-122,478,399
96,-105,433,362
96,-89,431,369
82,-88,439,366
81,-79,435,375
70,-45,482,403
107,68,408,374
110,80,432,364
133,117,416,361
140,165,407,362
161,189,409,359
163,194,414,351
183,174,428,370
167,184,435,368
153,172,444,354
144,173,442,363
131,150,466,351
106,171,463,350
84,189,457,352
88,189,463,349
86,185,458,347
84,211,452,351
126,235,438,358
120,262,459,349
161,276,457,346
160,309,437,351
193,275,449,345
206,261,454,344
211,249,446,338
207,239,444,334
200,239,451,336
230,232,446,333
251,251,437,350
274,237,440,352
316,221,455,355
355,221,456,342
391,222,451,343
429,213,442,351
425,223,454,355
422,229,458,359
389,242,471,364
373,232,474,378
375,222,476,372
360,206,485,373
360,195,493,379
388,179,496,384
371,175,493,379
373,170,489,378
354,171,493,377
370,173,495,380
348,173,490,382
322,187,490,385
322,189,489,375
342,196,483,373
330,198,492,374
333,191,488,363
361,205,474,365
328,198,472,361
326,193,479,367
323,194,472,359
329,189,476,356
317,189,470,353
304,200,464,355
293,210,470,360
317,204,467,354
314,211,462,350
281,210,465,351
305,209,463,348
286,220,457,340
297,226,455,352
283,227,457,348
289,237,458,343
304,252,453,335
290,255,447,330
303,247,455,338
296,230,449,334
274,240,455,338
291,240,449,340
304,239,448,340
306,236,438,333
291,256,443,326
296,243,447,329
283,257,438,323
304,257,439,327
298,254,433,320
297,261,425,311
323,243,425,317
313,247,420,313
319,248,422,324
326,238,420,321
296,229,418,317
306,241,419,319
305,217,430,318
305,223,428,319
293,223,428,322
293,226,430,317
304,216,430,322
284,209,430,316
289,218,426,315
286,213,421,313
273,225,417,307
292,217,414,310
269,224,416,309
279,219,419,311
270,216,424,314
270,221,422,316
285,195,421,325
269,183,416,325
285,186,418,322
274,181,420,322
263,169,424,324
267,164,428,326
269,143,432,332
289,165,425,331
268,178,425,324
282,159,425,330
269,169,426,329
281,169,426,332
290,155,427,332
288,150,419,330
299,152,425,338
287,157,417,337
288,154,431,338
308,168,414,345
297,175,402,337
307,199,415,333
303,203,418,339
287,207,423,341
274,214,425,340
274,212,417,337
288,206,407,334
300,202,404,337
289,203,402,331
287,206,400,326
288,197,397,322
311,196,394,325
299,209,386,311
284,203,386,304
300,220,383,308
290,219,382,310
307,223,373,317
303,225,374,318
275,249,375,306
275,233,382,318
272,232,374,310
256,236,374,303
268,218,375,312
260,222,375,307
265,223,377,310
269,210,378,314
262,217,377,308
260,210,378,309
262,222,374,307
261,229,372,301
272,224,375,304
295,236,375,305
320,238,373,302
311,255,378,292
346,245,373,296
376,232,366,296
385,232,372,300
394,228,366,296
408,219,365,302
396,208,361,297
395,201,367,303
404,193,364,301
400,179,361,295
412,182,358,291
387,177,364,285
402,179,363,287
428,183,358,289
442,179,359,294
443,180,354,290
434,188,354,286
433,188,357,286
459,187,355,294
430,186,364,287
443,189,357,288
428,185,361,286
448,180,354,291
470,189,346,291
456,187,350,288
461,186,348,288
451,192,353,288
462,191,348,291
454,193,348,287
440,186,355,289
445,220,344,276
455,196,343,291
466,205,341,295
469,220,341,295
468,217,339,300
481,229,332,301
468,240,328,293
460,252,327,292
459,239,334,297
462,226,336,300
466,247,329,296
475,230,332,303
467,226,330,302
482,225,327,305
490,208,333,308
493,213,332,304
503,214,334,297
500,206,338,297
499,209,338,298
497,205,337,290
506,219,334,286
502,225,334,286
502,220,333,277
509,231,333,273
505,231,336,275
502,229,332,268
497,219,336,261
492,222,329,260
494,217,332,259
503,229,331,259
503,215,336,254
500,206,335,249
496,200,341,250
493,199,341,250
497,198,347,251
489,187,351,252
495,192,346,248
488,197,352,249
485,188,357,251
494,196,357,248
488,197,353,247
490,189,359,248
487,191,364,254
493,189,368,249
491,197,364,247
496,206,366,249
473,200,359,249
484,202,369,249
488,203,369,251
490,206,373,250
484,203,378,256
480,202,388,262
473,209,389,262
469,208,384,260
462,205,383,263
460,211,381,263
477,213,389,261
464,209,393,267
468,209,400,269
468,208,397,271
473,197,397,274
463,193,394,278
464,194,393,286
452,176,399,296
483,189,403,285
463,176,401,296
494,196,408,289
492,195,410,291
468,183,407,304
469,194,398,303
466,202,407,305
497,225,410,291
485,221,401,291
470,215,395,298
454,222,400,301
464,223,390,295
452,231,388,296
452,222,392,299
457,229,391,296
468,233,388,291
432,219,379,291
432,224,374,290
449,248,386,296
434,252,382,304
409,251,368,305
454,302,382,306
424,297,386,307
422,304,391,306
425,304,393,304
446,302,393,306
437,287,400,311
411,273,398,305
431,279,400,310
385,270,402,303
395,269,407,306
382,265,404,305
389,275,407,304
383,270,403,304
377,269,404,308
397,265,399,305
418,259,384,312
402,251,380,308
399,247,385,306
410,240,380,302
387,249,385,294
399,256,391,295
383,253,388,297
369,243,392,300
395,258,381,289
393,260,387,295
390,262,394,299
395,258,387,302
412,265,384,303
394,261,397,300
397,271,389,295
414,272,372,306
410,280,377,307
390,288,382,292
395,302,388,295
396,306,395,297
396,297,391,297
396,311,386,295
393,311,393,295
405,322,400,296
423,342,405,293
404,331,402,296
413,348,416,300
416,347,412,301
411,338,423,307
416,352,425,304
425,365,441,304
424,359,441,312
426,366,455,308
400,360,430,313
384,340,427,322
378,344,430,325
383,344,436,329
355,333,417,328
369,334,425,334
326,316,429,346
301,307,436,354
321,311,424,347
305,310,430,347
328,312,421,344
313,309,426,344
315,310,419,341
335,330,420,335
362,333,422,327
334,329,416,331
336,324,427,334
329,326,429,335
331,324,429,338
340,327,438,340
337,318,437,340
323,300,424,345
313,280,422,344
309,288,422,342
299,294,425,344
313,301,429,337
302,297,431,337
299,292,436,340
288,297,435,337
314,316,432,326
318,313,432,323
319,311,441,329
299,299,452,340
306,310,450,332
295,291,461,344
279,272,469,357
273,279,465,352
272,282,469,352
265,279,468,352
259,274,468,352
267,273,471,353
256,260,468,359
247,251,469,366
261,263,466,360
253,250,466,363
267,249,473,366
261,249,474,368
250,228,464,374
265,239,460,367
269,243,465,372
265,245,460,372
262,244,458,374
279,262,451,365
284,271,445,361
252,267,448,363
277,282,441,351
284,292,442,345
304,304,443,344
301,296,441,345
317,306,434,335
306,297,442,339
303,295,448,338
331,313,445,329
344,323,442,324
337,309,456,337
318,298,457,338
330,304,453,335
312,300,454,332
316,299,454,334
324,304,457,328
332,308,461,328
329,304,469,332
331,311,475,326
338,313,484,322
306,293,486,336
295,299,481,330
298,290,480,332
278,286,475,334
279,282,483,334
264,277,477,335
264,283,468,326
269,288,461,319
265,282,462,319
279,293,453,306
279,294,457,308
281,299,458,303
257,281,448,307
262,287,449,303
253,287,435,302
251,272,440,299
242,268,437,304
253,270,450,299
265,283,435,292
252,269,442,296
250,264,449,302
252,262,452,299
243,261,442,300
253,270,453,299
245,263,459,304
243,262,455,302
240,262,454,301
236,256,457,308
238,251,458,308
243,256,468,316
226,258,452,318
222,244,462,318
229,255,456,319
226,257,456,320
235,277,440,311
239,282,444,310
230,278,448,313
238,291,442,309
227,291,429,318
231,298,420,324
223,317,439,314
218,348,440,301
221,362,437,297
214,365,435,296
212,354,419,306
216,373,436,296
212,365,430,302
207,351,423,303
228,336,426,303
205,314,420,306
220,312,430,292
215,293,431,294
220,293,418,293
215,294,432,294
212,292,427,291
220,299,420,291
203,277,425,298
216,286,424,289
219,292,422,287
207,285,420,291
207,278,422,289
196,278,419,288
183,265,425,299
185,275,418,297
178,270,425,303
191,277,428,296
199,278,421,286
201,285,415,284
202,285,414,284
187,277,411,292
186,264,415,288
196,282,419,294
218,288,429,292
198,264,416,287
195,281,417,289
202,283,421,286
202,286,418,288
187,278,409,283
184,272,416,288
191,279,410,284
188,274,413,285
197,274,412,280
190,283,410,276
200,289,401,273
198,289,401,274
200,283,401,268
203,290,405,270
199,283,403,273
190,281,413,278
181,268,409,279
182,274,408,281
189,272,402,277
186,269,388,272
197,286,385,269
209,289,384,266
200,284,383,270
202,279,387,272
224,297,388,270
227,298,385,268
216,286,376,267
220,282,386,271
229,295,382,266
234,296,390,267
242,303,386,263
241,305,381,266
250,304,379,264
252,300,384,268
244,293,379,271
257,298,381,269
249,297,376,276
257,298,380,276
266,300,375,274
262,292,371,275
265,301,372,277
279,303,371,269
277,296,373,271
276,296,370,281
277,288,375,278
280,302,387,279
272,289,387,281
266,281,388,283
268,288,405,293
279,292,410,292
266,288,422,299
261,284,418,301
255,285,428,311
284,298,425,299
254,291,421,306
250,286,426,312
247,289,432,317
260,294,427,314
235,283,428,316
239,298,433,312
248,291,418,304
239,291,421,306
228,287,435,312
210,282,431,312
245,290,413,300
244,286,412,303
250,295,404,297
229,282,410,301
217,281,411,304
236,296,406,297
245,292,400,291
232,301,401,294
236,294,396,288
234,295,394,285
232,296,398,289
234,300,401,289
227,299,402,287
213,303,405,291
214,303,411,289
234,298,399,280
193,286,404,285
199,299,417,290
201,294,415,289
201,306,412,289
204,305,405,283
202,296,399,279
211,291,392,274
220,303,401,276
217,293,394,274
207,295,393,279
208,285,401,282
213,283,395,280
228,287,385,268
256,283,369,256
254,291,366,253
238,279,371,262
237,288,373,262
241,286,372,263
234,278,374,268
247,273,368,263
253,280,365,257
257,279,358,255
254,284,355,255
261,293,359,248
252,295,366,256
258,289,358,253
246,298,364,257
258,299,362,254
267,299,365,256
238,294,376,262
283,295,363,252
267,295,362,254
271,287,351,253
267,291,354,253
258,294,356,253
253,294,351,252
262,293,348,250
273,294,347,249
290,298,338,245
273,302,346,249
273,298,347,251
306,301,338,246
298,299,341,250
302,300,333,249
352,312,335,248
296,303,334,252
310,305,332,251
374,311,324,241
363,311,328,246
363,315,327,245
345,309,337,250
369,313,329,248
363,314,332,247
360,310,332,249
348,310,342,253
357,310,338,253
366,315,336,252
352,311,347,261
354,313,350,263
335,307,359,265
342,314,359,268
353,309,352,267
358,313,350,267
329,307,363,271
335,307,363,272
332,308,369,273
314,297,381,278
307,294,381,276
304,298,382,278
302,296,380,278
308,295,377,283
277,294,376,280
309,296,379,276
296,295,382,281
293,292,377,279
282,300,389,284
288,299,384,282
275,304,392,284
290,301,382,282
273,313,376,283
251,307,375,282
262,303,387,288
243,305,393,285
241,299,391,291
268,296,400,296
321,298,405,301
332,294,399,298
338,294,403,302
330,296,414,317
282,291,398,303
280,290,395,295
264,297,397,298
259,294,386,280
263,294,391,283
265,289,402,293
256,286,399,292
253,291,404,292
252,291,408,294
243,287,411,300
252,296,410,299
254,297,421,305
245,285,424,308
247,310,424,302
232,309,433,315
264,276,426,317
297,275,424,317
353,261,416,326
349,275,415,320
301,260,426,321
286,269,438,333
275,255,436,328
259,260,445,329
310,260,437,342
363,258,429,352
286,258,452,346
291,246,453,346
310,248,453,352
332,248,438,346
316,256,439,341
381,250,429,345
328,243,438,333
368,259,420,338
369,245,426,343
390,247,416,344
383,246,417,347
391,244,409,347
378,245,415,347
364,245,421,345
360,237,422,349
326,247,424,333
318,235,429,343
331,232,436,355
335,228,442,361
261,252,453,350
265,256,447,347
278,255,441,346
258,249,449,348
265,263,443,341
244,281,430,324
235,278,438,336
243,284,451,343
259,245,464,368
299,229,468,379
281,250,465,372
266,240,469,377
331,232,467,386
365,230,464,391
337,224,473,389
269,230,494,400
248,234,481,383
234,256,461,373
259,244,474,384
274,244,480,384
317,232,464,384
317,224,466,388
287,223,476,386
334,227,468,386
355,213,459,384
296,231,473,378
344,217,472,389
315,221,481,383
297,219,483,381
274,229,473,366
296,224,475,371
298,218,469,374
329,216,461,373
300,209,469,372
311,229,476,379
291,228,483,379
308,221,484,385
287,224,482,387
308,209,474,383
325,219,476,383
281,218,485,383
278,219,477,378
276,226,484,385
283,208,481,387
278,224,486,389
261,223,489,384
246,203,499,395
255,206,499,395
267,221,506,395
269,210,505,399
287,206,504,396
299,199,503,398
299,191,511,410
261,198,526,412
265,190,530,418
249,196,526,417
260,194,541,427
236,192,527,412
220,220,523,408
252,215,530,417
252,199,525,413
251,218,508,401
245,216,502,396
235,231,492,391
222,242,490,388
227,246,482,383
217,259,473,376
211,265,475,372
203,254,484,378
219,246,484,380
245,242,479,377
229,234,490,383
241,216,495,390
257,220,501,397
251,215,508,403
249,220,503,401
260,222,507,401
270,242,507,399
265,208,514,413
302,200,516,419
294,195,512,417
265,210,517,413
298,197,509,413
262,217,501,397
251,227,502,397
270,215,506,402
260,218,505,397
280,212,496,387
320,209,482,390
331,209,477,389
330,201,475,389
311,214,483,396
286,192,494,392
291,225,488,386
260,223,478,377
290,234,480,378
252,221,484,384
312,213,483,390
267,206,495,396
273,208,497,396
286,205,490,395
346,209,490,401
284,209,490,394
303,208,490,394
284,217,503,400
275,221,513,403
260,219,517,405
235,237,507,394
263,223,515,401
233,225,503,392
241,222,512,399
240,233,505,392
247,237,506,388
218,231,509,393
223,219,521,403
214,229,519,403
252,222,521,407
233,220,523,404
257,218,530,410
255,216,544,421
291,210,529,416
257,221,533,416
268,197,530,420
253,229,523,408
284,197,526,418
299,213,512,408
260,215,519,409
300,214,504,406
293,215,511,411
292,207,515,412
292,205,514,408
319,208,508,415
314,198,505,415
284,201,520,415
256,196,526,415
275,210,526,412
319,219,532,412
277,223,530,404
250,225,535,408
220,217,528,406
234,224,532,407
252,214,522,404
230,230,527,406
283,222,524,417
228,234,510,408
234,245,504,401
206,245,503,400
244,235,511,400
239,220,505,396
254,217,510,400
258,210,513,400
245,223,500,394
267,207,495,395
257,219,494,391
245,218,495,391
260,214,498,396
287,211,501,401
284,207,510,409
249,210,504,394
283,206,499,392
269,213,497,383
284,230,490,378
279,233,484,371
260,223,479,367
250,247,471,365
263,235,472,363
284,226,474,373
258,231,468,371
267,241,465,366
274,227,468,372
283,224,476,379
266,236,483,375
263,229,483,377
295,241,482,378
287,245,491,381
315,221,480,377
290,222,485,374
304,219,491,384
295,216,491,385
301,214,490,390
302,199,495,400
313,201,489,391
287,203,502,400
276,211,500,399
268,210,487,387
264,232,484,380
272,230,496,388
284,208,493,384
283,204,489,385
276,202,485,381
304,223,478,378
331,212,472,383
337,205,473,386
280,220,483,387
263,224,487,385
258,230,485,384
274,216,490,394
288,225,480,386
273,239,467,374
267,239,465,372
247,232,467,379
241,234,461,369
258,226,476,376
257,231,480,378
252,240,467,366
252,254,466,370
273,234,461,374
258,243,451,362
278,220,457,371
254,242,453,364
261,250,456,363
243,256,459,361
252,238,457,363
246,253,452,356
271,243,451,356
251,240,452,360
252,236,447,355
242,253,453,358
235,247,455,356
244,246,452,351
247,262,440,337
253,262,435,335
259,267,439,335
255,265,437,333
261,273,434,331
245,279,426,325
235,285,414,321
250,273,412,324
250,274,414,324
248,268,415,330
257,270,413,326
253,277,411,324
274,269,404,319
261,267,415,326
254,276,413,325
260,281,419,326
261,285,419,328
257,276,412,329
262,266,421,341
273,242,431,352
270,252,439,350
269,234,447,349
295,270,443,347
272,255,448,352
252,259,457,349
238,233,469,359
255,254,474,369
279,245,474,371
250,242,457,359
268,246,460,362
268,223,467,356
283,231,467,359
302,228,466,363
272,222,468,364
291,215,460,362
300,209,462,367
272,224,467,360
254,237,468,360
266,230,474,365
273,233,476,370
289,223,464,365
272,235,470,363
266,235,465,358
262,238,462,359
248,243,464,356
251,240,462,358
243,235,453,348
263,235,449,348
241,228,438,343
242,242,439,345
243,244,446,352
229,241,434,343
238,237,429,332
239,231,421,333
243,233,411,332
248,225,408,329
253,247,411,327
258,235,412,329
263,238,408,327
257,260,388,310
286,257,393,306
283,272,382,296
274,274,382,297
259,266,388,300
274,260,394,306
274,270,388,307
278,268,383,306
274,267,382,306
270,265,379,304
266,251,383,311
271,262,385,308
272,271,392,308
264,272,382,304
271,271,385,301
286,260,397,306
271,262,397,311
286,261,393,306
289,254,387,306
265,249,385,304
267,244,397,313
280,262,394,314
296,251,390,312
306,272,387,302
301,279,390,300
265,271,385,297
300,274,392,299
319,259,397,311
379,237,383,317
379,237,393,321
321,237,398,316
311,248,388,314
386,213,380,327
304,242,384,314
276,244,389,313
282,251,397,318
286,247,403,320
265,253,404,324
264,259,408,325
262,262,403,324
255,268,403,324
266,247,416,332
265,284,413,335
276,258,417,332
272,273,418,339
277,241,422,342
268,248,422,342
267,248,427,345
259,243,433,347
266,212,438,352
279,226,446,361
267,238,443,351
284,236,442,357
315,231,437,358
262,227,447,357
262,230,447,354
260,219,457,364
264,220,461,372
271,209,463,375
263,217,458,371
263,220,462,369
281,215,457,374
271,217,453,370
263,217,450,370
297,213,443,371
275,209,454,371
294,207,454,373
289,209,454,376
284,219,457,374
258,206,468,381
254,214,456,377
251,210,456,380
314,212,458,385
296,214,464,383
268,204,468,385
290,200,472,384
278,210,475,386
267,207,463,373
268,202,465,372
307,207,472,378
279,197,473,382
254,200,481,387
265,194,482,387
290,200,469,384
295,198,467,380
260,197,476,383
298,210,460,375
298,219,468,383
312,203,466,381
280,209,474,381
328,214,473,382
285,226,479,382
275,217,490,389
287,218,492,392
270,218,492,398
259,215,488,399
262,212,481,396
261,213,482,395
266,211,481,393
262,218,474,392
265,208,484,398
281,214,478,389
264,222,472,382
255,212,458,378
256,213,461,380
288,200,461,383
308,207,469,381
306,201,478,389
267,202,480,383
274,194,483,387
287,202,488,389
296,195,491,396
289,194,487,399
276,204,483,405
297,191,495,413
249,193,495,411
265,184,498,412
213,204,490,410
233,216,493,405
242,196,496,409
256,217,483,400
231,197,481,400
242,214,473,392
260,201,484,401
270,207,475,399
273,190,478,405
292,211,478,404
272,208,485,407
257,206,476,400
289,219,469,402
255,225,473,398
259,208,479,401
275,214,483,406
248,231,489,404
261,228,487,404
276,230,487,404
270,222,489,401
248,238,476,391
272,224,472,396
282,209,468,398
284,210,485,409
299,218,477,398
276,214,478,409
252,230,471,399
229,241,468,397
227,244,465,390
230,234,473,397
252,230,471,391
256,223,476,397
263,206,485,407
260,209,498,416
252,208,503,420
239,195,511,425
257,207,505,421
241,212,501,417
239,211,495,408
266,199,504,419
249,199,513,419
239,187,520,422
265,183,523,429
253,192,512,424
252,201,511,421
252,188,516,422
270,203,513,417
272,202,519,420
267,213,510,416
254,199,503,411
260,206,492,404
266,214,491,400
254,241,480,392
246,244,476,389
228,230,472,387
277,230,485,387
252,237,468,384
268,244,464,381
272,215,477,389
289,220,473,388
274,238,477,390
282,217,492,400
270,214,495,400
228,241,482,389
236,216,473,390
232,231,463,377
262,226,459,376
269,219,470,385
252,228,465,378
255,217,479,390
265,227,468,383
249,234,483,393
260,226,485,389
271,213,475,393
280,229,474,388
275,218,485,397
283,223,494,392
286,221,495,396
258,233,497,396
249,242,501,401
245,219,507,405
253,232,505,406
287,242,511,411
235,242,511,408
234,247,506,400
273,233,506,404
243,250,503,405
248,252,506,399
266,244,508,402
220,253,506,400
212,239,516,412
224,226,512,419
220,257,508,401
246,269,505,398
222,272,515,399
239,252,510,408
240,258,512,405
212,268,495,388
214,268,502,393
226,269,507,393
238,277,497,386
203,260,503,392
254,266,489,389
258,263,494,393
232,271,495,385
240,275,503,386
238,265,500,389
231,274,496,384
238,264,495,390
227,263,498,394
222,256,496,395
229,266,505,398
215,265,508,401
201,252,504,402
219,272,494,387
233,265,502,395
214,271,514,403
201,250,506,401
232,274,507,400
234,267,503,394
226,273,504,395
235,276,493,383
249,265,500,391
219,264,503,394
226,259,507,403
231,265,507,400
225,272,509,398
211,264,520,407
213,261,518,406
225,263,520,407
212,265,524,404
201,249,531,417
239,269,523,404
253,276,513,391
225,277,529,397
214,267,522,399
232,271,504,392
233,259,513,405
220,260,506,400
225,262,505,394
223,267,506,395
228,262,506,400
236,278,517,402
217,268,517,401
213,264,521,407
225,263,525,407
208,253,538,422
208,255,549,430
206,253,548,427
210,241,551,435
184,255,537,421
225,271,531,412
207,238,525,420
208,255,525,413
231,237,521,419
211,250,524,414
223,242,536,424
216,259,536,421
205,246,539,424
220,253,541,425
208,245,537,424
204,256,547,430
202,242,542,434
201,255,539,423
214,264,524,412
205,257,528,416
207,256,534,421
219,250,523,413
202,259,518,409
236,257,508,404
216,277,507,395
218,268,506,397
218,269,500,397
211,272,497,393
223,276,490,388
218,274,487,385
217,263,494,391
235,273,495,392
210,270,501,391
218,267,494,389
224,268,490,389
202,273,486,382
231,296,477,372
218,283,475,372
213,273,485,386
215,287,484,379
217,274,493,390
222,276,489,386
217,272,496,389
216,258,494,393
232,270,495,393
203,267,494,394
213,275,493,389
219,273,500,397
200,259,519,411
193,245,516,418
214,269,511,401
207,267,513,401
214,264,519,403
209,256,514,403
226,258,518,414
208,276,513,396
219,269,503,395
204,275,504,394
208,274,500,393
207,267,500,400
200,274,500,400
204,260,506,407
209,275,506,398
221,280,513,403
208,251,508,413
207,267,510,404
219,269,511,405
236,276,504,399
225,269,504,398
216,270,513,400
203,262,516,408
216,275,506,400
227,288,488,382
232,275,483,383
230,272,483,385
214,272,491,392
212,281,496,392
216,268,491,393
225,274,477,381
233,286,477,379
223,262,485,392
220,269,490,390
231,278,488,385
234,274,490,388
217,263,496,394
206,276,495,388
223,276,493,389
214,274,488,386
218,269,492,390
213,278,482,380
226,278,485,385
212,272,488,390
216,278,489,389
226,287,487,385
218,283,488,386
214,269,484,387
236,298,476,373
229,285,480,378
235,289,476,372
219,281,486,382
221,273,486,390
221,269,488,394
215,260,492,396
213,267,505,405
216,262,502,404
215,280,496,395
218,276,498,396
210,265,497,397
220,270,497,401
206,267,501,399
223,275,494,393
208,271,494,390
223,272,491,383
215,272,496,387
218,264,496,394
230,266,502,397
220,268,511,399
199,255,510,404
205,259,509,405
211,256,515,409
218,279,507,395
218,252,508,404
219,252,505,404
226,266,493,390
219,271,504,393
218,264,491,389
224,278,484,378
211,280,489,376
230,268,484,379
227,271,494,389
201,266,507,398
222,274,499,390
223,269,503,397
211,274,504,390
203,266,507,396
220,265,501,395
209,261,505,399
212,252,499,398
221,264,506,398
215,258,514,406
206,263,518,406
211,253,514,405
212,270,509,393
209,256,515,403
219,265,518,407
203,262,522,408
201,265,511,402
202,279,519,403
219,275,513,402
211,270,516,405
201,268,519,407
205,267,524,405
229,293,511,391
221,276,512,399
199,269,507,393
220,286,506,388
207,268,504,394
217,279,504,394
227,273,501,393
206,284,505,394
201,275,516,403
190,261,521,410
200,260,519,408
205,275,518,403
210,273,511,400
203,263,509,400
215,269,505,398
213,269,499,390
232,269,501,391
224,271,509,395
217,278,512,395
231,277,505,391
224,279,498,390
232,280,494,386
239,283,496,388
216,285,499,386
214,277,501,387
215,277,505,391
198,270,509,392
212,267,511,401
200,286,504,388
216,276,504,390
198,266,511,401
216,281,510,395
232,284,516,398
238,260,527,413
207,256,524,410
207,260,523,410
206,268,518,402
212,277,511,397
212,273,508,396
206,291,523,399
206,272,514,400
198,268,522,409
213,269,512,403
236,284,513,401
219,267,519,404
210,278,514,400
191,254,526,416
192,261,531,414
210,261,522,411
192,261,520,409
219,286,522,405
219,258,527,416
195,279,528,408
196,266,519,410
189,272,521,409
188,269,522,412
201,262,520,407
203,291,522,399
219,274,516,401
200,255,518,408
213,258,519,404
213,260,515,403
210,252,516,406
193,249,512,405
186,260,517,403
202,255,514,402
194,264,509,396
196,258,514,399
196,256,509,398
196,250,512,398
201,237,517,410
188,264,525,403
198,249,524,407
204,256,521,405
204,271,523,402
195,246,528,414
209,261,522,407
202,252,529,412
187,245,523,413
193,232,528,420
200,241,524,417
197,250,531,417
194,248,531,418
198,265,522,406
201,260,512,402
222,269,506,393
194,249,518,407
194,270,518,403
206,260,515,408
209,274,516,403
176,259,525,410
210,272,509,399
203,259,516,410
206,264,512,408
195,269,521,406
208,291,512,396
216,289,508,398
214,296,501,388
215,290,506,393
204,279,509,396
199,285,514,396
201,272,513,402
201,282,515,398
212,283,517,399
199,274,521,407
205,281,531,412
197,268,540,420
188,262,540,424
199,267,543,427
198,282,536,418
194,283,554,428
182,269,544,429
188,260,541,429
191,256,549,433
209,256,545,433
188,272,546,424
203,273,544,421
186,274,543,421
202,266,530,415
218,262,527,416
182,272,535,415
223,265,527,417
193,263,545,428
229,276,541,424
210,264,545,431
201,263,548,430
184,251,553,438
183,256,545,426
204,263,544,424
224,295,544,410
214,270,535,414
206,254,537,423
211,261,538,425
200,269,542,426
189,251,552,435
206,263,545,425
191,248,553,439
208,259,544,430
204,264,544,429
203,266,533,420
186,254,539,424
214,273,524,411
205,257,530,420
201,258,528,418
215,265,523,411
210,260,528,417
199,270,523,409
204,282,523,405
210,268,517,406
216,287,511,398
214,274,512,401
226,280,496,389
226,274,497,395
218,273,507,396
213,277,509,397
216,280,509,400
215,283,510,396
206,277,518,401
212,284,512,392
212,276,521,406
221,271,518,405
209,267,518,407
223,268,515,405
210,268,516,408
185,259,521,413
218,271,516,408
211,281,512,399
214,270,508,402
221,280,507,397
219,291,499,390
210,275,504,397
218,282,515,402
207,277,513,403
189,270,522,410
207,266,521,410
211,271,511,402
202,277,504,394
230,272,498,393
213,280,495,387
220,280,499,390
208,278,499,389
218,274,501,393
199,272,504,393
204,271,504,396
221,290,502,386
238,275,501,392
228,282,491,387
225,283,489,386
228,272,507,403
221,285,497,388
215,275,506,400
200,287,519,402
199,269,525,413
201,275,516,404
217,273,504,398
232,277,511,400
225,276,509,403
221,291,515,400
207,277,510,400
224,274,505,399
229,283,512,400
215,267,518,409
211,276,514,404
206,287,515,398
213,292,505,392
206,280,505,397
229,278,499,392
199,274,510,401
212,276,516,405
207,278,520,406
206,281,516,400
212,274,519,406
224,278,516,402
203,263,529,413
213,288,513,395
206,271,517,404
204,273,508,400
221,284,510,397
222,268,503,402
221,278,509,399
210,274,526,412
195,284,535,416
207,276,515,404
215,271,509,405
212,281,519,407
195,265,525,414
196,270,533,417
204,276,531,414
219,250,525,423
200,268,534,425
215,262,537,429
199,272,542,428
191,250,543,434
206,267,540,425
225,268,533,424
221,268,535,423
227,270,529,416
218,265,528,420
212,261,529,421
203,259,536,423
187,264,540,424
209,263,528,416
211,263,530,416
233,272,527,415
212,265,525,416
223,275,517,404
215,271,521,408
231,270,509,402
217,280,515,401
220,270,519,408
206,266,528,415
230,276,515,406
216,273,525,407
237,265,521,409
221,273,523,406
209,273,525,408
225,286,516,398
230,291,509,391
225,277,504,395
212,265,520,408
211,278,516,401
230,266,512,409
231,288,514,396
224,267,515,405
224,293,511,395
247,294,511,395
225,272,512,400
237,272,521,409
218,275,520,405
194,258,536,421
202,258,531,422
207,281,526,405
215,277,510,397
207,276,516,400
222,272,521,406
210,286,524,401
219,267,518,406
227,284,516,399
211,272,518,406
219,272,523,411
217,271,530,415
206,270,538,421
218,255,526,418
211,285,528,410
211,254,536,427
188,262,535,422
206,269,531,419
214,270,522,411
202,292,530,407
205,274,518,406
219,278,510,398
215,267,508,401
224,278,505,396
226,291,502,386
234,292,505,389
215,276,507,394
211,287,506,390
222,283,503,391
219,291,503,388
207,277,515,401
180,267,527,413
213,277,528,411
198,274,531,416
192,270,540,423
207,265,544,429
180,263,553,434
210,252,555,435
190,273,549,428
209,256,534,425
196,253,542,432
204,260,539,426
179,261,536,423
203,264,537,420
189,262,539,426
202,278,535,419
195,267,535,420
190,278,543,420
189,262,538,425
204,267,524,415
204,285,523,408
186,267,528,418
211,273,524,414
202,270,520,413
201,267,522,415
210,269,521,412
207,283,523,409
205,285,517,404
215,278,512,397
220,283,504,393
214,305,512,390
198,300,502,387
215,301,487,377
204,300,491,382
223,295,490,383
210,299,496,385
225,277,499,397
204,289,509,402
212,286,502,396
211,301,501,392
215,285,497,392
217,284,509,404
196,278,506,399
213,287,510,398
202,290,510,397
205,292,512,398
205,281,513,404
219,292,505,394
206,281,510,400
205,285,512,399
202,299,517,398
205,292,518,402
208,285,513,401
197,285,521,408
218,295,519,404
215,302,510,396
201,286,512,401
202,286,509,399
200,307,516,391
185,283,511,400
221,297,492,387
207,293,504,395
196,289,514,402
197,289,516,404
199,292,506,395
208,285,503,399
212,294,514,400
194,280,518,409
206,283,514,405
210,301,511,398
203,284,512,405
216,288,507,401
213,300,507,393
211,292,517,400
210,287,510,400
218,289,515,404
209,300,497,388
208,294,497,391
218,301,502,392
215,305,507,394
222,299,495,389
195,294,502,390
211,294,506,393
211,296,504,392
195,287,519,404
206,281,516,407
183,291,533,411
192,285,518,409
189,285,509,403
225,314,502,387
216,309,509,393
196,297,513,399
202,311,504,387
198,300,505,392
217,299,500,391
189,295,508,396
215,289,510,400
218,290,503,394
186,286,514,403
207,270,512,407
203,303,518,401
210,295,504,394
217,308,501,387
220,291,495,389
204,296,512,398
211,305,496,384
224,306,488,379
211,313,487,377
200,295,493,383
218,304,497,386
218,320,489,376
207,307,490,380
221,292,498,386
221,298,501,390
213,297,514,399
192,292,524,406
200,282,515,406
200,297,513,399
204,303,509,400
184,289,528,412
207,283,520,413
195,293,510,400
207,297,512,402
185,282,522,410
209,299,511,398
192,295,513,400
198,296,517,403
207,305,504,390
214,298,498,389
202,298,505,394
208,287,508,397
203,301,513,400
197,290,515,404
202,293,513,398
198,289,511,399
214,291,502,392
210,315,505,387
210,306,503,389
201,301,491,381
214,301,492,379
216,319,498,377
210,308,495,377
211,299,487,375
210,298,492,375
224,308,489,373
224,309,484,373
225,320,481,367
222,325,483,367
227,325,479,365
212,315,478,363
218,327,479,362
227,320,477,363
224,329,472,356
235,317,468,356
220,317,468,354
231,330,464,350
233,331,466,349
220,328,473,356
227,321,470,358
225,317,476,360
210,316,481,365
225,325,478,358
220,313,480,365
217,315,473,357
208,323,488,364
202,313,483,366
219,318,485,367
202,295,490,377
226,308,485,375
217,311,486,371
215,302,489,375
213,301,494,379
208,301,499,381
217,302,496,379
213,302,498,382
223,303,494,379
208,300,494,377
207,299,496,380
217,318,492,371
213,307,490,373
220,308,490,372
208,305,489,373
208,298,492,379
223,311,491,372
213,311,496,377
220,299,495,381
215,305,496,378
223,291,498,383
190,295,511,387
188,292,519,393
229,296,501,384
198,305,504,382
201,294,504,385
224,305,500,377
216,290,500,379
217,299,502,379
223,295,505,382
199,285,510,389
207,294,524,393
201,303,526,393
192,284,528,401
202,284,516,395
223,289,507,389
192,279,511,390
203,301,513,385
204,305,520,392
210,290,514,391
190,295,516,388
194,288,519,393
204,293,502,381
218,298,505,381
204,293,505,382
203,309,509,378
203,278,508,389
202,292,515,387
192,300,507,379
204,294,510,383
197,292,513,389
198,296,512,387
213,288,503,384
198,299,510,381
209,299,507,382
214,297,511,384
190,291,516,391
193,288,517,389
199,284,520,391
215,299,506,381
208,291,512,387
216,297,509,383
197,286,518,394
190,294,515,388
209,299,510,386
203,282,509,393
194,275,530,406
182,281,527,404
218,290,522,404
198,287,518,397
200,291,517,391
201,280,512,393
200,299,508,384
224,307,512,385
196,295,505,384
220,300,500,381
204,291,511,390
208,292,501,383
205,294,507,387
198,289,508,391
214,285,505,388
206,279,508,391
195,273,512,398
204,288,511,391
212,306,510,386
205,305,504,382
208,295,505,384
195,291,520,393
190,287,519,393
206,299,514,389
193,286,514,392
200,289,511,391
186,289,517,394
215,289,517,396
195,286,523,399
206,288,522,399
197,292,518,395
197,287,519,396
204,279,522,405
194,297,521,396
193,287,506,386
205,304,509,382
215,300,499,373
222,306,497,373
215,302,501,375
195,301,508,382
176,300,514,384
203,296,508,383
197,291,505,381
185,288,508,384
191,306,505,381
193,308,510,379
199,301,507,384
204,302,502,379
213,289,502,379
217,307,491,368
212,304,496,371
207,299,490,369
200,299,483,366
226,310,484,362
224,302,484,367
206,301,491,369
205,303,489,372
204,295,486,371
197,291,493,376
217,299,491,370
197,300,483,365
204,294,496,374
217,319,502,372
205,306,505,377
207,311,498,372
223,291,488,371
213,301,492,374
201,302,501,376
200,296,504,381
219,299,489,370
210,295,497,375
215,296,496,374
203,296,500,377
199,292,499,378
199,304,500,374
200,288,501,380
211,294,497,374
206,302,502,375
199,300,496,373
201,307,500,377
223,305,492,371
218,300,500,377
193,292,499,380
212,294,500,380
202,292,501,380
202,298,502,381
207,310,493,370
209,312,490,368
207,310,488,368
214,314,488,366
215,308,491,370
212,308,485,364
201,299,492,369
213,314,496,370
211,314,494,367
223,303,500,376
198,298,504,381
206,305,504,376
217,295,502,382
226,283,491,379
218,317,486,366
224,314,484,366
201,304,498,373
204,296,497,378
222,313,491,367
210,304,494,373
208,308,500,373
216,308,495,370
217,296,505,377
198,302,512,384
198,308,509,380
191,287,500,380
208,302,488,370
205,310,482,362
207,309,482,362
212,317,489,367
211,314,496,375
199,305,493,371
197,316,497,373
214,301,489,374
202,320,492,367
222,314,482,362
212,317,485,364
208,307,484,368
213,311,479,363
216,320,474,359
208,319,479,359
208,309,484,368
218,306,479,365
216,317,477,359
201,301,483,370
229,316,488,366
211,305,492,374
208,307,480,365
206,302,488,372
214,312,479,364
227,320,472,358
228,319,465,351
226,318,459,347
217,323,473,357
227,318,462,354
234,321,469,357
225,334,469,353
212,321,471,356
208,312,474,362
220,310,477,366
214,325,482,363
217,312,483,366
205,322,485,367
210,308,491,371
193,306,490,372
200,310,497,375
213,316,498,375
209,306,494,377
200,305,502,384
208,315,506,384
200,297,511,389
206,307,503,384
203,321,499,378
210,326,501,376
189,322,496,373
185,300,509,389
183,302,522,394
190,307,507,384
191,306,513,388
184,300,530,400
188,312,533,398
184,299,532,404
197,300,525,402
203,306,518,391
187,300,528,401
199,312,523,397
195,303,527,401
198,299,523,399
183,294,527,404
180,294,531,402
178,291,530,401
189,292,533,404
188,295,530,404
187,294,536,406
177,298,537,406
195,307,535,402
203,298,530,399
180,309,539,405
168,295,540,413
186,294,520,400
182,300,517,393
188,293,522,402
187,295,520,398
184,296,538,406
192,292,522,396
180,283,507,392
190,302,510,386
185,301,518,394
190,299,522,398
178,299,518,395
200,296,515,393
203,303,504,385
206,300,500,380
204,304,507,387
203,310,501,378
194,307,504,380
197,307,500,376
214,315,508,381
180,301,521,392
175,288,518,394
193,293,527,401
202,304,526,396
184,289,531,407
209,299,526,399
199,307,524,396
201,295,526,401
181,292,541,411
190,297,528,400
196,304,521,394
192,312,512,386
196,306,516,393
189,297,516,389
208,304,511,387
198,299,505,384
190,303,504,381
212,313,497,372
225,322,489,366
196,308,502,377
197,310,504,379
191,310,509,384
188,312,505,379
199,310,502,378
197,307,513,386
204,311,505,384
192,297,517,391
196,310,510,384
202,311,509,381
199,306,516,387
189,296,514,391
183,296,520,391
184,293,522,394
185,294,522,392
191,305,525,391
194,304,520,389
188,318,531,390
181,303,529,393
178,297,536,400
185,301,527,396
183,299,527,395
191,312,528,390
184,312,531,394
170,296,525,395
195,304,524,391
187,298,529,394
212,305,523,391
184,306,535,397
215,301,521,389
180,287,542,402
197,306,527,394
194,311,531,390
197,312,517,385
182,305,526,390
191,304,523,387
172,297,526,393
177,287,533,400
181,301,533,396
176,306,521,388
183,323,506,379
191,326,498,371
217,324,492,366
200,318,498,373
214,312,496,370
200,320,499,372
202,306,505,378
198,316,508,380
210,313,496,370
212,310,495,370
227,327,482,358
203,324,486,364
221,342,485,357
208,333,481,357
229,334,477,352
228,326,475,354
221,333,476,353
224,327,475,353
211,331,478,356
225,344,476,351
230,338,476,352
209,329,488,359
195,327,497,367
192,319,494,366
212,332,492,362
215,332,485,359
186,325,493,366
209,328,482,356
221,324,475,352
204,330,483,358
206,312,488,361
204,325,488,360
209,321,486,362
195,313,488,365
219,331,477,354
208,315,483,359
201,321,484,364
205,329,491,367
216,323,478,355
201,322,482,363
198,320,491,368
199,314,495,371
188,304,500,375
181,300,508,381
186,299,520,384
181,297,516,386
198,317,507,381
195,319,503,378
204,316,499,373
194,322,493,369
211,319,488,366
204,311,499,375
176,308,501,377
192,313,504,377
193,329,504,375
212,312,503,373
194,310,503,374
191,310,495,371
197,310,491,369
197,315,495,369
197,320,486,363
199,315,487,362
197,314,490,364
212,326,487,359
191,317,493,362
188,318,494,368
209,333,483,356
201,325,489,363
203,317,484,361
214,314,492,362
181,315,495,372
197,304,503,372
200,302,504,370
194,307,504,374
210,306,513,381
167,298,521,392
206,312,509,380
193,315,512,384
192,304,515,383
192,307,512,385
220,315,499,375
207,316,488,367
203,319,497,372
203,317,497,373
187,309,509,376
204,320,498,369
220,316,502,370
195,317,499,370
199,321,496,368
196,323,497,367
203,322,489,365
197,320,492,368
209,332,479,360
212,320,480,356
210,336,479,357
216,323,482,357
208,330,489,361
203,310,499,375
203,314,496,372
217,337,488,361
196,313,489,365
216,316,491,366
203,300,489,365
213,312,476,356
208,307,478,359
221,316,468,349
218,328,466,352
206,310,472,356
220,328,469,350
208,325,481,359
213,336,482,357
205,308,491,370
196,298,507,378
223,299,489,370
219,317,479,362
199,315,491,367
198,303,500,376
200,300,506,379
192,292,502,380
207,295,502,378
225,289,492,373
205,323,490,366
213,315,486,364
208,314,490,369
217,303,486,366
212,315,488,367
192,299,496,376
187,310,504,380
203,316,500,375
207,305,503,378
207,318,504,381
191,311,504,385
210,310,489,371
201,305,492,372
201,305,491,375
219,304,493,375
193,299,501,382
216,318,492,375
217,304,487,370
228,325,476,361
220,311,471,360
196,317,484,366
211,319,471,357
221,325,466,352
205,320,466,357
221,324,471,354
215,321,463,351
221,323,459,351
224,317,456,349
226,338,454,344
217,329,462,350
212,310,468,356
238,319,457,350
224,322,475,360
224,318,478,364
219,318,483,364
219,333,477,359
236,338,467,353
235,332,470,353
234,334,466,351
234,331,463,352
229,327,463,352
237,324,471,357
248,324,465,353
239,335,475,360
254,329,465,357
253,333,468,353
251,330,467,357
262,347,462,352
272,320,448,344
258,334,453,344
282,350,444,337
285,352,443,335
281,348,442,334
287,353,435,330
284,359,437,331
283,359,435,329
291,353,437,332
279,347,439,333
289,347,436,332
292,344,438,334
306,352,437,330
313,360,429,324
307,364,438,330
306,359,436,332
310,361,443,336
305,362,445,339
315,344,439,334
316,360,440,338
325,361,437,337
316,357,438,334
337,362,434,324
338,366,435,332
326,360,442,337
331,345,439,337
339,357,445,341
335,351,447,345
340,355,441,340
343,354,438,338
353,354,433,334
368,354,434,332
347,354,436,336
363,361,428,330
375,356,433,333
364,350,434,336
361,349,436,336
357,348,431,335
362,333,432,336
368,351,434,337
357,347,432,337
364,338,431,336
392,356,425,325
378,343,418,327
396,348,411,319
383,345,408,321
392,339,402,314
399,341,400,310
404,344,400,311
403,339,394,309
408,339,399,311
399,340,402,314
398,326,400,315
407,336,401,317
410,351,398,312
420,338,394,310
420,348,397,312
412,339,404,318
424,344,400,311
429,347,399,310
408,334,401,314
440,348,398,307
412,336,405,317
420,343,406,315
411,346,419,324
402,341,423,328
414,332,414,322
418,326,414,323
424,333,410,318
405,335,415,325
416,317,414,323
413,346,417,327
421,332,411,319
418,343,415,324
399,335,422,331
409,339,430,334
413,336,432,336
412,352,440,340
411,347,434,336
401,331,436,341
404,336,435,338
424,339,425,331
397,339,437,340
405,331,427,336
416,339,425,331
400,343,439,343
416,340,435,337
404,342,443,345
397,335,446,347
411,329,445,345
394,333,448,348
414,333,444,344
412,336,439,340
404,334,438,342
400,328,440,345
413,340,445,344
407,327,441,346
412,337,440,344
418,341,445,344
408,325,444,348
410,336,459,354
412,324,453,353
409,337,448,344
400,325,454,357
388,317,459,362
413,330,457,356
395,320,461,361
406,334,451,353
397,337,450,352
391,334,460,359
398,331,454,355
408,332,452,353
409,319,444,348
406,333,449,350
405,333,451,351
404,324,457,358
408,324,453,357
394,321,466,365
411,327,464,363
392,323,468,366
393,313,463,365
403,313,464,366
402,317,454,358
391,314,462,367
395,320,458,361
400,328,456,358
414,333,452,352
423,330,445,351
392,317,450,355
406,329,452,352
392,308,459,363
394,311,456,359
413,319,452,359
415,322,443,350
397,320,448,351
418,328,451,356
402,320,445,352
402,338,447,350
416,328,443,347
417,325,439,348
406,328,452,355
419,328,443,346
412,321,443,350
404,329,439,347
387,316,447,356
403,332,449,352
393,318,448,355
412,328,440,346
404,321,434,342
409,327,434,343
429,329,425,336
420,341,440,341
408,332,435,341
401,323,443,346
403,335,454,354
392,323,459,361
399,328,461,359
409,313,467,365
412,321,460,361
396,319,461,363
390,320,464,364
390,311,460,365
398,318,468,365
386,316,467,369
399,316,462,365
404,317,467,365
406,318,462,364
401,320,466,364
405,320,457,358
399,314,451,354
395,301,462,365
398,324,469,365
394,304,468,368
392,319,470,366
401,315,475,372
394,310,471,367
391,310,475,371
393,314,463,361
415,325,452,352
404,308,453,355
421,325,450,351
413,328,458,356
407,322,454,356
393,319,455,359
420,319,458,355
402,321,461,359
399,317,462,363
406,312,457,359
404,320,461,359
391,312,465,365
398,318,456,360
387,312,453,356
405,316,455,355
396,311,450,357
390,321,457,355
413,331,461,355
408,308,466,364
388,325,470,363
401,313,461,359
401,322,466,362
401,325,459,355
418,330,452,347
421,317,447,349
409,318,453,350
414,323,449,350
410,328,455,351
418,328,451,348
406,331,463,356
405,316,468,362
399,314,467,364
414,326,466,363
392,312,477,371
402,317,482,375
383,302,485,377
390,302,487,381
402,312,490,382
372,309,495,386
381,303,501,391
402,321,494,383
389,308,499,389
386,308,503,389
409,304,496,385
380,292,500,391
374,295,507,396
384,305,509,397
385,298,512,400
387,299,518,404
374,298,505,393
364,297,514,402
398,296,505,392
382,295,507,393
380,296,500,390
388,295,495,383
393,314,495,379
408,327,489,371
385,302,488,376
394,309,487,375
401,327,487,374
377,294,498,386
403,318,489,375
404,320,484,371
401,311,483,371
381,292,498,386
391,289,489,382
368,285,496,388
384,281,489,384
395,260,483,387
395,261,489,385
383,229,488,394
370,204,489,390
357,217,488,383
325,197,490,377
295,169,491,384
271,171,484,374
225,136,487,383
188,112,499,398
170,80,483,386
166,50,471,384
147,29,484,387
102,-18,493,387
72,-36,497,381
58,-50,499,373
22,-52,488,373
29,-57,486,364
9,-67,480,359
37,-54,474,353
43,-41,470,359
8,-87,499,385
23,-45,481,357
25,-46,477,340
7,-62,482,339
-16,-50,488,335
-42,-47,494,337
-58,-66,487,341
-89,-56,480,351
-80,-61,468,363
-85,-37,486,369
-86,-48,486,382
-90,-53,489,393
-63,-25,525,394
-45,-28,538,407
-12,-3,548,396
34,13,552,410
73,29,568,405
112,54,565,403
147,61,574,408
189,52,564,409
217,63,562,412
250,85,555,411
278,64,550,414
305,95,549,416
354,109,561,419
371,80,541,424
410,126,551,415
451,147,541,411
469,143,536,416
505,156,525,405
531,166,537,414
552,174,533,414
553,165,543,426
571,140,550,427
591,153,542,425
603,128,554,430
619,152,557,436
620,154,558,440
657,166,547,431
667,166,549,434
692,176,538,432
704,176,530,426
700,170,527,429
731,175,519,425
747,202,528,424
757,190,530,437
776,227,519,421
800,235,531,429
815,221,529,436
827,248,536,431
840,243,528,430
860,275,527,419
846,280,528,422
851,286,535,427
874,313,532,414
822,307,527,413
578,311,526,400
580,329,514,404
635,326,505,397
639,329,495,378
728,254,490,373
782,213,460,383
740,205,498,397
737,194,504,393
783,162,510,380
831,120,496,388
865,103,487,395
886,118,479,394
914,172,483,398
895,358,496,384
794,253,541,402
860,277,498,385
887,291,501,370
886,298,508,383
877,222,518,394
890,194,505,387
899,198,500,368
911,200,501,384
926,207,497,381
911,202,497,381
919,187,485,372
931,167,477,367
921,175,477,358
928,176,477,361
938,189,479,360
942,177,474,362
937,182,480,368
921,184,484,369
917,193,476,366
924,196,481,376
906,191,477,370
921,203,473,372
922,209,480,368
925,220,469,359
934,209,463,355
955,226,459,348
947,209,453,352
942,204,436,352
944,218,439,349
946,213,441,354
958,210,442,360
978,199,416,354
969,167,431,359
955,143,444,357
965,118,437,363
942,89,455,364
949,85,444,357
923,72,451,354
928,73,451,361
928,45,442,365
928,64,453,362
917,45,455,369
916,49,467,375
897,47,458,375
897,66,459,387
890,58,473,391
923,118,464,382
920,149,462,372
910,145,463,378
907,118,444,381
911,166,447,379
903,215,463,362
909,244,437,370
902,235,459,380
863,242,470,368
864,250,470,366
834,234,472,375
895,242,456,369
882,359,457,360
829,294,487,371
842,261,488,379
853,271,499,378
902,288,481,376
923,290,473,373
958,304,465,366
961,315,459,363
975,324,433,351
940,328,472,365
936,340,480,371
931,326,484,374
935,341,492,380
930,320,495,382
953,277,497,384
942,264,478,389
951,256,486,387
947,215,476,391
964,209,463,410
953,185,460,403
935,174,476,398
948,163,461,399
944,165,465,400
945,160,466,389
940,143,468,386
951,143,464,384
955,169,464,382
956,166,453,375
945,167,448,381
952,188,431,373
917,179,462,364
931,223,452,376
930,224,422,383
916,235,448,372
929,250,430,380
911,245,443,378
886,246,444,383
910,263,459,366
900,237,463,367
915,198,474,380
917,190,457,393
907,234,467,378
909,223,471,381
921,224,463,377
920,243,458,368
917,223,461,378
913,253,468,373
906,254,469,374
905,246,474,378
909,233,477,383
902,252,475,372
912,226,471,386
892,233,487,387
908,226,481,388
895,213,499,405
884,215,507,407
888,245,504,393
902,210,507,413
883,231,516,405
894,249,508,397
882,231,517,411
885,230,516,409
878,224,518,414
870,229,526,411
888,231,519,402
893,218,515,404
884,205,517,409
875,236,523,403
898,220,527,411
863,210,535,426
874,225,533,416
872,210,530,421
876,237,533,416
866,255,540,410
855,238,540,417
883,262,541,407
875,248,537,407
859,249,543,415
854,250,545,411
862,247,547,413
872,245,548,411
848,248,552,411
870,238,554,417
875,244,546,411
880,225,549,417
883,225,550,416
851,215,557,427
839,225,560,424
837,204,562,428
859,211,560,426
857,210,562,428
840,205,558,429
843,217,555,425
866,212,554,421
852,216,552,423
861,214,550,423
863,208,540,417
865,205,541,419
868,219,542,414
875,218,541,414
864,208,547,421
854,200,554,428
864,208,560,429
862,199,564,435
858,194,563,437
854,195,565,437
858,194,564,439
818,195,581,446
841,190,571,444
847,202,566,437
837,177,574,448
835,179,583,450
846,189,567,439
848,182,571,447
846,177,574,447
853,167,582,458
835,166,583,459
837,181,587,459
855,193,573,445
857,157,580,460
846,183,579,449
831,183,588,454
861,167,574,453
857,182,577,449
841,180,571,444
841,180,574,451
851,165,583,459
842,172,584,459
854,164,584,461
851,168,583,456
828,188,587,454
833,182,584,453
856,174,581,454
857,171,573,449
857,183,571,446
831,181,584,454
