661,278,20,30
662,278,19,30
662,278,19,30
662,278,19,30
662,277,19,30
663,278,19,30
663,278,19,29
664,278,18,29
664,278,18,29
665,277,18,30
665,277,19,30
664,276,20,31
663,276,21,31
663,276,20,30
663,276,20,30
664,276,21,29
664,276,22,28
665,275,22,30
666,275,21,31
665,275,22,32
665,275,22,32
666,277,21,32
667,278,20,32
668,278,21,32
669,279,20,32
669,280,22,32
670,280,21,32
671,281,22,32
671,283,22,31
672,285,21,30
672,286,21,29
673,285,22,30
673,285,21,31
673,287,21,32
673,289,21,32
674,290,21,32
674,291,20,34
672,290,21,36
672,290,22,36
673,291,21,36
675,293,20,35
675,294,22,36
675,296,22,34
674,298,21,33
674,298,21,33
674,299,21,34
674,300,20,32
673,300,21,35
672,302,20,34
670,302,21,36
670,301,21,37
668,302,21,38
666,303,21,37
665,304,21,35
664,304,21,37
665,305,22,37
665,305,21,37
666,306,19,35
667,307,18,33
666,306,18,34
666,305,19,35
667,306,19,35
667,306,19,35
667,306,19,35
666,307,20,34
666,306,19,36
666,306,20,36
667,306,20,36
667,305,20,37
668,307,21,36
668,307,22,36
668,308,21,36
668,307,20,36
669,308,20,36
668,308,20,36
667,308,23,36
667,309,22,37
667,309,21,38
665,310,20,37
665,310,21,36
665,310,21,36
664,310,21,36
662,310,21,36
661,313,22,35
661,313,21,34
661,312,22,36
661,312,22,36
660,312,21,36
659,311,21,35
657,312,22,35
657,313,21,33
657,313,19,33
657,314,19,33
657,312,19,33
657,311,20,35
657,311,20,35
656,311,21,35
656,312,20,35
657,312,20,36
657,313,20,35
657,311,21,37
657,310,21,37
657,310,20,37
657,310,21,38
657,311,21,37
657,312,20,37
658,312,19,36
657,312,18,35
656,312,20,34
656,312,19,34
656,312,19,34
654,312,20,34
653,314,20,34
653,314,19,33
653,313,19,34
653,312,18,35
653,312,18,36
652,313,18,35
650,312,18,35
649,314,19,34
649,315,18,34
648,314,18,33
648,314,18,34
648,314,18,34
647,314,18,33
644,313,19,33
643,314,18,34
641,314,19,34
642,314,19,34
641,315,18,34
641,315,17,33
639,315,18,33
638,314,18,34
637,314,19,34
638,314,18,34
637,314,19,34
636,316,18,35
634,315,19,35
634,314,19,35
634,314,19,35
634,314,19,34
634,313,20,36
633,314,21,36
634,313,20,37
635,313,20,36
636,312,20,37
635,312,20,38
636,313,19,36
637,311,19,37
638,311,20,38
639,312,21,38
640,312,21,38
640,312,20,37
640,311,21,38
641,311,21,39
642,310,22,40
643,309,23,41
643,310,24,41
643,310,24,42
645,310,23,41
647,311,24,40
649,312,23,38
652,311,22,39
652,311,21,39
652,310,22,39
653,311,23,40
654,311,23,40
655,312,25,40
657,312,24,40
658,311,24,40
658,311,24,40
658,312,25,38
659,311,24,39
660,311,25,39
662,311,23,39
662,312,25,39
662,312,24,39
662,312,23,40
663,312,23,39
664,311,23,40
664,310,23,41
664,310,24,41
664,310,25,41
666,310,23,41
667,311,22,41
667,310,23,43
668,310,22,43
667,310,23,43
668,310,22,41
668,309,22,43
669,308,22,44
670,308,23,44
668,309,24,44
669,310,23,44
668,310,24,44
669,309,23,44
669,310,24,43
671,310,22,43
670,309,23,44
672,309,21,42
672,309,22,42
673,309,20,42
672,309,21,42
673,310,20,42
673,310,20,42
674,310,19,42
674,311,19,42
673,311,20,41
673,311,19,41
673,311,20,41
672,312,20,40
673,313,18,39
672,312,19,40
672,312,19,40
672,313,19,39
672,314,20,39
672,314,19,39
671,316,20,40
672,316,20,40
671,316,19,39
671,317,19,38
671,317,18,38
671,317,19,37
670,318,19,38
670,318,19,38
670,318,18,38
669,317,19,39
668,318,19,39
668,320,19,37
667,320,20,37
667,320,19,37
665,319,21,37
663,319,19,37
659,320,20,36
657,319,19,37
656,318,18,37
656,318,19,37
654,319,19,36
653,318,20,37
653,319,20,37
652,320,21,37
652,320,20,37
652,320,20,36
652,320,20,36
651,321,21,35
651,321,20,35
651,321,20,35
650,321,20,36
650,321,19,36
651,321,20,37
653,322,19,37
653,321,19,38
652,321,21,39
653,320,21,39
653,320,20,39
654,321,21,39
655,321,22,40
657,321,21,39
657,320,21,40
658,319,21,41
657,319,21,42
658,319,22,42
657,319,24,42
658,319,23,42
658,319,25,43
658,319,24,41
659,319,24,41
659,319,24,40
660,320,24,41
660,319,24,40
660,318,24,41
661,318,24,42
661,318,26,41
663,318,24,41
664,318,25,41
665,319,25,40
665,319,26,41
666,319,25,41
666,320,25,40
667,319,25,40
667,318,25,39
668,318,26,41
669,319,25,38
669,319,26,40
669,318,26,40
669,318,26,40
670,318,26,40
671,319,26,40
671,319,27,40
672,318,26,41
672,319,26,41
672,318,27,41
672,317,27,41
672,318,27,41
671,318,27,40
671,318,26,40
671,318,25,40
671,318,25,40
669,317,26,41
669,318,26,40
668,318,25,39
667,317,26,40
667,317,26,40
667,316,26,42
667,317,26,42
667,316,26,42
667,316,26,44
666,317,26,42
667,317,26,42
665,317,26,44
667,318,26,41
668,318,25,40
669,318,25,40
669,317,24,41
670,317,23,40
670,316,23,42
670,315,23,43
671,316,23,43
671,315,22,45
670,316,22,44
671,316,22,44
671,316,21,43
670,315,21,45
671,315,21,45
670,314,22,46
670,314,23,46
671,314,23,47
671,315,24,46
670,314,22,48
669,315,22,47
668,315,21,47
667,315,21,47
668,316,21,46
666,315,21,45
664,314,22,46
663,315,21,45
661,315,21,46
659,315,22,47
659,315,22,47
657,315,21,46
655,316,21,44
654,316,21,45
654,316,20,43
652,316,19,42
652,316,19,43
651,317,19,42
649,316,20,43
648,316,21,43
647,317,21,44
646,317,21,44
646,317,22,44
646,318,21,44
646,318,21,44
648,318,20,44
648,318,19,46
649,316,20,49
649,317,20,49
649,316,19,50
649,316,20,48
649,318,21,46
650,317,20,47
651,318,20,46
650,318,20,46
651,319,20,45
650,319,20,43
650,320,19,42
649,318,20,44
648,320,20,44
648,320,20,44
648,321,18,42
648,322,17,40
647,323,18,39
647,324,18,38
645,326,17,38
646,327,17,38
645,327,18,37
644,327,20,38
641,326,22,40
642,327,19,38
640,327,20,38
639,326,20,38
637,320,21,41
636,320,22,41
636,323,21,37
635,323,21,38
633,322,23,38
633,323,23,38
632,324,24,39
633,327,23,43
634,331,22,39
630,324,20,39
629,324,19,37
628,324,19,38
625,322,23,41
627,327,17,38
625,329,18,39
623,329,18,40
623,330,18,39
623,330,18,39
622,330,18,40
627,333,22,41
623,334,18,36
621,333,17,37
620,333,17,38
620,333,17,38
621,334,16,38
620,334,16,39
619,335,16,39
617,336,18,39
614,338,18,38
614,338,19,39
615,338,20,39
614,339,17,38
613,339,19,38
614,338,19,39
614,339,19,39
614,340,19,39
615,340,17,39
613,341,19,39
616,341,19,39
616,341,18,39
617,341,18,39
617,341,18,40
616,340,19,42
617,339,19,43
617,338,19,45
620,338,21,45
624,337,22,46
624,337,21,46
627,337,21,45
626,336,22,45
627,335,22,47
627,334,24,47
629,333,24,47
629,333,23,47
630,333,24,47
631,333,25,47
633,332,24,47
634,333,24,46
634,332,25,45
634,332,25,45
636,331,25,46
637,330,24,46
638,328,24,47
640,328,24,46
641,327,25,48
640,327,25,47
642,327,25,47
643,325,25,48
645,324,25,46
646,323,24,45
648,321,24,45
648,321,24,45
647,319,26,47
649,317,25,48
648,315,27,49
650,314,25,49
652,313,25,47
652,314,25,45
654,312,24,47
654,311,24,46
656,309,24,45
656,307,25,46
657,306,24,47
657,305,24,47
658,303,23,50
660,303,21,49
660,300,23,52
661,299,23,52
662,298,23,54
662,299,23,52
663,300,22,51
664,301,21,49
665,300,22,50
665,300,22,50
665,300,23,50
665,301,23,49
666,301,23,50
666,301,24,50
667,301,23,48
668,300,22,50
669,299,21,51
670,299,22,51
670,299,22,50
671,299,23,51
672,299,23,51
674,300,21,49
675,301,23,47
675,301,23,46
676,300,22,45
677,300,23,45
678,300,23,46
679,300,23,47
680,300,22,46
680,300,22,46
680,300,21,45
682,298,21,45
683,298,20,45
683,297,22,46
683,298,23,46
684,298,23,46
686,299,21,43
687,297,23,44
689,296,23,43
692,295,23,43
692,295,24,45
693,295,23,44
693,293,25,47
696,292,24,48
699,291,25,47
702,288,24,47
704,286,24,47
705,287,23,46
706,286,25,47
709,285,23,47
710,283,24,50
713,283,24,46
715,280,24,45
715,280,23,46
716,277,26,48
717,276,25,48
718,276,25,47
721,276,25,46
722,273,27,47
722,273,26,47
724,273,26,45
726,269,28,47
729,265,27,49
733,260,23,48
733,262,26,50
732,262,26,49
734,261,27,51
736,260,27,50
737,259,27,47
737,256,27,48
738,255,27,48
738,256,27,47
739,255,27,48
740,255,26,48
740,255,26,48
742,254,25,49
743,253,25,50
744,254,24,50
745,254,23,48
746,254,24,47
746,253,23,47
747,253,23,46
747,253,24,47
747,253,24,48
749,253,24,47
749,253,24,46
749,252,23,45
751,253,22,42
751,253,22,40
751,253,22,41
751,251,23,41
750,250,23,45
749,248,22,46
748,248,23,45
747,248,24,46
746,247,24,48
746,247,24,46
744,247,23,45
742,246,23,44
740,244,24,46
738,244,24,46
738,244,24,45
737,244,21,43
735,245,20,42
732,245,21,42
730,244,22,43
729,243,22,42
729,242,20,45
727,242,19,43
726,240,20,42
724,239,19,42
721,238,19,42
720,238,19,41
720,237,19,41
720,236,18,41
717,236,20,41
713,236,20,42
710,235,20,42
707,235,20,42
707,235,20,42
705,233,20,40
703,231,21,40
702,230,20,39
699,229,21,41
698,229,21,40
698,228,21,40
698,230,21,41
695,232,20,38
694,232,21,37
693,232,21,36
692,231,20,37
688,230,20,37
680,227,21,37
671,224,19,41
670,225,18,38
675,227,19,39
688,232,19,36
688,232,20,36
687,232,18,36
687,231,20,37
687,231,20,37
687,232,19,37
687,232,19,36
687,232,18,36
687,231,18,37
687,231,18,37
686,231,19,37
686,230,19,37
686,230,19,36
685,230,19,37
684,229,19,36
684,229,19,37
684,229,19,36
684,228,19,36
683,227,20,37
684,227,20,36
683,226,19,36
686,226,19,35
685,225,20,36
684,224,20,36
684,222,20,38
682,222,20,38
683,222,20,38
684,221,20,37
685,221,19,37
685,222,19,35
684,219,20,37
684,219,20,37
686,219,19,37
686,218,20,37
685,218,21,37
686,217,21,37
687,218,21,37
687,218,21,38
684,219,21,38
687,217,22,39
688,217,24,39
680,220,21,39
675,223,19,38
675,223,20,38
676,222,20,40
677,224,19,38
678,224,20,37
679,225,20,36
680,225,20,36
680,225,20,37
681,225,19,36
682,224,19,38
682,223,20,39
682,224,20,38
683,224,20,38
683,224,19,38
683,224,21,39
684,225,21,38
684,224,21,39
685,226,21,37
686,225,20,37
685,225,20,37
686,225,21,37
687,225,21,38
688,225,21,37
688,225,21,38
688,225,21,39
689,226,20,37
689,227,21,37
690,227,22,37
691,227,22,36
691,226,21,37
693,227,21,36
692,227,21,37
693,226,21,37
693,226,21,38
695,226,21,38
696,227,21,38
696,227,21,38
696,227,22,38
697,228,23,37
698,229,23,36
699,229,22,37
699,228,22,37
701,228,22,37
700,228,22,37
702,228,22,37
702,229,23,38
702,229,22,39
704,230,23,37
704,230,24,37
704,230,24,38
707,231,22,35
707,231,22,37
709,230,23,38
710,230,21,37
711,229,23,38
711,230,22,36
711,230,23,38
712,230,23,38
713,229,23,39
714,230,22,38
716,230,22,38
715,229,22,39
716,230,22,39
717,230,21,38
717,230,21,38
718,230,21,38
719,230,21,38
719,230,22,38
720,230,21,38
720,230,22,39
722,230,21,39
722,231,21,39
722,231,22,39
723,231,22,39
723,231,21,39
723,230,20,40
724,231,20,39
725,229,21,41
725,228,20,43
725,228,20,42
726,229,20,43
726,228,20,43
728,229,19,42
729,230,19,42
729,229,19,43
729,230,19,41
729,229,19,42
731,230,20,41
731,229,19,42
731,229,19,41
731,229,19,41
731,228,20,42
732,229,20,41
734,228,19,42
734,230,20,41
734,229,19,42
736,231,18,39
735,230,19,40
736,230,19,40
737,230,19,40
739,230,19,41
738,228,20,43
740,229,19,42
740,229,19,42
742,230,19,42
741,230,19,42
742,231,19,40
743,231,19,40
744,232,17,39
745,233,17,39
746,232,17,40
746,232,17,40
747,232,17,41
748,232,17,41
749,232,18,42
749,231,18,44
750,232,18,43
750,233,18,43
750,233,18,43
750,233,18,43
751,234,18,43
751,234,17,41
751,235,18,41
752,235,17,41
752,235,17,41
753,236,17,40
753,235,17,41
753,235,17,42
753,235,17,45
754,235,18,43
754,237,16,41
755,237,16,43
755,237,16,43
755,237,16,43
755,238,15,41
755,238,15,42
755,237,16,42
755,237,16,43
756,237,16,44
756,237,16,43
757,237,16,44
757,237,16,44
757,238,16,43
757,238,16,44
757,239,17,42
757,239,17,42
758,238,16,43
759,238,17,43
759,238,18,43
759,239,18,43
760,239,18,42
760,239,17,43
760,239,18,45
761,239,18,43
761,240,18,42
762,241,18,41
762,241,17,40
762,241,17,40
763,241,16,40
763,241,16,40
763,241,18,40
764,242,19,40
765,241,19,42
765,241,19,42
766,242,19,40
766,242,20,41
767,242,20,42
768,243,19,41
769,243,20,40
769,243,19,40
777,243,19,41
773,243,19,40
770,242,18,42
770,242,18,41
771,243,17,41
771,243,18,41
772,243,17,42
772,244,17,42
773,244,17,42
773,244,17,42
774,244,16,43
774,244,16,43
774,244,17,43
774,244,16,43
775,244,16,44
777,244,16,43
777,245,17,45
777,246,16,43
777,245,16,45
777,246,17,44
777,247,17,45
777,247,17,45
778,248,16,45
778,247,17,45
778,248,17,44
778,246,17,47
779,248,16,44
779,248,16,45
780,249,17,44
780,249,17,44
781,249,17,43
781,249,17,44
781,251,16,43
789,251,16,44
786,252,16,43
790,253,17,42
786,253,16,41
782,252,16,42
783,251,16,44
785,252,16,42
785,253,17,43
785,253,16,43
786,253,16,43
787,253,16,43
789,254,16,43
790,254,16,43
791,254,16,42
791,254,16,42
792,255,16,42
793,255,15,41
794,255,15,40
794,255,16,41
796,255,17,42
796,254,16,43
797,255,17,41
797,255,17,41
799,256,16,42
800,256,16,42
801,257,17,41
801,256,17,41
801,255,16,42
803,256,17,41
804,254,16,45
805,255,17,44
807,256,18,42
807,256,17,44
807,256,17,44
807,257,18,45
808,257,18,44
808,257,18,44
809,258,18,43
809,258,18,44
810,258,18,43
810,257,18,44
811,257,18,45
811,259,18,44
812,259,18,45
812,260,18,43
813,260,18,44
813,260,17,44
814,261,16,43
815,262,16,41
816,262,16,42
815,262,16,42
816,262,17,42
817,262,17,44
817,262,17,45
818,264,16,43
818,266,17,41
818,265,17,43
818,266,16,43
818,267,16,42
818,266,17,43
818,266,17,44
818,266,17,45
818,267,17,43
818,267,17,46
818,268,17,43
818,270,18,42
817,271,17,42
817,271,16,43
817,270,15,43
818,272,16,42
817,271,17,44
818,272,18,42
817,272,18,45
817,275,19,41
817,275,19,41
817,274,18,43
817,276,18,42
818,276,18,41
818,276,18,42
818,276,18,43
818,276,18,43
818,277,17,45
818,279,17,42
818,279,17,42
819,280,16,42
819,281,16,41
819,280,16,41
819,281,17,41
818,281,17,41
818,283,17,41
818,285,17,41
818,286,18,41
818,287,18,41
818,288,17,41
818,288,17,42
818,290,16,42
818,292,16,42
821,300,16,40
823,303,17,42
819,299,16,40
818,298,17,42
818,302,17,43
817,305,17,47
819,306,17,45
818,308,17,47
818,310,17,49
817,305,17,49
818,312,19,47
820,312,18,49
819,314,19,50
820,315,19,50
819,320,18,52
820,323,19,50
821,324,20,49
822,325,20,52
823,324,20,54
824,324,20,54
825,326,19,53
822,322,19,55
825,324,22,57
827,325,22,58
828,329,22,53
827,328,22,55
830,332,20,51
831,334,21,48
833,332,21,52
834,334,21,51
839,336,22,46
837,335,22,48
840,336,21,46
844,336,19,50
844,336,21,48
846,337,22,49
851,335,19,55
850,337,22,50
851,338,19,49
853,338,19,50
857,338,19,50
861,338,20,49
863,340,19,47
864,339,19,46
866,340,20,46
868,343,19,44
871,343,19,46
874,344,18,43
875,345,18,42
875,345,18,44
876,343,18,46
869,346,21,47
875,346,20,47
879,347,19,46
887,341,18,54
890,346,18,45
888,349,18,44
890,351,18,44
888,351,19,45
888,350,20,45
883,343,18,53
884,350,19,45
889,351,18,46
889,351,18,47
888,352,20,46
887,354,21,44
887,356,19,42
888,356,19,42
886,358,21,42
885,359,21,44
887,358,20,45
888,356,20,47
886,357,20,47
886,357,20,47
887,358,20,47
888,360,20,45
890,360,20,46
889,360,20,44
889,362,19,42
889,362,20,42
888,363,20,42
886,364,19,43
885,364,21,43
884,365,19,42
881,365,20,42
881,365,20,42
879,366,19,42
877,367,20,40
876,367,19,40
874,367,19,39
873,368,19,39
873,369,20,38
871,368,20,40
869,369,20,42
868,370,19,40
866,370,20,39
864,369,20,40
864,369,20,40
863,370,20,40
861,371,21,40
861,371,20,40
860,371,20,38
858,371,19,38
857,372,20,38
855,371,20,39
854,371,20,41
851,372,21,41
850,371,20,43
847,370,20,41
848,370,20,42
845,369,21,43
843,370,21,42
842,370,20,43
841,371,19,41
840,370,19,41
840,370,19,41
838,370,19,41
837,370,19,39
834,370,20,41
832,371,19,41
830,370,19,42
830,371,19,41
828,371,20,40
827,369,20,41
825,370,20,42
823,370,20,42
820,370,21,42
820,370,21,42
819,370,20,41
816,371,21,41
816,371,20,38
814,371,18,37
812,371,20,38
812,372,19,37
809,371,19,40
806,371,19,39
804,372,19,38
802,372,19,38
800,372,17,38
800,372,18,38
796,372,18,39
792,373,18,39
789,374,17,38
785,373,17,38
780,373,18,38
781,373,18,37
777,373,18,36
773,373,19,38
768,373,18,41
765,373,19,40
761,374,18,39
761,375,19,38
757,374,18,38
754,374,18,38
751,374,17,40
748,375,16,39
745,376,16,37
745,376,16,37
742,377,15,37
738,378,15,34
735,377,16,35
732,376,16,35
729,377,16,35
729,377,16,35
726,377,16,35
723,378,16,35
720,379,15,34
719,379,16,32
717,379,16,32
717,378,16,33
715,378,16,34
713,379,15,34
711,378,15,35
708,379,14,34
706,379,14,32
706,380,14,32
704,378,14,30
702,378,14,30
700,376,14,30
697,376,14,31
694,375,14,32
694,375,14,32
692,374,15,33
689,373,16,32
687,372,15,32
684,370,16,32
681,369,16,32
682,369,16,31
679,369,16,31
677,368,14,30
675,366,14,31
669,365,15,30
661,363,15,30
661,363,15,30
658,360,15,31
650,359,16,31
660,358,15,28
657,357,16,30
655,354,15,31
655,354,15,31
653,352,15,30
651,350,16,30
649,348,16,30
647,345,16,30
644,344,16,30
644,344,17,30
642,342,16,30
640,340,16,30
639,338,15,30
637,336,15,28
635,334,15,28
635,334,14,29
633,332,15,28
632,330,15,28
630,328,15,30
629,326,16,29
627,324,16,29
627,324,15,30
625,322,15,28
622,320,16,29
621,319,15,29
619,318,15,28
618,317,15,28
617,316,16,28
616,316,15,26
614,314,14,26
613,312,14,26
610,310,15,28
608,308,15,28
608,309,15,27
606,308,15,28
605,306,15,28
603,304,15,28
600,303,15,27
596,301,15,28
589,300,14,29
588,299,15,28
592,300,15,28
598,300,15,28
598,300,15,27
597,299,15,27
596,299,15,27
596,299,16,27
596,299,15,26
596,299,14,27
596,299,14,27
594,299,15,28
595,299,16,28
592,299,16,29
593,300,16,28
593,301,15,27
593,302,14,27
593,302,15,26
593,302,15,25
594,302,15,25
593,302,15,26
593,302,15,27
593,303,15,28
593,303,14,28
592,303,14,28
593,303,14,27
592,304,14,27
592,304,14,27
593,304,14,28
593,305,14,28
593,305,14,28
593,306,14,27
594,306,14,27
593,306,14,27
594,307,14,27
594,307,15,28
594,307,14,28
594,307,14,29
594,307,15,29
594,307,14,29
594,307,15,30
595,308,14,30
595,308,14,30
596,309,14,28
596,310,14,28
595,310,15,27
595,311,15,26
595,311,15,26
595,311,16,26
596,311,15,28
597,313,15,28
597,312,15,29
598,312,15,29
598,312,15,29
598,312,15,30
598,312,15,29
598,312,15,31
598,313,15,30
596,315,16,30
598,315,15,29
597,315,15,29
598,315,17,29
598,316,16,29
599,315,16,32
601,316,15,30
601,316,15,31
601,316,15,31
602,316,15,30
602,317,15,31
604,317,15,30
605,318,15,31
605,319,15,30
605,318,14,31
605,320,15,29
606,320,15,31
606,320,15,31
607,320,15,31
607,320,15,33
607,321,15,32
607,321,14,32
607,321,15,33
607,322,15,33
607,325,14,29
606,326,14,29
606,326,14,28
605,326,15,30
605,326,15,31
606,327,14,31
606,326,14,32
605,326,15,33
605,327,15,33
604,328,15,31
605,327,16,34
604,328,15,34
603,328,16,33
604,329,15,32
604,329,15,33
604,330,16,33
604,331,15,32
605,331,16,34
606,331,16,35
607,331,15,36
607,331,15,35
608,331,15,34
606,332,16,34
606,332,16,36
604,332,16,36
604,332,16,35
603,332,16,36
603,334,15,35
602,335,15,34
601,336,15,34
600,336,15,36
598,336,16,37
597,335,15,36
596,336,16,35
594,337,16,35
594,337,16,35
593,338,16,35
592,338,17,36
592,337,17,36
591,339,16,33
590,340,16,35
589,340,16,33
588,342,17,33
587,342,17,33
587,342,17,34
586,343,16,34
585,341,17,35
583,342,17,35
583,343,16,34
581,347,15,32
581,347,15,32
580,348,16,32
580,350,14,31
579,350,15,30
578,350,15,30
579,347,15,31
578,350,14,31
577,350,15,31
576,350,15,30
575,349,15,32
578,345,16,31
579,339,17,31
582,336,17,30
585,336,17,31
585,336,17,31
585,336,16,30
584,336,16,29
583,336,16,30
583,336,16,30
583,336,15,31
582,335,15,32
580,336,17,33
580,335,16,32
580,335,16,32
580,335,16,30
580,334,16,32
579,335,15,32
578,334,15,31
578,335,15,30
576,335,15,29
576,335,15,29
576,335,15,31
576,336,16,31
576,336,16,32
575,336,15,32
574,336,16,32
574,336,15,32
574,336,15,33
574,337,15,32
574,337,15,32
572,338,15,30
572,339,15,30
572,339,16,30
572,340,15,29
571,342,14,27
571,343,14,29
570,344,15,30
569,345,15,29
569,345,15,29
569,344,16,31
569,344,16,30
568,345,16,29
567,346,16,29
567,346,16,28
567,346,16,28
567,347,16,28
567,347,15,29
567,349,15,28
565,350,17,30
565,348,18,31
565,348,17,30
565,349,16,29
563,350,17,29
562,352,16,28
559,355,15,27
554,361,13,27
553,361,14,28
553,361,13,28
553,360,14,27
552,360,14,28
552,360,13,27
551,359,14,28
551,359,14,28
550,359,14,27
549,359,13,27
548,359,13,27
548,359,14,28
549,359,13,28
549,359,13,28
549,358,13,29
549,358,14,30
549,358,14,31
548,357,13,31
547,357,13,30
547,356,13,31
547,356,14,30
546,356,13,29
546,356,15,29
546,355,15,30
546,356,15,29
545,356,15,30
545,355,15,30
545,354,14,30
545,353,14,31
544,352,15,30
544,352,14,29
544,352,14,28
544,353,13,28
545,353,13,27
545,353,14,28
546,352,14,28
546,351,14,29
546,352,14,29
546,351,14,30
545,351,14,30
545,351,15,28
544,351,15,28
544,352,13,26
544,352,13,27
544,351,13,29
543,351,14,29
544,349,15,32
543,349,15,32
543,349,15,34
543,349,15,33
543,350,14,31
541,351,14,31
541,351,15,29
540,352,15,29
542,351,15,28
542,351,15,28
542,350,15,29
540,351,16,31
540,352,15,32
540,353,16,31
539,354,16,31
539,354,16,31
539,353,16,31
539,355,15,27
538,354,15,27
539,353,16,29
539,354,15,30
539,354,14,30
539,353,16,30
538,356,15,29
538,354,16,32
537,356,16,30
537,355,15,30
536,356,15,30
540,351,16,31
547,346,16,32
548,344,16,31
548,344,17,31
549,343,15,30
548,344,16,30
548,343,14,30
549,343,14,29
550,343,13,29
550,344,13,28
549,344,15,30
549,344,15,30
549,343,15,31
549,342,15,32
549,342,16,31
549,343,16,31
549,343,15,29
549,343,15,29
547,344,15,26
546,342,15,27
545,343,15,27
545,344,15,28
547,344,15,29
547,344,15,29
547,343,14,30
547,341,15,32
547,341,15,32
546,341,16,32
546,341,15,28
545,341,15,29
546,342,14,28
546,342,14,28
546,341,15,29
546,341,15,31
546,341,15,31
546,341,15,30
546,341,15,30
545,340,16,32
545,341,16,32
545,340,16,30
544,341,16,28
545,341,17,28
544,341,17,28
543,341,16,28
544,343,15,28
543,345,16,30
539,356,14,27
539,357,14,27
539,356,14,30
540,357,14,30
541,354,15,32
542,353,14,32
543,353,15,32
543,354,15,31
544,353,14,32
544,353,15,30
545,351,14,31
545,349,14,31
546,349,15,32
546,348,15,32
547,351,14,33
548,352,14,33
548,350,14,33
548,350,16,32
549,350,16,31
549,350,16,31
549,349,14,32
550,348,15,31
551,347,14,32
552,346,14,31
553,348,14,32
553,347,15,32
554,348,14,32
555,349,15,31
555,347,15,32
556,347,15,30
556,347,15,31
557,347,15,31
557,345,16,32
556,344,17,31
557,343,17,32
559,344,16,32
560,342,17,35
559,342,16,35
560,342,16,35
561,342,16,34
563,343,17,34
564,343,17,34
565,342,17,35
564,342,17,35
566,343,17,33
567,342,18,33
568,342,18,32
569,342,17,32
570,341,16,34
570,341,16,34
571,340,16,36
572,340,17,34
573,340,17,33
574,339,16,33
575,338,16,35
575,339,16,35
577,338,16,34
577,338,16,34
578,337,16,33
579,335,17,35
579,337,17,35
579,336,17,35
580,336,16,35
580,335,17,37
581,334,17,37
582,334,16,37
583,333,15,37
583,333,16,38
583,333,15,37
583,334,15,34
584,332,16,34
585,331,16,34
584,331,17,35
584,331,16,35
584,331,16,37
585,330,16,38
585,330,16,36
585,329,16,36
585,330,15,36
585,330,15,35
585,329,15,36
586,330,15,33
586,329,14,33
585,329,15,32
585,329,15,33
585,329,15,33
584,327,15,35
584,326,16,37
583,327,15,34
583,326,14,34
583,327,15,33
583,327,15,33
583,326,14,34
583,327,15,34
583,327,14,32
583,327,14,31
583,326,14,33
583,326,14,32
582,327,14,32
581,326,15,31
581,326,15,32
580,325,16,31
580,325,15,30
581,326,14,29
580,326,14,29
581,326,14,29
581,326,14,29
581,324,16,28
582,324,16,30
581,324,16,29
582,324,14,30
584,324,15,30
584,324,14,29
583,324,14,31
583,324,15,31
583,324,14,31
588,320,15,31
588,322,14,30
591,320,15,30
592,319,16,30
598,316,17,30
598,316,17,30
600,317,16,29
601,316,16,30
602,315,15,30
603,315,16,31
604,316,16,31
603,316,16,31
604,317,16,30
605,316,16,31
606,317,16,31
607,318,15,28
608,318,15,29
608,318,15,29
609,317,15,31
610,317,16,32
611,320,16,30
612,320,16,31
613,320,17,33
613,320,17,33
614,321,16,32
616,322,15,30
617,323,15,30
618,323,15,31
618,323,15,31
618,323,16,31
618,324,16,32
618,325,15,32
619,325,16,31
618,325,16,31
618,325,16,31
618,325,15,31
618,326,16,30
618,326,16,32
618,326,16,32
617,327,17,31
617,328,17,32
617,328,17,31
617,329,17,32
617,329,16,32
617,330,16,31
617,332,15,30
618,333,15,30
618,332,15,30
617,332,16,31
617,332,16,31
616,333,17,31
616,333,17,29
616,333,16,29
616,334,16,28
615,335,17,28
615,335,17,28
613,336,18,27
613,337,18,28
614,337,18,28
614,338,18,28
613,337,18,29
608,340,18,30
609,342,19,28
605,342,18,30
608,343,18,29
609,342,18,29
609,344,17,28
608,346,18,28
608,348,17,28
607,350,18,29
609,350,17,29
610,350,17,28
608,352,17,29
608,355,17,28
608,357,17,27
610,358,16,27
610,358,18,28
609,359,18,28
608,362,15,27
610,363,16,27
611,364,16,28
610,366,16,28
612,366,17,28
612,366,17,28
612,369,17,28
614,369,16,28
616,371,17,26
618,371,16,26
617,374,15,28
617,374,15,26
617,375,16,29
617,377,17,30
617,379,16,31
617,382,16,29
617,384,17,30
616,384,17,31
615,387,17,32
617,391,16,31
619,393,16,32
619,394,16,34
614,401,16,33
614,400,16,33
617,399,17,34
620,398,17,34
620,401,17,35
624,398,18,38
624,398,17,39
624,398,18,39
626,400,16,37
626,401,18,38
628,405,17,37
623,413,15,34
624,414,16,34
623,415,15,34
624,416,16,34
627,412,17,35
628,412,17,36
627,414,17,36
627,417,16,34
626,420,16,33
623,423,17,32
620,426,17,32
623,425,17,34
622,426,18,32
626,422,17,31
626,423,18,31
625,424,18,33
622,425,18,35
616,430,20,36
612,433,20,34
612,433,19,33
610,435,19,33
614,429,17,32
611,430,18,32
608,432,17,32
605,435,17,32
603,436,17,32
603,436,17,33
600,436,17,35
597,438,17,33
594,438,17,34
591,438,17,34
588,439,16,34
588,439,15,34
584,440,16,35
580,444,16,34
575,445,18,33
571,446,17,33
567,447,17,34
567,447,17,34
563,448,17,35
