450,575,207,50
460,581,195,46
461,582,194,47
450,573,195,49
444,562,201,50
440,561,210,54
439,576,211,50
423,556,227,53
417,561,224,50
407,578,221,45
399,588,220,40
386,582,227,39
378,580,224,38
367,587,231,38
363,592,230,38
345,591,223,37
328,587,233,39
333,584,199,47
308,589,217,36
298,586,230,34
292,583,237,36
276,582,231,36
266,575,245,38
259,567,249,39
243,568,245,41
239,566,238,39
239,555,246,42
245,554,226,39
245,553,224,37
251,549,235,41
246,559,237,35
240,551,240,36
245,554,234,35
244,567,235,38
243,572,233,35
236,567,237,41
236,569,234,37
233,575,239,41
246,581,237,39
257,581,231,39
306,583,230,38
334,576,239,35
357,573,226,38
379,579,224,39
393,568,234,40
401,558,237,40
418,560,243,43
470,566,234,37
520,568,233,38
566,566,239,38
615,558,224,38
656,560,225,38
694,552,236,40
710,559,233,39
727,552,235,40
744,553,230,45
760,559,231,42
765,558,240,41
764,555,239,42
762,555,241,47
769,561,250,43
773,565,235,43
780,566,242,42
797,571,230,41
813,574,211,41
838,571,196,44
850,572,191,43
845,579,191,45
831,581,199,43
826,577,206,43
817,569,199,44
840,565,180,46
848,571,168,39
831,565,199,48
830,554,195,47
807,497,195,47
823,455,195,47
815,439,194,47
816,430,195,47
801,414,195,47
836,432,194,47
882,419,190,46
904,464,191,46
859,452,190,46
851,390,190,46
800,406,192,47
748,463,191,47
696,386,189,47
690,441,191,48
776,439,189,47
723,421,187,46
664,397,185,45
644,400,186,45
632,465,188,45
626,455,189,45
609,463,189,45
557,410,192,46
537,401,192,46
588,394,190,45
663,340,194,46
718,305,194,46
703,282,193,46
703,275,195,47
689,276,196,47
644,276,197,48
690,293,195,48
685,315,196,48
643,362,194,47
559,360,192,47
547,353,193,47
547,341,194,47
549,341,198,48
556,370,194,47
558,328,196,48
554,313,198,49
531,301,198,49
515,280,200,50
519,283,201,50
527,328,203,50
501,299,202,50
535,311,201,50
573,300,197,49
531,293,196,49
531,406,196,49
514,458,175,45
516,469,179,52
511,476,180,51
504,478,183,48
505,484,178,46
508,485,177,49
518,501,179,48
520,498,176,50
528,494,197,48
523,496,168,48
524,502,177,51
527,510,163,47
517,514,177,53
513,519,184,53
515,526,188,52
512,526,192,54
516,527,188,53
509,545,190,47
506,545,189,48
499,547,189,48
489,542,193,47
476,553,196,48
478,561,191,46
471,569,190,49
464,579,189,46
452,585,199,47
449,588,188,46
429,593,186,47
411,592,194,44
408,596,185,46
397,600,186,42
388,593,185,46
370,593,196,38
374,601,197,43
383,608,196,37
400,598,189,37
401,592,190,36
416,589,187,37
434,585,182,38
436,582,178,37
446,573,173,37
447,567,176,39
453,573,184,39
410,577,206,35
384,568,229,36
374,576,213,36
366,577,204,38
364,578,210,36
362,579,222,39
363,573,228,38
372,573,220,38
375,573,208,39
389,566,200,45
394,570,194,39
402,567,190,39
403,550,192,44
399,553,184,39
405,553,180,42
407,551,182,43
407,554,176,40
405,549,170,39
368,541,191,46
382,529,191,46
395,544,190,46
389,527,191,46
452,520,204,41
534,517,189,41
590,505,207,48
656,491,200,42
656,488,195,47
648,541,194,47
670,572,193,47
710,539,191,47
757,616,194,48
801,631,194,48
812,645,197,48
848,606,201,49
899,559,199,48
988,508,199,48
973,507,197,44
982,508,194,43
999,505,182,44
1010,501,190,46
1015,497,193,50
1015,486,193,50
1012,474,194,52
1014,473,200,55
1017,476,203,50
1017,474,212,46
1016,488,213,45
1007,496,227,41
1003,500,225,45
1000,504,228,43
1002,507,221,42
998,510,231,39
1002,507,222,40
1012,503,199,41
1010,499,201,46
1021,496,187,48
1014,490,186,52
1018,486,174,50
1015,483,179,53
990,476,194,53
990,475,191,51
978,478,196,50
975,482,202,45
959,498,212,40
943,506,224,42
935,515,224,42
923,515,225,43
912,524,229,42
904,528,224,41
881,527,232,38
866,525,228,39
857,520,220,44
853,513,212,45
843,507,206,47
825,490,207,50
812,476,210,52
804,476,205,52
790,471,208,51
778,471,207,45
751,475,215,48
728,483,222,44
712,483,231,46
691,493,238,43
683,492,230,41
674,496,225,40
688,496,203,41
676,491,208,43
652,491,223,40
644,487,231,41
631,483,234,46
618,489,239,44
604,495,233,47
603,492,234,43
596,500,235,41
590,491,232,44
580,500,233,43
575,506,233,42
560,511,234,44
554,510,239,42
541,511,241,42
535,523,257,43
533,525,253,42
535,528,256,43
546,535,252,43
560,536,255,42
586,540,244,42
596,544,247,45
601,541,243,43
609,535,246,43
623,538,243,44
658,542,240,45
703,540,240,43
730,540,231,43
738,544,232,42
744,546,226,43
750,546,235,44
746,552,236,43
743,558,236,40
739,561,242,41
739,563,239,40
747,562,235,39
755,567,230,39
759,562,234,40
757,561,231,38
745,554,239,40
726,554,244,45
729,552,243,41
713,550,248,42
705,548,243,42
690,544,256,45
684,551,249,44
678,548,260,48
673,547,258,44
673,550,248,47
677,552,255,48
682,552,264,44
680,552,266,44
679,549,269,44
688,540,258,45
686,538,259,46
681,533,250,47
684,529,249,46
693,524,244,48
697,520,237,50
685,516,241,50
680,512,249,48
678,505,241,49
672,503,248,48
667,505,247,52
647,504,243,49
628,496,247,48
629,493,241,46
617,497,250,48
610,497,255,47
602,501,250,46
582,498,244,45
558,498,258,46
551,500,242,44
537,502,246,44
522,502,251,43
509,500,257,47
486,500,259,45
468,499,260,48
454,497,263,52
436,503,249,50
416,504,238,52
397,501,245,50
375,500,246,55
354,496,232,53
348,489,243,58
339,490,237,59
339,489,242,60
338,495,239,58
352,498,237,55
341,495,237,59
337,490,241,60
327,492,246,60
326,493,244,59
321,485,244,61
317,484,242,64
317,488,239,62
313,485,243,63
314,485,226,61
317,485,223,57
318,484,230,61
321,487,224,59
325,482,217,58
326,482,218,57
332,481,212,56
325,477,222,56
338,478,214,56
340,471,220,53
345,470,212,52
352,461,209,57
364,463,205,50
370,463,210,54
386,467,199,53
392,455,201,54
403,459,198,49
419,461,192,50
425,460,195,50
434,456,187,49
439,452,187,52
445,446,191,51
454,443,195,53
468,451,189,48
475,447,193,54
471,450,202,55
493,447,198,57
496,437,192,55
500,431,186,53
488,440,198,57
494,444,198,55
499,434,214,64
503,425,216,64
494,432,216,62
499,435,215,63
493,437,219,61
494,437,220,61
485,449,226,62
464,456,236,58
454,462,234,59
451,467,238,58
454,474,244,64
460,484,243,66
471,489,229,64
469,494,230,68
466,504,223,61
458,495,228,66
462,487,217,61
459,487,219,66
459,481,217,66
449,468,221,65
446,470,217,63
447,464,213,64
429,451,222,67
421,435,222,66
404,442,227,62
408,447,213,58
416,447,216,56
408,449,214,55
399,458,214,53
394,463,216,55
389,465,214,55
383,467,206,54
376,464,209,56
364,459,209,59
355,458,207,62
341,448,210,62
341,443,202,64
338,445,208,64
336,443,208,63
327,442,208,63
326,437,213,63
322,441,210,63
327,433,212,61
313,438,216,62
324,446,205,58
325,449,204,56
330,458,205,53
318,458,213,53
310,462,217,56
312,470,219,55
317,467,218,56
317,477,219,56
322,482,215,56
326,481,213,55
324,487,210,53
329,489,198,51
338,484,192,50
343,483,188,51
351,482,181,49
351,488,178,48
348,487,178,49
349,484,181,47
346,489,182,50
341,499,175,50
333,505,172,47
329,516,183,47
333,519,178,46
323,526,181,48
322,533,187,49
318,541,187,50
313,547,189,51
312,554,185,47
309,554,181,46
305,548,181,49
304,551,172,49
297,546,180,52
303,547,172,51
302,537,175,52
301,528,182,51
301,529,182,53
305,532,177,51
303,539,180,51
311,542,176,49
312,556,183,49
315,569,180,49
310,582,181,47
303,585,182,49
308,589,177,47
317,588,169,46
304,584,175,43
302,573,176,48
288,559,175,49
289,541,172,52
287,526,173,52
302,514,174,52
306,506,173,52
316,491,171,50
321,490,173,49
321,489,170,53
340,498,171,50
350,508,167,48
361,519,168,44
362,527,171,43
366,522,166,44
371,525,182,50
376,525,168,45
381,522,172,45
386,520,165,45
379,515,166,48
387,512,162,49
385,515,170,52
374,510,179,52
365,507,182,51
364,500,184,53
362,494,187,55
377,485,179,54
381,480,175,51
375,486,179,51
369,490,191,52
362,487,206,52
375,489,191,54
383,498,190,49
397,512,178,47
399,513,178,45
389,506,186,50
386,514,186,47
385,516,185,46
384,515,178,44
381,504,179,44
382,499,174,46
383,500,170,44
383,491,163,46
362,482,173,49
360,484,177,49
362,470,172,54
364,465,169,51
368,463,167,56
362,475,174,52
365,468,170,51
361,464,175,52
366,461,175,52
368,463,183,50
370,464,174,50
363,462,182,53
365,455,179,56
367,462,176,52
360,457,179,51
363,457,173,51
376,453,175,50
374,455,189,53
386,457,170,54
388,449,176,55
394,456,175,49
398,459,178,49
398,451,187,55
410,449,177,48
410,462,187,55
424,473,187,50
430,475,187,51
445,479,184,50
467,487,180,48
463,490,193,53
467,499,197,57
463,492,206,60
466,498,212,63
469,494,209,64
469,498,210,64
474,508,202,63
474,508,196,63
472,508,198,63
478,494,193,69
475,497,193,65
477,498,184,64
470,507,191,61
454,506,209,63
451,497,206,62
443,492,211,65
441,488,218,68
448,487,212,61
458,481,211,65
456,488,218,65
471,482,206,57
461,483,216,59
460,486,218,61
446,483,223,63
444,486,229,61
436,488,231,64
434,495,223,58
424,491,233,58
423,494,229,57
417,496,235,56
401,498,239,56
395,502,241,56
375,501,246,58
379,503,242,57
361,502,246,56
357,510,239,58
352,513,243,60
355,512,237,58
341,506,243,60
328,502,247,61
322,505,246,58
317,502,249,58
333,498,256,59
361,498,256,57
408,496,265,58
461,498,274,57
525,485,277,58
604,480,261,57
664,478,297,59
742,476,305,57
806,469,311,54
858,464,307,54
878,471,301,55
901,470,283,52
900,469,285,53
881,460,289,54
881,461,274,52
872,469,271,52
859,468,272,53
850,469,278,52
831,468,289,59
824,471,269,55
831,471,259,53
806,475,258,55
781,468,279,65
763,474,276,63
732,482,285,60
730,485,282,60
725,487,281,57
690,487,267,61
680,490,275,63
691,493,277,63
675,496,277,61
691,502,280,62
697,505,280,66
703,516,270,62
656,504,274,65
647,499,280,65
671,496,265,58
672,499,254,58
666,498,260,57
664,492,264,68
662,504,254,61
655,494,247,60
652,488,241,59
649,488,233,61
623,492,233,56
597,477,264,77
598,477,239,63
585,465,262,76
594,471,236,63
582,474,238,59
584,473,229,55
577,462,224,57
563,445,234,61
580,451,218,56
569,451,220,54
557,443,223,60
546,439,222,53
538,438,219,55
533,428,251,73
509,416,249,72
486,422,249,72
498,416,213,60
492,414,214,64
457,399,251,73
449,402,220,63
450,398,213,61
436,395,223,63
413,384,254,74
415,383,236,65
412,383,239,66
402,388,234,63
403,387,236,61
332,399,250,60
305,394,217,51
338,397,211,57
343,396,221,62
336,400,239,64
349,401,233,66
356,406,233,66
350,409,227,65
351,409,227,66
343,425,238,65
334,437,241,61
326,447,242,58
319,448,250,60
319,456,258,58
319,462,258,58
319,461,250,57
334,461,250,59
352,455,249,66
404,458,250,65
448,452,261,70
499,444,266,78
546,440,257,69
573,437,251,63
589,439,249,68
585,435,251,66
599,443,253,62
605,434,259,66
603,434,260,59
606,427,259,59
614,437,262,60
614,436,254,63
594,425,267,64
603,427,253,58
596,434,258,58
598,429,258,56
593,429,251,56
589,428,256,56
587,437,258,57
577,430,264,59
581,432,266,54
578,429,264,54
585,431,265,56
586,430,265,57
580,435,272,54
585,438,273,54
582,438,285,56
582,436,277,53
574,438,291,54
572,433,292,58
571,441,292,56
563,437,300,56
560,436,303,61
564,431,303,60
573,431,291,60
577,429,290,63
571,424,298,69
566,413,310,66
572,421,290,63
555,414,306,63
565,412,304,64
564,413,304,74
553,422,308,65
545,412,309,70
534,413,306,67
530,424,302,65
538,424,303,64
538,421,294,63
530,420,295,62
535,424,293,63
528,427,293,67
530,428,282,60
525,424,278,60
531,418,273,58
529,417,272,59
516,409,270,64
531,402,267,63
528,404,275,63
541,405,267,61
536,397,265,61
535,394,266,62
537,395,262,62
536,395,268,63
524,388,269,68
525,389,277,65
514,388,283,67
497,392,291,66
488,397,290,62
492,393,291,68
481,391,292,63
479,388,284,61
480,391,278,63
487,386,270,67
489,384,271,71
484,379,269,76
479,372,276,85
483,365,270,81
500,368,258,81
490,362,267,82
490,356,267,81
511,366,259,78
521,373,257,72
520,370,268,75
529,380,270,71
535,385,281,71
546,400,273,67
552,404,271,62
556,413,283,68
569,422,281,66
577,431,275,69
580,439,282,66
589,451,267,64
595,444,269,73
597,442,273,69
612,440,263,72
617,438,262,71
621,442,259,77
628,442,255,75
618,429,259,75
623,429,259,74
627,430,261,72
629,431,268,77
627,426,264,68
618,420,272,65
597,418,275,65
591,422,290,65
584,421,298,62
562,404,319,77
551,415,312,68
554,417,306,65
559,424,299,61
555,410,301,67
561,406,283,65
566,398,275,68
579,389,260,70
582,379,259,80
594,378,250,77
593,360,245,74
588,363,245,75
589,352,248,74
574,361,263,68
565,370,271,64
549,380,285,62
539,387,301,62
533,396,292,61
533,403,277,62
535,404,263,62
528,386,255,69
535,370,248,72
522,360,246,75
512,352,247,80
514,343,237,86
505,332,235,85
484,318,254,91
478,316,255,89
455,300,262,91
451,301,269,89
445,303,272,83
471,317,254,77
461,332,263,68
439,336,271,73
427,352,276,66
409,347,297,68
402,366,293,66
386,378,309,68
381,388,304,67
382,382,305,73
409,380,276,67
419,369,265,76
416,374,268,75
397,368,265,80
386,370,269,83
379,367,266,86
373,369,263,89
380,370,259,90
377,378,257,89
382,378,258,90
385,375,257,86
399,390,249,80
404,404,247,76
390,413,261,69
392,427,266,68
389,441,271,67
383,459,282,65
378,469,292,65
379,473,294,73
385,477,283,69
380,487,280,62
386,481,268,66
396,477,258,72
414,473,250,82
400,463,260,80
412,463,254,81
431,466,249,78
424,451,250,85
426,449,252,88
418,448,261,85
425,452,265,80
444,458,253,72
455,470,261,66
446,481,284,71
437,493,288,73
443,494,291,70
446,489,278,75
444,483,281,70
439,473,285,71
457,466,272,70
458,476,280,70
450,468,288,68
461,467,274,67
460,463,270,68
455,460,269,70
454,451,263,72
450,440,265,76
445,433,272,78
449,438,268,80
441,438,272,79
467,446,257,78
461,440,259,85
472,450,253,78
473,450,253,75
491,473,248,66
502,481,242,67
449,478,324,97
439,450,329,98
452,444,332,99
461,462,329,98
432,481,332,99
455,497,278,74
463,489,268,75
447,483,281,81
430,482,334,100
456,488,276,73
444,494,284,74
457,493,267,71
434,494,277,69
427,496,281,71
419,494,276,72
419,496,274,71
422,500,270,71
423,506,266,70
410,503,271,69
413,512,271,66
426,527,273,67
417,527,281,72
412,520,280,70
401,522,284,71
386,523,292,70
379,522,293,74
394,527,272,74
380,532,288,74
388,531,286,72
399,530,276,72
398,531,277,71
409,528,270,71
416,526,268,73
426,521,259,70
424,525,258,67
423,516,256,66
449,517,243,72
444,513,252,74
453,515,246,71
444,513,259,71
451,517,269,69
460,520,268,75
472,514,268,68
474,507,277,80
479,504,287,75
496,501,277,70
509,500,275,69
526,496,278,70
527,485,278,75
536,480,277,76
545,479,275,71
545,481,281,70
560,487,267,72
566,477,268,73
573,471,256,73
569,468,266,70
586,470,257,67
594,467,266,69
591,466,271,72
583,460,277,71
559,454,288,78
563,455,278,77
546,439,285,86
515,439,296,93
498,424,282,87
481,407,278,87
456,409,285,85
429,414,275,81
387,438,290,73
353,432,304,75
298,441,310,73
245,439,317,74
221,446,312,72
202,435,290,78
191,430,296,79
169,437,309,79
181,440,300,80
178,439,294,78
183,428,279,81
167,433,296,87
166,429,294,82
175,421,292,83
186,419,296,83
189,417,301,84
208,428,297,81
230,445,297,82
257,461,288,83
261,469,310,81
304,473,295,78
327,473,296,83
342,481,299,78
346,488,308,80
369,483,289,79
368,484,277,77
361,485,284,78
372,489,275,78
371,487,282,81
376,482,279,77
361,467,302,88
374,478,302,84
380,471,302,87
373,463,306,86
374,454,305,86
393,456,301,88
399,448,309,81
398,442,333,79
429,445,340,80
493,448,339,81
555,448,337,83
613,448,338,83
666,444,345,83
740,452,321,82
768,455,327,81
806,464,324,76
836,474,317,75
839,473,319,73
845,480,316,74
842,486,317,73
856,490,306,70
852,491,309,73
848,501,305,74
849,509,304,77
855,516,295,74
830,513,307,75
828,517,296,73
817,522,302,74
818,529,293,74
801,528,303,73
795,531,301,75
789,538,301,74
778,537,304,74
754,538,312,74
754,546,302,72
736,555,314,68
719,561,314,69
712,563,321,71
696,567,319,69
684,563,313,72
663,568,324,76
629,568,335,76
607,569,334,74
592,567,332,76
589,576,322,74
561,574,340,76
536,577,342,70
512,579,339,70
496,576,342,70
486,574,338,72
478,567,352,76
491,567,348,77
521,559,347,80
572,556,342,79
606,551,345,78
643,550,346,78
668,552,333,77
668,548,339,77
657,541,341,78
637,539,347,76
626,535,336,75
607,531,350,78
584,522,375,87
568,528,367,83
569,521,360,79
548,510,367,78
536,516,354,77
522,514,354,71
514,515,345,73
507,509,347,71
489,503,347,71
489,502,334,70
485,496,330,72
494,494,333,76
499,484,335,78
506,479,338,76
530,476,331,75
543,487,339,71
559,486,341,67
582,491,331,66
585,491,336,65
604,497,334,67
600,503,343,68
606,504,352,66
604,504,349,67
599,513,326,67
595,512,348,68
590,522,343,68
577,519,349,73
567,526,342,70
557,527,342,70
552,520,335,71
531,537,332,70
514,539,342,72
513,536,333,72
482,548,345,70
502,549,339,71
516,558,345,70
550,564,344,68
617,570,335,66
670,573,344,70
754,575,336,68
823,577,327,67
867,586,325,62
893,586,315,59
895,594,290,57
910,592,299,60
901,592,284,61
897,595,284,63
885,594,285,63
869,589,286,67
854,588,287,74
841,584,288,67
817,579,296,69
798,582,302,73
780,573,312,74
741,578,310,78
739,586,306,74
696,596,322,81
707,598,299,71
648,594,319,71
608,593,330,75
627,591,328,72
594,600,322,72
580,596,318,71
539,580,317,73
528,574,313,68
523,571,316,67
504,574,330,66
481,572,336,66
463,550,344,75
435,544,345,71
431,542,341,69
410,545,345,72
387,545,345,66
371,542,348,69
370,543,335,69
344,543,335,65
337,542,328,67
316,547,334,64
300,550,337,66
286,547,329,65
266,551,340,63
239,548,349,72
233,553,330,65
210,540,326,69
203,540,323,65
198,540,327,65
188,538,346,66
190,528,329,65
191,534,349,65
201,529,329,65
196,524,340,66
190,522,334,65
191,523,334,69
177,518,367,71
189,521,355,70
165,522,364,71
167,529,347,71
174,536,320,68
162,535,341,69
152,541,339,71
159,543,340,71
182,536,315,78
191,542,308,72
187,540,325,77
203,530,323,78
190,530,331,74
184,528,331,69
172,519,338,70
157,499,349,76
160,505,342,83
175,510,347,78
207,503,346,80
217,499,335,78
228,493,341,78
233,484,351,78
238,487,343,74
246,487,349,75
267,480,362,71
341,476,365,75
409,482,344,74
460,478,318,77
492,473,331,73
483,467,335,74
493,464,346,76
494,462,339,81
494,458,335,77
498,455,342,77
511,453,343,80
517,441,337,90
533,435,328,86
532,428,331,85
543,426,331,79
525,404,348,102
514,401,336,94
510,394,333,97
499,394,332,95
468,392,327,94
427,392,344,93
368,389,354,99
326,395,330,89
279,405,332,94
243,403,336,90
232,382,346,108
229,390,327,93
211,402,333,89
202,406,322,90
186,396,324,90
190,397,312,84
171,397,313,83
153,403,316,83
112,400,328,86
83,402,328,87
49,398,342,87
33,400,346,88
34,395,344,88
36,406,351,88
15,405,376,100
11,411,374,96
0,423,379,95
-13,423,378,93
-10,428,369,90
-19,444,363,93
3,457,338,85
20,456,333,87
32,462,323,90
34,448,322,98
42,446,316,101
46,452,322,109
79,456,299,100
81,450,295,99
101,455,299,97
116,451,298,104
133,467,288,93
141,469,309,92
148,462,313,86
163,465,316,82
207,472,319,82
237,474,362,87
336,477,362,87
420,484,358,88
479,493,342,86
505,502,328,84
525,491,322,82
547,483,311,81
545,473,319,84
561,457,317,90
565,455,314,96
567,448,325,102
577,434,333,112
575,436,350,111
573,424,360,113
588,406,360,119
603,415,345,108
641,425,315,97
636,434,337,93
651,454,335,90
642,451,352,90
667,457,335,93
687,477,332,91
695,484,326,86
698,482,334,86
703,477,322,83
706,482,314,81
699,464,304,79
673,444,334,92
686,436,321,95
693,451,315,99
688,450,322,103
663,445,321,97
658,433,317,97
631,431,329,98
615,427,322,101
601,425,321,96
582,423,313,91
565,427,309,82
539,443,316,77
526,442,319,82
519,449,309,90
487,456,316,86
440,466,330,83
418,467,325,88
388,467,332,81
366,475,334,80
363,475,331,79
365,472,322,78
363,465,322,80
363,458,306,82
369,456,299,83
374,446,279,85
386,448,281,82
393,452,287,84
394,451,287,84
405,459,291,79
400,458,294,78
405,458,291,77
405,466,298,79
407,468,296,78
398,473,302,78
406,470,289,76
405,473,298,78
396,481,306,77
401,479,299,75
407,476,289,76
398,468,298,79
407,461,285,80
404,457,283,81
404,452,283,79
416,447,283,81
421,439,274,82
418,429,278,82
420,431,280,84
440,436,263,80
441,426,254,79
441,423,270,81
425,406,297,105
456,443,277,83
451,438,308,90
480,437,294,80
479,441,299,81
479,452,310,82
480,459,309,82
473,455,318,84
463,458,325,88
460,459,334,88
472,466,330,86
479,474,336,85
458,472,349,82
448,465,358,82
455,470,355,84
441,470,354,83
443,468,352,86
430,471,351,84
433,470,342,85
417,477,347,83
411,482,348,81
424,490,330,78
412,493,340,78
414,488,328,84
400,490,326,81
396,488,327,81
400,487,316,82
403,481,307,84
391,478,315,90
401,481,300,85
384,478,315,87
376,474,320,86
367,472,312,82
355,473,318,78
343,480,326,81
329,482,333,80
315,482,338,82
312,487,340,82
304,488,335,83
296,490,332,82
301,481,318,83
294,476,308,84
280,472,309,87
281,471,311,87
271,461,313,91
268,457,309,91
270,456,300,89
279,455,295,90
278,450,299,88
280,459,308,84
282,466,318,81
282,467,323,78
291,464,317,79
317,462,298,77
323,455,292,80
336,451,277,82
348,449,274,86
360,439,268,88
369,431,265,90
351,421,288,95
366,416,280,97
382,423,274,91
395,420,267,87
401,426,270,86
398,424,294,83
405,429,296,83
414,441,300,80
401,446,313,81
409,449,320,78
417,459,329,78
420,466,323,72
420,466,321,74
428,471,327,75
446,473,316,73
461,474,308,70
472,468,303,71
476,465,313,73
489,462,301,72
505,466,295,71
514,472,295,73
512,480,300,71
510,482,312,73
524,493,318,72
543,499,317,70
539,505,327,72
545,509,323,72
563,505,307,72
587,499,295,74
601,486,290,73
623,474,271,78
629,469,270,83
643,456,261,87
633,458,271,86
632,460,277,82
618,481,303,76
622,493,318,74
629,495,322,73
626,491,323,81
631,495,320,83
635,491,314,79
638,479,297,81
656,472,285,83
659,465,286,83
662,473,281,84
650,477,292,84
649,471,294,76
631,477,317,85
626,498,307,73
611,503,300,72
594,503,307,74
598,504,293,73
589,510,281,72
569,505,285,72
547,510,299,74
544,507,294,74
527,493,289,79
527,489,285,77
520,491,282,81
516,477,277,86
495,468,290,94
497,458,275,94
495,455,267,92
475,457,276,91
469,460,272,82
457,460,282,78
444,466,287,77
440,474,289,74
434,479,297,72
421,475,301,76
407,470,290,76
417,465,268,74
417,458,261,81
401,433,271,91
404,427,260,95
388,427,270,100
390,421,269,104
364,410,280,97
365,415,274,100
333,389,294,107
347,388,271,97
343,398,273,92
361,402,265,90
357,414,268,77
364,433,255,74
354,441,265,75
358,457,265,73
352,470,286,72
339,480,289,72
346,474,274,74
354,465,265,75
352,450,263,84
364,453,264,85
340,458,281,88
350,436,272,93
348,427,278,106
342,454,296,94
344,414,285,112
365,456,271,92
350,456,288,88
361,467,289,83
367,485,286,81
361,505,293,82
348,520,302,80
337,522,316,83
350,530,312,81
355,533,316,81
361,530,309,82
358,530,316,85
357,530,325,85
356,522,334,86
365,507,330,94
378,501,324,96
398,492,317,101
408,490,321,102
426,491,329,104
462,482,307,112
463,481,322,106
455,505,341,94
441,497,343,97
443,508,345,93
450,522,357,99
461,544,358,96
493,541,328,98
506,552,327,94
498,578,331,94
486,577,328,95
452,575,344,92
414,565,358,94
375,562,350,96
330,566,344,97
293,560,353,100
286,546,347,102
292,529,341,109
304,538,333,103
312,538,323,99
292,542,344,97
280,548,348,92
285,552,350,91
271,565,363,93
273,581,367,90
276,578,364,92
301,577,338,92
304,584,334,94
316,584,314,95
320,561,309,96
297,572,319,101
303,568,313,99
294,563,315,101
295,546,309,107
282,541,309,105
273,531,306,104
272,530,304,110
268,531,302,101
260,547,315,93
253,557,323,94
245,563,335,94
245,564,339,93
256,556,313,91
249,548,320,88
253,531,306,86
264,527,288,84
262,509,285,94
251,496,292,105
250,479,301,113
221,457,315,119
228,449,325,117
239,437,331,121
279,428,347,119
324,417,352,117
404,426,319,121
429,436,332,111
475,452,315,96
509,462,314,87
516,460,318,86
541,476,313,86
552,490,311,88
552,490,315,89
537,474,322,100
549,467,310,94
537,454,315,101
528,461,315,122
526,471,313,113
512,458,322,119
506,442,311,120
515,441,320,128
529,458,306,122
521,450,308,119
527,448,299,113
512,462,325,111
508,487,320,99
513,509,320,89
488,519,330,87
481,535,323,93
465,548,329,88
456,557,319,83
434,565,342,84
429,559,333,87
426,558,323,90
407,547,332,95
396,544,336,95
396,542,326,96
391,526,319,100
382,514,316,99
374,501,308,104
353,483,310,103
340,476,313,101
315,468,326,98
307,460,330,98
297,461,335,93
283,462,355,91
251,463,380,88
242,466,402,91
274,471,392,92
324,466,390,92
363,472,392,89
406,466,388,89
407,453,398,91
438,452,375,88
442,446,380,96
448,441,379,90
463,429,364,93
456,424,370,96
456,409,367,102
440,400,364,97
439,391,350,92
430,386,350,91
421,390,361,94
422,389,349,93
397,389,367,91
400,403,368,89
386,406,371,89
374,413,379,90
370,416,377,89
361,423,373,86
373,425,371,87
377,423,374,85
385,425,373,84
416,421,361,85
449,413,353,88
483,405,352,93
521,414,346,93
563,412,342,93
603,412,345,93
660,414,332,88
691,424,331,87
689,432,342,87
672,443,352,83
670,452,369,80
666,461,366,82
651,473,379,82
659,476,367,84
667,476,366,83
676,482,349,83
656,467,349,90
656,468,346,92
660,463,344,96
675,459,336,96
693,456,333,95
732,457,321,97
778,452,322,98
836,452,323,99
892,452,348,101
940,450,360,105
988,448,342,103
980,441,354,101
994,445,356,100
1014,448,344,98
1027,440,337,98
1030,440,330,99
1030,437,332,106
1020,435,334,96
1022,429,330,95
1020,425,328,92
1009,426,341,95
1013,421,347,98
995,411,363,99
995,413,360,97
1001,420,357,94
990,416,369,92
991,423,362,89
993,422,352,89
994,422,355,88
972,427,360,85
971,430,365,89
963,423,372,91
950,424,360,91
931,416,352,88
932,415,365,93
911,421,354,96
912,435,363,88
874,439,374,90
866,442,372,92
835,451,366,91
822,455,378,91
804,469,379,85
789,472,368,88
764,478,374,88
730,479,386,89
703,487,403,88
671,501,399,86
639,503,409,87
625,505,421,89
650,499,385,88
647,500,385,92
626,506,393,92
650,505,371,86
663,505,383,89
636,508,409,87
654,513,415,91
698,509,412,93
721,504,397,89
674,504,404,91
658,506,409,93
646,499,390,97
627,498,384,95
609,504,390,94
612,509,367,92
582,520,359,96
588,520,354,95
593,523,349,97
587,520,347,99
588,509,349,102
581,509,359,102
574,503,365,104
547,505,377,103
535,513,389,112
526,518,385,105
536,506,392,112
554,519,375,107
556,517,367,104
564,519,363,101
584,513,350,102
577,515,358,100
586,510,351,102
597,508,341,102
577,510,355,100
589,508,343,99
586,493,349,97
605,489,327,92
606,471,318,95
607,458,334,102
619,450,331,101
624,444,341,106
636,438,334,100
664,428,310,98
654,427,327,97
673,426,319,97
664,426,336,94
679,415,331,93
670,417,347,93
666,426,367,97
666,419,366,96
667,418,374,98
664,417,376,100
666,423,368,99
646,427,373,99
642,440,365,102
615,442,371,101
602,443,354,112
535,434,391,105
507,461,390,105
504,479,379,100
484,478,389,97
474,481,387,99
446,484,405,104
425,482,398,100
407,489,403,105
386,499,401,102
370,510,397,97
359,521,394,97
365,526,392,97
358,530,383,92
367,538,369,88
357,532,365,88
337,538,375,85
315,543,384,84
314,546,380,85
310,544,391,87
305,534,388,92
284,536,397,93
280,543,388,96
274,548,391,98
258,553,390,96
233,551,412,94
211,564,428,93
195,570,426,95
183,569,434,98
199,584,439,94
222,589,429,96
254,590,396,98
278,602,382,102
309,614,375,106
338,611,370,104
351,619,385,97
362,618,398,90
365,609,398,95
356,605,397,93
354,600,388,94
354,588,372,96
347,583,363,95
355,577,356,103
352,598,361,98
338,601,379,94
325,609,389,92
313,611,386,93
298,632,418,99
286,660,419,94
278,664,421,94
297,669,396,102
300,668,382,106
298,672,375,105
309,667,376,108
281,678,413,106
295,680,413,106
341,662,401,99
390,645,384,103
441,631,365,104
497,627,371,110
551,609,358,114
610,584,351,113
642,561,341,116
641,546,341,112
622,539,361,112
604,541,379,107
581,555,413,95
565,559,436,96
562,572,426,94
570,581,425,93
562,580,430,91
560,581,418,91
544,574,416,91
527,562,419,88
517,552,418,90
527,536,396,96
531,518,388,97
514,504,391,105
