693,466,15,16
694,456,15,16
693,446,15,16
688,435,15,16
686,423,15,16
694,419,15,16
708,428,15,16
707,415,21,20
701,412,15,16
692,403,20,21
687,397,15,16
681,392,15,16
690,390,15,16
688,395,17,15
686,400,17,17
684,407,17,16
681,413,16,14
679,417,16,14
677,419,17,15
678,420,18,14
683,418,18,14
689,414,18,15
697,406,18,16
703,397,15,16
713,403,15,16
716,407,15,16
724,407,15,16
731,409,21,20
730,409,22,20
730,409,24,21
730,409,24,21
731,409,25,22
731,408,25,22
731,409,24,22
730,408,22,22
730,409,22,23
729,409,21,21
729,411,21,21
730,413,17,18
729,411,20,21
729,410,21,21
729,410,22,22
729,410,21,21
729,410,21,21
729,411,21,21
729,411,21,21
729,410,22,21
729,410,22,22
729,410,22,22
729,410,22,22
729,410,21,23
728,410,22,22
728,410,23,22
728,410,23,22
728,409,23,23
728,409,23,22
728,409,23,23
728,409,23,23
727,409,24,23
728,410,22,23
727,410,22,22
727,410,22,22
727,410,22,23
727,410,22,23
727,410,22,23
726,410,22,23
726,409,23,23
725,410,23,23
726,411,22,22
725,411,21,22
725,410,21,22
725,411,21,22
726,410,21,22
725,410,21,21
726,410,21,22
726,410,21,22
726,409,21,23
727,409,21,22
727,409,21,23
729,408,20,22
729,407,22,22
730,407,22,22
730,407,22,23
730,407,23,23
730,408,22,22
730,410,23,22
730,409,23,22
730,409,23,22
731,410,22,23
732,410,22,21
733,408,22,23
735,408,22,23
737,408,21,22
739,410,20,21
741,411,20,21
741,410,20,21
742,411,19,21
743,410,21,21
744,412,19,21
745,410,19,22
745,410,20,22
746,410,19,21
747,411,19,21
747,410,20,21
746,411,21,20
743,414,18,22
750,413,16,17
753,412,16,17
754,409,18,20
754,410,19,20
754,409,19,21
754,410,21,22
755,409,21,22
756,409,21,23
757,408,20,23
758,409,21,22
758,409,22,22
758,409,23,24
759,409,24,24
760,409,23,24
760,409,23,24
761,408,21,23
762,408,23,25
763,407,23,24
764,407,24,25
766,407,22,23
767,405,22,24
769,405,22,24
771,406,22,23
774,405,22,25
775,412,17,19
780,407,23,25
785,407,22,26
790,407,23,27
795,409,21,25
798,409,21,26
801,411,19,23
803,410,20,24
804,411,19,25
805,413,19,25
806,414,19,25
806,414,21,25
808,415,20,25
809,415,20,24
810,414,20,24
809,414,20,24
809,415,20,25
808,415,20,25
807,415,22,26
806,416,23,25
806,416,23,24
808,418,17,20
806,418,21,21
808,417,17,20
805,418,23,20
803,417,24,21
800,416,23,21
799,416,23,22
799,415,18,21
795,415,24,24
794,415,25,24
794,415,23,24
792,415,23,24
793,415,22,24
793,415,23,23
793,414,24,24
793,414,23,23
792,415,24,23
792,416,18,21
790,415,25,24
791,415,24,24
786,415,23,25
780,411,23,23
779,409,23,22
778,409,24,23
779,411,24,24
780,411,24,23
779,411,25,24
780,413,23,23
780,414,23,24
779,413,23,24
777,411,24,24
777,411,23,23
776,410,23,24
777,409,23,24
775,408,24,25
779,410,23,25
785,413,22,23
785,415,23,24
783,416,23,24
784,416,22,24
783,415,22,24
783,414,23,26
783,414,23,26
782,412,23,26
783,412,23,24
782,412,24,24
782,411,24,25
782,409,25,24
782,410,25,24
781,409,26,24
783,409,24,24
781,410,25,24
780,408,26,26
779,409,27,25
779,409,26,26
779,408,26,26
778,409,27,27
778,408,28,28
779,407,28,28
779,408,27,28
778,408,28,29
778,408,28,29
778,408,28,29
779,408,28,29
778,408,28,29
780,407,27,30
779,408,28,30
779,407,28,30
779,408,27,29
778,408,28,30
778,407,29,30
778,407,28,30
778,407,28,30
778,408,27,29
777,408,27,29
776,407,28,29
777,408,27,29
777,407,28,29
777,407,27,29
776,407,28,30
777,407,27,29
776,407,28,29
775,406,29,29
775,406,29,29
775,407,28,29
775,406,28,29
775,406,28,29
774,405,29,29
775,406,28,29
775,406,28,29
776,406,28,28
775,407,29,28
777,407,28,30
776,407,28,30
775,406,29,29
775,407,28,29
775,406,28,29
774,406,28,29
772,406,28,30
772,407,28,30
770,406,28,31
769,407,27,30
768,407,28,29
767,407,28,31
765,405,30,32
765,407,29,31
767,409,27,28
767,410,27,27
766,409,27,28
768,410,26,27
767,410,27,29
770,409,26,29
771,407,27,32
769,406,29,34
769,406,28,32
770,407,27,32
773,406,25,31
770,408,25,29
771,408,26,28
771,407,27,28
770,409,27,29
770,408,28,30
771,407,29,31
772,408,28,30
773,408,28,31
776,407,28,31
778,408,27,30
780,408,28,31
781,408,28,30
783,408,27,30
785,408,28,32
786,408,28,31
790,408,27,30
791,409,26,31
792,408,27,32
792,408,28,32
795,409,26,31
797,409,26,30
798,409,26,32
802,411,24,30
806,410,21,28
814,412,19,25
814,413,19,25
805,410,19,25
802,408,19,25
792,415,19,25
792,427,19,25
796,433,23,30
798,431,25,33
800,432,25,34
802,430,24,34
806,431,22,33
809,428,23,30
813,427,24,31
814,426,24,28
820,416,25,30
822,410,25,32
823,410,25,31
824,408,26,31
825,407,27,30
828,407,27,29
828,407,28,29
830,406,28,29
832,405,28,29
834,405,27,28
835,406,27,27
837,404,26,29
841,403,26,28
843,402,26,28
844,403,26,29
846,404,26,28
848,403,26,28
851,403,26,27
852,405,26,29
857,404,25,27
860,407,25,29
865,408,25,30
871,409,25,30
875,410,26,30
880,410,26,29
883,410,26,30
884,409,26,29
886,411,25,29
888,412,25,27
889,412,25,27
890,414,25,25
893,415,24,23
896,419,21,20
895,418,24,23
896,419,23,24
895,423,22,24
894,425,22,22
894,425,21,21
887,423,20,23
888,424,21,23
888,424,21,23
887,423,20,23
885,423,20,23
886,424,21,22
888,421,21,24
882,421,21,24
893,422,17,19
893,423,20,20
893,423,21,21
892,423,21,21
890,423,21,22
888,421,22,24
885,422,23,23
885,422,22,23
884,423,22,22
884,423,22,22
882,423,22,22
885,424,19,19
885,422,21,22
888,419,22,22
887,419,22,21
887,419,22,21
886,419,22,22
884,419,22,22
883,420,22,21
882,420,21,21
882,420,22,22
884,419,22,22
886,419,22,21
887,419,22,22
891,419,20,21
891,419,21,21
893,420,20,22
893,420,20,21
891,420,20,21
889,421,19,20
890,422,19,21
888,421,19,21
887,423,21,21
886,422,20,22
885,422,20,21
886,423,21,21
887,421,21,22
885,419,21,22
883,417,21,22
880,416,22,23
879,417,21,23
878,417,22,23
878,417,22,23
879,418,21,22
880,420,22,22
883,420,22,23
880,421,22,23
885,424,22,22
891,425,17,19
889,427,23,19
893,427,17,19
890,429,23,21
891,429,22,20
899,419,21,23
898,420,21,23
898,420,21,23
898,421,20,21
893,424,23,22
893,423,22,20
892,420,23,21
893,419,23,22
893,419,23,23
893,418,23,23
892,418,23,22
893,418,23,23
893,418,23,23
893,418,23,22
892,417,23,23
891,417,24,22
890,419,24,21
893,418,22,21
893,418,22,23
892,417,22,23
892,417,21,23
892,417,21,23
890,417,21,23
890,416,21,23
888,415,22,23
889,415,22,23
890,416,22,23
890,417,21,23
890,417,21,23
890,417,22,23
892,419,21,21
891,418,22,24
891,416,22,25
891,416,22,25
890,416,21,24
890,416,22,24
889,417,21,22
888,418,20,21
888,418,19,20
881,416,19,21
882,417,19,21
883,417,19,21
881,417,19,22
880,418,20,21
883,419,20,21
886,416,20,22
887,416,21,23
889,416,20,24
889,416,21,25
890,415,19,24
890,413,19,26
889,414,18,24
879,419,17,21
881,418,18,22
888,416,17,22
890,415,18,23
891,415,19,23
890,417,20,23
890,418,20,23
889,418,19,22
889,418,19,22
887,419,18,23
887,421,18,23
888,421,19,23
889,418,19,23
890,416,19,23
889,416,19,24
889,417,19,23
890,417,19,24
890,416,19,25
891,416,19,23
891,417,19,24
890,418,19,24
890,417,19,24
890,417,19,24
889,417,19,24
889,418,19,24
888,418,19,24
888,417,19,23
888,417,19,24
887,417,18,23
887,416,19,24
887,416,19,24
887,418,19,24
889,418,18,24
887,418,19,24
888,416,20,25
888,417,19,25
889,416,18,25
890,417,14,20
887,418,14,20
887,417,16,21
886,416,18,23
888,416,18,24
888,416,20,23
887,415,20,25
886,415,20,24
886,417,19,23
879,422,18,23
876,424,17,23
874,421,17,23
871,420,18,25
868,420,19,25
866,419,20,24
862,415,19,23
859,414,15,22
854,408,18,25
854,409,18,27
860,418,20,24
863,417,20,25
861,418,19,25
860,418,19,26
859,418,20,22
858,418,18,25
853,418,18,24
853,418,18,24
854,417,18,25
854,418,18,24
852,418,19,24
853,417,19,25
853,417,19,25
853,416,19,26
853,416,19,26
853,418,18,26
853,418,19,25
851,419,20,25
853,419,19,25
853,421,20,25
854,421,20,24
852,420,19,24
853,418,19,24
851,416,19,24
849,415,19,24
848,412,19,25
845,413,19,25
841,414,19,26
839,418,17,23
836,423,19,23
834,419,19,25
834,412,19,25
833,411,18,26
831,411,18,24
829,411,20,24
829,411,19,25
829,412,19,23
829,412,20,23
829,413,20,23
828,413,20,23
827,415,20,22
821,414,21,23
818,413,21,25
819,413,20,24
819,417,16,21
821,416,16,21
811,413,20,26
812,412,21,26
813,411,21,25
815,411,21,25
816,410,20,26
814,410,20,27
809,411,16,21
798,412,16,21
795,413,16,21
796,412,16,21
795,410,20,25
795,410,20,26
795,409,20,26
796,408,19,24
796,408,20,25
796,409,20,26
796,409,19,26
797,409,19,25
795,410,20,25
797,408,19,26
796,410,20,26
796,410,20,27
797,409,20,26
796,409,20,27
796,410,21,28
796,409,20,27
796,409,20,28
796,409,19,28
796,409,20,28
797,409,19,27
797,410,20,27
797,410,20,27
797,410,20,28
798,410,19,27
797,410,20,27
798,410,20,27
798,410,20,26
797,410,20,27
797,409,20,29
797,409,21,29
797,409,21,28
797,408,21,30
796,409,21,30
798,405,16,28
803,411,17,23
795,418,20,27
796,410,21,27
798,408,20,26
798,408,19,26
798,408,20,25
798,409,20,27
797,410,21,25
797,408,20,26
797,408,20,25
798,408,20,25
797,407,19,25
796,408,19,23
796,408,19,23
795,409,20,24
795,409,20,24
796,409,20,23
796,410,20,23
796,410,21,24
796,411,21,24
798,411,21,23
797,412,21,23
798,413,23,24
798,413,23,23
798,413,23,23
799,414,23,22
800,414,23,22
800,414,23,22
800,413,24,22
800,413,23,21
800,413,23,21
800,414,24,21
799,413,24,22
799,413,23,21
798,413,23,22
797,415,25,21
796,415,23,23
798,414,23,21
797,414,22,20
793,416,17,23
793,416,19,23
794,415,20,25
796,414,22,24
797,414,21,23
799,414,21,20
799,414,20,19
799,414,21,20
799,414,21,21
798,413,20,24
796,414,20,26
796,414,20,26
795,415,20,25
795,416,20,25
794,415,21,25
794,415,22,25
793,416,23,25
794,415,21,24
793,416,21,25
793,415,21,25
793,416,21,25
793,414,22,25
794,412,23,28
794,413,21,26
794,413,22,26
794,412,23,27
794,413,22,25
794,414,22,25
794,414,22,26
793,415,22,25
793,415,23,27
793,416,21,26
793,417,21,26
792,417,21,27
792,417,18,26
793,416,18,26
792,416,20,26
791,415,21,27
792,414,18,26
791,414,20,27
791,415,20,27
790,414,20,28
790,413,20,29
789,412,21,29
789,413,20,27
788,413,21,28
788,414,21,26
788,414,21,26
787,415,21,26
787,414,21,27
786,416,22,25
786,416,21,25
786,416,21,24
786,416,21,26
786,417,21,25
787,417,22,26
787,417,22,26
787,416,22,28
787,416,23,27
787,417,23,27
787,417,22,26
788,417,21,27
788,416,22,26
787,416,24,27
788,416,23,26
788,417,22,26
789,416,22,25
789,414,22,26
789,413,22,28
788,413,25,26
788,413,24,26
789,413,23,27
789,413,23,27
789,412,23,27
789,413,23,26
789,412,22,27
789,414,23,26
789,414,21,25
789,416,22,24
790,415,21,24
790,414,21,25
791,413,21,24
792,413,20,24
793,413,20,23
793,413,20,23
794,414,20,24
794,413,19,25
796,413,19,25
796,414,20,26
795,415,21,26
795,415,21,26
796,416,19,26
796,416,18,25
796,415,18,24
795,413,20,26
796,411,19,28
796,410,19,28
795,411,20,29
795,413,18,26
795,413,18,27
794,413,18,29
793,419,16,23
792,416,17,25
792,413,18,26
791,413,19,24
789,412,20,27
787,413,21,25
786,412,23,29
784,412,24,31
783,411,24,29
781,412,25,27
779,412,24,29
777,412,24,28
776,413,22,28
775,414,21,26
774,416,18,26
774,417,16,24
773,418,14,25
772,420,14,24
770,424,16,23
775,434,23,27
779,436,22,26
778,437,22,24
770,430,17,24
769,425,17,24
771,427,17,24
773,427,17,24
773,427,17,24
776,427,16,24
775,429,15,23
776,430,16,26
777,430,16,26
778,428,18,25
779,426,20,28
781,426,19,28
783,426,19,29
784,426,20,30
785,425,20,28
786,425,20,29
788,422,15,26
789,416,15,24
790,413,14,26
791,410,14,27
791,409,15,28
791,413,17,28
790,413,21,31
791,411,22,34
793,408,22,34
793,407,22,33
795,406,22,29
793,411,20,32
794,410,21,32
795,410,20,33
796,411,19,29
797,412,19,30
797,414,19,29
799,414,18,30
800,414,18,30
801,414,18,27
802,413,17,26
802,410,20,30
803,409,17,30
805,407,15,29
805,407,15,29
805,407,14,28
802,410,16,25
804,413,15,23
803,414,16,25
803,413,18,27
802,411,19,29
803,410,19,28
804,411,19,28
804,413,19,29
804,414,19,28
806,415,16,25
799,412,17,28
795,410,15,29
794,409,16,30
794,409,16,31
793,408,18,29
793,409,18,27
792,410,18,27
791,409,18,27
781,408,20,32
787,411,20,30
792,412,22,31
789,416,18,28
788,414,18,23
788,414,19,23
787,413,18,23
786,412,19,25
784,411,21,25
782,413,20,25
780,412,20,26
777,412,20,26
774,413,20,26
771,412,21,26
769,412,20,27
767,412,19,26
766,413,18,24
765,415,19,23
764,416,19,22
764,415,18,23
764,416,18,22
764,416,17,22
763,415,17,22
763,415,18,22
762,415,17,22
761,415,18,23
761,415,19,23
762,414,15,23
762,414,17,23
761,413,17,24
762,412,17,25
762,412,18,26
762,411,19,27
763,410,18,28
762,410,19,27
764,409,17,28
765,408,17,28
766,407,16,27
767,407,15,26
766,407,17,29
767,408,17,30
767,408,19,31
767,409,20,31
768,410,19,29
770,409,18,27
770,409,18,27
771,409,19,28
770,411,19,28
770,412,18,29
769,414,20,27
769,415,20,27
769,416,20,28
770,416,20,27
770,416,20,28
770,416,21,28
771,414,19,28
771,413,20,29
771,412,21,31
772,410,21,30
773,411,19,27
773,411,19,28
773,409,19,27
773,408,19,27
772,412,21,28
772,411,22,29
772,410,22,30
772,409,22,30
771,409,23,30
771,408,23,31
770,408,23,31
769,408,22,31
769,408,22,32
768,409,23,32
768,407,22,31
769,407,24,30
770,406,21,30
769,407,23,29
770,406,21,28
771,406,18,27
771,406,17,29
770,405,21,31
770,404,21,33
769,405,21,32
769,405,21,32
769,404,22,33
769,403,22,34
769,404,22,34
768,405,23,33
769,404,21,33
766,406,23,31
766,406,23,31
765,406,23,31
764,405,23,32
765,404,23,32
766,402,23,32
767,404,23,34
768,406,25,33
770,403,24,34
770,401,24,33
770,402,24,32
770,402,21,33
768,405,23,35
770,401,24,36
769,402,25,37
768,401,25,37
768,402,25,36
768,402,25,37
769,400,24,40
769,400,24,38
769,401,25,38
769,402,24,38
769,402,24,38
769,402,23,37
769,404,23,36
769,404,23,36
769,404,23,35
769,403,24,34
769,403,25,35
770,404,25,34
770,404,25,33
769,405,27,34
769,405,26,35
769,407,25,33
767,403,28,33
768,402,26,35
768,405,24,34
767,405,25,35
767,405,25,35
767,406,26,35
768,406,25,36
769,406,25,36
769,405,25,36
770,406,25,37
771,406,23,38
771,406,25,38
773,405,23,37
773,404,23,39
775,403,23,37
775,404,24,37
776,404,23,37
776,405,23,39
776,405,22,39
777,404,22,40
777,404,22,38
777,403,22,38
777,404,22,39
777,404,23,40
777,405,23,39
777,407,23,34
777,408,21,35
777,408,22,33
777,409,21,34
777,408,21,35
777,408,20,36
777,408,20,35
776,410,21,35
776,409,22,38
776,409,21,38
775,410,21,36
775,411,22,37
774,411,22,35
774,411,23,37
773,411,24,37
772,410,24,40
770,411,25,38
769,411,25,38
769,408,24,39
768,408,23,37
767,410,23,34
768,413,20,34
768,412,21,35
768,412,21,34
767,412,23,36
768,410,23,36
768,410,24,36
768,409,25,35
768,407,26,37
768,406,25,38
768,406,23,38
767,407,23,36
767,406,23,36
766,406,23,37
766,404,23,36
766,404,22,36
765,405,22,35
764,405,22,37
765,404,23,36
764,404,23,37
764,405,22,37
764,405,25,39
764,405,25,39
764,405,25,39
765,405,25,39
765,405,25,38
765,405,25,38
765,405,26,38
766,404,24,37
766,403,25,37
766,402,25,36
766,402,25,36
767,403,24,35
768,404,21,35
768,404,23,38
769,403,23,38
770,404,25,37
771,404,24,39
772,405,24,39
773,405,23,39
774,405,23,39
774,405,23,37
774,406,24,37
773,405,24,37
771,406,25,37
770,405,25,37
768,405,25,37
765,406,26,36
764,404,27,36
763,403,25,39
762,404,26,40
760,404,26,40
760,403,25,39
759,405,27,38
758,405,26,38
758,409,23,34
757,412,24,32
758,413,21,31
758,412,21,30
757,413,23,28
757,415,23,29
758,414,21,27
758,410,20,30
759,410,19,29
759,411,19,30
760,411,20,30
760,410,22,30
760,410,24,30
761,408,23,32
763,407,23,35
763,408,24,33
764,406,23,34
767,402,18,36
766,406,22,35
767,405,22,35
768,406,21,34
767,407,23,35
767,406,25,36
766,407,26,37
766,405,26,39
766,405,27,40
767,404,28,41
767,403,26,42
768,402,28,43
767,402,27,44
768,401,27,43
768,402,26,42
768,402,26,42
768,402,25,43
768,403,24,41
767,404,25,40
767,404,26,41
766,404,27,41
766,403,26,41
765,404,27,40
765,402,27,41
763,404,27,40
764,403,25,39
762,404,25,40
761,404,25,40
762,404,23,38
762,408,24,38
763,409,25,39
763,411,26,37
765,413,24,35
764,411,26,35
764,409,25,36
763,409,25,35
761,409,27,37
761,404,25,40
757,406,26,38
756,404,27,37
753,404,27,37
752,406,25,36
750,407,26,37
750,407,24,38
751,407,23,38
752,407,20,36
753,404,21,43
755,407,22,38
755,406,23,41
756,405,24,39
757,404,24,41
760,401,23,38
760,401,23,41
761,398,25,45
760,395,26,48
761,397,25,46
762,398,24,47
762,399,28,43
763,399,27,46
764,400,29,42
764,399,29,44
765,397,27,43
765,397,27,44
764,401,24,37
765,396,25,42
765,398,25,41
763,396,26,43
762,397,27,41
761,398,23,40
760,398,24,41
760,399,23,41
760,401,22,40
759,400,22,38
759,400,23,39
760,399,23,40
760,399,23,39
759,399,22,38
759,400,21,39
758,399,23,39
757,399,23,40
756,399,22,39
756,398,22,39
756,398,21,41
755,401,21,39
754,401,22,40
753,402,22,40
751,402,23,40
751,403,20,40
748,404,21,40
746,405,21,39
743,407,23,40
742,407,21,41
739,410,22,40
737,415,23,39
736,416,22,38
734,416,23,38
731,415,23,38
729,414,24,38
725,416,23,39
718,420,26,40
714,424,26,39
704,432,28,34
697,439,29,36
689,454,23,36
686,456,25,40
685,459,23,38
683,460,24,38
682,467,22,35
684,458,26,37
686,458,24,37
686,457,24,35
684,459,23,34
684,460,23,35
684,466,23,34
683,464,23,36
684,462,23,34
683,462,21,34
684,461,22,34
684,462,23,34
684,463,23,33
684,467,24,31
684,481,21,34
685,491,21,34
685,495,21,34
686,499,21,34
685,498,20,33
686,494,22,40
688,494,19,38
688,493,21,41
688,498,20,33
689,496,20,39
689,501,19,32
690,496,19,32
689,492,19,32
690,494,19,32
690,488,19,32
691,490,19,33
692,491,19,33
693,491,19,33
694,492,19,33
694,490,19,34
695,490,19,34
695,492,19,34
695,491,19,33
695,491,19,34
695,490,19,34
695,487,19,34
695,485,19,34
697,477,19,34
697,472,19,34
695,482,19,34
696,483,19,34
697,490,19,34
698,486,19,33
698,486,19,33
698,484,19,33
698,485,18,32
698,489,18,33
697,487,18,33
696,487,18,33
697,488,18,32
696,484,18,33
697,483,18,33
696,482,19,34
698,480,19,34
698,490,19,33
699,485,19,33
699,484,19,33
698,485,19,33
699,488,19,33
699,478,19,33
698,485,19,33
698,488,19,33
698,486,19,33
698,487,19,33
698,483,19,33
697,480,18,32
698,484,18,32
697,485,18,32
698,485,18,32
699,486,18,32
699,488,18,32
699,484,18,32
698,490,18,32
698,487,18,32
699,488,18,32
698,488,18,32
698,487,18,32
697,485,18,33
698,481,18,34
697,484,18,34
695,483,18,34
697,482,18,34
698,483,18,33
697,479,18,33
698,485,18,33
698,481,18,33
699,480,18,32
699,485,18,32
698,483,18,31
701,483,18,31
700,481,18,31
700,482,18,31
700,483,18,31
699,487,18,31
700,487,18,31
699,490,18,31
701,482,20,32
701,488,18,33
702,488,18,33
702,487,18,34
703,488,17,34
703,489,17,33
703,489,17,34
704,490,17,33
703,490,17,33
703,490,18,33
703,490,17,33
703,489,18,33
703,489,18,33
703,489,18,34
704,490,17,34
704,491,16,34
704,490,17,33
704,489,18,33
704,488,17,33
704,489,17,34
704,490,17,33
704,490,17,33
703,491,17,32
702,490,18,32
702,490,18,32
702,492,16,31
702,491,16,31
702,492,16,31
702,492,16,31
702,491,17,31
702,493,17,31
703,492,17,31
703,491,16,31
703,491,16,31
702,490,17,31
702,491,16,31
701,492,17,32
701,492,17,32
700,490,17,33
700,490,17,33
700,490,17,32
700,491,17,32
699,490,18,32
700,491,18,31
700,490,17,32
699,490,18,32
699,490,18,32
699,490,17,32
698,491,17,32
698,493,17,31
698,492,17,30
698,493,16,30
697,492,17,31
697,492,17,31
696,492,16,30
696,493,17,30
696,493,16,29
696,492,16,30
697,493,16,29
697,494,17,29
698,493,16,29
698,492,16,30
697,492,16,29
697,492,17,29
698,494,16,29
698,492,16,30
697,492,17,30
697,492,17,30
697,492,17,30
697,490,18,32
697,491,18,31
697,491,18,31
697,491,18,31
697,490,18,31
699,491,19,34
699,490,19,33
700,490,19,33
700,491,19,33
700,489,19,34
700,489,19,33
700,489,20,33
701,489,20,35
701,489,19,35
702,489,19,34
702,489,18,35
702,488,19,35
703,489,19,35
702,488,19,36
702,488,19,36
702,488,20,36
701,487,21,38
701,489,20,38
701,489,20,38
700,489,19,37
701,491,19,36
701,490,18,35
701,489,18,35
702,491,19,34
702,489,18,34
702,491,18,34
702,491,17,34
703,489,17,34
703,489,17,34
702,490,18,33
702,491,18,34
702,490,18,33
702,491,18,33
701,489,18,34
701,489,19,35
701,487,19,36
701,489,17,35
701,489,18,35
701,489,18,34
701,489,19,35
701,489,18,33
701,489,18,34
701,489,18,35
700,489,18,34
700,489,19,33
700,489,18,34
700,490,18,34
700,490,18,34
700,490,17,35
700,490,17,36
700,490,16,35
699,490,18,35
699,490,17,35
699,492,17,34
699,491,17,33
699,491,18,34
700,491,18,33
700,490,18,34
701,492,17,32
701,491,17,33
702,492,16,31
702,491,17,34
702,491,17,32
702,489,17,33
702,490,17,32
702,490,17,33
702,490,17,33
702,490,17,33
701,489,18,33
701,489,17,33
701,490,18,33
701,489,18,33
701,489,18,35
700,488,18,36
701,488,17,35
701,489,17,35
701,489,17,35
701,490,17,34
700,490,17,35
700,488,18,36
700,489,17,35
700,489,18,35
700,488,18,35
700,489,18,35
700,490,17,35
699,490,17,33
699,489,17,33
699,490,17,31
700,491,17,31
700,492,17,31
700,492,17,31
700,491,18,31
699,491,17,32
699,491,18,31
698,492,19,32
697,491,18,32
697,492,18,30
696,493,17,29
695,491,19,30
694,491,19,28
693,489,20,31
694,489,19,31
695,490,20,30
696,490,19,30
698,489,19,31
700,489,21,31
705,488,20,31
710,486,20,33
713,485,20,31
716,482,22,30
720,482,21,30
726,485,18,27
731,484,18,28
736,478,18,28
741,471,18,28
747,479,18,28
751,494,18,28
754,500,18,28
754,498,21,32
756,497,21,33
757,499,20,31
758,500,20,30
758,500,21,31
760,498,20,27
761,497,21,27
766,498,21,25
771,497,22,29
777,495,25,30
783,498,23,31
788,498,23,28
796,498,20,28
804,500,18,27
814,501,18,27
823,503,18,27
830,500,24,28
836,506,22,25
840,508,23,27
842,510,22,27
844,512,22,28
844,513,21,27
844,511,20,27
843,510,19,26
841,511,19,26
841,509,19,26
842,510,19,26
842,509,21,27
842,508,20,27
842,509,21,27
841,509,20,26
841,510,21,26
840,510,20,26
840,511,21,26
840,511,20,25
841,511,21,25
840,511,21,25
840,511,21,26
840,511,21,25
840,510,21,26
841,510,21,26
842,510,21,24
841,510,22,25
842,510,21,24
842,510,21,25
843,510,21,26
843,509,21,25
844,510,21,26
845,510,20,25
845,509,19,24
845,510,19,24
845,510,19,24
844,511,20,25
844,510,19,25
843,510,19,24
842,510,19,24
841,509,20,24
840,509,20,24
839,509,20,24
837,508,20,23
835,508,21,25
833,507,20,26
832,508,20,25
831,509,19,23
831,509,20,24
829,509,19,23
827,509,21,26
826,508,19,24
824,508,20,24
823,509,19,24
823,509,20,25
822,509,20,24
822,509,20,25
822,510,21,26
823,509,20,24
824,510,19,24
825,510,19,24
826,510,20,24
827,509,19,24
828,509,20,26
829,510,20,24
829,509,21,26
830,509,19,23
830,510,19,22
830,510,19,22
830,510,20,24
830,510,20,24
831,510,20,24
830,510,21,24
831,510,20,23
831,509,21,24
831,509,22,24
831,509,21,23
831,508,21,24
832,508,21,23
832,508,21,23
832,508,21,23
832,509,22,23
832,508,22,22
832,508,22,23
832,508,22,23
833,508,21,23
833,509,21,22
833,509,21,22
832,509,21,22
831,510,22,23
831,509,21,23
831,509,20,23
830,509,20,23
830,509,20,24
830,509,20,23
830,509,21,24
830,509,20,23
831,509,22,24
831,509,23,25
831,509,22,23
831,509,21,23
831,509,23,24
831,509,22,24
831,509,22,25
831,509,21,23
831,509,22,24
830,509,22,24
831,509,22,24
830,509,22,24
830,509,21,25
830,509,21,25
830,509,21,23
830,509,21,24
829,509,21,25
830,508,21,26
829,508,21,26
829,508,22,25
829,508,21,25
829,508,22,25
828,508,21,25
827,509,21,25
826,508,20,25
825,509,21,25
824,508,22,26
824,508,21,26
824,508,21,26
824,508,21,26
824,508,21,25
824,508,21,26
825,508,21,25
826,508,21,25
826,508,20,24
826,509,22,26
826,508,20,23
826,509,20,23
826,509,20,23
825,509,20,23
825,510,21,24
824,510,20,22
824,509,20,23
823,509,20,23
823,509,20,23
824,510,21,24
825,509,19,23
826,509,20,23
826,509,21,24
827,509,19,24
827,508,20,24
826,509,21,23
826,510,20,22
825,510,20,23
825,510,20,23
824,510,19,23
824,509,19,22
825,510,20,23
825,508,19,22
826,508,19,23
826,509,21,25
827,509,21,24
827,508,21,24
829,508,21,24
829,509,21,25
829,509,19,23
829,509,19,22
830,509,19,23
830,509,19,23
830,509,19,24
829,509,20,23
829,509,19,23
828,509,20,24
827,509,20,24
827,509,20,24
826,510,20,24
825,509,20,24
824,510,20,24
822,509,18,23
821,510,19,25
821,510,20,24
820,510,20,24
820,510,21,25
820,510,21,25
819,508,20,23
820,511,20,23
820,510,21,25
820,510,21,25
820,511,20,23
820,511,21,23
819,512,21,23
818,513,20,22
818,513,19,21
816,514,19,21
816,515,19,21
815,516,18,20
815,516,19,20
814,512,17,24
813,513,18,20
811,512,18,20
809,513,17,19
807,510,17,24
806,518,17,24
803,517,17,24
804,511,17,24
793,508,17,24
787,505,17,24
788,510,20,19
786,509,18,18
786,510,18,18
784,510,17,19
783,511,18,20
782,512,17,24
782,514,19,19
782,514,18,18
782,512,18,18
782,511,18,18
782,511,19,19
782,510,18,19
782,510,18,19
781,510,19,19
781,510,19,19
780,511,19,19
779,509,18,19
779,510,19,20
778,509,18,20
777,509,18,20
776,509,19,21
775,509,18,20
776,509,19,22
775,509,19,22
774,509,19,21
773,508,19,21
773,509,19,21
772,508,20,22
772,509,20,22
771,509,20,23
771,509,21,23
771,509,21,23
770,508,21,23
770,509,21,23
770,509,21,23
770,509,21,23
770,510,22,23
769,509,22,23
768,509,22,23
768,509,22,22
768,508,22,23
768,508,22,22
769,508,21,22
770,508,20,23
770,506,21,24
770,507,22,23
770,507,22,23
770,507,22,22
770,508,22,22
769,509,22,22
770,510,22,21
770,510,22,22
771,511,21,21
771,511,20,21
772,512,19,21
773,510,17,24
772,511,16,26
768,514,20,25
766,500,20,25
769,485,20,25
761,482,20,26
760,479,20,26
762,477,20,26
766,482,20,26
772,470,20,26
776,474,20,26
781,477,20,26
784,474,20,26
787,479,20,26
789,480,20,26
789,483,20,26
790,488,20,26
797,487,20,26
791,489,20,26
789,484,20,26
788,485,20,26
788,493,20,26
787,492,19,25
787,483,19,26
785,492,19,26
783,490,19,26
781,497,19,26
786,498,19,26
778,496,19,27
776,493,19,27
775,495,19,27
774,501,19,27
775,506,19,26
774,504,19,26
777,495,19,26
774,509,19,26
762,519,19,26
764,519,19,26
763,518,19,26
763,518,20,27
760,523,20,27
759,522,20,27
756,524,20,27
761,513,20,27
757,515,20,27
757,506,20,27
756,497,20,27
752,494,21,28
752,502,21,28
761,501,21,28
753,490,21,28
744,492,21,28
742,491,21,29
741,498,21,29
746,503,21,29
737,496,21,29
736,498,21,29
734,496,21,28
735,502,21,28
734,499,21,28
734,499,21,28
734,503,21,28
740,504,21,28
734,501,21,28
733,506,21,28
740,508,21,28
733,504,21,28
733,506,21,28
732,507,21,28
733,506,21,28
739,508,21,28
733,505,21,28
734,505,21,28
733,506,21,28
733,505,21,28
733,506,21,28
732,503,21,28
733,500,21,28
734,507,21,28
733,505,21,28
734,504,21,28
733,502,21,28
733,505,21,28
734,507,21,28
733,508,21,28
733,504,21,28
734,507,21,28
734,506,21,28
733,507,21,28
735,503,21,28
735,506,21,28
736,492,21,28
738,485,21,28
737,493,21,28
741,481,21,28
739,499,21,28
752,506,21,28
757,511,21,28
757,511,21,28
756,512,21,28
759,514,21,28
770,519,21,28
769,519,21,28
757,514,21,27
763,515,21,27
767,518,21,27
760,515,21,27
748,510,21,27
735,504,21,27
734,505,21,27
733,505,21,27
740,510,21,27
732,503,21,27
733,508,21,27
745,512,22,28
740,511,22,28
733,504,22,28
733,506,22,28
733,508,22,28
733,506,22,28
739,508,22,28
733,504,22,28
738,509,22,28
744,510,22,28
744,510,22,28
745,508,22,28
738,505,22,28
750,512,23,29
755,514,23,29
756,514,23,29
764,517,23,29
764,515,23,29
758,515,23,28
745,507,23,28
751,511,23,28
738,503,23,28
751,512,23,28
738,510,23,28
731,501,23,28
731,505,23,28
738,507,23,28
735,509,23,28
732,499,23,28
733,504,22,27
739,506,22,27
732,505,22,27
732,503,22,27
731,503,22,27
731,507,22,26
731,507,22,26
731,507,22,26
738,508,22,26
730,507,22,26
731,509,21,25
731,506,21,25
731,508,21,25
732,507,21,25
731,509,20,24
733,509,20,24
733,508,20,24
733,510,20,24
734,510,20,24
732,510,20,24
739,514,20,24
733,510,20,24
734,509,19,23
733,511,19,23
734,510,19,23
733,508,19,23
731,512,19,23
733,511,19,23
733,512,19,23
734,509,19,23
733,506,19,23
731,499,19,23
734,499,19,23
732,500,19,23
733,500,19,23
738,510,19,23
733,509,19,23
732,509,19,23
732,507,19,23
732,508,19,23
733,509,19,23
732,510,19,23
733,510,19,23
733,508,18,22
734,509,18,22
735,511,18,22
735,510,18,23
736,508,18,23
743,512,18,23
738,508,18,23
745,512,18,23
752,515,18,23
762,522,18,23
757,517,18,23
764,521,18,23
759,520,18,23
749,504,18,23
743,507,18,23
736,510,18,23
761,519,18,23
768,525,18,23
778,523,18,23
783,527,18,23
789,533,18,23
792,525,18,23
792,534,18,23
791,534,17,22
808,522,17,22
822,514,17,22
824,510,17,22
824,511,17,22
829,514,17,22
829,512,17,22
831,511,17,22
834,513,17,22
837,513,17,22
836,514,17,22
837,512,17,22
837,515,17,22
839,513,17,22
839,512,17,22
840,513,17,22
841,513,17,22
841,513,17,22
839,512,17,22
841,513,17,22
841,512,17,22
842,512,17,22
843,511,17,22
843,511,17,22
843,511,17,22
844,512,18,23
844,511,18,23
843,510,18,23
844,510,18,23
846,508,18,23
844,509,18,23
845,510,18,23
845,509,18,24
845,510,18,24
846,508,18,24
845,508,19,25
843,508,19,25
844,507,19,25
847,505,19,25
847,506,19,25
849,503,19,25
844,507,19,25
858,500,19,25
865,492,19,25
864,494,19,25
871,493,19,25
861,497,19,26
862,502,19,27
864,503,19,27
869,511,19,27
869,519,19,27
870,518,19,27
872,510,22,27
872,509,20,25
872,508,20,25
869,505,21,29
871,505,20,27
876,513,21,29
872,514,22,30
868,511,22,30
866,512,22,31
864,511,19,32
863,510,19,34
861,512,22,31
862,509,20,36
863,510,20,35
864,511,20,35
865,512,19,34
865,514,22,31
866,510,20,36
867,511,19,34
867,510,20,35
868,510,20,36
867,512,22,30
867,508,21,38
868,507,21,39
866,508,22,41
867,512,23,31
865,507,25,39
865,508,24,40
864,506,25,42
863,505,26,43
864,507,26,42
863,506,27,43
863,507,25,42
862,506,27,45
862,506,27,46
862,506,26,45
862,506,26,47
862,505,27,47
861,505,29,46
862,505,28,46
861,505,28,47
860,505,29,47
859,504,30,48
859,504,31,47
859,504,30,51
858,503,31,53
857,502,32,54
858,502,32,53
858,501,31,54
856,501,32,54
857,500,32,55
855,498,32,55
854,498,33,57
853,500,32,57
852,498,31,59
849,498,31,57
847,500,29,54
844,500,28,53
840,500,29,49
836,498,31,51
834,498,31,50
827,497,34,50
821,500,35,48
814,500,38,47
808,501,37,46
799,499,35,48
791,493,35,50
781,490,34,51
772,488,33,52
765,488,33,52
759,487,33,57
753,483,34,60
748,484,33,60
746,484,33,60
745,484,32,63
744,484,32,61
746,485,32,60
747,484,32,60
749,483,33,60
752,483,33,61
755,484,31,61
757,484,31,62
760,485,30,63
761,482,32,65
761,484,30,66
762,482,31,68
762,481,32,67
760,488,33,59
764,481,30,70
764,483,31,66
764,482,30,65
764,481,30,67
764,480,31,70
764,479,32,71
763,480,32,70
763,482,33,68
763,479,32,72
762,481,33,71
762,479,33,72
763,480,33,72
763,479,33,73
763,479,33,73
763,479,32,72
763,479,32,75
764,477,33,76
764,476,34,78
764,477,34,77
764,478,35,76
765,476,35,77
764,476,35,79
764,474,36,82
764,474,36,80
764,475,34,80
764,475,35,79
764,474,34,81
763,476,34,79
763,475,33,78
762,477,33,77
761,479,32,73
761,478,32,73
760,478,32,74
759,476,33,76
758,479,33,71
756,478,34,72
757,483,32,69
757,482,31,69
757,481,31,70
756,479,32,73
756,481,32,71
758,482,32,68
759,479,32,72
759,478,34,76
760,480,33,74
759,478,34,75
760,479,34,73
759,478,34,75
759,477,34,76
758,478,35,78
758,479,35,78
758,480,34,73
758,477,34,75
758,478,34,76
758,478,34,77
759,477,36,78
759,477,35,77
759,477,35,76
759,476,35,79
759,477,35,78
759,476,36,79
759,476,35,79
758,479,35,77
759,477,34,75
759,476,35,76
759,477,35,76
758,477,34,77
758,478,35,75
759,479,34,75
759,478,34,75
758,479,35,77
758,478,35,77
759,478,35,75
759,478,35,77
758,478,35,77
758,479,35,75
759,478,36,76
759,478,36,76
760,479,35,73
760,482,35,71
759,480,35,70
759,479,36,69
758,480,36,72
758,481,34,72
757,478,35,71
757,480,34,70
756,478,34,74
754,480,35,74
754,478,34,75
755,480,34,74
755,480,35,73
755,481,35,72
755,479,35,73
755,479,37,76
755,480,37,74
757,481,37,73
757,481,35,72
758,480,36,72
758,481,36,73
759,480,35,74
760,479,35,73
760,480,35,73
760,479,34,73
761,479,34,74
761,479,34,72
763,479,32,72
763,481,32,71
763,479,35,73
764,478,33,74
764,477,34,76
764,478,33,74
764,477,33,75
764,480,33,72
763,473,34,76
762,480,34,68
762,480,33,68
762,480,33,69
761,480,33,70
761,480,33,68
762,481,32,67
762,481,33,69
762,480,34,67
762,480,33,68
762,479,34,70
763,480,34,68
761,481,34,67
761,479,34,69
761,479,34,70
761,479,34,70
760,480,35,70
760,479,34,70
760,481,35,71
759,478,36,71
759,478,35,72
759,479,35,73
758,478,35,75
758,478,36,74
757,478,36,75
756,478,36,73
755,479,37,70
755,481,37,70
755,478,36,72
754,481,38,73
754,481,37,70
754,480,37,74
754,479,38,75
753,484,36,70
751,485,38,69
752,484,36,68
750,485,36,66
750,486,37,67
750,485,37,68
749,488,38,67
751,485,36,67
750,483,38,69
750,485,38,68
750,487,36,69
750,485,36,69
749,487,36,70
748,486,37,70
748,486,37,70
748,485,36,69
749,486,36,67
750,486,36,70
750,486,36,71
748,482,37,72
749,482,38,75
748,480,37,76
750,484,37,75
750,481,37,75
751,483,38,75
752,480,37,77
753,481,37,76
750,481,38,76
750,480,38,76
750,480,38,78
750,481,39,76
752,479,37,77
752,480,37,78
754,481,37,77
753,479,38,77
754,477,38,80
755,480,38,77
756,480,37,76
757,481,37,75
760,479,36,74
760,477,36,78
760,477,37,77
759,477,38,75
760,480,36,75
760,478,36,73
761,477,36,76
761,479,34,75
761,477,37,78
760,477,37,77
760,477,37,76
761,478,36,76
760,478,37,75
759,477,37,76
759,477,37,77
760,478,37,78
759,479,37,73
759,478,37,76
759,478,37,74
759,476,36,75
760,478,37,74
761,479,35,74
761,478,36,72
761,477,36,74
761,478,36,73
762,477,37,74
762,477,37,75
762,478,37,73
761,475,38,74
762,476,37,74
763,478,37,72
763,478,36,74
763,478,37,72
761,478,37,73
761,479,37,74
761,477,38,76
761,477,38,76
760,479,38,75
759,477,38,76
761,477,38,78
760,479,38,76
758,478,39,74
760,477,39,77
758,477,40,78
759,477,39,78
759,478,39,78
758,477,39,77
758,479,38,76
758,479,39,75
758,478,40,77
757,476,40,77
756,476,41,78
758,476,40,79
757,475,41,80
757,475,40,81
757,474,40,82
757,475,40,82
757,475,39,84
755,473,40,84
755,477,40,79
754,477,40,80
754,479,38,79
754,480,38,77
753,478,39,79
754,479,37,78
754,480,38,78
753,479,39,78
753,480,39,76
754,479,38,76
755,480,37,77
757,479,37,77
756,480,38,79
757,475,39,79
759,477,38,76
758,479,38,77
759,478,37,76
760,479,37,77
759,479,37,75
759,479,37,74
759,480,37,72
759,479,37,71
759,480,37,69
758,481,38,70
758,480,38,71
759,479,37,70
759,480,37,72
759,481,38,71
760,479,37,70
759,481,37,69
759,481,36,69
758,479,37,72
756,482,37,68
755,480,38,66
756,482,37,68
756,483,37,70
757,481,37,68
756,482,37,67
757,482,37,69
757,481,38,69
756,481,38,65
757,482,38,68
757,480,38,70
758,480,38,71
759,479,37,71
759,480,36,71
759,481,36,69
760,481,36,70
761,481,35,69
760,479,37,70
759,481,37,69
759,482,37,68
758,482,36,67
758,482,37,67
757,483,36,69
756,482,37,70
757,483,36,67
758,482,36,69
756,483,36,66
756,480,37,66
757,481,36,68
759,481,36,66
759,483,36,66
758,481,37,68
758,482,37,67
758,481,38,69
758,481,38,70
758,482,39,72
758,479,39,72
759,481,38,73
758,481,38,69
757,481,38,70
758,482,38,71
757,483,37,67
756,482,38,68
755,482,38,71
754,484,39,68
754,485,37,66
754,484,37,66
754,483,38,66
754,484,38,66
755,484,38,66
754,484,39,68
755,485,38,67
754,486,38,66
755,484,37,66
754,484,38,66
754,486,37,67
752,485,37,68
751,484,39,66
751,485,38,67
749,485,39,68
748,485,39,66
747,485,40,69
748,483,40,70
748,485,40,70
750,484,40,69
750,482,41,71
751,484,40,72
753,481,39,72
755,482,38,71
756,480,38,72
756,480,38,74
756,479,39,74
757,480,39,72
756,479,39,72
757,481,39,72
758,479,38,73
758,480,38,72
758,480,38,70
757,481,37,70
760,482,36,69
760,480,36,69
760,481,36,70
760,480,38,71
760,479,37,72
761,480,37,72
761,479,38,72
762,479,37,71
760,480,38,70
761,479,38,70
761,480,38,70
760,481,39,68
761,480,38,67
761,479,37,71
761,480,37,71
759,479,39,71
758,478,39,73
757,478,40,73
756,480,40,72
758,477,39,73
756,478,40,74
756,477,40,76
755,479,40,73
755,478,39,70
754,480,40,71
754,482,39,71
755,481,40,70
754,483,40,66
755,482,39,71
756,482,39,71
757,480,39,72
757,481,39,70
755,482,41,70
757,481,40,72
756,482,40,72
754,482,41,70
755,482,40,69
754,479,41,69
755,482,39,70
755,482,39,70
755,483,39,69
756,482,39,70
757,483,38,67
760,479,38,69
761,479,38,69
762,479,38,72
763,479,37,72
761,479,37,72
762,479,38,72
762,478,38,73
761,478,38,75
761,479,38,70
760,481,37,71
759,477,39,74
759,477,40,72
761,478,38,74
763,480,37,72
760,478,38,73
760,478,38,71
760,479,37,72
761,478,38,74
759,478,38,74
760,477,39,75
759,477,40,75
759,479,41,75
760,478,41,76
759,477,41,75
758,477,42,75
757,478,42,76
757,477,41,77
758,479,42,75
757,479,40,73
758,479,40,73
757,479,41,73
758,479,40,74
757,477,41,76
757,478,41,76
756,477,40,75
758,480,40,74
759,478,39,74
758,480,40,73
758,478,39,72
756,479,39,71
757,480,39,71
757,479,40,71
756,481,38,70
757,480,40,71
757,477,40,72
756,479,39,71
758,478,38,72
758,479,40,73
757,478,40,71
757,476,40,73
759,479,39,72
759,480,39,71
759,479,40,70
761,478,39,70
763,479,38,71
761,478,39,71
762,477,39,73
761,477,39,71
762,478,38,71
761,478,39,70
761,479,39,71
762,478,39,72
763,478,40,69
762,478,40,73
760,479,40,73
760,479,41,73
760,480,39,71
759,479,41,72
758,479,39,70
759,481,39,71
758,480,39,68
758,481,39,69
756,480,39,69
756,480,39,70
756,481,38,68
756,481,38,70
755,480,39,69
757,479,39,71
756,479,39,71
757,480,39,70
756,479,39,71
756,480,39,68
758,480,39,69
757,482,38,70
757,479,38,68
758,481,38,70
758,479,39,69
759,481,37,68
760,480,38,69
759,480,37,68
758,481,37,67
757,481,38,68
757,481,38,67
756,481,37,67
757,480,38,69
757,479,39,71
757,479,40,73
756,479,41,75
755,479,41,75
756,479,41,74
756,478,41,75
757,480,39,75
757,479,39,72
757,479,41,74
758,479,40,73
759,480,39,71
759,480,40,73
759,479,40,72
759,480,40,73
759,480,40,72
760,480,39,72
758,481,39,69
761,480,38,70
759,480,39,68
760,479,38,71
760,480,39,71
761,479,38,72
760,479,40,72
759,480,40,71
757,481,40,72
760,479,39,72
759,479,40,72
758,480,40,71
758,480,39,71
757,480,40,72
755,481,40,72
755,479,41,74
755,479,41,74
754,479,41,75
754,480,41,74
755,480,42,75
756,480,41,74
757,479,41,73
756,479,41,74
757,480,40,74
757,479,40,75
757,479,40,73
758,479,40,73
755,478,42,75
756,480,41,74
755,479,42,76
754,478,42,74
756,478,41,75
755,480,42,74
756,479,42,73
754,479,42,75
754,479,41,74
755,478,40,75
756,480,40,73
754,480,40,72
755,480,40,73
755,480,40,71
755,480,40,72
756,478,40,73
757,479,40,72
758,479,39,72
758,480,39,70
760,480,37,72
759,479,39,73
757,479,40,73
755,480,41,75
755,478,41,77
755,479,40,75
752,479,40,77
752,481,41,75
751,481,40,75
751,483,40,74
748,481,40,75
748,482,40,78
747,482,41,75
746,482,43,74
746,484,41,73
745,484,41,75
743,481,43,78
745,483,42,76
743,482,42,74
742,483,41,77
742,482,43,77
742,481,42,76
742,481,43,76
743,482,42,77
742,482,42,77
742,481,42,76
743,481,43,76
743,481,42,76
743,481,42,77
745,480,44,80
744,480,44,79
742,480,44,79
742,480,45,80
743,479,43,83
743,479,46,81
745,479,44,80
746,479,44,80
747,479,44,79
747,480,43,78
748,480,43,79
745,479,45,76
745,482,43,77
744,480,44,79
744,481,43,79
743,481,44,77
743,481,43,78
742,482,44,75
746,483,42,76
746,483,43,76
747,482,43,77
746,480,44,77
746,480,43,78
745,479,45,77
747,482,42,77
748,481,42,78
749,482,40,76
750,482,39,77
752,480,40,76
754,482,39,77
756,481,41,74
760,477,42,77
762,477,41,77
764,476,41,79
763,477,42,77
765,477,40,77
766,476,39,77
765,475,40,78
765,477,40,74
764,479,40,72
764,476,40,76
764,476,39,75
763,477,40,75
763,479,39,75
761,479,39,73
760,476,40,75
760,478,39,76
758,477,41,76
760,480,38,75
760,476,40,76
757,477,42,75
759,476,40,75
758,478,40,74
759,478,41,73
760,479,41,70
760,479,40,70
762,480,39,69
760,480,39,69
760,482,36,70
759,483,36,67
758,482,36,66
757,482,37,67
756,483,36,69
755,485,36,68
754,485,37,67
751,485,36,67
746,489,36,64
743,488,37,63
740,487,37,61
736,487,38,59
730,485,41,58
725,481,45,59
721,483,45,57
720,484,44,58
715,483,44,58
714,484,43,60
709,479,44,64
708,477,44,69
708,481,44,67
704,478,45,68
704,476,46,72
703,475,47,76
703,474,47,76
702,472,49,77
702,472,48,78
703,472,46,77
703,473,48,77
703,476,46,76
701,473,48,78
701,475,45,76
700,479,44,72
700,477,44,75
698,474,43,77
699,479,43,75
701,478,43,76
701,476,44,77
704,475,42,74
704,476,42,75
705,474,44,78
705,474,44,75
705,475,44,74
705,474,45,76
703,474,46,76
703,474,46,78
702,475,45,78
702,475,45,77
700,474,46,77
700,473,46,80
701,474,46,78
701,473,45,78
702,473,45,77
703,473,45,79
703,473,45,80
704,473,44,78
704,473,44,77
701,472,47,80
702,473,45,76
701,476,44,78
700,474,45,79
700,475,44,78
700,476,43,78
700,476,43,78
698,478,43,78
700,476,44,80
700,473,43,81
697,477,44,80
700,474,42,79
699,476,43,80
698,472,44,83
698,472,45,82
699,472,44,80
695,473,46,80
693,474,47,80
694,472,46,80
694,473,46,77
695,472,46,77
694,470,46,76
696,467,46,78
697,469,46,79
697,471,46,78
698,473,43,77
704,475,40,73
707,477,40,71
709,480,40,70
710,480,41,70
713,480,42,69
715,480,44,71
721,481,43,68
723,480,45,66
726,482,44,62
730,484,43,60
733,480,42,64
740,482,38,67
745,484,37,66
748,484,38,69
752,485,37,66
756,484,37,69
758,484,36,72
761,483,37,73
764,479,38,76
763,479,38,75
766,479,38,78
768,477,39,79
769,476,38,80
770,478,38,77
771,478,37,77
772,476,37,81
772,474,39,82
770,475,41,81
770,476,42,81
767,477,43,78
768,478,42,77
768,478,41,78
765,475,43,83
765,473,43,84
763,479,45,77
762,482,47,74
761,478,48,75
761,478,48,73
761,476,48,77
759,477,47,76
761,478,45,76
761,479,45,75
761,478,45,74
760,478,45,76
758,477,46,75
758,479,45,74
759,476,43,77
757,476,44,76
756,478,44,74
756,474,42,77
755,475,43,76
756,475,40,74
756,474,37,74
755,474,37,74
755,475,36,72
755,479,37,69
755,478,40,72
754,479,43,71
755,479,43,73
755,481,44,73
755,477,46,77
757,476,46,80
756,477,47,79
756,478,46,80
759,476,46,81
759,480,45,77
759,479,45,78
760,478,42,76
760,474,42,78
761,477,43,76
761,478,43,74
762,478,41,73
762,473,42,80
759,476,42,76
758,477,42,77
755,480,42,75
756,480,42,75
755,482,42,76
754,479,43,79
755,482,42,76
754,482,40,73
757,484,39,71
755,482,39,72
757,480,37,75
755,479,37,77
756,477,37,80
756,477,37,79
755,478,38,80
754,479,38,78
754,479,38,79
753,478,38,81
753,479,38,78
752,483,36,73
751,484,35,72
752,483,36,72
753,481,37,75
752,481,37,75
751,481,37,74
751,481,37,74
751,481,37,75
751,482,38,75
751,482,37,75
752,479,40,77
750,482,37,76
752,478,38,78
751,480,37,77
751,478,39,80
749,477,40,79
748,476,39,81
749,476,40,79
749,476,39,82
749,478,38,79
749,477,39,79
749,477,40,80
749,478,39,77
749,479,37,75
749,481,37,77
749,480,38,77
747,481,41,77
746,482,44,77
745,483,45,76
742,480,47,78
743,481,46,78
746,480,45,80
747,478,45,77
748,478,44,82
747,479,43,80
748,478,43,83
749,479,43,81
748,478,43,81
747,478,42,80
742,479,44,79
738,481,43,80
735,484,44,76
736,484,45,71
735,485,44,74
740,483,43,74
741,482,42,72
744,481,41,75
746,482,40,77
746,482,40,78
746,481,41,79
745,482,42,80
748,482,39,75
746,482,39,78
750,482,39,79
748,482,40,79
749,482,41,77
751,480,40,76
752,480,39,78
754,481,38,76
757,482,38,75
756,482,38,76
754,482,39,77
756,482,39,78
755,481,39,76
754,481,39,76
755,479,41,81
754,479,41,80
753,478,41,80
755,479,40,81
756,478,41,81
757,476,40,84
755,479,40,82
759,477,40,83
760,475,40,86
759,475,40,85
759,474,40,87
759,476,40,85
759,473,40,85
758,475,39,84
759,474,41,85
758,475,40,84
756,475,41,84
757,474,41,83
755,476,42,83
755,472,43,89
755,473,43,86
754,473,43,86
755,474,41,88
756,472,43,89
755,476,41,85
753,476,41,85
751,475,41,85
747,477,42,84
747,477,42,84
748,478,43,84
748,476,43,85
749,479,42,82
749,477,42,80
750,480,42,79
751,479,41,81
749,479,41,83
750,479,42,81
750,479,42,81
749,479,42,82
749,480,42,81
749,478,42,81
750,481,40,79
750,480,40,78
750,479,41,78
749,478,41,80
750,478,41,81
749,477,41,80
749,478,41,81
750,477,42,81
753,478,40,82
750,479,40,78
750,478,41,80
751,478,40,79
752,480,39,78
753,482,38,75
754,483,38,74
754,482,38,75
752,480,39,77
752,481,38,78
752,483,37,76
751,482,38,77
750,479,38,78
750,481,38,77
750,482,38,76
748,481,38,76
748,481,37,77
746,481,38,79
748,481,38,77
746,480,40,81
748,484,38,75
748,482,39,76
748,482,40,77
749,483,39,77
749,480,40,79
749,478,41,77
749,480,40,77
749,482,40,79
747,483,40,77
746,483,40,76
746,482,40,79
744,484,41,79
743,483,41,75
742,486,39,74
744,486,39,72
742,486,40,74
743,485,39,72
744,486,39,72
743,483,40,75
747,484,39,73
747,484,39,75
748,486,38,74
748,482,39,76
749,481,39,76
749,482,39,75
748,481,39,75
748,484,38,74
747,483,38,76
745,481,41,74
747,483,40,76
743,482,41,77
743,482,41,79
739,483,42,77
736,483,43,78
735,484,44,77
736,482,44,78
735,486,45,76
732,484,47,77
734,485,45,77
733,484,44,77
735,485,44,73
737,484,43,71
739,487,42,74
739,485,44,74
739,484,44,76
739,485,44,72
740,485,44,73
742,484,44,74
742,483,44,75
743,484,44,72
746,484,42,73
748,483,40,72
748,484,40,73
750,483,41,74
750,480,42,77
750,481,41,77
753,478,41,80
748,482,42,75
751,482,42,78
752,480,42,76
751,482,42,76
752,481,41,77
752,480,41,76
752,482,41,77
752,481,40,76
752,481,40,77
751,480,41,75
753,478,42,78
750,479,43,78
752,478,43,78
750,481,42,79
748,481,42,78
746,485,41,77
742,485,42,75
740,484,41,75
737,486,44,72
737,484,45,75
734,486,45,72
734,489,45,70
735,488,45,70
736,487,44,70
736,485,44,73
735,486,46,76
736,482,46,77
738,482,46,80
739,482,45,79
740,482,45,79
742,480,45,78
742,479,45,80
745,479,43,78
745,480,42,79
747,482,41,75
749,482,41,76
750,482,41,76
750,478,42,78
751,479,41,77
748,480,42,77
748,481,42,75
747,482,42,76
748,482,42,75
745,483,42,76
746,481,43,79
745,480,44,77
745,482,45,78
748,482,44,79
747,482,42,75
747,481,42,75
748,483,41,73
748,485,41,71
747,485,40,71
746,485,41,73
745,486,40,71
745,484,41,71
745,484,41,70
747,484,40,73
748,484,40,73
749,483,39,73
746,484,41,73
746,481,43,76
746,480,43,77
747,483,40,73
746,482,41,73
747,484,42,74
746,483,43,73
745,484,43,74
746,484,43,75
746,483,42,73
746,484,44,73
745,483,43,74
745,486,41,74
745,483,42,73
746,483,41,72
745,484,41,72
745,485,41,72
744,486,41,71
745,485,42,72
744,485,43,71
742,488,42,71
741,486,44,72
740,487,43,72
740,489,42,70
740,488,43,71
740,488,42,73
741,488,42,69
740,488,42,71
740,490,42,68
740,486,44,71
739,489,44,71
740,488,43,71
740,488,43,72
740,488,42,70
742,491,42,69
742,489,42,69
742,488,42,69
743,488,41,69
746,486,40,69
747,485,39,70
749,484,40,71
752,484,39,73
753,481,40,75
753,482,38,74
754,481,39,73
756,481,39,76
751,483,39,77
747,484,39,71
742,483,41,73
737,485,43,69
733,487,45,67
731,485,47,65
731,488,49,63
732,487,48,62
735,491,46,59
736,490,47,60
738,491,44,60
743,492,42,61
747,492,39,61
749,492,39,61
749,492,39,63
751,490,38,65
750,489,39,65
752,488,38,67
751,487,39,69
751,487,41,69
754,486,40,74
755,486,40,71
754,486,40,74
753,485,43,79
752,485,44,76
753,484,45,79
751,483,45,79
752,484,45,81
752,484,44,81
748,484,46,80
750,484,46,78
748,483,46,78
750,486,45,75
748,488,44,72
749,487,44,74
749,486,44,76
747,487,45,72
747,488,44,75
748,486,44,75
747,487,44,71
746,485,42,72
746,487,42,72
745,488,42,73
744,488,41,72
746,488,40,71
745,487,39,69
743,489,39,67
743,488,38,67
738,492,39,63
732,489,41,60
730,491,42,58
724,491,43,54
719,489,47,52
716,490,48,52
705,487,55,53
705,488,52,55
698,485,52,57
696,483,52,62
689,481,52,66
689,481,50,70
684,479,50,73
682,479,48,75
680,477,47,75
678,477,46,78
675,474,47,81
674,477,47,80
672,482,48,77
671,480,48,80
672,481,49,79
672,483,49,78
673,488,49,74
675,482,48,82
677,484,46,79
676,481,44,83
676,482,45,80
676,482,44,79
677,479,42,81
678,480,42,83
680,480,43,78
679,482,41,73
683,478,42,80
682,476,43,82
684,475,41,82
684,476,41,79
685,476,42,82
686,473,41,83
688,475,41,82
688,476,41,81
690,473,43,84
689,473,43,85
689,473,43,87
692,471,44,89
691,471,43,87
692,471,43,88
694,468,43,91
693,472,43,90
693,471,42,90
694,469,46,93
693,470,45,92
694,473,45,90
696,467,45,93
694,471,45,91
696,469,44,91
696,469,43,89
696,467,44,93
696,464,43,95
696,465,43,95
697,466,45,93
698,463,42,97
697,465,44,94
697,467,43,92
697,467,44,93
697,467,44,93
699,466,46,93
698,463,44,94
698,469,43,90
699,466,43,93
698,471,42,90
698,470,42,91
698,468,42,91
700,467,44,91
699,466,44,93
700,464,43,94
699,467,43,93
698,470,42,92
699,466,45,93
699,466,43,93
698,469,43,93
699,463,45,98
699,462,45,100
700,462,45,99
699,462,46,98
698,465,45,96
698,463,43,97
699,460,43,99
699,467,42,96
700,464,44,97
701,469,44,94
700,465,42,95
701,466,43,95
701,465,43,97
701,467,41,94
702,466,43,93
701,466,41,92
702,465,42,93
702,464,44,93
701,464,45,96
702,462,44,95
700,464,42,95
701,462,45,95
700,461,43,98
700,463,43,97
700,461,44,99
699,461,45,101
699,458,45,103
697,462,45,101
698,463,46,102
697,463,43,100
697,464,44,99
697,464,44,96
698,466,43,95
699,462,43,97
698,465,43,97
697,465,45,97
699,461,45,100
699,463,45,98
698,464,44,98
700,464,45,97
700,464,43,96
700,466,43,94
699,467,44,94
700,467,44,94
697,464,44,97
697,466,45,97
699,465,44,95
697,468,42,94
699,466,43,96
697,464,43,96
697,465,43,97
695,467,44,96
696,464,45,97
696,463,45,97
695,468,46,96
695,464,45,99
695,465,45,98
695,466,47,97
695,468,47,96
696,462,46,101
698,463,45,99
698,467,45,96
698,465,45,95
698,467,45,93
697,465,45,95
700,462,46,96
699,467,45,93
698,464,46,96
698,464,46,97
701,463,48,98
699,461,48,101
699,461,45,100
698,459,47,103
697,460,47,103
698,461,47,101
697,463,47,99
696,461,46,101
696,460,46,100
693,463,47,101
692,463,47,102
693,463,47,101
692,463,46,100
692,464,46,100
693,463,47,102
690,462,47,106
693,459,49,106
693,464,48,101
693,462,47,101
694,465,46,99
694,467,44,96
695,466,46,96
697,466,45,94
695,463,44,97
697,465,45,97
695,464,45,97
696,464,45,97
694,461,45,101
696,463,45,99
695,459,44,102
696,461,47,101
695,462,47,99
694,460,46,104
695,459,46,105
693,459,45,103
694,457,46,103
693,457,47,105
692,459,46,103
692,462,49,105
697,458,47,104
692,462,47,102
691,461,47,102
692,462,48,101
692,464,46,99
693,462,46,101
692,467,47,97
694,466,46,98
692,464,46,100
691,462,46,103
691,464,47,100
691,464,47,101
692,462,47,102
692,465,49,100
693,462,48,102
695,463,47,99
694,463,48,101
692,465,48,98
692,460,46,102
694,460,48,100
690,463,47,100
690,467,49,98
690,462,50,101
688,466,47,100
689,464,49,101
689,462,48,102
688,465,47,100
690,465,48,99
689,465,48,99
688,466,48,100
690,463,48,103
689,462,48,102
688,464,47,102
688,464,47,101
689,465,48,102
688,460,48,104
690,463,48,104
688,464,48,102
688,463,47,102
689,461,47,103
688,467,47,100
688,464,46,99
685,466,48,99
686,468,48,100
686,468,49,98
684,468,48,97
683,469,49,100
684,466,51,101
683,473,48,94
686,471,49,97
686,469,48,97
686,473,47,94
689,469,47,96
691,470,47,93
695,466,48,94
696,467,45,92
698,465,47,98
700,468,47,95
699,465,44,96
719,476,60,89
720,478,65,82
724,488,73,73
729,486,74,68
705,470,42,91
705,465,42,98
710,462,43,102
716,460,42,101
720,457,43,102
737,467,49,89
756,479,57,76
769,502,59,69
763,495,65,76
755,476,51,92
763,471,49,98
769,476,51,94
776,479,50,90
774,477,65,94
794,492,70,84
804,487,70,85
816,484,69,85
824,482,70,86
838,481,66,92
852,485,60,91
858,487,58,90
865,491,55,86
874,493,53,86
874,491,54,89
878,490,53,93
879,492,53,94
879,488,51,96
880,488,52,95
886,486,53,98
889,490,51,96
891,487,49,96
897,487,49,95
897,488,50,94
894,486,52,95
896,491,51,92
898,488,51,91
897,489,50,90
896,491,50,89
895,489,49,90
896,486,50,93
896,488,52,92
893,484,53,94
891,485,54,95
892,486,55,96
891,486,56,95
892,485,56,95
892,486,57,96
891,487,56,96
894,485,55,97
890,484,57,99
891,485,57,101
889,483,57,102
891,485,57,99
892,483,56,98
894,483,56,99
893,483,55,98
891,484,56,100
892,483,56,99
892,483,55,98
891,485,55,97
892,483,56,98
892,484,56,98
887,484,56,100
888,485,57,99
890,488,58,97
888,487,56,99
887,486,57,98
886,484,57,101
892,480,56,101
887,481,58,100
887,483,56,102
889,483,56,99
888,484,55,101
892,484,56,100
892,482,56,101
889,481,57,105
890,481,56,102
893,486,55,99
891,485,53,98
895,483,54,98
891,481,53,99
894,485,54,99
890,485,54,100
891,487,54,100
892,486,53,98
892,485,55,98
893,482,56,98
893,485,56,97
892,484,56,98
889,482,55,99
887,484,55,100
885,486,55,98
881,486,55,100
879,485,55,100
881,489,55,95
880,487,55,98
880,487,54,99
880,487,54,97
881,490,54,94
880,486,53,98
886,489,53,93
884,486,53,96
890,488,52,93
888,490,51,94
891,490,51,94
893,487,49,96
894,487,48,96
894,487,49,95
896,484,52,98
894,486,53,98
898,485,53,95
892,484,55,101
892,485,55,99
891,485,56,102
894,485,55,99
890,483,53,102
888,485,53,102
883,480,54,105
883,485,53,104
881,489,53,99
879,484,54,103
881,486,53,99
879,486,55,99
882,484,55,100
882,487,53,100
886,485,51,101
890,486,52,99
891,486,51,97
892,485,50,100
889,485,51,101
894,484,53,99
892,486,53,99
892,484,53,100
891,482,54,102
892,486,53,100
891,485,54,100
890,483,54,98
889,488,54,98
889,489,54,97
880,487,54,97
880,484,54,99
881,487,56,98
878,490,54,98
881,491,55,94
881,490,54,96
882,484,53,97
884,487,52,95
884,487,51,95
887,487,51,96
887,488,52,98
890,489,51,96
890,490,50,97
888,486,50,98
890,488,51,97
892,488,51,92
890,488,50,91
892,488,49,93
892,488,52,93
889,488,51,97
891,488,53,96
889,486,52,98
887,488,51,95
885,486,51,95
882,488,51,95
880,485,52,97
882,487,52,97
883,486,54,98
883,487,54,97
880,487,54,96
883,487,53,97
884,486,53,97
882,488,50,95
882,488,52,96
883,491,50,94
884,490,52,93
883,491,50,93
883,490,49,94
884,489,50,93
885,490,50,92
884,487,50,97
886,484,52,99
883,487,50,95
887,488,50,93
884,487,51,95
881,484,52,99
881,490,53,94
879,484,55,100
877,487,52,93
877,491,53,90
874,490,52,85
872,493,53,89
873,493,52,87
872,492,52,88
872,491,53,90
875,492,53,88
874,489,53,92
875,491,53,91
875,492,53,91
874,489,53,93
880,492,52,89
877,490,51,91
879,490,51,92
879,490,50,91
878,487,51,94
880,488,49,95
883,488,49,94
885,489,48,92
887,491,47,90
889,492,46,89
887,491,48,91
885,489,47,93
883,486,46,93
882,487,46,93
878,495,47,83
870,495,47,81
861,498,48,75
845,505,58,64
841,509,59,60
828,504,64,58
813,491,50,65
807,497,53,70
795,493,59,70
780,483,76,76
777,484,78,78
797,483,77,77
812,480,50,94
813,483,49,90
816,480,50,93
817,482,45,85
818,486,45,79
822,477,48,88
825,465,49,92
826,465,51,89
827,462,52,92
829,461,53,90
833,461,53,88
838,460,52,91
840,458,50,98
845,461,47,92
851,457,50,95
856,458,49,93
861,463,49,90
868,466,51,88
871,464,53,89
878,466,52,95
884,476,56,96
894,468,53,100
903,475,53,98
906,483,55,92
908,481,54,93
908,482,55,92
910,480,53,93
906,477,58,93
908,473,55,97
913,478,53,89
914,477,58,84
918,478,56,82
919,479,54,81
921,482,55,80
920,484,55,81
920,488,56,79
919,490,58,78
917,488,60,82
918,488,60,81
920,487,61,84
919,487,62,82
921,484,60,84
919,484,62,85
918,479,62,90
918,478,63,92
919,472,61,96
918,465,60,103
914,473,65,101
917,466,62,104
915,471,62,104
918,475,59,97
915,476,60,97
912,474,61,100
911,467,60,105
912,473,58,100
909,474,57,100
904,465,59,109
906,471,54,104
904,468,54,106
899,470,58,109
898,470,61,107
898,465,58,108
896,464,59,111
890,463,63,110
888,459,65,116
888,458,67,116
884,459,67,112
881,463,66,109
871,457,70,122
871,457,70,123
874,462,71,119
881,462,68,117
882,472,70,106
881,467,68,112
885,469,66,109
883,468,69,109
885,470,68,107
881,467,70,112
882,473,71,104
883,471,71,106
883,476,72,101
880,469,72,109
882,473,71,103
881,477,72,99
883,478,69,97
882,475,68,100
880,476,70,98
882,471,68,102
882,472,67,101
880,474,70,99
881,474,68,99
878,470,69,105
880,471,66,102
876,470,70,103
875,467,69,106
876,469,68,103
875,472,68,101
876,470,67,103
875,473,68,102
876,472,67,103
873,470,68,106
871,470,70,109
872,471,71,106
871,469,70,110
872,474,70,104
871,471,71,108
871,475,72,105
869,470,72,111
873,475,70,104
872,470,70,109
871,470,72,110
873,468,70,112
872,473,71,108
871,477,72,103
874,477,71,101
873,476,69,101
876,476,68,100
874,479,70,99
875,479,68,98
875,478,67,99
878,481,66,94
875,479,67,97
876,480,66,95
877,478,64,97
876,477,66,99
876,477,66,98
876,477,65,97
878,483,64,89
880,484,64,89
878,484,65,91
877,482,65,92
878,484,64,88
878,486,64,87
878,485,62,88
879,485,62,87
878,486,64,87
878,486,64,87
880,488,63,85
877,490,64,84
878,486,64,88
877,487,65,88
876,485,65,89
878,489,64,84
879,490,62,82
878,492,63,83
877,489,63,85
876,490,64,83
878,489,63,85
878,490,62,84
878,487,61,87
878,488,61,84
877,481,60,91
878,485,63,87
880,485,61,86
880,485,61,86
880,482,60,87
880,481,61,89
880,483,61,87
881,478,60,91
881,479,59,91
880,477,61,93
879,472,60,98
878,470,59,101
875,467,58,109
871,465,59,110
868,468,58,107
868,459,57,115
868,464,57,110
865,459,57,111
867,458,55,111
862,456,59,112
854,449,60,118
842,447,62,118
835,454,66,116
824,446,63,121
820,448,59,120
811,443,62,125
803,455,66,116
794,473,72,100
787,448,71,123
779,440,70,123
759,457,98,98
762,446,71,113
764,472,66,98
802,469,61,99
786,460,66,112
786,455,64,120
783,457,64,120
779,460,66,118
779,462,64,114
772,460,64,116
767,466,67,114
760,458,70,118
755,473,70,110
752,472,69,109
750,468,68,109
754,457,64,115
753,448,65,122
750,455,63,118
742,435,64,128
741,448,67,114
732,448,67,111
726,447,62,108
722,448,58,107
722,442,57,114
710,445,59,117
702,445,64,118
679,458,107,107
698,443,65,117
694,446,67,121
697,438,63,125
698,433,64,133
698,442,64,129
697,442,61,130
697,434,62,131
699,427,61,131
700,432,58,135
698,423,64,133
695,431,62,134
695,435,64,136
691,433,66,142
688,445,68,129
682,452,70,124
672,458,73,120
667,459,77,118
660,464,80,117
659,467,76,110
661,466,75,111
662,473,75,106
664,474,70,103
666,477,71,97
668,475,66,99
669,474,65,99
670,469,64,106
672,467,65,110
673,465,63,114
683,466,62,113
688,460,62,119
688,456,61,123
692,461,61,119
693,457,56,121
697,456,55,123
698,455,59,120
699,460,57,118
700,461,57,114
700,466,58,109
698,470,55,105
701,465,58,107
703,462,54,105
702,462,54,112
702,464,55,109
702,464,57,109
702,464,56,111
701,464,53,108
702,465,55,106
701,469,52,103
704,470,59,100
703,470,57,100
705,472,55,99
704,472,54,97
703,473,55,97
701,472,57,99
702,471,56,97
701,474,55,95
703,471,56,97
702,470,57,98
699,470,56,101
701,471,55,99
699,474,53,97
700,477,52,92
702,471,52,96
698,473,51,94
701,476,50,91
700,479,50,90
701,477,50,89
701,475,51,91
702,478,50,90
702,474,51,91
701,472,53,95
700,472,53,96
702,473,52,97
701,473,52,95
704,470,52,97
705,476,51,91
705,472,52,94
703,473,54,95
703,471,52,94
704,473,52,94
702,472,52,96
703,478,52,92
698,476,53,93
700,473,54,93
699,477,55,92
697,478,53,92
696,476,52,94
700,477,54,90
699,481,53,88
701,477,53,91
700,476,52,90
699,476,52,91
704,475,52,90
703,478,51,87
702,476,51,89
704,477,50,85
706,478,47,84
706,480,47,81
707,476,48,85
707,476,48,86
708,475,48,86
711,474,48,88
710,471,48,88
712,474,48,88
709,476,49,86
709,474,48,86
712,480,48,83
711,478,48,83
710,477,49,85
711,472,48,87
709,477,47,84
710,476,47,85
708,477,48,86
709,479,48,84
711,478,48,84
710,477,48,86
708,476,49,87
709,475,48,87
704,478,49,86
704,479,49,86
703,477,50,87
702,478,50,86
702,479,49,87
702,478,52,87
702,483,51,84
702,478,52,87
704,478,52,89
704,476,52,91
702,477,51,91
701,477,52,92
703,478,52,91
706,476,53,91
706,475,52,92
705,477,52,91
705,473,53,93
706,473,51,92
706,476,52,90
709,473,52,94
708,472,51,92
707,475,51,90
708,476,50,88
705,476,52,90
708,477,51,88
706,478,51,87
708,474,51,92
707,478,51,87
705,479,52,85
708,475,53,89
707,475,52,88
710,476,50,87
704,477,51,88
706,476,52,88
705,473,54,91
706,474,53,91
706,474,52,92
702,472,54,94
703,473,53,93
700,475,52,93
702,474,52,94
700,474,51,93
702,474,52,94
702,474,53,93
702,473,52,93
703,475,51,91
703,476,51,90
703,475,52,91
704,477,52,90
698,475,50,92
704,476,52,90
701,475,52,92
703,474,51,92
706,474,52,91
704,474,53,93
707,470,52,95
707,471,52,93
709,469,51,94
712,467,49,94
710,471,51,92
709,470,52,94
711,466,52,98
713,464,50,99
712,466,52,97
714,467,51,96
715,464,51,98
716,467,50,95
714,470,52,93
713,467,52,95
712,467,52,95
711,471,52,93
707,468,54,97
707,467,54,98
707,471,53,94
702,473,52,95
703,472,53,95
704,473,53,93
703,472,52,96
710,473,51,93
706,469,52,98
710,470,50,96
709,468,51,99
711,474,50,94
710,468,52,100
706,471,50,96
708,472,51,96
708,471,52,96
708,471,52,94
708,473,50,92
709,474,51,92
710,472,50,90
710,473,51,90
710,476,49,88
712,474,48,88
711,474,49,88
709,476,49,89
708,475,48,89
710,475,47,86
712,475,48,85
709,478,49,85
709,478,49,84
708,476,50,83
706,475,49,87
708,476,48,87
706,476,48,85
703,476,48,86
702,478,49,85
703,479,50,86
699,480,50,86
701,480,51,85
702,478,51,85
703,481,49,83
703,477,52,86
706,481,51,84
704,475,50,88
706,477,51,86
708,473,50,88
707,478,50,86
708,476,51,87
710,475,50,86
707,477,47,85
710,477,46,83
709,475,46,85
709,475,48,87
708,475,48,88
706,478,49,86
709,477,49,86
703,477,49,87
705,477,49,86
706,475,49,87
705,478,47,86
706,476,48,84
707,478,47,87
707,480,49,84
705,477,49,85
708,473,48,87
706,476,48,85
707,480,48,83
707,480,48,84
707,481,47,84
709,482,49,83
710,474,50,89
709,477,49,86
710,478,48,85
712,474,49,86
713,479,48,84
715,478,48,82
715,480,47,81
715,478,47,81
716,477,45,83
709,477,48,86
710,477,47,83
714,476,46,83
712,477,47,82
713,477,47,81
712,478,46,83
713,477,47,82
707,479,48,83
706,476,49,84
702,479,49,85
702,477,51,87
700,480,48,85
697,479,48,87
697,477,52,90
695,476,52,92
693,476,50,93
693,478,50,91
694,478,53,88
693,476,51,91
692,476,51,92
694,478,51,88
694,478,51,90
693,479,48,90
693,479,51,88
691,478,51,90
690,477,50,91
691,475,52,91
689,475,52,93
690,474,52,93
690,476,53,94
689,476,52,95
690,476,52,95
689,478,52,93
689,476,52,93
690,478,52,92
690,477,53,92
691,480,53,90
691,476,52,92
691,475,53,90
692,477,55,90
691,479,50,90
692,478,51,91
692,477,52,92
690,475,51,93
693,477,53,90
691,476,52,93
694,475,51,94
695,474,53,94
692,474,53,94
692,473,53,94
695,478,53,92
698,474,51,96
704,471,51,96
708,470,51,96
707,473,50,95
704,472,51,97
704,471,51,97
708,472,51,96
705,472,51,98
703,470,52,99
708,469,52,98
706,469,54,99
705,470,51,99
709,468,50,98
707,471,49,97
709,468,51,99
710,473,49,95
706,471,52,96
711,473,51,93
710,477,49,90
714,472,50,93
709,471,52,96
707,473,51,94
704,475,51,94
706,478,49,93
705,475,50,92
704,472,52,92
700,475,52,92
700,473,52,96
701,477,52,91
697,476,53,94
697,478,53,93
696,475,55,96
699,476,55,95
696,475,53,96
700,475,54,96
701,473,53,97
703,474,52,95
703,475,51,93
703,475,51,92
706,473,50,93
706,467,52,98
710,471,51,92
709,472,50,92
710,471,50,94
709,472,51,92
710,472,49,91
705,473,51,90
708,475,49,87
706,477,50,88
707,474,51,89
702,477,50,89
707,478,51,85
703,479,48,84
705,477,50,84
708,476,51,85
704,480,47,82
703,479,48,85
707,478,48,84
708,479,47,84
708,479,48,85
707,475,50,89
707,472,51,90
709,476,50,87
707,475,50,89
708,478,50,85
710,473,51,89
711,470,50,92
714,477,47,87
711,474,48,89
714,476,45,86
712,476,47,88
717,475,45,86
717,476,47,84
715,474,47,88
718,474,46,87
716,474,47,89
715,474,47,91
717,474,47,90
713,474,48,89
714,478,48,88
715,477,46,86
713,479,46,85
714,476,45,86
710,474,46,89
709,475,48,89
707,474,47,91
705,477,47,89
704,477,49,88
703,479,47,87
702,480,50,87
699,481,50,85
699,479,49,88
695,479,50,90
695,478,52,91
695,477,52,91
695,476,52,93
699,481,52,88
696,476,51,94
700,480,50,89
700,475,50,93
704,473,51,94
700,476,49,93
703,476,52,92
704,476,51,92
705,478,49,88
703,476,51,90
703,476,50,87
707,475,49,89
705,475,51,88
703,477,49,86
702,477,50,84
702,477,50,86
699,480,49,85
697,481,47,85
699,478,50,84
697,483,48,82
699,480,49,82
697,481,48,81
696,481,48,83
696,482,47,85
698,480,49,86
698,478,51,87
702,482,50,84
702,478,47,85
703,478,48,86
703,477,47,87
703,478,49,87
703,478,47,87
709,477,46,86
706,478,47,87
706,478,48,85
707,478,46,86
704,477,46,89
704,477,47,87
701,478,49,89
702,477,50,88
700,477,50,88
704,477,49,88
702,477,50,88
702,476,50,88
702,478,50,88
704,476,49,88
701,478,49,88
703,478,48,86
704,477,49,87
702,478,48,88
700,478,50,89
702,477,50,88
701,478,50,87
702,477,49,88
703,479,50,88
701,477,49,89
701,477,50,91
701,477,52,92
702,474,51,93
700,475,51,90
702,476,49,90
701,478,50,88
701,475,51,90
704,480,48,86
701,477,49,87
705,475,48,88
707,479,47,86
705,478,49,85
707,478,47,86
707,474,48,87
711,475,47,87
711,476,47,88
713,475,47,88
710,473,49,91
709,472,49,93
707,468,50,97
708,468,47,99
710,468,46,97
711,471,46,95
711,472,50,92
711,469,53,96
712,474,53,88
713,471,51,92
716,466,50,99
717,469,49,92
722,473,46,90
721,469,48,96
722,473,47,93
721,473,46,93
722,478,46,87
716,471,46,89
713,471,43,89
713,474,43,83
726,479,57,78
725,482,59,77
731,488,67,75
732,487,69,78
716,475,45,84
720,472,43,89
719,468,42,94
720,467,44,94
720,471,43,91
720,474,43,87
717,473,42,91
717,471,42,93
716,469,41,93
714,470,43,95
712,471,42,93
713,473,43,90
709,472,44,93
709,473,44,94
708,472,46,96
710,475,48,89
711,471,49,93
707,476,50,91
704,475,53,92
703,471,54,99
702,470,56,101
704,470,55,101
705,470,54,98
703,471,54,99
702,473,52,97
699,469,50,102
701,466,51,106
705,466,53,105
704,467,54,104
702,465,55,107
703,468,54,104
703,473,56,98
694,477,55,93
686,483,57,87
677,483,61,86
673,477,64,88
673,478,66,87
674,478,67,87
675,473,64,92
678,466,64,102
682,464,61,104
684,463,59,102
686,460,58,105
687,458,60,107
690,456,56,110
689,452,57,114
690,452,57,111
688,456,57,107
689,460,60,101
689,456,61,104
686,457,60,104
687,456,61,106
683,456,62,109
688,461,60,101
688,455,61,103
689,459,61,101
689,459,62,102
689,458,64,101
689,464,62,98
687,462,64,99
689,458,64,101
689,461,64,99
690,459,63,101
689,458,64,102
691,462,64,100
688,461,67,101
687,458,67,105
690,458,66,104
688,458,68,104
687,458,67,104
689,458,67,102
689,459,65,100
691,461,64,100
691,455,66,104
689,458,68,104
689,454,67,104
691,456,66,106
687,454,67,109
687,457,65,107
686,454,67,110
685,455,66,109
686,454,66,111
685,451,65,112
684,456,66,107
685,454,65,110
683,451,65,113
682,455,66,111
684,456,65,110
684,458,63,107
682,455,64,109
684,459,62,108
684,456,62,109
683,459,61,107
685,460,61,107
681,459,62,107
682,463,61,103
681,454,63,110
680,459,63,106
682,462,62,104
682,460,62,106
681,462,63,104
681,464,60,100
680,460,61,106
682,461,60,104
678,466,60,100
680,461,59,104
680,464,58,102
681,465,58,101
682,461,59,102
680,466,59,100
676,471,61,95
679,467,58,98
678,469,58,98
680,468,57,97
679,470,57,95
676,470,57,95
680,466,57,98
682,470,56,95
678,468,59,97
676,467,60,98
677,468,60,97
675,466,61,100
677,463,63,104
677,464,60,102
683,465,60,100
682,467,59,98
685,463,61,102
684,464,62,100
683,468,62,96
683,467,63,94
683,467,60,95
684,471,61,92
680,469,62,94
681,467,61,95
683,464,58,99
686,470,55,95
684,468,54,92
685,468,53,93
687,467,54,94
685,471,52,90
683,472,53,88
682,473,53,88
683,474,51,86
677,475,51,86
677,474,51,84
671,471,52,86
665,475,53,84
662,474,55,87
660,474,56,84
656,475,55,87
659,477,54,83
659,475,55,83
657,475,56,86
658,473,55,87
658,473,54,85
661,474,53,83
659,472,54,87
659,473,53,85
662,473,52,85
661,472,52,84
662,473,51,85
658,471,53,86
659,473,51,86
659,471,52,89
657,471,54,88
660,469,51,91
662,472,50,87
659,472,52,88
660,471,52,86
662,472,52,85
660,475,52,83
659,476,51,83
660,473,50,82
661,474,51,82
660,475,50,82
659,473,52,84
658,473,53,83
664,472,49,84
657,475,52,81
658,473,52,82
661,475,52,83
661,475,51,82
657,476,54,81
661,476,52,82
660,475,53,83
659,476,55,82
661,473,55,85
660,475,55,82
658,474,57,84
661,472,56,86
658,473,58,84
659,474,57,83
660,474,56,83
656,474,58,82
660,473,57,83
660,474,56,81
658,475,58,81
661,474,56,83
661,473,56,83
660,471,56,84
661,473,56,82
661,474,55,83
663,474,54,84
663,475,53,80
666,473,51,82
661,474,55,82
664,473,52,84
663,475,53,83
666,476,54,81
667,472,52,83
668,469,55,86
668,472,55,86
668,467,57,89
669,467,57,90
670,470,57,85
671,468,54,87
673,470,53,86
674,472,52,83
675,472,51,80
677,475,51,78
678,474,51,77
680,475,51,75
680,474,51,78
683,474,52,77
681,472,53,79
684,475,53,76
684,473,55,81
686,472,56,82
688,471,55,81
691,471,53,82
692,469,53,83
691,472,54,82
693,473,54,81
695,474,53,83
696,475,53,90
702,476,53,89
707,476,54,88
710,480,53,87
714,478,51,91
720,479,52,86
721,478,52,85
726,482,52,84
729,480,50,87
730,481,54,85
734,479,52,87
735,479,53,87
739,478,53,89
745,478,52,88
745,478,49,88
746,478,49,86
748,481,48,84
747,480,47,84
750,480,50,87
747,477,50,90
754,477,48,88
753,475,52,90
754,474,51,92
758,475,51,91
761,473,51,90
759,473,52,94
759,471,53,95
755,476,56,88
758,471,52,93
756,473,53,90
761,478,50,85
761,477,47,88
763,471,46,93
763,475,48,89
763,470,47,93
765,475,48,90
765,470,50,96
766,473,52,92
769,469,50,95
770,466,49,98
769,468,51,98
771,462,51,101
775,466,51,100
775,462,52,101
775,465,53,101
775,469,55,96
774,462,56,99
777,467,55,98
775,461,58,104
777,468,58,101
776,471,59,98
778,472,62,97
778,469,61,100
777,464,62,104
779,468,61,101
779,471,61,99
779,465,65,104
777,470,66,101
779,464,66,107
777,464,68,107
777,465,67,106
777,464,68,106
780,467,65,104
780,468,62,101
780,467,62,103
777,468,61,103
777,465,60,104
777,465,62,104
774,467,61,104
778,468,62,101
778,469,63,100
778,468,63,100
778,470,61,101
778,470,62,102
779,469,61,101
777,470,61,102
778,473,61,100
778,468,60,102
779,471,59,101
777,470,61,102
778,468,61,103
778,473,60,100
778,471,60,101
778,470,62,101
777,467,63,104
778,473,63,99
778,468,62,102
778,473,61,97
778,471,60,99
778,474,60,98
777,471,58,99
777,470,61,102
777,469,60,102
777,468,60,102
780,471,59,100
777,473,61,98
778,472,60,99
777,471,60,101
779,473,61,98
775,472,60,100
776,481,63,92
777,475,62,97
776,473,61,99
776,474,60,97
778,477,60,93
777,476,57,94
776,482,58,90
775,479,57,93
779,475,56,97
778,476,52,95
778,477,52,95
775,478,54,96
773,478,53,94
775,479,53,93
774,481,56,93
774,480,56,93
775,480,57,94
774,478,57,98
774,475,57,98
774,476,56,98
771,475,56,100
776,472,55,99
774,478,53,93
771,475,56,97
772,478,53,95
775,479,52,91
774,480,51,91
772,479,51,92
771,481,49,91
770,479,50,95
770,478,53,96
770,479,52,97
771,474,51,101
773,474,52,100
774,476,52,98
778,475,52,97
777,473,53,100
777,475,52,98
779,473,53,100
777,474,53,98
779,473,53,98
778,472,51,99
776,473,51,98
777,478,51,95
778,475,51,96
774,476,51,95
779,480,50,90
777,476,55,94
778,474,55,95
777,475,56,97
781,473,57,98
780,478,57,93
780,474,56,96
779,475,55,97
779,473,56,99
778,474,57,99
776,474,56,99
776,473,54,99
777,471,56,100
777,471,57,101
776,477,53,99
778,476,55,97
776,472,52,101
774,472,52,101
774,472,54,102
773,473,53,101
777,476,54,98
774,474,53,101
776,475,54,98
777,473,53,100
779,476,54,96
779,474,54,96
780,473,54,97
779,474,54,96
782,475,53,95
780,474,53,95
778,477,52,94
780,474,54,95
778,472,53,99
780,473,52,98
774,474,53,97
773,478,51,94
770,478,51,93
767,486,49,88
769,485,53,89
763,489,55,85
760,487,55,87
755,491,59,83
752,492,60,82
748,490,60,86
750,489,61,88
750,497,62,80
754,489,59,87
752,481,61,96
756,484,59,93
757,480,59,96
758,481,56,97
762,480,58,96
762,477,55,98
762,482,55,93
764,481,56,92
765,480,58,95
764,479,56,96
765,479,57,93
762,479,55,92
760,483,58,91
760,485,56,88
759,487,58,89
754,482,60,91
752,485,60,93
752,484,62,93
750,482,63,96
753,487,60,91
754,483,60,93
756,483,59,91
759,480,59,95
761,486,59,91
763,485,58,91
760,485,57,92
765,479,56,96
762,477,55,98
763,482,56,95
763,480,57,96
763,481,56,95
763,477,55,96
763,485,56,90
763,483,55,92
764,482,56,92
766,476,56,97
768,477,54,98
768,472,53,103
770,476,52,98
772,477,52,96
772,475,54,98
772,477,53,97
772,472,55,101
774,475,54,100
769,469,55,105
769,473,53,104
770,476,55,99
771,475,53,99
768,472,55,103
768,471,56,104
768,474,56,104
768,473,55,104
767,470,56,108
768,471,54,106
769,472,55,103
769,473,55,103
770,474,54,101
771,474,56,100
769,474,55,101
771,473,55,103
769,473,55,101
766,472,54,103
765,473,55,100
768,474,57,99
768,478,55,97
766,478,54,96
768,475,56,99
767,477,54,96
770,479,53,95
770,471,54,98
770,476,52,97
771,476,52,97
773,475,54,96
772,477,53,97
769,475,53,99
770,475,53,100
768,477,53,98
764,483,51,93
761,483,56,94
756,485,58,92
751,487,60,94
750,488,62,91
746,485,63,96
748,486,64,94
748,484,63,96
750,484,63,95
752,488,64,93
756,481,62,98
758,482,61,93
759,479,58,97
761,480,57,97
764,475,54,101
769,471,55,103
768,475,53,102
770,471,54,103
770,474,53,101
768,473,52,103
768,473,54,100
767,473,53,102
765,477,54,98
760,473,55,101
756,479,56,98
754,480,60,97
753,485,61,92
749,483,62,95
748,488,63,92
742,484,65,96
741,483,65,98
744,483,66,98
745,480,65,101
748,484,63,98
751,479,62,102
758,483,60,97
759,486,57,94
762,482,58,95
763,481,55,94
762,477,54,99
762,479,53,98
765,480,53,96
765,478,54,98
764,477,54,98
766,479,52,96
770,478,52,95
771,479,52,94
771,475,53,98
770,474,51,100
772,471,52,102
774,470,53,102
773,471,51,102
773,470,53,104
774,471,52,104
775,474,53,101
779,472,53,102
776,473,53,102
776,470,53,102
774,467,55,107
775,472,52,102
774,471,53,104
775,472,53,103
772,470,53,106
775,469,55,104
773,473,54,102
773,470,56,105
770,469,54,106
772,473,53,102
773,473,53,100
776,470,55,101
770,472,53,103
772,475,54,101
771,471,55,103
771,475,56,99
766,473,51,104
769,474,54,100
766,478,55,96
764,479,55,95
762,479,55,94
764,479,54,95
764,479,56,95
765,479,54,96
767,479,54,94
767,478,54,96
769,481,55,94
767,476,54,99
770,480,54,95
766,479,55,97
762,480,55,98
759,482,56,93
758,480,60,97
754,484,64,92
749,486,65,92
745,485,67,96
746,486,67,96
740,487,67,96
744,482,67,101
744,483,68,99
746,486,68,95
746,479,66,102
749,478,65,103
754,484,64,97
758,476,62,102
758,482,60,95
762,482,56,96
763,481,54,98
767,476,54,101
764,476,54,102
765,475,53,104
767,474,54,104
764,475,57,102
764,477,56,99
762,481,56,96
757,485,57,91
756,486,60,89
756,484,60,92
756,484,61,93
755,482,61,94
755,484,59,94
759,482,60,94
760,480,59,97
762,480,56,96
766,480,56,96
766,480,54,97
764,478,53,97
765,473,52,102
766,477,54,100
765,472,54,104
765,471,55,105
767,471,55,106
769,470,55,107
768,471,54,105
770,468,57,110
770,469,58,110
770,470,56,110
773,467,60,110
771,466,58,112
771,469,55,110
772,468,55,111
774,469,57,107
774,473,54,103
774,470,53,105
777,469,56,105
775,467,56,107
778,470,55,104
775,470,56,106
776,468,58,107
779,468,57,105
774,471,55,105
776,466,57,108
775,467,57,109
773,466,56,110
775,470,56,106
771,469,52,108
772,467,54,109
768,469,55,108
768,475,53,102
766,476,54,99
768,473,55,102
764,477,54,99
764,482,54,92
764,483,53,91
765,481,52,93
767,485,51,88
765,478,55,95
764,484,54,91
767,485,55,89
765,482,53,92
762,485,54,91
762,486,53,89
764,484,54,93
758,488,53,90
761,487,54,90
764,486,56,91
762,482,55,96
762,480,56,96
765,477,55,101
756,482,58,94
763,485,57,92
757,482,58,95
760,479,55,99
762,476,54,102
759,476,56,104
766,473,55,105
765,476,55,101
764,473,54,106
768,476,55,102
764,480,55,97
768,474,56,102
766,477,56,99
760,480,56,99
766,479,55,99
765,475,56,102
763,476,56,100
765,476,55,101
764,477,56,100
763,477,55,100
764,481,56,97
766,474,55,102
762,475,56,104
764,476,57,104
768,470,56,108
768,468,54,110
765,468,54,110
767,471,55,107
767,469,55,109
770,468,55,108
767,471,54,110
768,469,54,111
770,470,56,109
770,471,56,108
770,469,57,108
768,468,54,111
769,468,56,111
767,467,55,112
767,470,55,109
767,471,56,110
770,467,59,113
767,468,56,112
768,466,56,115
770,467,57,112
770,469,56,110
768,467,56,113
769,471,54,107
764,472,54,108
766,478,55,101
761,475,56,105
757,478,55,101
757,479,57,101
756,482,59,98
754,481,56,98
757,482,57,96
763,482,54,97
765,474,53,106
768,478,55,100
765,477,53,102
769,474,54,103
770,470,55,106
771,473,55,104
772,468,55,109
776,472,52,107
774,472,52,105
778,470,53,106
780,467,55,108
778,467,53,110
777,468,52,110
778,471,53,106
778,474,53,103
778,470,52,106
777,470,50,106
777,471,52,105
777,472,52,104
776,473,50,103
776,472,51,103
780,476,54,97
780,472,52,102
779,474,51,102
778,477,52,98
779,474,50,100
778,473,51,98
777,473,51,100
779,475,53,97
780,475,52,98
779,473,53,100
781,477,54,97
780,473,55,101
780,471,55,101
775,474,55,101
780,475,55,99
778,470,55,104
776,472,55,101
775,474,54,99
776,473,56,100
779,478,53,95
776,478,54,95
776,477,53,95
774,477,52,96
776,479,53,96
777,480,52,94
773,477,55,98
771,477,53,98
773,472,55,102
775,479,54,96
775,471,53,103
774,475,55,100
775,473,55,104
771,471,53,108
773,469,57,108
775,473,57,103
775,469,58,109
773,469,55,109
774,472,57,106
776,473,58,103
773,468,56,109
774,470,58,107
773,466,59,112
772,468,55,109
774,469,57,108
772,470,56,110
775,468,58,108
777,474,58,102
776,473,59,104
774,470,59,106
775,467,59,109
775,467,56,110
778,472,57,104
778,473,56,102
779,475,57,99
776,473,56,102
780,475,55,99
780,476,56,99
780,475,56,99
779,471,56,105
778,474,58,103
778,469,56,106
778,470,55,106
779,471,58,104
780,472,55,104
779,475,56,101
778,471,57,106
777,467,57,110
780,470,57,106
778,472,56,104
777,472,56,103
781,474,54,99
781,475,54,99
779,478,54,96
779,474,55,98
780,475,55,98
780,474,55,99
778,476,54,98
779,478,53,96
776,471,55,102
779,474,54,99
779,476,54,98
780,475,53,98
778,473,54,100
779,474,53,99
777,476,54,97
780,473,54,100
778,474,51,100
777,472,53,102
780,482,52,91
776,474,53,98
778,476,53,97
780,478,52,95
780,475,51,98
777,473,53,100
776,474,53,100
777,475,54,99
779,476,54,97
779,474,55,99
778,473,53,102
779,475,54,99
778,473,53,100
779,479,53,95
779,475,52,96
781,478,53,95
779,478,52,94
780,477,54,94
778,474,55,97
780,476,54,97
781,474,55,96
779,479,54,93
779,478,53,95
779,473,53,98
779,475,53,98
782,476,51,93
782,476,52,94
781,477,52,95
781,472,52,97
783,475,50,96
784,473,51,97
781,473,52,97
782,476,50,94
783,476,51,93
784,476,50,94
784,477,50,93
784,478,49,94
784,475,49,94
786,478,48,92
786,476,49,93
786,474,50,94
786,478,48,90
790,472,47,91
790,474,46,91
790,471,49,95
792,473,48,90
793,470,48,92
789,472,52,91
791,477,52,84
794,471,51,88
791,472,49,91
790,474,50,92
792,470,49,95
790,473,48,93
793,472,49,93
792,474,49,92
787,475,50,92
786,472,52,96
787,473,51,95
784,474,51,95
786,473,51,94
786,475,51,93
790,473,50,95
786,470,51,100
790,466,52,104
791,467,52,100
794,472,52,97
791,472,52,97
795,470,52,99
795,467,52,102
793,470,54,101
794,470,54,101
789,473,55,101
791,466,56,107
790,465,56,106
791,468,57,106
790,471,56,100
789,468,55,103
785,469,55,103
786,469,55,102
787,467,54,105
785,467,55,107
782,470,57,104
782,476,56,97
781,473,55,101
781,477,55,96
783,474,54,97
782,472,55,100
778,470,53,103
786,471,54,98
786,471,55,98
784,474,56,98
786,475,55,97
783,473,56,99
784,471,56,100
786,471,56,99
786,472,55,99
784,469,55,102
782,471,56,99
787,470,56,99
785,470,55,100
786,473,54,96
788,475,53,95
784,473,56,97
782,471,55,98
784,475,56,94
783,474,54,96
783,478,54,92
781,476,52,95
784,470,54,99
783,475,54,96
782,477,55,94
781,475,53,94
780,478,53,93
779,477,51,95
779,474,52,97
782,476,51,94
783,472,54,96
783,474,53,96
782,477,53,94
783,475,54,93
783,476,53,92
781,476,53,92
781,477,54,92
784,474,54,94
783,475,54,93
783,473,54,96
781,478,53,91
779,477,54,94
782,479,53,92
780,478,54,92
780,478,53,93
775,477,51,94
775,477,53,95
771,479,54,92
770,473,54,99
769,477,55,96
766,478,55,97
766,477,55,98
765,479,53,96
765,480,51,94
764,480,52,93
765,481,51,92
764,478,52,97
765,479,52,96
768,478,51,97
770,482,52,92
768,478,48,97
771,477,51,96
772,479,50,94
775,474,53,99
774,476,52,97
778,477,53,95
774,478,51,96
778,477,53,96
775,475,54,99
775,478,54,97
775,477,52,94
781,477,49,92
774,477,52,97
777,477,52,94
775,475,53,96
778,473,54,99
776,475,52,98
775,473,53,100
776,471,54,102
775,474,52,100
775,472,53,101
773,474,51,100
773,474,51,102
776,474,54,100
774,477,52,98
776,475,53,98
778,475,55,97
779,474,55,100
781,473,55,98
777,476,53,98
779,474,55,98
779,474,54,99
781,471,55,99
778,477,55,96
779,475,54,98
776,477,55,97
781,476,55,95
778,473,53,99
774,470,53,102
778,470,55,102
777,476,56,97
775,471,55,102
776,471,56,103
777,474,55,101
777,473,55,99
778,472,55,100
778,475,55,98
777,469,55,103
778,474,55,97
774,474,54,100
776,473,55,100
778,472,55,100
777,473,56,100
777,477,55,98
775,474,55,101
775,473,55,101
775,475,56,101
777,474,55,101
779,474,55,98
776,471,55,101
778,472,55,100
777,472,55,101
775,472,55,102
777,473,55,101
777,475,53,99
777,470,55,100
777,474,55,99
774,475,54,100
773,470,55,103
778,475,56,99
777,472,56,102
776,473,55,102
778,472,55,100
780,475,56,97
780,472,55,100
780,470,56,98
781,474,58,98
781,472,56,99
782,475,56,96
780,475,56,96
780,473,55,98
780,472,54,97
782,476,55,94
781,476,55,93
783,475,54,94
782,476,55,93
779,474,55,97
780,479,55,93
781,475,57,96
782,474,56,96
780,476,57,96
781,476,55,95
779,477,54,94
781,480,53,92
778,475,55,98
781,474,55,96
782,473,55,96
781,476,55,95
782,478,54,93
783,476,54,95
783,475,55,94
781,478,55,93
782,476,55,92
780,474,56,96
781,478,55,92
781,474,56,96
782,476,56,92
782,476,56,96
780,476,57,98
781,480,56,93
783,479,55,92
780,476,56,96
780,475,56,96
783,476,56,93
780,474,56,96
783,474,55,95
779,475,54,95
779,473,55,96
780,478,56,93
781,477,55,95
781,473,57,97
779,472,56,98
780,474,55,98
780,473,57,98
777,471,58,99
779,473,59,100
778,477,57,98
779,475,56,97
782,477,55,94
780,479,56,94
783,474,56,95
782,475,56,94
781,477,56,95
782,477,56,94
781,475,57,97
780,474,56,98
783,473,55,96
781,476,55,96
783,477,54,93
784,472,53,96
781,479,54,92
785,471,51,95
785,474,52,95
783,477,53,91
784,476,52,92
782,478,54,91
783,475,54,93
780,478,54,92
784,474,54,95
783,477,54,94
784,475,55,94
783,478,56,93
784,475,54,96
785,476,54,96
785,472,53,96
783,475,53,94
784,472,54,95
785,473,54,94
785,475,53,94
787,477,50,92
787,478,48,92
787,471,50,93
787,476,50,90
786,474,51,92
787,473,52,90
788,473,52,90
787,473,53,89
786,476,54,85
786,478,54,82
788,481,49,83
786,473,51,91
784,474,52,93
785,473,53,93
783,479,53,89
784,477,53,91
785,478,54,90
787,476,52,92
783,474,53,92
785,480,52,88
782,475,53,92
784,476,51,92
783,477,52,89
783,478,52,89
780,478,53,89
782,479,51,87
782,476,53,90
782,476,52,90
784,475,53,90
783,474,53,93
783,473,53,95
786,471,52,96
783,472,54,95
783,476,53,93
782,475,54,93
782,475,56,96
782,475,55,96
779,473,55,97
780,476,56,96
780,475,55,96
779,478,55,95
779,476,56,95
781,481,53,90
777,473,54,97
781,480,53,90
780,478,53,91
778,479,52,93
776,476,54,95
780,474,52,95
777,474,52,97
777,478,53,94
778,475,54,97
774,471,52,102
774,478,51,96
773,473,53,102
774,474,53,101
772,476,50,100
773,475,52,101
771,470,52,104
772,473,52,104
773,477,53,99
774,475,53,100
773,473,52,103
776,472,53,102
779,475,54,99
777,473,52,99
778,474,52,99
776,472,53,101
775,471,52,102
774,469,53,105
775,471,52,103
776,474,52,101
778,471,53,103
774,471,54,103
778,474,54,99
776,474,54,98
783,472,53,102
779,469,55,103
779,473,55,98
778,473,56,99
782,472,57,101
779,470,57,102
780,469,56,103
780,471,57,104
779,470,57,106
776,471,55,105
779,471,57,106
776,469,57,109
776,469,59,109
776,469,55,110
774,475,57,103
773,470,56,110
771,471,54,109
768,473,54,108
767,467,55,114
771,472,57,107
768,471,53,109
768,472,55,106
769,475,54,104
769,474,54,104
770,476,54,102
768,473,53,107
770,477,52,101
769,474,53,104
769,475,53,104
770,476,52,102
769,474,53,102
767,475,53,102
769,475,53,100
768,479,52,97
768,477,52,100
768,479,52,98
767,474,51,103
768,477,52,101
770,478,53,97
767,478,53,98
769,474,53,100
770,477,54,97
770,476,53,97
768,477,51,98
768,476,52,98
770,477,53,97
770,476,54,98
766,477,52,99
772,476,54,99
768,478,53,97
768,477,50,96
771,478,50,96
774,476,53,98
775,472,53,101
780,471,53,101
778,468,54,104
777,471,55,103
780,472,53,102
779,472,53,100
778,472,55,103
780,467,54,108
781,474,54,100
781,475,53,98
778,472,54,101
778,475,54,98
778,477,52,96
780,474,53,96
779,476,53,96
782,478,52,92
783,477,53,92
783,478,53,93
784,481,54,90
783,474,54,97
786,474,52,95
786,477,52,93
787,473,50,95
784,477,52,94
785,479,53,91
784,474,52,95
784,477,52,94
783,477,52,93
786,473,52,99
783,476,54,97
780,472,55,99
781,472,55,100
782,473,55,98
779,475,53,98
782,475,54,97
783,473,53,98
784,478,53,94
782,473,53,97
785,475,52,95
783,478,53,94
783,475,54,98
782,472,54,100
780,474,53,98
782,476,54,95
778,469,54,101
780,478,52,95
775,476,50,98
780,476,52,96
778,478,50,93
777,474,50,98
779,473,52,99
777,476,53,97
781,473,52,100
780,477,52,95
782,478,51,95
780,475,52,96
784,480,50,92
780,478,52,92
786,477,48,93
782,472,50,99
783,479,51,92
780,478,52,94
780,476,50,95
780,475,52,97
780,474,52,95
782,477,50,94
782,478,51,95
778,476,53,96
779,475,51,96
780,478,50,94
778,472,53,99
779,474,53,98
782,474,52,96
778,474,54,98
780,477,51,95
781,476,54,94
781,476,51,94
781,478,51,93
782,477,50,93
782,477,50,91
780,476,51,94
782,476,50,93
782,481,50,90
781,481,51,89
782,478,51,92
780,475,51,94
784,477,49,93
782,478,49,91
779,477,49,93
780,474,49,97
779,475,50,95
778,475,51,96
777,476,51,95
778,480,51,93
780,480,49,90
783,475,50,95
784,479,50,91
782,475,51,94
784,477,50,93
785,478,49,90
786,476,48,91
786,475,48,93
783,476,50,92
784,474,49,95
784,475,50,95
781,476,50,94
779,473,51,96
781,475,52,93
782,475,50,93
785,475,50,94
783,474,49,94
785,475,50,94
783,476,50,93
782,474,50,96
781,478,51,92
782,472,50,95
780,473,50,97
779,476,49,93
781,477,48,93
781,476,49,94
783,476,48,94
779,476,51,95
781,477,49,95
778,471,50,101
780,474,50,99
779,473,52,99
775,472,53,101
776,472,52,100
779,471,52,101
778,473,53,100
779,476,53,97
776,475,53,99
782,471,50,101
778,472,50,101
780,479,52,92
779,475,51,97
780,474,51,98
777,474,52,99
776,472,52,102
775,468,54,105
775,473,52,104
774,469,50,109
777,472,52,103
779,477,56,99
779,473,54,101
776,473,53,101
780,476,55,98
777,475,53,100
774,473,52,102
776,475,51,101
772,473,53,105
770,470,53,109
768,470,52,111
767,471,52,106
768,479,52,100
768,472,54,105
767,476,54,100
766,475,53,101
767,475,56,102
764,474,54,103
765,477,55,102
765,474,57,104
765,479,55,97
762,477,55,98
763,475,54,99
764,481,54,94
765,479,53,95
764,479,52,95
766,480,54,93
765,480,52,93
767,480,52,94
769,479,54,95
769,475,54,99
765,474,54,102
763,477,56,98
765,478,56,98
766,477,56,98
763,476,57,100
762,479,56,98
763,480,58,98
765,478,57,99
764,475,56,102
764,473,58,104
764,475,57,102
767,476,54,101
767,478,56,97
767,479,54,97
767,479,53,98
767,477,54,98
771,476,53,98
769,475,53,100
776,481,52,96
777,475,56,99
777,475,55,100
780,474,55,99
778,471,57,104
781,474,58,100
782,475,59,98
782,473,59,100
784,474,57,98
784,472,58,101
789,475,57,98
786,473,57,99
789,473,56,99
791,474,56,97
791,474,55,95
790,474,56,97
791,472,54,96
789,477,54,92
790,480,53,88
790,478,53,89
792,475,53,93
788,475,54,93
789,478,56,92
791,478,55,91
794,477,53,90
794,477,53,91
794,476,53,92
796,479,54,89
791,477,55,91
791,476,55,92
794,478,55,91
793,470,54,97
796,479,53,89
791,477,56,92
793,475,56,94
794,474,55,95
792,473,56,97
796,476,54,92
793,473,55,96
796,476,54,91
791,476,55,94
795,478,54,92
794,477,54,92
793,477,55,92
795,472,54,97
794,474,55,97
791,477,55,93
792,471,55,96
797,477,54,92
795,470,53,98
792,473,54,95
794,476,52,90
796,476,53,91
795,479,54,88
796,477,53,90
795,477,53,90
797,479,52,88
793,478,52,90
795,475,52,92
794,476,52,91
796,478,53,89
795,478,54,90
793,476,53,91
794,478,53,90
796,477,52,91
795,476,51,93
792,476,52,92
793,477,49,91
794,478,48,89
795,479,48,87
795,481,48,86
794,479,48,87
795,477,47,89
796,480,47,86
794,478,48,89
794,476,50,91
794,479,50,87
793,475,51,93
792,475,51,92
794,475,51,93
793,474,51,94
790,474,53,95
793,474,54,95
795,475,53,95
791,474,54,97
794,472,54,98
790,472,55,99
793,472,53,98
796,475,53,95
795,472,53,99
796,475,53,97
797,469,51,102
797,472,51,98
795,469,52,101
793,471,54,100
793,469,53,104
792,468,54,105
789,467,56,106
794,473,55,98
794,472,53,100
789,468,55,103
792,467,54,105
788,468,55,104
790,471,55,102
790,469,53,102
792,471,53,99
795,473,52,96
795,472,52,98
792,470,53,97
793,471,54,99
793,472,54,98
791,471,55,98
791,474,55,97
790,471,56,100
790,470,54,101
790,468,55,101
790,470,56,100
789,466,58,105
791,472,57,100
788,467,59,105
794,469,56,102
792,471,56,102
794,467,57,106
789,468,59,104
792,465,58,106
793,468,58,104
791,466,58,105
787,471,59,101
791,469,59,103
791,469,59,104
791,469,60,103
790,468,61,105
791,467,59,106
793,465,59,106
787,465,64,108
797,468,59,104
787,465,64,111
791,464,62,111
791,465,61,109
790,464,62,109
789,466,63,108
790,466,61,108
794,468,59,107
793,466,58,109
783,463,65,113
791,465,61,110
787,462,62,114
780,463,65,115
784,460,62,115
779,459,66,120
780,462,63,117
777,462,63,116
777,464,62,112
774,462,61,115
772,463,59,115
767,470,58,108
768,469,59,108
763,474,57,102
760,472,59,105
758,479,59,100
758,477,59,100
756,477,58,100
756,478,60,98
754,477,59,101
754,476,60,104
756,477,59,101
754,475,60,104
754,472,59,106
758,476,57,102
757,478,58,100
754,477,60,102
753,471,58,110
753,478,60,103
752,472,61,109
752,477,60,102
752,473,60,107
753,478,62,101
752,474,60,106
747,476,60,104
755,478,61,102
751,475,61,106
753,474,61,106
751,476,62,105
751,470,62,111
750,472,63,110
750,473,64,110
754,467,61,116
756,470,61,110
751,475,61,106
756,474,60,104
758,478,59,101
758,475,59,105
761,471,57,108
762,475,57,103
761,473,58,106
760,472,58,106
764,472,58,107
760,475,59,102
762,477,57,101
763,477,56,100
763,475,56,103
764,478,58,100
764,473,57,106
764,474,56,104
764,472,55,108
767,477,56,102
765,474,54,106
768,471,54,108
770,470,56,110
769,469,56,111
771,471,57,109
772,470,58,109
774,467,58,113
775,469,58,110
777,467,60,111
778,466,59,112
778,466,59,109
774,467,60,110
780,471,58,104
777,468,59,107
781,470,58,105
779,469,57,106
781,470,56,107
780,469,57,106
779,469,58,109
778,468,58,108
780,473,56,102
779,471,57,104
781,472,55,103
782,471,53,103
779,473,53,100
781,469,52,106
779,474,55,100
780,473,54,101
783,472,52,101
781,471,54,102
782,473,55,100
781,474,55,97
782,473,55,100
782,473,54,99
781,470,55,102
783,474,54,98
780,471,55,101
781,477,54,96
783,478,54,95
781,475,54,97
784,477,52,96
781,473,53,101
783,478,52,96
783,476,52,97
779,473,53,101
784,472,52,100
783,475,53,96
784,472,51,98
785,474,50,96
781,471,53,101
784,476,50,95
780,475,52,98
780,476,51,97
779,477,53,95
781,480,51,93
781,478,52,93
780,471,51,100
781,481,50,91
780,476,49,94
777,478,51,95
781,475,50,97
778,474,53,99
777,476,53,98
779,476,53,96
780,476,52,96
777,474,52,99
777,473,52,100
777,476,56,98
777,477,54,98
777,479,53,94
777,475,54,97
778,476,54,94
777,476,54,96
779,477,52,95
779,478,54,93
779,477,52,93
780,475,54,94
780,479,54,92
781,478,52,92
780,476,54,94
780,479,53,92
777,477,53,95
777,476,53,95
778,476,53,96
776,475,53,97
778,480,54,94
775,477,55,98
775,476,56,97
777,475,54,98
777,476,55,96
780,476,52,95
779,476,53,94
780,476,53,95
779,477,52,95
781,477,51,94
779,473,53,97
777,472,55,99
780,476,52,96
780,477,53,93
780,482,52,90
780,473,55,97
777,474,55,97
779,477,53,96
777,475,53,97
779,477,52,95
779,472,52,99
778,476,54,95
778,477,53,94
779,477,53,95
780,474,53,97
778,472,53,102
777,473,52,102
781,475,51,98
778,472,53,103
780,474,53,99
781,473,52,99
780,475,52,97
781,471,52,101
781,474,53,99
780,473,54,99
779,471,53,100
783,474,52,99
779,473,53,102
779,469,53,104
781,475,54,98
777,473,54,100
782,478,53,95
781,477,52,95
778,475,54,97
781,477,54,96
779,476,54,96
782,478,52,94
781,477,52,94
777,477,52,93
778,473,52,98
779,476,52,95
780,476,51,96
780,480,51,91
780,477,49,93
779,477,50,93
780,477,50,94
780,476,51,95
780,476,51,94
782,476,50,95
780,477,51,96
781,475,50,95
783,476,49,95
784,473,49,97
784,474,49,96
784,478,48,93
784,474,47,96
785,476,48,94
784,471,50,98
784,476,49,95
785,474,49,97
783,478,48,94
778,477,49,93
777,480,50,92
774,481,46,92
773,480,48,91
769,480,49,91
771,484,46,89
769,482,50,90
766,482,49,90
770,487,49,86
768,486,48,85
768,486,49,87
768,488,50,84
766,484,51,87
768,483,51,89
767,481,51,91
768,479,52,93
770,481,51,93
770,478,50,95
770,479,51,94
771,480,51,93
770,479,50,92
770,474,54,100
766,480,48,94
770,481,49,89
768,482,51,88
769,479,52,90
770,483,50,88
772,484,50,87
771,483,48,88
771,482,49,90
774,481,50,88
771,481,51,91
769,479,52,92
773,479,51,93
771,481,50,91
772,482,49,91
771,482,50,89
773,482,49,91
775,480,48,92
781,482,47,91
778,481,48,91
779,481,47,91
778,480,49,92
779,482,48,89
778,479,48,92
777,478,48,94
779,479,50,91
780,481,51,90
781,483,49,89
778,479,50,94
778,475,52,96
780,479,49,93
780,476,48,94
779,476,49,92
778,477,50,95
780,480,51,92
779,477,52,93
781,478,50,94
780,478,51,94
778,477,51,95
778,476,52,95
780,479,50,92
780,480,53,92
780,478,52,95
778,476,54,97
777,476,55,98
778,477,54,96
778,476,53,98
778,477,54,94
779,477,53,95
778,475,53,97
781,479,52,92
781,478,51,94
779,475,52,97
779,476,52,95
781,475,52,96
781,477,52,95
781,477,52,94
781,473,51,98
779,475,51,97
782,480,51,92
779,479,50,94
780,477,50,93
776,476,51,97
776,473,51,100
777,474,54,101
778,476,54,99
777,476,54,97
774,475,52,100
775,474,54,100
780,477,53,97
774,473,52,102
774,472,53,100
777,476,53,97
777,475,54,99
772,469,55,106
776,476,54,99
774,473,54,102
776,473,54,103
774,472,56,105
776,471,57,105
775,474,55,103
772,469,56,107
774,472,55,106
774,473,58,103
774,472,56,105
775,476,55,100
776,477,55,98
776,477,54,97
778,476,54,96
779,478,51,96
778,477,53,96
778,480,54,92
778,478,53,96
777,476,55,95
777,479,54,94
780,478,53,93
779,482,54,91
778,479,54,94
776,478,56,96
778,479,55,93
778,477,55,97
776,477,54,98
778,477,55,96
777,476,54,96
777,476,53,98
775,475,52,98
775,478,53,95
776,477,54,95
778,478,53,94
777,475,52,97
777,475,53,97
778,477,52,95
778,479,53,93
780,474,53,97
779,477,52,94
779,479,53,94
778,477,54,95
780,478,51,94
779,480,50,91
781,480,50,90
779,476,51,93
781,479,51,92
777,476,52,97
779,477,51,94
780,480,50,90
779,476,52,93
778,479,50,91
781,482,49,88
778,476,51,94
778,477,51,95
776,474,51,98
778,479,52,94
780,480,51,92
778,478,53,94
776,475,55,96
774,475,53,100
776,476,53,99
776,478,54,96
776,476,55,98
776,472,54,101
775,478,53,98
776,474,55,100
777,475,56,101
779,475,55,100
778,474,56,100
780,477,54,97
778,475,55,99
779,474,55,98
780,477,53,95
780,478,52,95
780,475,51,99
780,476,53,95
777,476,53,98
778,478,54,94
777,477,52,97
781,479,52,94
779,479,53,94
776,477,52,96
777,479,54,95
777,479,53,95
777,474,53,100
779,475,55,99
777,473,53,101
778,474,53,102
779,477,53,98
777,475,51,102
776,474,51,103
777,477,53,99
777,470,53,106
774,471,54,108
776,473,53,105
776,473,57,104
775,471,55,107
772,471,54,106
773,470,57,108
773,470,56,108
772,472,53,108
771,471,55,108
