0.990618
0.007510
0.010506
0.012513
0.010509
0.011009
0.009506
0.011508
0.007506
0.012509
0.010510
0.010506
0.045038
0.011511
0.011009
0.014013
0.009507
0.008508
0.009018
0.011008
0.011509
0.013016
0.010506
0.011007
0.049540
0.007507
0.007507
0.012510
0.011013
0.010507
0.010507
0.011506
0.008521
0.014518
0.010507
0.010506
0.030039
0.010508
0.010504
0.013812
0.009507
0.010507
0.012507
0.011513
0.010508
0.012506
0.010506
0.011527
0.031520
0.009691
0.011507
0.011505
0.013020
0.010515
0.009846
0.010937
0.006816
0.013510
0.010011
0.009505
0.041091
0.011510
0.011017
0.013506
0.010508
0.010509
0.009019
0.006003
0.007005
0.012012
0.006005
0.011010
0.048537
0.011013
0.006000
0.013512
0.010506
0.011010
0.011507
0.011507
0.005000
0.009508
0.007511
0.005509
0.037537
0.008506
0.008509
0.014009
0.010512
0.010506
0.012514
0.007003
0.007009
0.010517
0.009508
0.011507
0.011013
0.011009
0.009507
0.029522
0.011011
0.010508
0.014509
0.010506
0.010512
0.009506
0.011504
0.008508
0.012012
0.005506
0.010508
0.041541
0.011513
0.010507
0.014011
0.006002
0.010508
0.011510
0.009516
0.010509
0.013015
0.010507
0.011009
0.030549
0.012020
0.011508
0.011512
0.012008
0.010009
0.010507
0.006506
0.006000
0.012519
0.010010
0.010507
0.013013
0.006001
0.011014
0.049548
0.010011
0.010507
0.014013
0.011010
0.010507
0.013010
0.010505
0.009517
0.012509
0.011511
0.011008
0.032525
0.012014
0.010508
0.014508
0.009510
0.011031
0.013009
0.010506
0.008511
0.014018
0.010508
0.011507
0.010507
0.011508
0.011016
0.012507
0.009506
0.012009
0.036530
0.011511
0.007504
0.014509
0.010589
0.012054
0.014013
0.010507
0.011507
0.013509
0.006007
0.012506
0.046547
0.008507
0.009508
0.014509
0.010507
0.010507
0.013513
0.008504
0.011012
0.010506
0.011509
0.010507
0.048044
0.007012
0.010506
0.012511
0.010008
0.006511
0.010507
0.010507
0.010009
0.012007
0.006506
0.008507
0.042535
0.010509
0.009504
0.011019
0.006680
0.007282
0.011399
0.006750
0.011094
0.013509
0.009507
0.010520
0.032604
0.011507
0.008508
0.012014
0.011505
0.010507
0.012527
0.006505
0.006007
0.010508
0.011010
0.011012
0.038968
0.010513
0.010509
0.015018
0.011008
0.011507
0.013015
0.006502
0.009504
0.009509
0.010012
0.010507
0.048039
0.010506
0.010507
0.013045
0.011508
0.010508
0.010014
0.006002
0.006511
0.014009
0.008504
0.006505
0.049041
0.011508
0.008504
0.010514
0.011507
0.010510
0.013508
0.010507
0.010507
0.013507
0.008005
0.011509
0.031552
0.010506
0.009508
0.013515
0.008509
0.009507
0.009507
0.011506
0.011010
0.013512
0.011506
0.008507
0.048035
0.011017
0.010507
0.014510
0.010009
0.006507
0.013010
0.010509
0.010010
0.013014
0.010510
0.007001
0.047847
0.008506
0.011507
0.012016
0.010507
0.008507
0.011508
0.011009
0.010511
0.012506
0.011009
0.011012
0.011508
0.007006
0.012012
0.030026
0.009508
0.005502
0.011510
0.010011
0.005504
0.013509
0.009508
0.010509
0.012507
0.008506
0.009509
0.030022
0.010508
0.010012
0.012506
0.009508
0.006506
0.013010
0.007508
0.007005
0.012016
0.010507
0.010507
0.045536
0.009549
0.008507
0.014509
0.010512
0.010503
0.010509
0.010506
0.010010
0.013014
0.010506
0.012009
0.030041
0.008511
0.009506
0.012015
0.008507
0.005507
0.010517
0.005516
0.005998
0.013515
0.008507
0.011507
0.048544
0.007011
0.008507
0.014012
0.010508
0.011010
0.010011
0.009508
0.011010
0.012508
0.006504
0.010010
0.012507
0.009508
0.005507
0.032318
0.009344
0.009893
0.013827
0.010508
0.011510
0.010013
0.010049
0.007506
0.013507
0.010512
0.009504
0.048535
0.011507
0.010508
0.011010
0.007003
0.011510
0.009503
0.010506
0.010011
0.012012
0.009504
0.007502
0.043122
0.010012
0.011007
0.015016
0.010506
0.011508
0.013519
0.006002
0.006009
0.013009
0.011508
0.011013
0.040028
0.009507
0.008506
0.014014
0.005504
0.006513
0.013014
0.010506
0.009010
0.013009
0.007002
0.010507
0.049541
0.011506
0.009006
0.011510
0.010512
0.010510
0.009557
0.007666
0.006510
0.010057
0.006997
0.011631
0.030308
0.007159
0.007512
0.011640
0.007517
0.006510
0.010509
0.008513
0.007032
