100	132	95	95
100	132	95	95
100	133	95	95
99	133	96	96
100	134	95	95
100	134	95	95
99	134	96	96
99	135	96	96
100	134	95	95
100	134	96	96
101	136	96	96
101	138	93	93
100	137	96	96
102	138	94	94
101	138	93	93
100	138	94	94
100	138	94	94
100	136	94	94
98	136	94	94
98	136	96	96
100	138	94	94
98	136	94	94
98	136	94	94
97	136	96	96
98	138	94	94
98	138	94	94
98	138	94	94
98	138	94	94
99	138	94	94
100	138	94	94
98	138	94	94
100	138	93	93
100	138	94	94
99	137	93	93
98	135	96	96
100	131	96	96
102	131	94	94
101	125	93	93
100	120	94	94
100	115	94	94
100	109	96	96
102	105	94	94
99	99	96	96
99	93	96	96
99	86	96	96
98	81	94	94
98	78	94	94
100	74	93	93
101	70	94	94
102	66	96	96
104	63	93	93
103	60	96	96
103	56	96	96
102	54	98	98
103	51	96	96
104	50	96	96
105	46	96	96
105	47	93	93
104	45	96	96
106	44	94	94
106	44	93	93
106	45	94	94
106	47	94	94
107	49	94	94
107	51	98	98
110	52	94	94
109	52	93	93
109	53	94	94
110	54	94	94
110	52	94	94
110	52	94	94
110	52	94	94
110	51	93	93
110	50	96	96
112	52	96	96
114	54	94	94
114	56	93	93
114	58	93	93
117	63	91	91
118	63	93	93
118	65	96	96
120	65	93	93
121	64	91	91
122	62	93	93
124	61	93	93
124	60	93	93
124	60	93	93
126	60	93	93
126	60	93	93
127	61	91	91
129	63	91	91
129	63	91	91
128	62	93	93
128	62	93	93
128	62	93	93
132	64	89	89
131	63	91	91
129	62	93	93
129	63	91	91
129	63	91	91
129	63	91	91
129	63	91	91
128	62	91	91
128	62	93	93
129	63	91	91
128	62	91	91
128	60	93	93
129	61	91	91
129	61	91	91
130	62	89	89
130	64	89	89
129	63	91	91
128	62	93	93
130	62	93	93
133	63	91	91
135	63	91	91
135	63	91	91
138	66	89	89
141	66	89	89
143	66	89	89
145	68	89	89
148	69	87	87
151	68	86	86
151	68	86	86
150	69	87	87
153	70	86	86
151	70	89	89
151	70	86	86
152	71	87	87
151	70	89	89
151	70	86	86
150	71	87	87
150	71	87	87
149	70	87	87
151	70	86	86
150	69	87	87
149	70	86	86
149	70	86	86
147	69	87	87
148	69	87	87
149	68	86	86
148	69	87	87
149	68	89	89
152	68	87	87
151	66	86	86
152	67	84	84
151	66	86	86
152	65	87	87
152	65	87	87
154	65	84	84
152	65	87	87
153	64	86	86
154	63	84	84
154	63	84	84
155	64	82	82
153	64	86	86
153	64	86	86
153	62	86	86
154	63	84	84
153	62	86	86
155	64	82	82
155	62	82	82
154	62	84	84
153	61	86	86
153	61	86	86
151	61	86	86
151	59	86	86
152	60	84	84
152	60	84	84
149	59	86	86
149	59	86	86
148	60	84	84
147	61	86	86
147	63	82	82
148	63	82	82
145	62	84	84
146	63	82	82
144	63	82	82
145	63	82	82
143	63	82	82
141	60	84	84
141	61	81	81
141	61	81	81
141	62	79	79
140	60	81	81
138	61	82	82
138	60	81	81
138	61	82	82
138	61	79	79
139	60	81	81
139	60	79	79
141	60	76	76
138	61	79	79
138	60	79	79
138	61	77	77
135	59	81	81
136	62	77	77
133	60	81	81
131	61	82	82
129	61	84	84
129	63	81	81
132	65	77	77
131	66	77	77
129	66	81	81
131	68	77	77
131	71	77	77
132	73	79	79
133	75	79	79
135	76	76	76
135	76	77	77
138	79	74	74
138	79	76	76
139	82	76	76
140	83	76	76
140	83	77	77
142	84	76	76
142	84	79	79
143	85	77	77
145	87	74	74
146	87	74	74
145	87	76	76
144	87	77	77
145	88	76	76
146	89	76	76
147	90	74	74
147	90	74	74
147	90	74	74
144	90	76	76
145	89	77	77
144	89	77	77
145	90	77	77
144	89	76	76
145	90	77	77
146	89	76	76
145	90	77	77
146	89	76	76
147	91	74	74
148	89	74	74
147	89	77	77
147	88	77	77
148	87	76	76
148	87	77	77
149	86	76	76
149	86	77	77
151	84	76	76
152	84	76	76
151	82	77	77
151	82	77	77
149	78	79	79
149	75	79	79
149	74	79	79
151	74	79	79
152	72	77	77
155	72	77	77
159	71	76	76
157	73	79	79
160	73	76	76
162	75	74	74
163	73	74	74
163	75	74	74
162	74	76	76
162	74	76	76
163	75	74	74
160	74	76	76
159	74	79	79
159	73	76	76
159	76	77	77
158	75	76	76
160	75	74	74
157	75	77	77
158	74	76	76
156	75	77	77
157	74	76	76
155	76	76	76
155	75	77	77
154	74	76	76
156	76	76	76
154	74	76	76
156	76	76	76
154	76	76	76
155	76	76	76
155	76	76	76
153	76	76	76
156	77	74	74
153	77	76	76
155	77	76	76
152	77	79	79
154	76	79	79
152	76	79	79
154	77	77	77
153	76	76	76
154	77	79	79
155	76	76	76
155	77	76	76
154	75	77	77
153	74	76	76
154	75	76	76
152	73	76	76
153	75	76	76
151	73	76	76
152	75	76	76
150	74	77	77
149	75	79	79
149	75	77	77
148	76	79	79
150	75	76	76
149	78	77	77
151	80	74	74
150	80	76	76
150	81	76	76
150	82	76	76
150	83	76	76
150	84	76	76
148	86	77	77
149	87	77	77
148	88	76	76
149	88	77	77
148	89	76	76
149	89	79	79
150	88	76	76
150	89	76	76
151	88	74	74
149	88	77	77
149	87	77	77
150	86	79	79
150	84	77	77
149	82	79	79
150	83	77	77
150	80	77	77
149	79	76	76
151	79	74	74
148	78	77	77
150	77	76	76
149	77	77	77
148	76	77	77
148	77	77	77
147	75	79	79
147	75	79	79
149	74	79	79
151	74	79	79
153	71	81	81
153	69	81	81
156	70	79	79
157	69	79	79
158	69	79	79
159	68	79	79
161	67	79	79
162	66	81	81
163	65	77	77
166	65	74	74
166	67	74	74
166	66	76	76
166	66	76	76
167	66	76	76
169	65	74	74
171	66	73	73
172	65	73	73
171	67	76	76
171	67	79	79
172	66	76	76
173	68	76	76
173	68	76	76
171	68	79	79
172	68	77	77
174	69	76	76
175	68	74	74
172	68	77	77
174	67	74	74
171	66	76	76
172	66	76	76
171	67	74	74
170	66	77	77
169	65	76	76
170	66	76	76
169	65	74	74
169	65	76	76
167	63	76	76
170	65	74	74
169	62	76	76
168	63	77	77
167	62	76	76
170	64	74	74
169	63	76	76
167	61	76	76
171	65	73	73
168	62	74	74
169	65	73	73
169	62	74	74
166	63	76	76
167	63	76	76
166	64	74	74
167	64	74	74
164	64	76	76
163	64	77	77
163	66	74	74
162	66	74	74
161	66	74	74
162	66	74	74
158	65	76	76
159	65	73	73
156	64	76	76
158	63	74	74
156	64	74	74
157	62	74	74
157	65	71	71
158	64	70	70
154	65	73	73
153	64	73	73
151	64	74	74
150	64	74	74
150	64	73	73
148	64	73	73
147	65	71	71
146	66	70	70
145	66	70	70
143	66	73	73
143	65	73	73
143	65	73	73
143	64	76	76
147	65	73	73
149	66	71	71
151	67	70	70
152	67	73	73
156	68	70	70
159	68	70	70
161	68	70	70
161	69	70	70
163	69	70	70
165	69	70	70
164	69	71	71
166	70	70	70
168	70	69	69
167	72	69	69
167	73	69	69
169	72	69	69
167	72	71	71
168	74	70	70
168	75	70	70
168	76	70	70
168	77	70	70
168	79	69	69
168	79	70	70
166	80	70	70
167	82	69	69
165	82	70	70
167	84	67	67
165	85	69	69
166	85	67	67
163	85	70	70
164	86	70	70
162	87	70	70
164	89	67	67
161	89	70	70
162	91	69	69
161	92	69	69
161	93	69	69
161	94	69	69
161	93	69	69
161	94	70	70
161	94	71	71
162	95	69	69
163	96	67	67
162	95	69	69
162	95	69	69
163	96	67	67
163	95	67	67
162	95	70	70
163	94	67	67
163	94	67	67
162	92	69	69
162	93	67	67
163	92	69	69
162	93	67	67
163	93	67	67
162	93	67	67
161	92	69	69
161	93	67	67
162	92	69	69
161	92	67	67
161	92	70	70
161	91	67	67
161	90	70	70
162	90	67	67
162	90	67	67
162	89	67	67
162	89	67	67
163	87	69	69
162	87	69	69
163	87	67	67
163	87	70	70
163	85	70	70
163	87	70	70
163	86	69	69
163	86	70	70
164	86	67	67
163	86	70	70
164	86	67	67
163	86	70	70
163	85	69	69
161	86	70	70
162	85	69	69
162	86	67	67
162	83	70	70
162	85	67	67
162	84	67	67
160	85	69	69
162	83	69	69
160	83	69	69
160	81	70	70
161	83	67	67
160	81	69	69
160	81	69	69
160	80	69	69
162	80	69	69
162	80	67	67
163	80	67	67
163	79	67	67
164	79	67	67
165	78	67	67
164	79	69	69
166	78	67	67
167	79	69	69
166	77	69	69
168	79	67	67
170	79	66	66
168	80	69	69
170	78	69	69
171	80	67	67
173	81	66	66
174	81	66	66
174	81	65	65
173	80	67	67
176	80	65	65
174	82	67	67
173	80	70	70
174	80	67	67
173	81	69	69
173	80	70	70
174	81	67	67
173	80	70	70
172	80	71	71
172	81	71	71
173	82	69	69
172	82	69	69
172	83	70	70
172	84	67	67
173	85	67	67
170	84	70	70
172	85	67	67
169	85	70	70
170	85	69	69
170	86	67	67
170	86	67	67
170	87	67	67
169	87	67	67
170	88	67	67
169	88	67	67
170	89	69	69
168	90	69	69
169	90	67	67
168	91	69	69
168	92	69	69
169	92	67	67
169	93	67	67
168	94	69	69
168	95	69	69
168	96	69	69
168	97	69	69
168	96	69	69
168	98	69	69
168	99	69	69
170	100	66	66
168	100	69	69
169	100	67	67
166	100	70	70
169	102	67	67
166	102	70	70
169	102	69	69
167	102	69	69
167	102	69	69
168	104	66	66
168	103	67	67
168	103	66	66
166	103	69	69
165	101	69	69
168	103	66	66
165	100	69	69
167	101	67	67
165	99	69	69
165	100	70	70
165	98	70	70
166	100	67	67
164	99	69	69
167	100	66	66
165	100	67	67
165	97	70	70
164	98	69	69
166	97	69	69
166	98	66	66
167	98	66	66
164	95	69	69
166	96	67	67
164	94	69	69
165	94	70	70
165	93	69	69
165	95	69	69
165	93	69	69
165	95	69	69
167	93	69	69
167	94	67	67
166	93	69	69
167	93	67	67
166	94	69	69
166	92	69	69
166	93	70	70
166	92	69	69
166	92	69	69
166	92	69	69
166	92	69	69
166	91	69	69
168	94	66	66
166	92	67	67
165	93	69	69
163	91	69	69
161	90	71	71
160	89	71	71
159	89	71	71
156	88	71	71
153	89	70	70
150	87	70	70
147	88	70	70
146	87	71	71
145	86	73	73
146	87	74	74
146	89	73	73
147	90	71	71
148	91	71	71
149	92	71	71
149	92	74	74
151	92	73	73
152	94	73	73
153	94	71	71
153	93	71	71
155	94	70	70
153	90	73	73
153	87	71	71
155	85	70	70
152	82	73	73
153	80	74	74
151	79	74	74
152	80	74	74
152	81	71	71
152	84	71	71
152	88	71	71
151	91	70	70
153	93	70	70
152	93	69	69
151	93	71	71
150	93	71	71
149	93	71	71
148	92	70	70
147	93	73	73
146	91	73	73
147	92	71	71
146	91	70	70
148	93	70	70
147	92	71	71
148	92	74	74
151	92	73	73
150	92	73	73
150	92	76	76
153	93	73	73
154	93	73	73
155	93	73	73
156	93	73	73
157	93	73	73
158	93	73	73
159	93	73	73
160	93	73	73
159	92	73	73
160	93	71	71
160	92	71	71
157	91	74	74
159	91	71	71
156	90	74	74
157	89	73	73
155	89	74	74
156	89	74	74
153	88	76	76
154	88	76	76
154	88	76	76
152	88	77	77
153	89	76	76
152	90	74	74
156	90	73	73
154	90	74	74
156	92	71	71
155	92	71	71
156	93	73	73
154	92	76	76
155	95	73	73
156	95	71	71
157	96	70	70
155	96	73	73
156	97	71	71
157	99	70	70
156	101	71	71
157	105	69	69
156	107	69	69
158	109	66	66
154	112	69	69
155	117	67	67
154	121	65	65
154	123	63	63
152	127	65	65
151	134	63	63
149	138	65	65
149	142	63	63
147	147	66	66
148	153	63	63
144	153	66	66
138	150	69	69
133	143	71	71
125	122	71	71
123	96	73	73
123	73	74	74
120	51	76	76
125	32	73	73
127	17	71	71
126	6	73	73
128	-2	73	73
130	-5	70	70
130	-8	73	73
130	-7	74	74
130	-7	73	73
131	0	71	71
132	6	70	70
132	18	69	69
133	31	70	70
132	48	71	71
131	65	74	74
132	90	71	71
131	110	74	74
129	131	77	77
131	147	74	74
133	161	71	71
131	170	73	73
131	175	70	70
129	181	70	70
126	183	69	69
123	184	69	69
123	184	67	67
121	184	67	67
119	183	69	69
117	183	70	70
116	181	70	70
115	180	73	73
114	178	70	70
114	175	73	73
114	175	71	71
115	172	70	70
112	169	73	73
115	168	70	70
112	164	73	73
113	161	71	71
112	160	71	71
111	158	73	73
110	156	73	73
113	153	70	70
111	152	71	71
112	152	69	69
110	156	70	70
111	163	69	69
111	172	67	67
110	186	69	69
109	203	71	71
113	216	71	71
122	229	71	71
133	240	73	73
147	246	74	74
165	250	76	76
181	254	73	73
203	256	70	70
218	254	71	71
235	251	70	70
251	248	69	69
263	247	69	69
275	248	66	66
288	248	65	65
294	248	66	66
301	249	63	63
304	248	65	65
308	249	62	62
306	247	65	65
308	245	62	62
308	245	63	63
311	243	62	62
313	245	60	60
314	243	60	60
313	241	61	61
315	239	60	60
316	237	57	57
315	234	59	59
317	233	56	56
315	231	57	57
314	228	59	59
313	228	59	59
314	227	57	57
314	228	56	56
313	226	57	57
312	226	56	56
310	224	59	59
310	223	56	56
311	223	56	56
308	219	59	59
312	221	56	56
309	218	59	59
313	220	56	56
312	219	56	56
315	221	54	54
314	221	56	56
314	221	54	54
313	220	56	56
313	220	56	56
313	220	56	56
313	221	54	54
312	222	54	54
310	223	56	56
309	223	55	55
309	223	56	56
307	223	55	55
306	223	57	57
305	224	55	55
304	223	57	57
303	224	56	56
302	223	57	57
300	224	56	56
299	224	57	57
298	225	56	56
297	224	57	57
294	224	60	60
294	223	59	59
292	225	59	59
292	223	59	59
291	224	57	57
292	223	57	57
290	224	59	59
292	222	59	59
291	224	57	57
291	222	60	60
291	224	60	60
291	223	60	60
293	225	59	59
295	225	56	56
295	225	59	59
294	222	60	60
294	222	61	61
295	222	60	60
295	221	61	61
298	221	59	59
297	221	61	61
298	221	59	59
300	223	59	59
300	221	60	60
300	221	60	60
301	220	60	60
301	221	60	60
301	220	59	59
301	221	60	60
302	221	57	57
301	221	60	60
301	221	60	60
301	223	59	59
300	224	59	59
302	223	59	59
300	223	59	59
301	223	57	57
299	222	57	57
298	219	59	59
297	219	56	56
298	218	56	56
297	219	56	56
297	220	56	56
296	221	56	56
297	224	55	55
296	227	54	54
295	229	56	56
295	230	54	54
294	231	56	56
294	232	55	55
294	233	53	53
293	233	55	55
294	234	53	53
294	235	54	54
292	236	56	56
294	236	54	54
294	237	54	54
292	238	56	56
294	238	54	54
293	238	55	55
294	239	54	54
294	240	54	54
293	240	55	55
294	240	56	56
295	241	54	54
295	241	55	55
296	242	54	54
296	242	55	55
297	243	54	54
296	242	55	55
298	243	54	54
299	243	54	54
299	243	53	53
298	244	54	54
299	245	53	53
300	245	54	54
300	244	54	54
299	244	53	53
299	244	54	54
299	244	54	54
300	245	52	52
300	245	52	52
300	245	52	52
300	245	52	52
298	243	53	53
299	244	52	52
299	244	52	52
298	243	53	53
298	243	53	53
298	244	54	54
298	246	54	54
298	246	54	54
298	245	54	54
298	245	54	54
298	246	54	54
297	248	56	56
298	250	56	56
297	254	57	57
298	262	56	56
296	271	59	59
300	279	56	56
300	282	59	59
303	288	56	56
302	291	57	57
301	296	59	59
295	297	60	60
292	298	57	57
284	297	57	57
272	294	60	60
262	287	61	61
254	278	62	62
245	267	63	63
239	256	66	66
234	245	65	65
228	235	67	67
223	224	70	70
219	219	70	70
216	215	73	73
216	213	70	70
216	213	69	69
211	211	71	71
210	208	71	71
207	204	71	71
205	203	69	69
203	202	67	67
199	197	70	70
196	193	67	67
196	189	65	65
195	185	65	65
192	180	66	66
190	177	67	67
188	175	65	65
184	170	65	65
179	167	63	63
174	164	63	63
172	161	62	62
170	158	62	62
169	156	61	61
168	153	61	61
166	151	63	63
166	148	62	62
165	145	62	62
159	142	63	63
157	138	66	66
158	138	63	63
157	136	61	61
157	135	62	62
156	134	61	61
157	134	61	61
156	133	63	63
157	133	61	61
157	134	63	63
159	134	62	62
161	136	60	60
161	135	59	59
161	136	61	61
164	136	59	59
162	137	61	61
164	137	60	60
164	138	62	62
164	138	60	60
164	138	61	61
163	138	61	61
163	138	63	63
163	138	61	61
162	139	63	63
160	138	66	66
160	138	65	65
159	139	62	62
160	139	60	60
158	139	62	62
158	138	61	61
155	139	62	62
156	138	61	61
156	140	60	60
155	138	61	61
154	139	61	61
155	138	61	61
156	140	60	60
155	138	61	61
155	139	62	62
155	138	61	61
156	139	62	62
157	139	60	60
156	139	60	60
155	138	61	61
154	137	61	61
154	138	59	59
153	138	57	57
152	139	60	60
151	138	62	62
151	138	63	63
151	138	63	63
151	138	63	63
151	139	63	63
152	140	63	63
151	141	65	65
151	142	65	65
151	143	65	65
152	143	63	63
152	144	63	63
152	145	63	63
154	146	61	61
155	148	60	60
155	150	59	59
155	151	60	60
155	153	59	59
157	155	56	56
155	157	59	59
153	159	61	61
154	162	63	63
154	167	61	61
156	170	60	60
152	173	62	62
153	178	61	61
146	177	63	63
140	173	65	65
133	159	63	63
123	139	66	66
120	117	69	69
119	93	71	71
120	72	70	70
121	52	67	67
122	37	67	67
125	24	65	65
126	16	63	63
127	10	62	62
128	5	62	62
128	3	65	65
128	5	66	66
129	8	63	63
130	14	63	63
131	24	63	63
132	35	62	62
133	49	61	61
134	64	59	59
134	84	60	60
134	108	60	60
134	131	62	62
136	149	65	65
142	164	63	63
142	176	66	66
144	183	63	63
144	189	63	63
145	194	63	63
146	195	62	62
145	194	63	63
146	193	61	61
148	193	60	60
147	191	60	60
148	189	62	62
145	185	65	65
146	181	66	66
145	177	65	65
148	173	62	62
149	171	60	60
148	167	62	62
145	164	65	65
147	160	63	63
145	156	66	66
145	154	66	66
145	153	63	63
144	150	65	65
141	147	67	67
142	144	66	66
141	141	66	66
141	141	63	63
140	140	63	63
138	138	65	65
136	136	67	67
135	135	67	67
136	132	66	66
133	131	66	66
136	131	63	63
132	129	65	65
133	128	63	63
132	126	65	65
131	125	65	65
133	124	65	65
129	123	67	67
129	120	70	70
129	122	67	67
130	120	69	69
128	121	67	67
129	119	67	67
127	120	69	69
129	118	69	69
128	118	67	67
129	118	70	70
131	117	67	67
131	117	66	66
131	117	69	69
128	115	71	71
130	116	70	70
129	115	69	69
128	115	71	71
128	115	69	69
128	117	71	71
128	116	69	69
127	115	71	71
126	114	70	70
126	115	71	71
124	114	73	73
126	114	73	73
124	114	73	73
125	115	71	71
123	116	73	73
125	115	73	73
123	115	73	73
123	115	73	73
121	115	74	74
122	114	73	73
124	116	70	70
122	114	73	73
118	114	76	76
119	115	74	74
117	114	77	77
116	115	76	76
116	115	77	77
112	115	77	77
113	114	79	79
109	114	82	82
110	113	81	81
108	115	81	81
108	114	79	79
107	116	82	82
107	116	79	79
107	115	79	79
105	116	81	81
105	114	81	81
103	116	81	81
102	115	81	81
102	115	81	81
98	115	84	84
99	116	84	84
98	116	84	84
99	117	82	82
96	116	84	84
97	117	82	82
97	115	82	82
95	116	86	86
95	116	86	86
94	115	84	84
94	116	87	87
96	116	84	84
94	116	87	87
95	117	86	86
93	115	86	86
94	116	87	87
95	117	89	89
92	115	93	93
93	116	89	89
95	115	86	86
95	116	89	89
97	116	89	89
95	116	93	93
95	117	94	94
96	118	91	91
97	117	89	89
98	116	87	87
97	116	89	89
97	118	89	89
96	117	91	91
96	117	91	91
93	117	94	94
93	118	93	93
94	118	91	91
92	116	93	93
91	116	93	93
88	115	96	96
86	113	96	96
86	111	96	96
84	111	96	96
81	108	98	98
79	104	102	102
77	104	102	102
76	103	104	104
78	101	100	100
77	101	102	102
76	102	104	104
77	102	102	102
77	100	102	102
78	101	100	100
76	100	104	104
76	101	104	104
76	99	104	104
73	98	109	109
71	98	109	109
73	98	106	106
73	96	106	106
74	97	104	104
71	96	106	106
69	94	109	109
65	92	113	113
65	92	113	113
66	91	111	111
62	89	115	115
65	88	113	113
60	87	115	115
59	84	118	118
57	82	113	113
57	80	113	113
55	78	113	113
53	76	118	118
49	72	118	118
50	69	115	115
47	68	118	118
45	63	122	122
45	62	118	118
40	57	122	122
41	55	122	122
43	52	118	118
40	49	120	120
42	47	120	120
40	45	120	120
43	46	122	122
39	42	125	125
43	41	122	122
41	43	125	125
43	41	122	122
40	44	122	122
42	45	125	125
43	46	122	122
41	47	125	125
41	49	125	125
41	51	125	125
40	51	127	127
39	52	130	130
40	53	133	133
42	55	133	133
41	57	133	133
43	58	130	130
43	58	130	130
46	59	127	127
45	60	130	130
47	62	130	130
48	61	127	127
49	65	125	125
48	63	127	127
48	63	127	127
48	63	133	133
49	61	130	130
49	62	130	130
50	63	133	133
49	60	133	133
52	60	133	133
51	58	133	133
53	57	130	130
53	58	135	135
55	55	130	130
56	56	133	133
58	58	133	133
59	56	130	130
60	58	127	127
60	58	133	133
62	60	133	133
64	60	127	127
65	61	130	130
67	61	130	130
70	62	127	127
72	62	127	127
73	61	130	130
75	61	130	130
76	62	133	133
78	61	133	133
79	60	130	130
81	63	130	130
82	64	133	133
83	62	130	130
84	64	133	133
82	62	135	135
86	61	133	133
88	62	127	127
88	64	133	133
90	62	127	127
90	62	127	127
90	64	127	127
92	64	127	127
89	64	133	133
89	66	133	133
91	64	130	130
91	65	130	130
92	66	133	133
93	64	130	130
93	67	130	130
93	64	130	130
90	67	135	135
93	67	135	135
92	65	130	130
94	66	133	133
88	65	138	138
90	64	135	135
90	64	135	135
86	65	138	138
88	71	135	135
89	84	133	133
84	102	138	138
85	124	138	138
85	155	133	133
82	196	135	135
83	231	133	133
87	263	130	130
96	284	125	125
103	295	120	120
103	300	125	125
107	296	125	125
107	283	130	130
107	269	135	135
105	253	138	138
102	229	143	143
106	205	141	141
110	187	138	138
111	168	141	141
119	153	135	135
116	143	141	141
116	132	146	146
119	121	146	146
122	113	141	141
121	107	138	138
123	102	135	135
121	95	135	135
117	86	138	138
114	81	135	135
112	74	135	135
107	66	141	141
105	58	138	138
108	49	133	133
107	38	130	130
107	30	127	127
99	19	130	130
92	11	125	125
78	-2	130	130
63	-26	127	127
66	-61	122	122
62	10	118	118
74	-12	120	120
13	61	125	125
11	65	127	127
15	73	125	125
114	152	120	120
128	165	115	115
135	186	111	111
134	204	106	106
119	215	102	102
105	222	98	98
101	225	102	102
74	245	98	98
133	216	100	100
98	78	104	104
97	116	102	102
101	166	100	100
103	218	100	100
106	271	96	96
117	329	98	98
144	305	102	102
158	274	102	102
225	240	106	106
263	222	104	104
258	219	109	109
243	213	113	113
238	210	115	115
239	209	113	113
236	206	115	115
235	203	113	113
234	200	111	111
233	199	113	113
229	197	118	118
227	195	122	122
226	191	120	120
228	194	115	115
227	189	113	113
228	190	111	111
225	187	113	113
223	187	113	113
225	186	109	109
222	183	109	109
220	182	111	111
129	215	109	109
124	215	104	104
131	215	100	100
138	217	96	96
141	218	93	93
146	222	89	89
151	222	86	86
154	219	82	82
158	217	79	79
160	211	76	76
160	203	73	73
161	190	74	74
162	178	71	71
162	163	74	74
162	151	74	74
164	140	71	71
165	128	69	69
163	117	70	70
164	107	73	73
162	98	76	76
161	92	74	74
162	85	71	71
162	81	69	69
164	78	66	66
161	78	69	69
163	78	66	66
161	79	69	69
163	79	66	66
165	81	65	65
165	81	63	63
167	82	65	65
169	83	62	62
168	82	63	63
167	81	65	65
169	82	62	62
166	82	65	65
168	79	63	63
165	78	65	65
165	77	65	65
162	78	66	66
163	77	66	66
162	77	63	63
162	77	63	63
160	76	63	63
159	78	66	66
157	78	65	65
156	80	67	67
155	80	67	67
154	84	67	67
153	90	69	69
155	94	66	66
154	101	66	66
156	106	65	65
152	111	67	67
150	111	66	66
144	106	65	65
137	91	62	62
132	75	65	65
131	58	63	63
132	42	61	61
135	27	59	59
136	17	59	59
134	11	61	61
134	8	63	63
134	8	66	66
134	10	67	67
135	16	66	66
137	27	66	66
137	39	69	69
136	54	69	69
138	73	66	66
140	91	66	66
137	108	69	69
135	122	69	69
133	131	70	70
134	137	67	67
133	142	67	67
133	143	67	67
133	143	65	65
133	143	63	63
130	141	65	65
127	140	66	66
126	139	65	65
125	137	62	62
123	136	65	65
123	135	66	66
122	134	65	65
121	134	67	67
120	133	67	67
121	133	70	70
121	131	69	69
123	132	66	66
121	130	67	67
125	129	65	65
123	128	66	66
123	126	65	65
123	126	66	66
123	122	69	69
123	121	67	67
124	119	69	69
126	118	66	66
127	116	66	66
127	114	69	69
128	113	67	67
131	112	67	67
130	110	67	67
130	108	67	67
131	108	66	66
132	105	66	66
132	105	66	66
132	103	65	65
134	103	67	67
135	101	66	66
137	101	63	63
136	100	65	65
139	100	63	63
140	100	63	63
139	98	65	65
138	100	67	67
141	99	67	67
141	99	66	66
139	99	69	69
141	98	69	69
142	99	67	67
142	98	67	67
142	98	67	67
142	97	67	67
143	98	70	70
145	98	67	67
146	98	66	66
148	96	65	65
147	96	67	67
149	94	66	66
148	94	67	67
151	93	65	65
150	95	67	67
152	94	66	66
151	94	67	67
155	93	65	65
157	95	65	65
158	94	66	66
159	93	63	63
159	93	66	66
159	93	69	69
160	92	67	67
160	92	65	65
162	92	67	67
160	91	70	70
160	91	70	70
158	90	71	71
160	91	70	70
160	89	70	70
161	91	67	67
161	90	67	67
160	90	70	70
160	90	70	70
161	90	67	67
160	91	67	67
161	91	67	67
158	91	70	70
161	90	69	69
160	91	67	67
159	90	69	69
157	90	70	70
158	89	71	71
158	89	69	69
159	89	67	67
158	89	70	70
159	87	70	70
159	88	70	70
157	86	73	73
160	86	73	73
164	85	70	70
165	84	69	69
166	83	67	67
169	81	67	67
169	80	70	70
173	78	69	69
174	79	67	67
174	76	70	70
177	77	69	69
180	77	70	70
182	76	69	69
184	77	66	66
184	76	67	67
185	76	70	70
190	76	67	67
189	76	67	67
191	74	66	66
191	77	67	67
195	75	65	65
193	77	67	67
193	74	66	66
193	76	69	69
192	74	69	69
194	73	66	66
193	73	66	66
194	72	66	66
191	70	69	69
195	69	67	67
194	68	65	65
193	68	67	67
192	67	70	70
193	67	70	70
193	66	69	69
193	68	69	69
193	65	70	70
193	66	69	69
193	65	69	69
195	67	66	66
193	65	69	69
194	65	67	67
195	66	66	66
196	65	63	63
194	66	66	66
194	66	66	66
194	66	63	63
195	67	65	65
195	66	63	63
194	68	66	66
193	69	67	67
192	69	70	70
194	69	67	67
196	71	66	66
196	70	63	63
198	71	63	63
199	71	63	63
198	72	65	65
200	73	65	65
200	73	63	63
200	73	63	63
200	74	66	66
202	74	63	63
203	75	61	61
201	74	63	63
203	75	62	62
201	75	65	65
202	75	63	63
201	74	63	63
200	75	65	65
201	74	63	63
199	75	65	65
201	73	65	65
201	75	62	62
199	73	65	65
199	74	63	63
199	74	66	66
199	74	63	63
199	76	62	62
198	74	63	63
196	76	65	65
197	75	66	66
195	74	65	65
195	76	66	66
192	75	67	67
190	76	69	69
191	76	66	66
191	76	63	63
189	76	63	63
188	75	63	63
186	76	63	63
187	74	62	62
184	75	61	61
181	75	62	62
179	75	62	62
176	75	65	65
173	74	67	67
171	74	67	67
169	74	66	66
167	74	67	67
166	74	67	67
164	75	69	69
165	76	66	66
163	75	65	65
164	78	62	62
161	76	65	65
160	76	65	65
159	76	65	65
158	76	65	65
156	75	65	65
154	77	65	65
153	75	66	66
150	76	69	69
150	74	67	67
150	73	65	65
147	73	66	66
145	71	67	67
143	70	69	69
143	69	69	69
142	70	66	66
144	69	63	63
141	70	65	65
140	69	66	66
138	68	67	67
139	67	65	65
136	69	67	67
137	67	65	65
136	69	62	62
137	67	65	65
135	69	67	67
134	69	69	69
136	69	66	66
136	69	63	63
137	68	63	63
135	68	66	66
135	67	67	67
134	66	70	70
135	66	67	67
132	66	70	70
135	64	69	69
133	66	71	71
133	65	71	71
133	64	71	71
132	63	73	73
133	61	71	71
133	61	71	71
133	61	74	74
132	60	77	77
135	60	74	74
133	62	77	77
134	60	76	76
134	59	77	77
132	59	81	81
132	58	84	84
133	59	84	84
134	58	82	82
131	58	84	84
130	55	86	86
131	56	87	87
131	56	87	87
131	55	84	84
132	54	82	82
130	55	82	82
128	52	84	84
125	52	87	87
121	50	91	91
119	49	94	94
116	49	96	96
117	49	94	94
113	47	94	94
112	46	98	98
109	47	100	100
107	47	104	104
107	48	100	100
104	45	102	102
98	43	106	106
96	43	109	109
96	45	106	106
94	43	109	109
94	43	109	109
94	43	109	109
92	41	109	109
91	42	111	111
89	40	115	115
87	40	120	120
87	42	125	125
91	43	120	120
95	43	115	115
95	43	115	115
91	41	120	120
93	41	120	120
96	42	118	118
94	42	122	122
96	42	122	122
91	39	127	127
95	40	125	125
88	37	127	127
87	38	130	130
85	39	133	133
85	38	133	133
84	37	130	130
83	39	133	133
79	36	127	127
78	37	125	125
73	35	130	130
67	35	130	130
63	34	127	127
57	35	130	130
49	35	135	135
45	34	130	130
45	35	125	125
38	35	130	130
33	35	130	130
31	36	133	133
26	38	138	138
24	38	138	138
20	38	138	138
15	40	133	133
8	50	138	138
0	65	143	143
-3	89	141	141
-9	122	143	143
-17	157	149	149
-22	207	143	143
-38	250	149	149
-26	299	146	146
-7	300	141	141
65	305	141	141
176	263	135	135
175	263	141	141
178	261	135	135
177	255	133	133
180	253	127	127
184	245	125	125
183	245	125	125
186	241	125	125
190	238	120	120
192	239	125	125
197	239	120	120
199	239	120	120
204	238	122	122
105	283	127	127
91	266	133	133
93	251	138	138
97	243	141	141
99	228	135	135
100	217	138	138
100	199	138	138
100	184	143	143
100	166	143	143
103	149	138	138
104	132	141	141
107	123	135	135
102	113	141	141
103	104	138	138
103	99	133	133
102	96	135	135
100	92	130	130
99	88	127	127
95	89	130	130
96	91	125	125
97	94	120	120
99	96	115	115
97	98	111	111
100	101	106	106
98	103	102	102
97	104	100	100
99	107	96	96
99	109	96	96
101	111	94	94
106	113	93	93
109	117	89	89
111	120	89	89
111	120	87	87
110	118	84	84
103	106	86	86
102	88	82	82
106	70	79	79
113	50	76	76
121	35	73	73
127	23	70	70
133	14	67	67
139	9	66	66
142	5	65	65
145	5	63	63
150	7	61	61
151	11	62	62
153	19	65	65
156	27	63	63
158	40	63	63
160	57	65	65
160	77	66	66
163	96	65	65
163	113	63	63
161	125	66	66
159	136	69	69
160	143	66	66
160	149	63	63
158	150	61	61
154	148	61	61
150	148	63	63
145	146	66	66
143	145	65	65
140	143	67	67
139	142	65	65
136	141	67	67
133	138	66	66
129	137	66	66
126	137	69	69
126	133	67	67
124	133	66	66
122	132	65	65
119	131	65	65
119	130	63	63
118	129	65	65
115	127	67	67
113	126	67	67
113	126	66	66
112	125	63	63
110	123	66	66
107	122	66	66
107	120	65	65
106	119	65	65
105	117	65	65
105	117	66	66
102	113	66	66
103	111	65	65
102	110	65	65
104	108	65	65
103	107	63	63
103	103	66	66
103	102	65	65
105	100	65	65
106	98	65	65
107	97	63	63
108	96	63	63
109	95	66	66
111	93	65	65
109	93	67	67
111	92	69	69
112	91	67	67
114	92	69	69
113	91	70	70
115	91	70	70
118	90	69	69
118	91	67	67
117	89	69	69
120	90	66	66
121	90	66	66
119	87	69	69
120	88	67	67
121	86	67	67
121	86	67	67
122	84	69	69
121	85	70	70
121	83	69	69
122	84	67	67
121	81	70	70
121	82	67	67
122	81	69	69
119	81	70	70
121	80	67	67
119	82	69	69
121	80	67	67
120	81	67	67
121	81	66	66
119	82	69	69
119	80	69	69
121	82	66	66
120	81	67	67
119	81	70	70
119	80	69	69
121	82	69	69
120	80	69	69
119	82	71	71
120	81	69	69
121	81	70	70
121	79	70	70
121	80	70	70
122	78	70	70
122	79	69	69
122	77	70	70
122	78	69	69
122	77	71	71
123	78	69	69
122	78	71	71
124	79	70	70
126	78	69	69
125	80	71	71
126	80	69	69
128	80	67	67
127	80	70	70
128	79	67	67
130	81	66	66
128	79	67	67
130	81	69	69
129	79	67	67
130	80	67	67
128	79	69	69
130	79	69	69
130	79	67	67
131	81	66	66
129	79	69	69
129	81	69	69
131	81	67	67
130	80	69	69
130	82	69	69
130	81	69	69
132	83	69	69
131	82	70	70
133	84	69	69
132	83	69	69
132	83	69	69
134	85	69	69
133	84	67	67
134	86	69	69
131	83	70	70
134	86	69	69
131	84	71	71
133	85	70	70
133	86	67	67
132	86	70	70
132	88	69	69
130	88	70	70
131	88	71	71
131	89	69	69
133	90	67	67
132	90	67	67
133	90	67	67
133	91	65	65
135	92	63	63
134	92	66	66
132	92	69	69
134	93	66	66
132	91	69	69
132	93	69	69
131	91	71	71
134	91	69	69
133	92	70	70
133	90	69	69
136	92	66	66
136	89	69	69
135	91	69	69
137	90	67	67
138	91	67	67
141	91	67	67
144	91	65	65
147	93	63	63
152	92	61	61
153	92	63	63
157	92	66	66
161	92	65	65
163	93	66	66
165	92	65	65
165	93	66	66
169	92	67	67
174	92	65	65
179	95	62	62
181	92	62	62
183	93	65	65
182	91	65	65
181	91	63	63
178	90	65	65
177	88	63	63
177	88	62	62
175	86	63	63
175	86	63	63
175	86	62	62
175	85	63	63
177	84	63	63
179	85	61	61
177	83	63	63
176	83	66	66
176	82	63	63
177	83	62	62
173	81	65	65
173	83	66	66
172	83	66	66
174	84	63	63
172	83	65	65
173	85	66	66
172	84	65	65
169	86	67	67
166	85	66	66
163	85	67	67
161	85	66	66
159	86	66	66
157	85	67	67
155	85	67	67
153	86	67	67
153	87	66	66
151	87	67	67
152	87	65	65
149	88	66	66
150	87	67	67
151	88	66	66
151	87	65	65
151	89	66	66
148	90	69	69
151	91	69	69
152	93	66	66
154	93	65	65
154	94	63	63
154	95	66	66
154	94	67	67
153	93	65	65
148	94	66	66
143	92	69	69
139	91	67	67
136	91	70	70
136	90	69	69
135	90	69	69
134	89	71	71
133	88	73	73
