471	317	305	211
464	317	317	219
461	315	323	223
461	315	323	223
461	315	323	223
464	317	317	219
472	319	311	215
474	324	299	206
467	322	304	211
465	324	299	206
465	324	299	206
470	324	299	206
469	324	299	206
471	326	304	211
474	329	299	206
476	324	287	198
486	327	276	191
489	329	270	187
499	331	265	183
508	331	255	176
506	329	260	180
506	329	260	180
510	329	260	180
510	325	260	180
512	327	255	176
516	327	255	176
515	321	250	173
520	325	240	166
517	319	245	169
520	321	240	166
514	315	245	169
518	318	235	163
515	318	235	163
518	318	235	163
515	318	235	163
511	318	235	163
502	319	245	169
493	316	255	176
492	312	255	176
490	310	260	180
490	310	260	180
490	306	260	180
490	306	260	180
485	302	270	187
485	302	270	187
485	302	270	187
490	306	260	180
486	302	260	180
483	300	265	183
482	302	260	180
473	298	270	187
479	300	265	183
479	300	265	183
475	300	265	183
471	296	265	183
475	296	265	183
478	298	260	180
478	298	260	180
483	298	250	173
485	299	245	169
482	295	245	169
490	295	235	163
489	295	245	169
494	298	235	163
496	300	231	159
496	300	231	159
504	300	222	153
507	303	222	153
510	300	222	153
513	303	222	153
512	300	231	159
519	300	222	153
522	300	222	153
525	297	222	153
528	297	222	153
530	299	217	150
535	297	222	153
542	300	213	147
543	299	217	150
545	296	226	156
548	292	235	163
546	291	240	166
552	292	235	163
556	292	235	163
560	292	235	163
564	292	235	163
565	291	240	166
563	289	245	169
568	292	235	163
572	292	235	163
572	292	235	163
577	296	226	156
574	294	231	159
574	294	231	159
572	289	235	163
571	294	231	159
573	293	222	153
574	293	213	147
571	293	213	147
571	293	213	147
572	293	205	141
569	293	205	141
566	293	205	141
566	293	205	141
563	293	205	141
563	293	205	141
560	293	205	141
560	293	205	141
560	296	205	141
564	287	197	136
567	290	197	136
560	293	205	141
558	295	209	144
555	295	209	144
555	295	209	144
557	296	205	141
559	297	201	139
559	297	201	139
559	300	201	139
552	301	209	144
550	299	213	147
550	299	213	147
554	305	205	141
550	302	213	147
548	304	217	150
550	305	213	147
550	308	213	147
554	311	205	141
550	308	213	147
548	310	217	150
544	310	226	156
547	310	226	156
547	310	226	156
551	309	217	150
551	313	217	150
547	310	226	156
552	308	222	153
550	310	226	156
552	308	222	153
550	310	226	156
547	308	231	159
550	310	226	156
547	308	231	159
546	305	240	166
547	305	240	166
551	308	231	159
557	310	226	156
554	308	231	159
554	312	231	159
553	308	240	166
549	304	250	173
549	304	250	173
549	308	250	173
551	310	245	169
551	310	245	169
551	310	245	169
549	308	250	173
549	308	250	173
546	307	255	176
546	307	255	176
549	308	250	173
549	308	250	173
546	307	255	176
546	307	255	176
550	307	255	176
550	307	255	176
553	308	250	173
554	311	255	176
559	314	245	169
564	314	235	163
570	319	231	159
565	315	240	166
571	316	235	163
575	316	235	163
577	318	231	159
581	318	231	159
579	315	240	166
584	322	231	159
586	319	235	163
586	319	235	163
590	319	235	163
595	323	226	156
590	319	235	163
588	318	240	166
588	318	240	166
592	325	231	159
592	324	231	159
588	321	240	166
591	317	240	166
589	315	245	169
581	312	255	176
589	315	245	169
598	318	235	163
603	322	226	156
606	322	226	156
608	320	222	153
607	317	231	159
612	319	226	156
612	319	226	156
615	315	226	156
619	322	217	150
624	320	213	147
631	323	205	141
631	323	205	141
631	326	205	141
633	327	201	139
635	332	197	136
633	330	201	139
637	333	193	133
638	335	197	136
642	340	189	131
646	343	182	126
648	344	178	123
648	344	178	123
646	343	182	126
641	342	185	128
643	343	182	126
643	343	182	126
636	340	189	131
632	338	197	136
628	332	205	141
628	335	205	141
630	336	201	139
630	336	201	139
631	339	193	133
627	336	201	139
627	336	201	139
627	336	201	139
625	335	205	141
621	332	213	147
622	338	205	141
624	339	201	139
622	338	205	141
622	338	205	141
624	339	201	139
621	342	201	139
622	344	205	141
620	343	209	144
615	338	213	147
614	338	222	153
618	341	213	147
618	344	213	147
615	344	213	147
620	346	209	144
619	347	205	141
619	347	205	141
623	356	197	136
621	357	201	139
621	357	201	139
621	357	201	139
618	357	201	139
616	359	205	141
618	360	201	139
618	363	201	139
622	366	193	133
622	366	193	133
626	371	185	128
622	366	193	133
620	362	197	136
618	360	201	139
618	360	201	139
618	360	201	139
618	360	201	139
618	360	201	139
618	360	201	139
621	360	201	139
621	360	201	139
621	360	201	139
623	362	197	136
619	359	205	141
626	362	197	136
625	359	205	141
628	359	205	141
628	359	205	141
631	356	205	141
638	362	197	136
637	356	205	141
640	356	205	141
641	351	209	144
641	352	209	144
646	353	205	141
649	350	205	141
650	349	209	144
653	345	209	144
653	346	209	144
655	347	205	141
656	346	209	144
661	344	205	141
659	343	209	144
661	341	205	141
659	340	209	144
659	340	209	144
662	336	209	144
664	338	205	141
659	337	209	144
659	333	209	144
659	334	209	144
659	334	209	144
661	332	205	141
656	331	209	144
656	331	209	144
653	327	209	144
656	328	209	144
653	328	209	144
653	324	209	144
651	323	213	147
653	321	209	144
649	319	217	150
649	319	217	150
649	319	217	150
652	315	217	150
650	314	222	153
657	317	213	147
658	312	217	150
661	313	217	150
659	311	222	153
664	313	217	150
667	313	217	150
670	313	217	150
673	313	217	150
676	313	217	150
674	311	222	153
679	313	217	150
682	316	217	150
683	311	222	153
686	314	222	153
686	314	222	153
686	314	222	153
689	314	222	153
689	314	222	153
689	314	222	153
687	316	226	156
687	316	226	156
687	316	226	156
689	317	222	153
689	317	222	153
686	317	222	153
686	317	222	153
683	317	222	153
683	317	222	153
683	317	222	153
680	317	222	153
680	317	222	153
680	317	222	153
672	314	231	159
675	316	226	156
677	314	222	153
677	314	222	153
679	316	217	150
675	313	226	156
674	306	235	163
679	309	226	156
675	309	226	156
681	307	222	153
683	305	217	150
681	301	222	153
682	300	226	156
684	298	222	153
685	293	226	156
686	289	231	159
689	286	231	159
693	277	235	163
699	279	231	159
703	279	222	153
702	273	231	159
706	268	235	163
712	266	231	159
716	261	235	163
720	253	235	163
722	259	231	159
724	253	235	163
728	249	235	163
734	250	231	159
733	247	231	159
735	242	235	163
737	243	231	159
737	243	231	159
739	238	235	163
741	239	231	159
741	239	231	159
741	239	231	159
741	239	231	159
740	241	226	156
741	241	226	156
733	234	235	163
729	233	235	163
730	239	231	159
730	238	231	159
729	240	226	156
726	240	226	156
718	238	231	159
716	240	226	156
711	238	231	159
708	238	231	159
705	238	231	159
699	238	231	159
695	238	231	159
689	242	231	159
687	243	226	156
688	243	226	156
679	241	231	159
675	241	231	159
671	246	226	156
664	246	226	156
660	246	226	156
661	246	226	156
655	248	231	159
654	249	226	156
642	247	231	159
641	252	226	156
638	252	226	156
639	252	226	156
632	252	226	156
632	252	226	156
628	252	226	156
630	258	217	150
622	255	226	156
623	255	226	156
619	255	226	156
622	256	222	153
616	258	226	156
616	256	222	153
618	261	217	150
616	259	222	153
610	258	226	156
607	261	226	156
608	261	226	156
602	259	231	159
605	261	226	156
601	261	226	156
604	262	222	153
598	261	226	156
601	262	222	153
595	261	226	156
596	261	226	156
592	261	226	156
593	261	226	156
589	261	226	156
590	261	226	156
589	259	222	153
589	259	222	153
587	258	226	156
583	258	226	156
581	256	231	159
584	254	226	156
584	255	226	156
584	251	226	156
586	253	222	153
584	252	226	156
586	250	222	153
584	252	226	156
584	248	226	156
584	249	226	156
584	249	226	156
587	249	226	156
587	249	226	156
590	245	226	156
590	246	226	156
597	249	217	150
595	247	222	153
593	246	226	156
600	249	217	150
599	246	226	156
596	244	231	159
600	248	231	159
604	247	222	153
604	250	222	153
607	250	222	153
605	249	226	156
608	249	226	156
605	247	231	159
605	247	231	159
605	247	231	159
611	249	226	156
608	251	231	159
608	250	231	159
613	250	222	153
608	251	231	159
613	250	222	153
608	251	231	159
608	250	231	159
608	247	231	159
608	247	231	159
608	247	231	159
611	249	226	156
603	242	235	163
602	241	235	163
607	245	226	156
604	243	231	159
604	243	231	159
607	245	226	156
607	245	226	156
603	241	226	156
606	243	222	153
604	242	226	156
604	242	226	156
604	242	226	156
601	240	231	159
598	240	231	159
604	242	226	156
604	242	226	156
604	242	226	156
606	243	222	153
608	248	217	150
604	245	226	156
604	245	226	156
606	246	222	153
606	246	222	153
606	249	222	153
606	249	222	153
604	251	226	156
604	254	226	156
606	258	222	153
606	258	222	153
601	259	231	159
606	261	222	153
601	262	231	159
606	264	222	153
608	269	217	150
600	266	226	156
598	264	231	159
603	267	222	153
600	270	222	153
600	270	222	153
595	271	231	159
598	272	226	156
594	272	226	156
595	272	226	156
599	275	217	150
591	272	226	156
592	272	226	156
592	272	226	156
586	270	231	159
589	272	226	156
589	272	226	156
583	270	231	159
586	272	226	156
586	272	226	156
588	273	222	153
588	273	222	153
588	273	222	153
586	272	226	156
586	272	226	156
586	272	226	156
583	270	231	159
587	270	231	159
586	270	231	159
590	270	231	159
592	272	226	156
589	270	231	159
595	272	226	156
600	273	222	153
600	273	222	153
599	274	231	159
596	271	235	163
596	271	235	163
604	275	226	156
606	276	222	153
611	281	217	150
607	278	226	156
610	278	226	156
607	276	231	159
605	274	235	163
611	280	231	159
608	277	235	163
616	281	226	156
611	277	235	163
609	276	240	166
609	276	240	166
617	279	231	159
612	276	240	166
612	276	240	166
615	276	240	166
616	276	240	166
616	276	240	166
616	276	240	166
618	277	235	163
622	277	235	163
620	276	240	166
620	276	240	166
620	276	240	166
622	277	235	163
622	277	235	163
622	277	235	163
623	276	240	166
626	277	235	163
626	277	235	163
626	277	235	163
626	277	235	163
626	277	235	163
626	277	235	163
626	277	235	163
626	277	235	163
626	277	235	163
626	277	235	163
627	276	240	166
632	279	231	159
630	274	235	163
630	273	235	163
628	272	240	166
630	273	235	163
630	273	235	163
630	273	235	163
630	273	235	163
632	275	231	159
632	275	231	159
632	275	231	159
630	270	235	163
630	269	235	163
630	269	235	163
630	269	235	163
630	269	235	163
630	269	235	163
630	269	235	163
630	269	235	163
630	269	235	163
630	269	235	163
630	269	235	163
628	268	240	166
636	275	231	159
633	272	235	163
633	272	235	163
633	272	235	163
631	271	240	166
639	278	231	159
636	275	235	163
636	275	235	163
636	275	235	163
640	275	235	163
638	277	240	166
640	279	235	163
640	279	235	163
641	278	240	166
644	279	235	163
644	279	235	163
644	279	235	163
644	279	235	163
644	279	235	163
644	279	235	163
644	279	235	163
644	279	235	163
646	281	231	159
646	281	231	159
644	276	235	163
643	277	231	159
639	270	240	166
641	271	235	163
643	273	231	159
640	270	231	159
638	268	235	163
637	267	231	159
635	265	235	163
634	267	231	159
634	264	231	159
634	264	231	159
631	261	231	159
631	261	231	159
628	261	231	159
626	256	235	163
631	259	226	156
627	259	226	156
623	255	235	163
628	259	226	156
628	259	226	156
628	259	226	156
628	259	226	156
623	255	235	163
625	261	231	159
625	260	231	159
625	260	231	159
624	257	240	166
633	264	231	159
632	267	231	159
631	263	240	166
634	268	235	163
636	274	231	159
638	271	235	163
636	270	240	166
639	273	240	166
643	277	240	166
644	281	240	166
648	285	231	159
646	283	235	163
646	287	235	163
646	291	235	163
646	291	235	163
646	291	235	163
646	291	235	163
643	291	235	163
642	295	235	163
647	302	226	156
641	300	231	159
638	300	231	159
636	298	235	163
633	298	235	163
637	305	226	156
631	303	231	159
628	303	231	159
625	307	231	159
625	306	231	159
622	306	231	159
619	306	231	159
616	306	231	159
613	306	231	159
613	306	231	159
610	306	231	159
610	306	231	159
607	306	231	159
604	306	231	159
604	306	231	159
603	308	226	156
601	303	231	159
598	303	231	159
598	303	231	159
597	305	226	156
595	300	231	159
592	300	231	159
594	295	235	163
595	298	226	156
596	298	226	156
596	298	226	156
597	296	231	159
596	296	231	159
596	296	231	159
600	296	231	159
603	296	231	159
604	291	235	163
610	296	231	159
613	295	231	159
612	295	231	159
621	297	226	156
623	295	231	159
626	295	231	159
629	295	231	159
632	295	231	159
635	295	231	159
638	295	231	159
641	295	231	159
640	295	231	159
644	295	231	159
646	297	226	156
646	297	226	156
638	290	235	163
639	291	231	159
636	291	231	159
639	293	226	156
627	286	235	163
629	287	231	159
614	284	240	166
613	282	235	163
609	281	235	163
599	280	240	166
601	281	235	163
595	280	240	166
599	283	231	159
594	278	235	163
595	283	231	159
600	282	222	153
592	283	231	159
596	282	231	159
587	275	240	166
598	282	231	159
602	281	231	159
605	281	231	159
611	281	231	159
607	278	240	166
613	279	235	163
626	281	231	159
632	281	231	159
639	281	231	159
642	278	240	166
642	278	240	166
655	279	235	163
662	279	235	163
667	281	240	166
676	283	235	163
685	282	240	166
685	282	240	166
692	282	240	166
699	285	240	166
708	287	235	163
712	287	235	163
717	286	240	166
713	286	240	166
720	286	240	166
728	293	231	159
732	290	235	163
727	287	245	169
731	287	245	169
731	287	245	169
740	290	235	163
735	287	245	169
739	291	245	169
739	291	245	169
739	291	245	169
739	291	245	169
743	291	245	169
743	291	245	169
743	291	245	169
743	291	245	169
743	295	245	169
743	295	245	169
743	295	245	169
743	295	245	169
743	295	245	169
743	295	245	169
743	295	245	169
743	295	245	169
743	299	245	169
743	299	245	169
743	299	245	169
743	299	245	169
743	299	245	169
743	299	245	169
743	299	245	169
747	303	245	169
747	303	245	169
747	303	245	169
753	305	240	166
754	305	240	166
751	303	245	169
751	303	245	169
757	305	240	166
755	307	245	169
755	307	245	169
755	307	245	169
757	305	250	173
759	307	245	169
765	309	240	166
763	307	245	169
767	307	245	169
770	309	240	166
770	309	240	166
767	307	245	169
769	305	250	173
775	307	245	169
775	307	245	169
775	307	245	169
775	307	245	169
775	307	245	169
779	307	245	169
779	307	245	169
777	305	250	173
777	305	250	173
783	307	245	169
783	307	245	169
783	307	245	169
781	305	250	173
778	304	255	176
778	304	255	176
782	304	255	176
782	304	255	176
785	305	250	173
782	304	255	176
789	305	250	173
791	307	245	169
786	304	255	176
786	304	255	176
793	305	250	173
790	304	255	176
794	304	255	176
797	305	250	173
794	304	255	176
801	309	250	173
805	309	250	173
809	309	250	173
809	309	250	173
806	308	255	176
813	309	250	173
814	308	255	176
821	313	250	173
820	310	260	180
824	310	260	180
826	312	255	176
826	312	255	176
830	316	255	176
837	317	250	173
838	316	255	176
840	318	260	180
845	321	250	173
842	320	255	176
846	320	255	176
848	322	260	180
852	322	260	180
854	324	255	176
852	322	260	180
856	326	260	180
862	328	255	176
862	328	255	176
862	328	255	176
864	326	260	180
866	328	255	176
866	328	255	176
864	330	260	180
873	333	250	173
870	328	255	176
870	328	255	176
870	328	255	176
874	328	255	176
879	331	245	169
874	328	255	176
874	324	255	176
878	324	255	176
878	324	255	176
876	322	260	180
876	318	260	180
877	316	265	183
880	314	260	180
885	317	250	173
885	317	250	173
884	310	260	180
886	308	255	176
884	306	260	180
890	308	255	176
888	302	260	180
890	304	255	176
890	304	255	176
897	305	250	173
892	298	260	180
892	298	260	180
896	298	260	180
896	298	260	180
896	298	260	180
896	298	260	180
896	298	260	180
896	298	260	180
896	298	260	180
896	298	260	180
900	298	260	180
900	302	260	180
900	302	260	180
900	302	260	180
900	306	260	180
900	306	260	180
902	308	255	176
902	308	255	176
900	306	260	180
900	310	260	180
900	310	260	180
902	312	255	176
905	313	250	173
909	313	250	173
909	313	250	173
906	312	255	176
904	310	260	180
904	310	260	180
909	313	250	173
906	312	255	176
909	313	250	173
906	312	255	176
906	312	255	176
906	312	255	176
913	313	250	173
913	313	250	173
913	313	250	173
913	313	250	173
913	313	250	173
913	313	250	173
913	313	250	173
913	313	250	173
913	313	250	173
913	313	250	173
913	313	250	173
913	313	250	173
913	313	250	173
913	313	250	173
913	313	250	173
913	313	250	173
913	313	250	173
913	313	250	173
913	313	250	173
913	313	250	173
913	313	250	173
910	312	255	176
913	313	250	173
913	313	250	173
908	310	260	180
908	310	260	180
912	310	260	180
917	313	250	173
919	315	245	169
919	315	245	169
919	315	245	169
919	315	245	169
919	315	245	169
914	312	255	176
909	308	265	183
909	308	265	183
912	310	260	180
912	314	260	180
917	317	250	173
917	317	250	173
917	317	250	173
917	317	250	173
917	317	250	173
917	317	250	173
917	317	250	173
917	317	250	173
917	317	250	173
917	317	250	173
917	317	250	173
917	317	250	173
917	317	250	173
917	317	250	173
917	317	250	173
917	317	250	173
919	319	245	169
919	319	245	169
917	317	250	173
917	317	250	173
917	317	250	173
917	317	250	173
912	314	260	180
916	314	260	180
921	317	250	173
916	314	260	180
918	320	255	176
921	321	250	173
925	321	250	173
922	320	255	176
922	320	255	176
926	320	255	176
926	320	255	176
926	320	255	176
926	320	255	176
926	320	255	176
926	320	255	176
926	320	255	176
926	320	255	176
926	320	255	176
926	324	255	176
929	325	250	173
929	325	250	173
929	325	250	173
929	325	250	173
929	325	250	173
929	325	250	173
929	325	250	173
925	325	250	173
925	325	250	173
921	325	250	173
921	325	250	173
921	325	250	173
917	325	250	173
913	325	250	173
913	325	250	173
912	327	245	169
909	325	250	173
908	327	245	169
904	327	245	169
895	328	255	176
896	331	245	169
892	331	245	169
891	331	245	169
883	328	255	176
887	331	245	169
879	328	255	176
878	328	255	176
878	332	255	176
876	330	260	180
878	332	255	176
883	335	245	169
878	332	255	176
887	335	245	169
891	335	245	169
886	332	255	176
893	333	250	173
900	333	250	173
901	328	255	176
911	329	250	173
916	324	255	176
913	324	255	176
920	320	255	176
928	320	255	176
936	316	255	176
944	312	255	176
952	308	255	176
946	306	260	180
954	302	260	180
962	298	260	180
971	298	250	173
974	286	260	180
978	282	260	180
978	282	260	180
979	272	265	183
986	270	260	180
990	266	260	180
995	256	265	183
998	254	260	180
993	250	270	187
999	248	265	183
1003	244	265	183
1001	238	270	187
1010	242	260	180
1014	238	260	180
1011	236	265	183
1014	234	260	180
1013	230	270	187
1013	230	270	187
1022	234	260	180
1021	230	270	187
1023	232	265	183
1028	236	255	176
1030	234	260	180
1029	230	270	187
1029	230	270	187
1033	230	270	187
1033	230	270	187
1033	230	270	187
1039	232	265	183
1039	236	265	183
1039	236	265	183
1039	236	265	183
1039	236	265	183
1039	240	265	183
1039	240	265	183
1039	240	265	183
1039	244	265	183
1039	248	265	183
1041	252	255	176
1035	248	265	183
1035	248	265	183
1035	252	265	183
1035	252	265	183
1031	256	265	183
1029	254	270	187
1034	258	260	180
1034	258	260	180
1034	262	260	180
1034	266	260	180
1033	268	255	176
1031	264	265	183
1030	266	260	180
1027	264	265	183
1027	268	265	183
1025	266	270	187
1027	268	265	183
1027	268	265	183
1027	268	265	183
1027	268	265	183
1027	272	265	183
1027	272	265	183
1025	270	270	187
1025	270	270	187
1025	270	270	187
1029	270	270	187
1030	274	260	180
1029	270	270	187
1030	274	260	180
1029	270	270	187
1034	274	260	180
1034	274	260	180
1034	274	260	180
1034	274	260	180
1034	274	260	180
1034	274	260	180
1034	274	260	180
1034	274	260	180
1034	274	260	180
1034	274	260	180
1034	274	260	180
1034	274	260	180
1034	278	260	180
1034	278	260	180
1034	278	260	180
1034	278	260	180
1034	278	260	180
1034	278	260	180
1034	278	260	180
1034	278	260	180
1034	278	260	180
1034	278	260	180
1034	282	260	180
1034	282	260	180
1034	282	260	180
1034	282	260	180
1031	280	265	183
1031	280	265	183
1034	282	260	180
1034	282	260	180
1034	282	260	180
1034	282	260	180
1034	282	260	180
1033	282	270	187
1035	284	265	183
1035	284	265	183
1035	284	265	183
1035	284	265	183
1035	284	265	183
1035	284	265	183
1035	284	265	183
1035	284	265	183
1035	284	265	183
1035	288	265	183
1035	288	265	183
1035	288	265	183
1035	288	265	183
1035	288	265	183
1035	288	265	183
1039	288	265	183
1042	290	260	180
1042	290	260	180
1042	290	260	180
1042	290	260	180
1042	290	260	180
1039	288	265	183
1042	290	260	180
1042	290	260	180
1042	290	260	180
1042	290	260	180
1042	290	260	180
1042	290	260	180
1046	290	260	180
1048	292	255	176
1043	288	265	183
1041	286	270	187
1046	290	260	180
1046	290	260	180
1046	290	260	180
1046	290	260	180
1047	288	265	183
1047	288	265	183
1047	288	265	183
1047	288	265	183
1047	288	265	183
1047	288	265	183
1047	288	265	183
1047	288	265	183
1050	290	260	180
1050	290	260	180
1050	290	260	180
1047	288	265	183
1052	296	255	176
1047	292	265	183
1050	294	260	180
1050	294	260	180
1050	294	260	180
1047	296	265	183
1050	298	260	180
1050	298	260	180
1055	301	250	173
1050	298	260	180
1047	300	265	183
1047	300	265	183
1047	300	265	183
1047	300	265	183
1047	300	265	183
1047	300	265	183
1047	300	265	183
1047	304	265	183
1047	304	265	183
1047	304	265	183
1047	304	265	183
1047	304	265	183
1047	304	265	183
1047	304	265	183
1047	304	265	183
1047	304	265	183
1047	304	265	183
1047	308	265	183
1047	308	265	183
1047	308	265	183
1047	308	265	183
1047	308	265	183
1047	308	265	183
1047	308	265	183
1052	316	255	176
1054	314	260	180
1051	312	265	183
1051	312	265	183
1051	312	265	183
1056	320	255	176
1055	316	265	183
1055	316	265	183
1058	318	260	180
1058	318	260	180
1058	318	260	180
1058	318	260	180
1060	320	255	176
1060	324	255	176
1062	322	260	180
1059	320	265	183
1059	320	265	183
1059	320	265	183
1059	320	265	183
1059	320	265	183
1059	320	265	183
1059	320	265	183
1063	320	265	183
1063	320	265	183
1063	320	265	183
1063	320	265	183
1063	320	265	183
1063	320	265	183
1063	320	265	183
1063	320	265	183
1063	320	265	183
1063	320	265	183
1063	320	265	183
1063	320	265	183
1063	320	265	183
1063	320	265	183
1063	320	265	183
1063	320	265	183
1063	320	265	183
1063	320	265	183
1063	320	265	183
1063	320	265	183
1063	320	265	183
1063	320	265	183
1063	320	265	183
1063	320	265	183
1063	320	265	183
1063	320	265	183
1063	320	265	183
1063	320	265	183
1063	320	265	183
1063	320	265	183
1063	320	265	183
1063	320	265	183
1063	320	265	183
1063	320	265	183
1063	320	265	183
1063	320	265	183
1063	320	265	183
1063	320	265	183
1063	320	265	183
1059	320	265	183
1059	320	265	183
1059	320	265	183
1059	324	265	183
1057	322	270	187
1059	324	265	183
1059	324	265	183
1059	324	265	183
1059	324	265	183
1059	324	265	183
1059	328	265	183
1058	330	260	180
1058	330	260	180
1058	330	260	180
1058	330	260	180
1055	328	265	183
1058	330	260	180
1062	330	260	180
1059	328	265	183
1059	328	265	183
1059	328	265	183
1059	332	265	183
1059	332	265	183
1059	332	265	183
1059	332	265	183
1059	332	265	183
1059	332	265	183
1059	332	265	183
1059	332	265	183
1059	332	265	183
1059	332	265	183
1059	336	265	183
1059	336	265	183
1059	336	265	183
1059	336	265	183
1059	336	265	183
1059	336	265	183
1059	336	265	183
1059	336	265	183
1059	340	265	183
1059	340	265	183
1059	340	265	183
1059	340	265	183
1057	338	270	187
1057	338	270	187
1057	342	270	187
1059	344	265	183
1059	344	265	183
1059	344	265	183
1059	344	265	183
1059	344	265	183
1059	348	265	183
1059	348	265	183
1059	348	265	183
1059	348	265	183
1059	348	265	183
1059	348	265	183
1059	352	265	183
1059	352	265	183
1059	352	265	183
1059	352	265	183
1059	352	265	183
1059	352	265	183
1059	352	265	183
1059	352	265	183
1057	350	270	187
1059	352	265	183
1059	356	265	183
1059	356	265	183
1059	356	265	183
1059	356	265	183
1059	356	265	183
1059	356	265	183
1061	354	270	187
1063	356	265	183
1063	356	265	183
1063	356	265	183
1063	356	265	183
1063	356	265	183
1063	356	265	183
1063	356	265	183
1063	356	265	183
1068	360	255	176
1068	360	255	176
1068	360	255	176
1068	360	255	176
1066	358	260	180
1066	358	260	180
1066	358	260	180
1066	358	260	180
1068	360	255	176
1063	356	265	183
1063	356	265	183
1067	356	265	183
1072	360	255	176
1066	358	260	180
1067	356	265	183
1072	356	255	176
1067	352	265	183
1066	354	260	180
1067	352	265	183
1072	356	255	176
1067	352	265	183
1067	352	265	183
1067	352	265	183
1070	354	260	180
1067	352	265	183
1067	352	265	183
1067	352	265	183
1067	352	265	183
1067	352	265	183
1070	354	260	180
1070	354	260	180
1070	354	260	180
1070	354	260	180
1070	354	260	180
1070	354	260	180
1070	354	260	180
1070	354	260	180
1070	354	260	180
1070	354	260	180
1070	354	260	180
1070	354	260	180
1070	354	260	180
1070	354	260	180
1074	358	260	180
1074	358	260	180
1071	356	265	183
1071	356	265	183
1071	356	265	183
1071	356	265	183
1071	356	265	183
1071	356	265	183
1071	356	265	183
1071	356	265	183
1071	356	265	183
1070	358	260	180
1070	358	260	180
1070	358	260	180
1065	354	270	187
1065	354	270	187
1070	358	260	180
1066	358	260	180
1063	356	265	183
1063	356	265	183
1063	356	265	183
1063	356	265	183
1063	356	265	183
1063	356	265	183
1063	356	265	183
1065	360	255	176
1059	356	265	183
1059	356	265	183
1059	356	265	183
1059	356	265	183
1059	356	265	183
1059	356	265	183
1059	356	265	183
1059	356	265	183
1059	356	265	183
1059	356	265	183
1059	356	265	183
1059	356	265	183
1059	356	265	183
1059	356	265	183
1059	356	265	183
1059	356	265	183
1057	354	270	187
1059	360	265	183
1059	360	265	183
1059	360	265	183
1055	360	265	183
1060	368	255	176
1058	366	260	180
1054	366	260	180
1049	362	270	187
1049	362	270	187
1049	366	270	187
1047	368	265	183
1047	368	265	183
1047	368	265	183
1049	376	255	176
1046	374	260	180
1043	372	265	183
1039	372	265	183
1039	372	265	183
1039	372	265	183
1035	372	265	183
1035	372	265	183
1035	372	265	183
1035	372	265	183
1035	372	265	183
1031	372	265	183
1029	370	270	187
1029	370	270	187
1034	374	260	180
1031	372	265	183
1031	372	265	183
1031	372	265	183
1031	372	265	183
1031	372	265	183
1030	374	260	180
1027	372	265	183
1027	372	265	183
1027	372	265	183
1027	372	265	183
1027	372	265	183
1032	376	255	176
1032	376	255	176
1032	376	255	176
1034	374	260	180
1036	376	255	176
1034	370	260	180
1031	368	265	183
1034	370	260	180
1034	370	260	180
1031	368	265	183
1035	368	265	183
1035	368	265	183
1035	368	265	183
1035	368	265	183
1040	372	255	176
1035	368	265	183
1035	368	265	183
1035	368	265	183
1038	370	260	180
1038	370	260	180
1039	364	265	183
1039	364	265	183
1039	364	265	183
1039	364	265	183
1039	364	265	183
1044	368	255	176
1039	364	265	183
1037	358	270	187
1042	362	260	180
1039	360	265	183
1039	360	265	183
1039	360	265	183
1039	356	265	183
1041	360	255	176
1035	356	265	183
1035	356	265	183
1035	356	265	183
1031	356	265	183
1031	356	265	183
1034	358	260	180
1034	358	260	180
1034	358	260	180
1031	356	265	183
1031	356	265	183
1034	358	260	180
1034	358	260	180
1029	354	270	187
1031	356	265	183
1034	358	260	180
1029	354	270	187
1035	360	265	183
1035	360	265	183
1035	360	265	183
1035	360	265	183
1035	364	265	183
1035	364	265	183
1035	364	265	183
1035	364	265	183
1033	362	270	187
1033	362	270	187
1033	362	270	187
1031	368	265	183
1031	368	265	183
1030	370	260	180
1026	370	260	180
1026	370	260	180
1025	372	255	176
1021	372	255	176
1013	368	255	176
1006	366	260	180
1007	369	250	173
1004	364	255	176
997	364	255	176
995	365	250	173
989	360	255	176
978	358	260	180
977	360	255	176
981	363	245	169
969	356	255	176
959	352	265	183
953	350	270	187
951	352	265	183
949	352	255	176
948	352	255	176
945	352	255	176
937	352	255	176
933	352	255	176
929	348	255	176
925	348	255	176
921	348	255	176
917	348	255	176
913	348	255	176
911	349	250	173
905	344	255	176
906	347	245	169
900	344	255	176
897	344	255	176
893	344	255	176
892	344	255	176
894	343	245	169
893	343	245	169
893	343	245	169
893	343	245	169
888	340	255	176
893	343	245	169
897	343	245	169
897	343	245	169
897	343	245	169
896	340	255	176
905	347	245	169
909	347	245	169
908	344	255	176
906	342	260	180
906	342	260	180
912	348	255	176
916	348	255	176
920	348	255	176
924	352	255	176
923	352	265	183
928	356	255	176
931	357	250	173
932	356	255	176
936	360	255	176
931	360	265	183
935	360	265	183
940	364	255	176
940	364	255	176
944	368	255	176
939	364	265	183
939	364	265	183
944	372	255	176
939	368	265	183
939	368	265	183
943	368	265	183
946	370	260	180
946	370	260	180
946	374	260	180
943	372	265	183
948	376	255	176
946	374	260	180
950	374	260	180
950	374	260	180
950	374	260	180
950	374	260	180
950	374	260	180
954	374	260	180
956	376	255	176
954	374	260	180
956	376	255	176
956	376	255	176
954	370	260	180
958	370	260	180
953	366	270	187
958	370	260	180
960	372	255	176
960	372	255	176
960	372	255	176
958	366	260	180
964	368	255	176
964	368	255	176
959	364	265	183
959	364	265	183
968	368	255	176
972	368	255	176
976	368	255	176
971	364	265	183
975	368	265	183
978	370	260	180
979	368	265	183
986	370	260	180
990	374	260	180
987	372	265	183
989	374	270	187
991	376	265	183
993	374	270	187
993	378	270	187
999	380	265	183
1003	380	265	183
1003	384	265	183
1003	384	265	183
1002	380	276	191
1002	385	276	191
1002	384	276	191
1006	384	276	191
1011	392	265	183
1011	392	265	183
1006	388	276	191
1011	396	265	183
1011	396	265	183
1011	396	265	183
1011	396	265	183
1011	396	265	183
1011	396	265	183
1011	396	265	183
1011	396	265	183
1015	396	265	183
1015	396	265	183
1015	396	265	183
1013	394	270	187
1010	392	276	191
1019	400	265	183
1017	398	270	187
1023	400	265	183
1023	400	265	183
1018	396	276	191
1023	404	265	183
1027	404	265	183
1031	404	265	183
1036	412	255	176
1034	410	260	180
1033	406	270	187
1035	408	265	183
1035	412	265	183
1039	412	265	183
1044	416	255	176
1039	412	265	183
1044	420	255	176
1044	420	255	176
1044	420	255	176
1044	420	255	176
1039	416	265	183
1039	416	265	183
1039	420	265	183
1039	420	265	183
1044	424	255	176
1044	424	255	176
1044	424	255	176
1044	424	255	176
1044	424	255	176
1044	424	255	176
1044	424	255	176
1039	420	265	183
1035	420	265	183
1040	424	255	176
1040	424	255	176
1040	424	255	176
1040	424	255	176
1035	420	265	183
1035	420	265	183
1035	420	265	183
1035	420	265	183
1035	420	265	183
1034	422	260	180
1029	418	270	187
1029	418	270	187
1029	418	270	187
1031	420	265	183
1031	420	265	183
1034	418	260	180
1034	418	260	180
1034	418	260	180
1034	418	260	180
1034	418	260	180
1034	418	260	180
1034	418	260	180
1031	416	265	183
1031	412	265	183
1026	408	276	191
1031	412	265	183
1034	414	260	180
1034	414	260	180
1034	414	260	180
1034	414	260	180
1034	414	260	180
1031	412	265	183
1031	412	265	183
1031	408	265	183
1029	406	270	187
1031	408	265	183
1031	408	265	183
1029	406	270	187
1029	406	270	187
1030	404	276	191
1035	408	265	183
1035	408	265	183
1035	408	265	183
1035	408	265	183
1035	408	265	183
1035	404	265	183
1035	404	265	183
1035	404	265	183
1035	404	265	183
1033	402	270	187
1035	404	265	183
1035	404	265	183
1040	408	255	176
1035	400	265	183
1035	400	265	183
1035	400	265	183
1035	400	265	183
1035	400	265	183
1040	404	255	176
1035	400	265	183
1035	400	265	183
1035	396	265	183
1033	394	270	187
1035	396	265	183
1035	396	265	183
1035	396	265	183
1035	396	265	183
1035	396	265	183
1040	400	255	176
1035	392	265	183
1035	392	265	183
1035	392	265	183
1035	392	265	183
1035	392	265	183
1035	392	265	183
1035	392	265	183
1035	392	265	183
1035	392	265	183
1035	392	265	183
1035	392	265	183
1035	392	265	183
1035	392	265	183
1035	392	265	183
1035	392	265	183
1035	392	265	183
1035	392	265	183
1035	392	265	183
1035	392	265	183
1035	392	265	183
1035	392	265	183
1035	392	265	183
1035	392	265	183
1035	392	265	183
1035	392	265	183
1035	392	265	183
1035	392	265	183
1035	392	265	183
1035	392	265	183
1035	392	265	183
1035	392	265	183
1035	392	265	183
1035	392	265	183
1035	392	265	183
1035	392	265	183
1035	392	265	183
1035	392	265	183
1035	392	265	183
1035	392	265	183
1035	392	265	183
1035	392	265	183
1035	392	265	183
1035	392	265	183
1035	392	265	183
1035	388	265	183
1035	388	265	183
1035	388	265	183
1035	388	265	183
1035	388	265	183
1035	388	265	183
1035	388	265	183
1035	388	265	183
1035	388	265	183
1035	388	265	183
1035	388	265	183
1035	388	265	183
1035	384	265	183
1035	384	265	183
1039	384	265	183
1039	384	265	183
1039	384	265	183
1039	384	265	183
1039	384	265	183
1039	384	265	183
1039	384	265	183
1039	384	265	183
1039	384	265	183
1039	384	265	183
1039	384	265	183
1039	384	265	183
1039	384	265	183
1039	384	265	183
1039	384	265	183
1042	386	260	180
1039	384	265	183
1039	384	265	183
1039	384	265	183
1039	384	265	183
1039	384	265	183
1039	384	265	183
1039	380	265	183
1039	380	265	183
1039	380	265	183
1039	380	265	183
1039	380	265	183
1039	380	265	183
1039	380	265	183
1039	380	265	183
1039	380	265	183
1039	380	265	183
1042	382	260	180
1039	380	265	183
1044	384	255	176
1044	384	255	176
1042	382	260	180
1044	384	255	176
1041	384	255	176
1040	380	255	176
1035	376	265	183
1035	376	265	183
1035	376	265	183
1038	378	260	180
1038	378	260	180
1038	378	260	180
1038	378	260	180
1038	378	260	180
1037	380	255	176
1034	378	260	180
1034	378	260	180
1033	380	255	176
1027	372	265	183
1030	374	260	180
1023	372	265	183
1023	372	265	183
1019	372	265	183
1018	374	260	180
1018	374	260	180
1018	374	260	180
1014	374	260	180
1014	374	260	180
1007	372	265	183
1005	370	270	187
1003	368	265	183
1003	368	265	183
1003	368	265	183
999	368	265	183
999	368	265	183
995	368	265	183
1000	372	255	176
1000	372	255	176
1000	368	255	176
991	364	265	183
994	366	260	180
994	362	260	180
994	362	260	180
994	362	260	180
994	362	260	180
994	362	260	180
