282	104	67	84
291	105	67	84
298	106	69	87
303	109	69	87
309	114	67	84
314	114	67	84
318	112	65	82
318	109	65	82
312	104	64	80
304	100	64	80
292	93	66	83
279	89	66	83
263	83	69	87
252	81	69	87
236	79	72	90
226	79	72	90
215	79	71	89
213	78	71	89
211	83	68	85
215	91	68	85
226	95	71	89
239	98	71	89
255	104	68	85
267	107	68	85
278	104	71	89
287	106	71	89
293	105	72	90
300	103	72	90
301	101	72	90
299	105	72	90
297	107	72	90
291	109	72	90
285	105	75	94
276	102	75	94
264	97	78	98
253	92	78	98
240	81	78	98
232	75	78	98
237	68	76	96
251	65	76	96
272	65	78	98
296	66	78	98
323	68	75	94
342	68	75	94
350	67	78	98
351	72	78	98
346	81	75	94
331	88	75	94
311	95	72	90
291	101	72	90
263	104	71	89
236	105	71	89
216	107	69	87
201	106	69	87
189	105	71	89
189	103	71	89
181	99	72	90
180	90	72	90
190	76	73	92
209	64	73	92
232	45	76	96
256	37	76	96
276	39	80	100
298	40	80	100
308	41	80	100
300	44	80	100
293	52	83	104
301	60	83	104
314	63	86	108
330	66	86	108
351	62	90	113
368	56	90	113
382	47	90	113
383	40	90	113
370	31	93	117
356	30	93	117
328	32	97	122
301	39	97	122
278	42	97	122
258	46	97	122
240	49	101	127
224	49	101	127
210	56	97	122
197	56	97	122
186	56	93	117
173	51	93	117
162	48	90	113
148	43	90	113
130	42	86	108
121	44	86	108
114	47	88	110
117	53	88	110
127	58	84	106
132	63	84	106
141	68	88	110
157	71	88	110
172	74	84	106
181	78	84	106
184	81	81	102
184	87	81	102
184	87	78	98
181	85	78	98
181	90	78	98
182	91	78	98
193	95	75	94
206	96	75	94
225	98	72	90
245	98	72	90
271	99	69	87
291	98	69	87
313	97	66	83
331	94	66	83
343	92	69	87
353	92	69	87
364	90	66	83
367	91	66	83
368	93	64	80
365	96	64	80
366	101	61	77
366	100	61	77
367	97	63	79
369	90	63	79
368	80	65	82
362	71	65	82
348	62	68	85
334	61	68	85
315	63	68	85
291	63	68	85
264	63	71	89
244	64	71	89
229	67	72	90
215	71	72	90
198	79	75	94
185	84	75	94
171	83	78	98
156	84	78	98
144	84	75	94
130	84	75	94
118	83	78	98
110	84	78	98
107	81	80	100
113	81	80	100
125	78	81	102
141	76	81	102
160	76	83	104
181	78	83	104
201	77	86	108
221	73	86	108
240	68	86	108
260	62	86	108
282	51	86	108
304	43	86	108
320	35	88	110
323	30	88	110
324	32	86	108
319	33	86	108
310	33	90	113
301	35	90	113
294	43	86	108
282	46	86	108
265	53	88	110
249	60	88	110
228	66	91	115
214	67	91	115
197	70	90	113
181	70	90	113
167	69	86	108
157	66	86	108
158	68	84	106
154	68	84	106
156	68	84	106
163	69	84	106
181	73	84	106
204	71	84	106
229	67	84	106
249	60	84	106
254	52	83	104
245	50	83	104
234	52	80	100
222	50	80	100
220	44	81	102
230	37	81	102
249	36	80	100
257	39	80	100
261	54	78	98
261	74	78	98
256	88	81	102
256	93	81	102
266	93	78	98
278	85	78	98
288	82	75	94
291	76	75	94
280	69	73	92
269	67	73	92
268	57	76	96
268	48	76	96
251	41	80	100
234	44	80	100
222	56	81	102
220	68	81	102
229	74	81	102
240	67	81	102
246	60	78	98
244	55	78	98
238	53	76	96
225	56	76	96
208	67	75	94
200	82	75	94
202	94	76	96
216	98	76	96
240	99	75	94
264	86	75	94
281	70	78	98
301	56	78	98
317	42	81	102
328	39	81	102
333	42	81	102
321	54	81	102
295	71	81	102
276	82	81	102
256	82	81	102
244	79	81	102
245	74	78	98
255	69	78	98
268	70	78	98
266	77	78	98
260	85	75	94
245	85	75	94
219	84	76	96
199	85	76	96
188	90	73	92
184	92	73	92
192	89	76	96
214	83	76	96
243	75	75	94
265	70	75	94
282	73	76	96
296	77	76	96
308	83	73	92
305	87	73	92
291	94	71	89
270	103	71	89
246	110	69	87
233	113	69	87
225	112	66	83
223	106	66	83
219	100	68	85
227	94	68	85
246	87	71	89
270	75	71	89
291	63	73	92
301	55	73	92
296	51	75	94
289	54	75	94
292	59	73	92
300	63	73	92
309	65	76	96
320	61	76	96
325	52	75	94
327	39	75	94
327	35	73	92
326	38	73	92
329	48	71	89
331	53	71	89
329	62	68	85
322	65	68	85
319	64	68	85
319	62	68	85
320	49	71	89
326	36	71	89
329	19	73	92
329	4	73	92
323	-6	76	96
317	-10	76	96
307	-6	80	100
302	4	80	100
296	18	81	102
293	38	81	102
286	50	84	106
282	57	84	106
278	71	81	102
270	78	81	102
259	83	78	98
245	86	78	98
227	86	78	98
211	83	78	98
197	77	80	100
197	67	80	100
207	60	80	100
218	54	80	100
226	48	83	104
233	49	83	104
229	47	83	104
223	48	83	104
215	52	86	108
213	52	86	108
220	44	90	113
229	34	90	113
234	26	86	108
230	22	86	108
224	25	83	104
199	32	83	104
170	45	86	108
162	62	86	108
171	72	88	110
186	79	88	110
211	85	88	110
240	83	88	110
271	85	84	106
284	88	84	106
279	95	81	102
266	104	81	102
249	118	78	98
239	132	78	98
234	138	75	94
242	126	75	94
261	103	75	94
285	75	75	94
300	46	78	98
303	25	78	98
288	16	81	102
271	21	81	102
251	27	84	106
242	28	84	106
243	24	88	110
248	30	88	110
241	54	88	110
234	74	88	110
229	92	84	106
233	93	84	106
250	89	81	102
258	87	81	102
269	85	80	100
261	77	80	100
231	68	76	96
199	74	76	96
174	87	78	98
166	97	78	98
167	109	81	102
181	111	83	104
190	112	86	108
196	117	86	108
200	113	86	108
198	110	86	108
193	104	88	110
179	96	88	110
166	82	91	115
150	72	91	115
127	56	90	113
