1.004455
0.007510
0.006508
0.011075
0.005920
0.007022
0.010073
0.011530
0.011011
0.014032
0.011008
0.009516
0.010506
0.043282
0.008918
0.013060
0.007028
0.007000
0.012099
0.007024
0.006096
0.010014
0.006443
0.006880
0.015043
0.010602
0.011127
0.031015
0.012275
0.007011
0.011021
0.007515
0.006982
0.010028
0.007513
0.006000
0.009512
0.006014
0.006504
0.033119
0.011086
0.011020
0.014626
0.011027
0.009555
0.010508
0.009024
0.012527
0.012104
0.010585
0.012553
0.036220
0.007038
0.006027
0.013379
0.010814
0.011030
0.011027
0.006006
0.006305
0.009544
0.007510
0.008013
0.034436
0.013034
0.011023
0.012538
0.006624
0.006020
0.010528
0.007009
0.006220
0.009509
0.007004
0.006520
0.032740
0.008028
0.007018
0.011329
0.008017
0.007720
0.012014
0.011017
0.007041
0.010511
0.007001
0.007005
0.037709
0.007508
0.007514
0.011032
0.007023
0.007014
0.010853
0.006509
0.008021
0.010062
0.006168
0.009611
0.051022
0.010775
0.011027
0.013577
0.011140
0.006021
0.010490
0.006337
0.009507
0.009512
0.010533
0.011528
0.043067
0.008028
0.011961
0.012017
0.007024
0.010981
0.013057
0.011595
0.010724
0.012012
0.010691
0.011001
0.045696
0.013026
0.014025
0.016141
0.013034
0.014031
0.014551
0.006999
0.007504
0.010532
0.007843
0.007782
0.028819
0.008312
0.006517
0.012054
0.007029
0.006484
0.010026
0.006029
0.007542
0.010540
0.007009
0.006971
0.031266
0.011009
0.010753
0.014310
0.011980
0.012017
0.014022
0.013047
0.007340
0.011032
0.006506
0.007020
0.030155
0.008026
0.006618
0.011074
0.006520
0.006924
0.009967
0.006171
0.006003
0.013025
0.010563
0.011021
0.013039
0.010170
0.007116
0.028988
0.008005
0.008506
0.014529
0.007525
0.007005
0.010360
0.006538
0.008014
0.012028
0.008517
0.006003
0.028997
0.007512
0.006503
0.011506
0.007023
0.007009
0.014525
0.008545
0.010268
0.011026
0.007017
0.011059
0.031116
0.008017
0.011791
0.012014
0.012012
0.012136
0.014232
0.009646
0.006060
0.014035
0.005930
0.007013
0.029238
0.007535
0.007293
0.010511
0.007008
0.006534
0.010027
0.006003
0.006868
0.010026
0.011173
0.011559
0.041764
0.007060
0.006512
0.014461
0.010529
0.011072
0.011011
0.011000
0.008012
0.010511
0.011068
0.011060
0.054206
0.011515
0.012017
0.015195
0.010574
0.010552
0.014155
0.011046
0.011015
0.014051
0.007375
0.007479
0.030082
0.012024
0.011008
0.015541
0.011020
0.010572
0.012525
0.010800
0.011012
0.010595
0.008025
0.013058
0.031980
0.008027
0.006062
0.011071
0.011989
0.011527
0.014117
0.011014
0.007514
0.010019
0.006027
0.006021
0.029641
0.007531
0.006520
0.011542
0.006998
0.012113
0.013915
0.006507
0.007509
0.009753
0.009341
0.006015
0.036243
0.009425
0.007289
0.011821
0.006015
0.007013
0.010025
0.007010
0.008571
0.013424
0.009505
0.007150
0.013168
0.026553
0.008029
0.010611
0.006532
0.007109
0.010189
0.007005
0.010024
0.014019
0.011156
0.011292
0.011818
0.007027
0.044173
0.014020
0.011532
0.015957
0.015910
0.007004
0.007142
0.010024
0.010545
0.011148
0.014966
0.011015
0.045975
0.013583
0.007023
0.007022
0.010035
0.006524
0.006942
0.019089
0.010014
0.010696
0.013509
0.007020
0.027122
0.017106
