1.267928
0.072999
0.011530
0.097437
0.012108
0.006547
0.013698
0.009035
0.010048
0.008507
0.007195
0.007027
0.047765
0.010026
0.007019
0.010062
0.008446
0.014020
0.014025
0.011028
0.011557
0.014859
0.011243
0.012023
0.053336
0.010019
0.012494
0.016035
0.010309
0.011022
0.014529
0.011012
0.012564
0.013506
0.010507
0.007574
0.028067
0.008176
0.009010
0.010550
0.007005
0.011033
0.013033
0.007164
0.007057
0.009046
0.006527
0.006518
0.027551
0.007087
0.006508
0.010033
0.007022
0.007015
0.012982
0.007015
0.013033
0.009043
0.014029
0.013129
0.029821
0.014533
0.019555
0.014549
0.012808
0.010375
0.008546
0.009015
0.008024
0.013509
0.012033
0.009015
0.042372
0.012144
0.013507
0.014536
0.013544
0.009026
0.013071
0.010017
0.010018
0.013015
0.015859
0.016527
0.052610
0.016351
0.014017
0.009977
0.009525
0.009118
0.008519
0.009044
0.011630
0.013571
0.013667
0.010029
0.027094
0.014541
0.013981
0.011039
0.009070
0.008548
0.013017
0.012962
0.008004
0.009562
0.016560
0.014038
0.054338
0.016036
0.009531
0.009016
0.009018
0.009011
0.009014
0.009013
0.013114
0.014482
0.014526
0.011254
0.043893
0.014294
0.010011
0.008785
0.009573
0.015106
0.009303
0.011523
0.008838
0.008812
0.007616
0.009014
0.026901
0.010163
0.008463
0.008641
0.008507
0.013552
0.008510
0.015084
0.011050
0.013957
0.014210
0.010012
0.028797
0.010020
0.014358
0.014832
0.015038
0.015529
0.015029
0.013543
0.018555
0.016528
0.010525
0.010016
0.028668
0.009502
0.010007
0.013887
0.008512
0.009022
0.014525
0.014043
0.013017
0.008514
0.009013
0.006016
0.031058
0.013424
0.006010
0.015525
0.010523
0.008506
0.009003
0.009018
0.007022
0.009026
0.005571
0.007025
0.027087
0.012672
0.009021
0.013248
0.006542
0.006013
0.007846
0.005504
0.007015
0.008034
0.006564
0.006629
0.014287
0.011027
0.010040
0.011527
0.010019
0.009511
0.010016
0.006021
0.006024
0.009018
0.010021
0.009962
0.056376
0.008024
0.007017
0.014488
0.010021
0.009512
0.014122
0.010534
0.011015
0.009513
0.006507
0.006510
0.008044
0.005511
0.006999
0.031412
0.011021
0.010822
0.014532
0.011021
0.010529
0.012523
0.018025
0.011033
0.013773
0.011761
0.008023
0.009717
0.006018
0.025467
0.012018
0.009567
0.009523
0.014039
0.011332
0.011536
0.009974
0.011710
0.008005
0.014041
0.006004
0.026101
0.014341
0.010997
0.011437
0.013527
0.011026
0.011961
0.021044
0.010021
0.006562
0.008700
0.007082
0.006028
0.008615
0.006509
0.005507
0.026897
0.011420
0.012016
0.015043
0.011052
0.006512
0.009021
0.007006
0.012102
0.014184
0.009434
0.009642
0.029638
0.007576
0.006016
0.012528
0.007006
0.007029
0.008457
0.010748
0.011345
0.012628
0.006006
0.006877
0.029325
0.007022
0.007546
0.010029
0.005511
0.007503
0.007182
0.006506
0.007175
0.013156
0.011012
0.011524
0.052516
0.012018
0.007019
0.008099
0.006509
0.007007
0.008504
0.006001
0.005512
0.008507
0.006961
0.006027
0.027330
0.007663
0.007013
0.014598
0.010021
0.006502
0.008622
0.006540
0.007324
0.009519
0.007021
0.007037
0.040602
0.012736
0.009030
0.015065
0.015009
0.007015
0.010739
0.010029
0.012566
0.009037
0.006015
0.006016
0.026582
0.006335
0.006643
0.009045
0.005200
0.006002
0.010133
0.011516
0.006000
0.014063
0.006569
0.009012
0.029545
0.006784
0.006512
0.015981
0.008591
