0.962642
0.008008
0.006000
0.010188
0.006000
0.007021
0.010012
0.007005
0.007626
0.019048
0.011291
0.010541
0.031912
0.009022
0.007518
0.010755
0.007022
0.006041
0.010012
0.006265
0.006856
0.009515
0.006508
0.006999
0.029382
0.007004
0.007004
0.011551
0.006042
0.007011
0.009142
0.006006
0.006517
0.009564
0.006087
0.007021
0.050590
0.016545
0.014031
0.014522
0.007583
0.007002
0.010334
0.006921
0.006053
0.010014
0.010062
0.009537
0.042071
0.013797
0.011635
0.009461
0.005999
0.006763
0.010017
0.007514
0.007021
0.011021
0.011147
0.011511
0.029908
0.012024
0.013030
0.016023
0.011219
0.010614
0.010010
0.006238
0.006943
0.013019
0.011874
0.011230
0.044701
0.008400
0.006507
0.014050
0.011935
0.014019
0.012412
0.009526
0.010019
0.010011
0.007024
0.006465
0.049729
0.012009
0.012214
0.011026
0.007553
0.008026
0.010890
0.007007
0.005987
0.009522
0.006507
0.006049
0.030193
0.007516
0.007601
0.010060
0.006511
0.006554
0.010020
0.006513
0.006012
0.009809
0.007545
0.006005
0.049213
0.011925
0.008480
0.011030
0.008070
