228	236	80	64
229	234	80	64
231	235	80	64
232	242	81	65
230	251	81	65
228	254	81	65
227	246	80	64
227	231	80	64
225	225	80	64
223	240	83	66
220	258	83	66
219	263	83	66
223	248	83	66
229	226	83	66
230	217	83	66
232	230	83	66
241	239	83	66
249	231	83	66
251	214	80	64
235	210	80	64
210	214	80	64
183	228	81	65
197	237	81	65
230	244	81	65
235	248	83	66
214	246	83	66
190	242	83	66
170	235	83	66
165	237	83	66
181	242	83	66
199	234	84	67
201	220	84	67
194	217	84	67
193	224	83	66
205	225	83	66
214	220	83	66
213	216	80	64
207	222	80	64
208	243	80	64
213	267	83	66
217	271	83	66
208	262	83	66
191	260	86	69
181	267	86	69
179	274	86	69
194	274	88	70
209	276	88	70
214	282	88	70
216	276	84	67
217	259	84	67
228	242	84	67
247	239	83	66
261	250	83	66
257	256	83	66
232	248	84	67
210	238	84	67
200	233	84	67
205	236	84	67
214	244	84	67
225	248	84	67
236	236	86	69
236	222	86	69
232	220	86	69
239	220	86	69
256	215	86	69
274	213	86	69
282	217	88	70
277	235	88	70
263	247	88	70
255	244	84	67
262	231	84	67
270	222	84	67
275	221	84	67
277	208	84	67
267	184	84	67
241	169	86	69
217	168	86	69
203	168	86	69
210	168	84	67
219	163	84	67
224	155	84	67
228	165	88	70
229	181	88	70
222	196	88	70
219	205	86	69
209	202	86	69
191	193	86	69
183	181	88	70
197	164	88	70
217	168	88	70
242	202	88	70
247	229	88	70
241	245	88	70
237	238	86	69
227	222	86	69
224	209	86	69
227	210	84	67
231	211	84	67
241	207	84	67
242	195	84	67
230	194	84	67
218	205	84	67
222	220	83	66
251	226	83	66
284	215	83	66
280	206	86	69
257	209	86	69
231	219	86	69
218	218	86	69
214	205	86	69
214	195	86	69
216	197	88	70
220	209	88	70
244	217	88	70
285	221	88	70
292	215	88	70
274	205	88	70
220	190	91	73
155	186	91	73
131	182	91	73
143	185	88	70
161	185	88	70
166	181	88	70
174	181	88	70
193	174	88	70
208	176	88	70
216	191	86	69
220	198	86	69
225	200	86	69
230	193	83	66
237	193	83	66
235	200	83	66
235	205	86	69
252	207	86	69
272	218	86	69
281	245	86	69
280	264	86	69
278	279	86	69
277	286	88	70
275	276	88	70
279	267	88	70
280	255	88	70
276	227	88	70
281	198	88	70
274	197	90	72
264	223	90	72
253	268	90	72
250	298	90	72
247	295	90	72
237	263	90	72
226	256	86	69
220	262	86	69
221	252	86	69
219	237	86	69
222	231	86	69
232	232	86	69
238	222	84	67
235	197	84	67
227	169	84	67
225	165	84	67
232	178	84	67
243	186	84	67
245	186	88	70
234	186	88	70
212	188	88	70
189	183	88	70
183	174	88	70
200	160	88	70
216	138	86	69
212	124	86	69
208	122	86	69
207	140	90	72
211	147	90	72
225	141	90	72
234	142	86	69
234	148	86	69
232	167	86	69
224	194	90	72
211	212	90	72
207	211	90	72
209	194	86	69
201	162	86	69
187	117	86	69
186	102	84	67
195	122	84	67
209	147	84	67
230	157	88	70
246	157	88	70
243	150	88	70
242	141	84	67
247	150	84	67
245	161	84	67
235	164	88	70
229	172	88	70
231	183	88	70
234	183	86	69
243	179	86	69
248	174	86	69
246	159	86	69
243	171	86	69
236	210	86	69
241	258	88	70
253	269	88	70
262	274	88	70
257	258	86	69
242	241	86	69
244	251	86	69
261	267	84	67
266	270	84	67
263	258	84	67
253	243	84	67
245	239	84	67
251	232	84	67
264	214	88	70
264	192	88	70
257	185	88	70
258	205	86	69
262	228	86	69
258	230	86	69
246	216	84	67
232	208	84	67
223	222	84	67
228	253	86	69
239	269	86	69
245	255	86	69
228	215	90	72
222	205	90	72
246	215	90	72
281	222	86	69
293	205	86	69
274	181	86	69
231	170	90	72
195	183	90	72
175	190	90	72
177	179	86	69
179	164	86	69
197	161	86	69
231	158	88	70
256	153	88	70
257	152	88	70
238	159	86	69
216	159	86	69
198	169	86	69
190	188	83	66
184	204	83	66
165	206	83	66
143	192	83	66
142	172	83	66
167	178	83	66
193	203	84	67
198	228	84	67
194	237	84	67
183	226	84	67
175	217	84	67
175	222	84	67
190	228	83	66
223	226	83	66
264	218	83	66
294	199	83	66
292	200	83	66
269	219	83	66
254	229	81	65
249	217	81	65
237	196	81	65
211	180	83	66
191	182	83	66
190	202	83	66
222	235	86	69
247	251	86	69
239	242	86	69
219	225	83	66
201	216	83	66
208	226	83	66
238	246	84	67
273	254	84	67
280	242	84	67
266	224	81	65
242	208	81	65
237	200	81	65
262	205	84	67
283	218	84	67
265	209	84	67
241	192	81	65
241	189	81	65
261	185	81	65
278	182	83	66
271	175	83	66
253	163	83	66
249	168	83	66
255	179	83	66
260	180	83	66
271	165	84	67
284	166	84	67
297	188	84	67
303	209	81	65
297	211	81	65
293	200	81	65
277	194	84	67
237	195	84	67
193	207	84	67
203	209	83	66
228	189	83	66
244	182	83	66
237	180	84	67
222	189	84	67
228	206	84	67
260	212	88	70
284	197	88	70
301	178	88	70
303	164	84	67
284	171	84	67
278	201	84	67
297	222	88	70
323	208	88	70
334	183	88	70
326	177	84	67
306	189	84	67
292	200	84	67
296	204	81	65
295	198	81	65
290	192	81	65
288	186	81	65
286	183	81	65
281	184	81	65
269	183	84	67
263	187	84	67
266	192	84	67
265	198	84	67
266	200	84	67
277	208	84	67
296	220	81	65
290	225	81	65
275	222	81	65
265	211	83	66
268	213	83	66
285	219	83	66
279	218	84	67
239	217	84	67
218	210	84	67
234	200	81	65
240	197	81	65
246	198	81	65
248	199	84	67
244	204	84	67
240	207	84	67
251	202	86	69
254	202	86	69
243	201	86	69
250	195	83	66
258	186	83	66
251	178	83	66
244	174	84	67
252	183	84	67
258	192	84	67
252	194	83	66
235	185	83	66
223	169	83	66
