1.124945
0.007061
0.010970
0.014046
0.011105
0.011014
0.014540
0.010612
0.007508
0.014047
0.009018
0.008077
0.027079
0.007052
0.007020
0.014111
0.010509
0.011036
0.019046
0.012768
0.009017
0.013517
0.006027
0.006018
0.034617
0.011529
0.011097
0.010024
0.007020
0.005998
0.012026
0.013066
0.013999
0.014022
0.013141
0.013014
0.053434
0.015033
0.014192
0.013525
0.011452
0.010145
0.011509
0.012026
0.008512
0.013204
0.013520
0.017048
0.032866
0.012313
0.006001
0.009511
0.007005
0.014519
0.014507
0.014029
0.013050
0.013368
0.010513
0.009031
0.049391
0.014862
0.013627
0.012537
0.013530
0.006506
0.009180
0.005998
0.007006
0.008013
0.006011
0.010012
0.047087
0.010035
