1.127446
0.013028
0.012019
0.014026
0.012020
0.012068
0.014052
0.012021
0.011540
0.012019
0.007833
0.006546
0.009012
0.011558
0.011426
0.033554
0.011536
0.008515
0.014549
0.012025
0.011020
0.017427
0.018541
0.011526
0.014530
0.004997
0.006006
0.009509
0.006000
0.008502
0.032570
0.011341
0.010046
0.014520
0.011790
0.010397
0.009701
0.006504
0.005999
0.009084
0.006506
0.007509
0.042272
0.013010
0.010602
0.013528
0.009024
0.007029
0.025088
0.013257
0.011521
0.014436
0.010529
0.011014
0.051784
0.008547
0.011595
0.015015
0.010013
0.011557
0.016045
0.006832
0.011836
0.011019
0.006025
0.007017
0.009010
0.006532
0.007178
0.035624
0.018053
0.017040
0.014046
0.011095
0.011016
0.013559
0.011523
0.011020
0.009024
0.006521
0.007012
0.028776
0.007899
0.012026
0.010525
0.007014
0.006978
0.010026
0.006538
0.010018
0.014033
0.011013
0.007043
0.029809
0.014013
0.011523
0.016040
0.015532
0.014016
0.015090
0.012012
0.011647
0.016052
0.012429
0.012030
0.051106
0.011549
0.008028
0.014039
0.010590
0.012033
0.014532
0.011023
0.012015
0.012367
0.010017
0.011033
0.014515
0.011096
0.016048
0.053309
0.012082
0.008024
0.009014
0.011019
0.013022
0.015354
0.007019
0.007151
0.011027
0.010944
0.011513
0.054251
0.011319
0.011737
0.014358
0.011987
0.011547
0.013990
0.012009
0.007005
0.008507
0.007004
0.006482
0.058643
0.010127
0.012022
0.016018
0.011026
0.010868
0.014501
0.006510
0.007013
0.009520
0.011020
0.012018
0.053458
0.012524
0.008511
0.010019
0.007515
0.006505
0.009525
0.007005
0.007240
0.010024
0.011527
0.010210
0.014518
0.021754
0.010456
0.015432
0.011093
0.007002
0.055110
0.012040
0.017073
0.016638
0.011019
0.012001
0.016055
0.011196
0.008523
0.009993
0.007012
0.013525
0.038699
0.013140
0.010520
0.015032
0.012289
0.012528
0.013553
0.012082
0.012049
0.010575
0.006520
0.008536
0.057693
0.010025
0.007076
0.010036
0.007525
0.007019
0.009016
0.007014
0.012010
0.013530
0.009922
0.008023
0.034003
0.012014
0.009536
0.015019
0.013020
0.014546
0.017994
0.013564
0.010541
0.012538
0.007028
0.007059
0.032573
0.009020
0.006512
0.012205
0.012511
0.013204
0.015534
0.011010
0.011021
0.015377
0.010522
0.011023
0.048554
0.011775
0.011034
0.014152
0.011518
0.011533
0.010050
0.007019
0.006518
0.014054
0.016093
0.017063
0.058395
0.013045
0.011016
0.011045
0.011355
0.006971
0.009514
0.012023
0.011028
0.014529
0.010510
0.010015
0.047693
0.008009
0.011019
0.014518
0.010027
0.008024
0.010012
0.013538
0.015033
0.015606
0.007535
0.006009
0.027792
0.011008
0.007006
0.014063
0.011009
0.011265
0.013542
0.006506
0.006998
0.011016
0.006554
0.011484
0.051198
0.007517
0.011019
0.015037
0.011017
0.012562
0.013149
0.011750
0.010833
0.008515
0.012024
0.019057
0.057310
0.013034
0.007028
0.013524
0.007514
0.006310
0.011288
0.013547
0.012897
0.016040
0.007561
0.007025
0.043698
0.012022
0.011515
0.016047
0.009011
0.007000
0.011296
0.012252
0.011512
0.012357
0.005948
0.007529
0.032071
0.008040
0.006506
0.013096
0.006511
0.007031
0.010026
0.006510
0.007010
0.008489
0.007015
0.006019
0.054766
0.011029
0.007031
0.014439
0.012554
0.011033
0.017535
0.016183
0.013520
0.015013
0.009024
0.008020
0.035125
0.011015
0.008013
0.012552
0.010036
0.015552
0.014546
0.011066
0.012139
0.014530
0.011149
0.011271
0.015050
0.010034
0.011537
0.051088
0.011008
0.010739
0.009100
0.010021
0.010533
0.010597
0.008010
0.007006
0.016510
0.011009
0.010815
0.014433
0.015524
0.046992
0.016016
0.011019
0.011016
0.013772
0.010018
0.011535
0.010028
0.006396
0.010537
0.014549
0.012014
0.011528
0.050422
0.008011
0.007011
0.009513
0.005998
0.006048
0.010015
0.006997
0.007006
0.013022
0.010012
0.014035
0.047514
0.012502
0.011015
0.015349
0.011519
0.011034
0.013596
0.010045
0.007182
0.009024
0.008018
0.013038
0.054102
0.011019
0.010552
0.008515
0.007053
0.011130
0.014528
0.012597
0.012578
0.013039
0.008005
0.009023
0.008975
0.052176
0.008511
0.009809
0.007026
0.007016
0.011032
0.011085
0.012033
0.013532
0.012025
0.010583
0.015036
0.012018
0.012044
0.014161
0.011461
0.011353
0.048207
0.006999
0.011234
0.020561
0.006009
0.006011
0.008589
0.006512
0.007267
0.009027
0.006012
0.006404
0.050470
0.009017
0.006514
0.008448
0.006571
0.007508
0.013515
0.011512
0.011008
0.014018
0.007007
0.008020
0.028044
0.007510
0.006511
0.010075
0.006513
0.006507
0.018566
0.012022
0.008509
0.015049
0.008515
0.013063
0.041103
0.007018
0.006531
0.012349
0.011412
0.011855
0.011015
0.011114
0.007008
0.009921
0.006559
0.006511
0.028575
0.008518
0.006070
0.010349
0.005997
0.005998
0.014350
0.007382
0.006019
0.014046
0.008563
0.008026
0.030154
0.007886
0.006508
0.014060
0.010852
0.007032
0.009009
0.004999
0.006013
0.008533
0.006512
0.006003
0.009022
0.006006
0.006038
0.040593
0.007030
0.007037
0.014035
0.011029
0.011533
0.012522
0.007505
0.011019
0.012530
0.015563
0.012534
0.030560
0.007047
0.010935
0.014225
0.011073
0.010015
0.014022
0.011024
0.012113
0.014032
0.007002
0.008555
0.046884
0.014529
0.011600
0.009008
0.007019
0.006522
0.011016
0.011709
0.011492
0.014545
0.012537
0.012016
0.049942
0.012525
0.011117
0.015481
0.006520
0.006507
0.009507
0.007001
0.009078
0.013170
0.010902
0.012067
0.034621
0.008037
0.011737
0.016479
0.011505
0.011074
0.014701
0.013523
0.021050
0.018036
0.013030
0.014887
0.047562
0.012598
0.010016
0.011534
0.010014
0.012550
0.015705
0.010952
0.011018
0.014050
0.010492
0.010081
0.053983
0.011044
0.011547
0.015051
0.011018
0.011556
0.022043
0.009454
0.009027
0.013566
0.013024
0.010010
0.053130
0.008020
0.007551
0.008925
0.006009
0.011574
0.013105
0.010101
0.011021
0.015310
0.011026
0.010196
0.046207
0.008179
0.009019
0.009021
0.014055
0.017054
0.017039
0.013002
0.011510
0.015561
0.013620
0.011523
0.050007
0.010021
0.011112
0.014536
0.011020
0.011030
0.014518
0.007017
0.013031
0.014069
0.010011
0.010017
0.052594
0.014030
0.011508
0.010543
0.008533
0.009022
0.015979
0.010678
0.011029
0.010198
0.008508
0.006024
0.047540
0.012516
0.011022
0.014475
0.007000
0.006479
0.014081
0.011514
0.011107
0.010534
0.007515
0.007411
0.034421
0.010024
0.012042
0.014490
0.012064
0.011015
0.014534
0.013024
0.012013
0.011599
