1.034066
0.011016
0.010854
0.013954
0.011245
0.011022
0.012527
0.011018
0.011015
0.013016
0.007019
0.006515
0.047323
0.010547
0.007515
0.017593
0.008014
0.007037
0.012028
0.006660
0.006023
0.009517
0.006508
0.006004
0.030571
0.006569
0.007018
0.014530
0.010011
0.011015
0.013017
0.011010
0.009546
0.010022
0.006017
0.006510
0.029501
0.006518
0.011531
0.015030
0.011542
0.008881
0.013018
0.011533
0.011480
0.013237
0.010511
0.009539
0.054127
0.012022
0.010520
0.012534
0.006505
0.005505
0.012583
0.011310
0.010528
0.013466
0.011520
0.011523
0.048681
0.011033
0.009515
0.015552
0.010023
0.010580
0.015015
0.011523
0.009490
0.010984
0.006603
0.006211
0.050398
0.009038
0.011026
0.015120
0.012356
0.016552
0.015038
0.009022
0.009588
0.012189
0.011521
0.011023
0.050629
0.011719
0.010260
0.016050
0.008014
0.007009
0.012049
0.011017
0.011009
0.013030
0.007007
0.007549
0.010634
0.011513
0.009534
0.050648
0.007016
0.006540
0.014573
0.011022
0.010525
0.014031
0.007022
0.007012
0.010011
0.006504
0.006010
0.033102
0.007525
0.007016
0.012028
0.006025
0.006507
0.009544
0.005508
0.007025
0.008940
0.006008
0.006000
0.014539
0.007000
0.007292
0.030041
0.010514
0.010521
0.014394
0.011503
0.009027
0.014052
0.009283
0.011007
0.013531
0.008014
0.006821
0.014675
0.011015
0.010529
0.055156
0.008022
0.008544
0.014039
0.010191
0.011014
0.014019
0.010535
0.010026
0.013029
0.010560
0.010749
0.049761
0.011534
0.011021
0.015020
0.010518
0.007022
0.011022
0.011026
0.008515
0.015060
0.010746
0.012022
0.034092
0.007504
0.006930
0.016495
0.016550
0.011007
0.013017
0.006674
0.006012
0.031127
0.015118
0.010120
0.041699
0.006907
0.005998
0.014054
0.006507
0.007012
0.014039
0.011009
0.011431
0.012018
0.012533
0.009830
0.047174
0.011069
0.010925
0.016070
0.011519
0.011043
0.010008
0.006011
0.006653
0.010028
0.006017
0.006023
0.049873
0.012132
0.008528
0.013016
0.007466
0.008022
0.019064
0.010544
0.011026
0.013703
0.009162
0.010857
0.048653
0.007038
0.006012
0.013116
0.011012
0.009525
0.013638
0.008740
0.006837
0.013574
0.010098
0.011013
0.031904
0.007122
0.006018
0.016472
0.011512
0.011027
0.013536
0.011322
0.010764
0.013533
0.007029
0.005558
0.033534
0.014700
0.010517
0.012031
0.007013
0.008085
0.009957
0.007529
0.007027
0.009018
0.006133
0.006513
0.013029
0.009638
0.010522
0.012536
0.011014
0.048448
0.015516
0.007519
0.007014
0.010027
0.006015
0.005000
0.010022
0.006354
0.008022
0.013533
0.010013
0.010528
0.030589
0.007023
0.005996
0.016037
0.010040
0.011036
0.015593
0.013028
0.009991
0.008525
0.007515
0.006547
0.029046
0.007000
0.006004
0.015039
0.010850
0.010602
0.013031
0.010019
0.009673
0.014028
0.008532
0.011512
0.044905
0.008012
0.007007
0.012943
0.006120
0.006088
0.011014
0.010014
0.012276
0.013554
0.012027
0.011531
0.048005
0.014061
0.007542
0.015018
0.010022
0.011524
0.012022
0.010524
0.010104
0.013728
0.011224
0.011003
0.031077
0.006994
0.006525
0.015041
0.011024
0.011022
0.014009
0.007507
0.006141
0.012009
0.006222
0.010527
0.051278
0.011039
0.009516
0.014005
0.007016
0.006521
0.011593
0.007040
0.012044
0.010534
0.006086
0.006005
0.030066
0.008511
0.011529
0.012764
0.009021
0.008009
0.011521
0.005504
0.007005
0.011526
0.011531
0.010018
0.049178
0.009014
0.007024
0.014573
0.010527
0.010516
0.013535
0.012029
0.010535
0.012522
0.010570
0.008996
0.014032
0.010455
0.012143
0.036788
0.009009
0.008020
0.015019
0.006009
0.006630
0.012024
0.011010
0.010977
0.013530
0.012025
0.011525
0.047045
0.011021
0.011014
0.012028
0.006001
0.010552
0.014073
0.010016
0.006012
0.009537
0.006508
0.006004
0.029787
0.006515
0.006024
0.013540
0.010521
0.011391
0.015028
0.012538
0.010512
0.021010
0.011032
0.007017
0.049125
0.011283
0.007011
0.015019
0.012024
0.010959
0.015597
0.011126
0.010013
0.012079
0.010006
0.011017
0.043006
0.011345
0.010034
0.011556
0.005997
0.006004
0.010017
0.006007
0.006541
0.009568
0.005996
0.007517
0.047597
0.012027
0.009008
0.013539
0.009930
0.010841
0.014026
0.008514
0.007162
