0.952752
0.015060
0.014044
0.009026
0.013975
0.008507
0.010024
0.012012
0.011026
0.017810
0.045893
0.013497
0.011710
0.012182
0.009167
0.008516
0.010015
0.007541
0.009919
0.013120
0.036079
0.013536
0.010032
0.008004
0.014731
0.013019
0.014560
0.013201
0.009533
0.008546
0.050590
0.008508
0.009442
0.007012
0.010009
0.007549
0.009998
0.007008
0.009020
0.013011
0.033818
0.010029
0.010040
0.008007
0.013244
0.013524
0.013527
0.007511
0.010549
0.006998
0.030137
0.009013
0.012415
0.013886
0.015544
0.011025
0.010010
0.007397
0.010538
0.007006
0.042240
0.014014
0.013572
0.010033
0.013047
0.009614
0.016553
0.008015
0.009030
0.008022
0.028821
