1.028928
0.013539
0.009004
0.008011
0.008320
0.009420
0.008650
0.007855
0.008917
0.007307
0.027622
0.009031
0.010026
0.008041
0.009063
0.007568
0.009019
0.008017
0.009019
0.007543
0.028715
0.008019
0.010018
0.007021
0.009175
0.006499
0.008343
0.008920
0.021861
0.009027
0.029588
0.014596
0.014019
0.012460
0.009575
0.008519
0.011523
0.007509
0.009017
0.009530
0.032908
0.008537
0.013860
0.009884
0.009029
0.006012
0.008843
0.006072
0.009130
0.007092
0.030127
0.008508
0.009736
0.006508
0.009515
0.007690
0.007512
0.006005
0.009023
0.013093
0.049447
0.012669
0.020233
0.012718
0.011548
0.012019
0.013562
0.013095
0.012025
0.013024
0.028121
0.009053
0.010011
0.007008
0.008523
0.007510
0.008011
0.006939
0.008100
0.012574
0.014588
0.032320
0.012009
0.006515
0.008535
0.013499
0.014534
0.012637
0.009009
0.008018
0.012095
0.036175
0.013547
0.012568
0.012024
0.008042
0.008679
0.007502
0.008500
0.007005
0.008572
0.006526
0.007205
0.007167
0.008509
0.025890
0.014844
0.011014
0.009996
0.007025
0.009933
0.006384
0.009013
0.008111
0.008528
0.007508
0.008503
0.032093
0.014025
0.011021
0.023054
0.012565
0.012089
0.012631
0.014489
0.012581
0.011546
0.047874
0.009761
0.007517
0.007571
0.007507
0.009518
0.007534
0.007531
0.008014
0.009602
0.008006
0.009151
0.026412
0.010021
0.006123
0.012819
0.012535
0.013498
0.012562
0.013540
0.011026
0.014051
0.048719
0.011176
0.005432
0.014056
0.011506
0.012350
0.012459
0.009018
0.006925
0.008641
0.008037
0.030093
0.009035
0.008513
0.007015
0.009024
0.006300
0.008509
0.007018
0.008500
0.007051
0.010030
0.046210
0.014332
0.012025
0.014003
0.007006
0.009977
0.015540
0.010023
0.007308
0.008036
0.039631
0.015028
0.012505
0.010016
0.008003
0.011032
0.008013
0.009051
0.007570
0.010510
0.027564
0.011520
0.009638
0.009801
0.007573
0.013016
0.011006
0.007521
0.007004
0.008642
0.029801
0.017034
0.012566
0.014523
0.016074
0.012546
0.007502
0.008877
0.007002
0.007512
0.027718
0.010486
0.007578
0.008089
0.007048
0.009013
0.009356
0.010015
0.010518
0.009530
0.007005
0.039107
0.012021
0.011010
0.012019
0.010537
0.007879
0.009512
0.014022
0.014217
0.012966
0.034209
0.013129
0.015169
0.008007
0.013072
0.008030
0.009020
0.006475
0.011018
0.012047
0.034119
0.009015
0.010558
0.007016
0.009043
0.007880
0.009020
0.007633
0.011469
0.008518
0.010035
0.007030
0.009048
0.042985
0.010979
0.007014
0.009026
0.007516
0.010016
0.009021
0.008728
0.007514
0.008024
0.049325
0.017658
0.013515
0.015536
0.013541
0.008105
0.009030
0.012465
0.008022
0.010017
0.006509
0.008512
0.027541
0.011640
0.011521
0.010020
0.010014
0.008515
0.008033
0.009514
0.007267
0.013278
0.040036
0.012022
0.007101
0.008531
0.008168
0.008511
0.012032
0.012130
0.011015
0.018027
0.017038
0.015018
0.052253
0.015529
0.009043
0.014040
0.013613
0.015024
0.011025
0.012994
0.007938
0.009014
0.007015
0.015541
0.052172
0.012029
0.008027
0.012798
0.008021
0.011017
0.007672
0.008507
0.007030
0.010551
0.029051
0.014025
0.008001
0.009005
0.008004
0.008023
0.007011
0.008010
0.010178
0.013582
0.032205
0.015018
0.006790
0.014022
0.013574
0.012028
0.012528
0.011110
0.010511
0.012534
0.035110
0.010529
0.013262
0.013511
0.014020
0.012340
0.009381
0.017343
0.016053
0.012533
0.026652
0.010599
0.008040
0.008494
0.007009
0.009068
0.012995
0.010027
0.007972
0.013012
0.011019
0.037127
0.016138
0.013506
0.013034
0.014027
0.008005
0.009509
0.008011
0.010017
0.007061
0.035104
0.009636
0.009568
0.008016
0.009020
0.008199
0.009535
0.008020
0.009022
0.007012
0.062274
0.009525
0.014533
0.008487
0.009031
0.008528
0.015033
0.013062
0.008987
0.008020
0.028678
0.009006
0.014032
0.011025
0.016055
0.008030
0.007964
0.007513
0.007747
0.012016
0.051116
0.012541
0.010030
0.008029
0.009204
0.007028
0.009165
0.011024
0.014051
0.018091
0.033687
0.011543
0.025558
0.010039
0.016032
0.007012
0.008226
0.007003
0.008941
0.007027
0.043242
0.008606
0.010013
0.007390
0.010092
0.008024
0.009527
0.012198
0.013040
0.013073
0.040423
0.014601
0.014374
0.008021
0.010038
0.014234
0.013970
0.014083
0.012108
0.008006
0.030723
0.013029
0.018482
0.013024
0.014021
0.012028
0.010083
0.011016
0.013526
0.012775
0.029694
0.008547
0.015031
0.013027
0.015037
0.013026
0.013023
0.011970
0.011009
0.008014
0.028567
0.009026
0.009030
0.008019
0.009139
0.008134
0.008103
0.007012
0.013025
0.008009
0.022630
0.051391
0.016027
0.013014
0.015629
0.012433
0.014557
0.009014
0.008254
0.008020
0.008020
0.028058
0.010023
0.006017
0.008017
0.013077
0.012528
0.010993
0.008015
0.005999
0.007961
0.029117
0.015551
0.013018
0.009229
0.006518
0.008539
0.007558
