528.000000,125.000000,149.000000,69.000000
528.843137,126.686275,149.000000,69.000000
539.026684,120.033939,152.240750,70.500750
540.822046,114.090772,155.551986,72.034141
577.867673,112.427009,158.935242,73.600884
594.139252,108.926599,162.392084,75.201703
606.167356,105.349957,165.924111,76.837340
626.830101,108.167604,165.924111,76.837340
661.581082,110.985251,165.924111,76.837340
679.500186,118.602587,169.532961,78.508552
720.813912,123.406508,169.532961,78.508552
745.794304,119.563371,169.532961,78.508552
763.088422,119.563371,169.532961,78.508552
774.695731,118.709590,173.220303,80.216113
785.557058,121.758809,176.987844,81.960814
794.653884,124.875328,180.837330,83.743461
810.878820,133.941356,177.046282,81.987876
801.861173,142.959003,177.046282,81.987876
803.943637,140.063464,180.897039,83.771112
798.825990,138.016405,180.897039,83.771112
786.543637,131.875228,180.897039,83.771112
774.110375,122.518017,177.104739,82.014946
764.168675,117.618261,180.956768,83.798772
744.767437,111.579499,184.892577,85.621395
740.579202,104.250087,184.892577,85.621395
733.093703,99.912270,181.016516,83.826440
728.838164,96.688972,177.221712,82.069115
717.795026,95.685050,177.221712,82.069115
714.863819,92.784706,181.076284,83.854118
687.257359,89.821812,185.014693,85.677945
655.927677,83.654770,189.038763,87.541441
640.779756,77.078255,185.075782,85.706234
630.155001,76.929563,181.195880,83.909501
622.824872,89.089489,177.397315,82.150435
613.789578,94.109096,177.397315,82.150435
568.691754,103.254926,181.255707,83.937207
579.972146,109.407867,181.255707,83.937207
592.278029,111.458848,181.255707,83.937207
601.356369,113.364162,177.455889,82.177559
602.212528,119.245149,173.735729,80.454801
591.385077,126.135345,173.735729,80.454801
584.494881,129.088286,173.735729,80.454801
584.494881,134.009855,173.735729,80.454801
585.479194,137.947109,173.735729,80.454801
588.511387,149.868242,177.514481,82.204693
591.610329,163.056619,181.375421,83.992645
597.775035,171.276227,181.375421,83.992645
596.830028,182.692218,185.320337,85.819485
606.353885,190.151088,189.351054,87.686059
609.571532,192.296186,189.351054,87.686059
600.004496,202.068091,193.469439,89.593230
602.284830,207.670235,197.677400,91.541883
628.035810,199.832980,197.677400,91.541883
659.384830,195.354549,197.677400,91.541883
679.370595,185.118006,193.533319,89.622812
689.322783,184.143358,197.742669,91.572108
703.877685,178.545318,197.742669,91.572108
708.356117,181.904142,197.742669,91.572108
708.444881,183.147511,202.043572,93.563802
710.731155,175.145550,202.043572,93.563802
692.440959,174.002413,202.043572,93.563802
674.239814,174.128044,206.438020,95.598814
661.211525,175.130104,202.110283,93.594695
641.837105,176.402457,206.506181,95.630379
633.748213,180.036987,210.997691,97.710340
624.288908,189.721446,215.586891,99.835540
627.770242,189.546346,211.067358,97.742602
616.825772,183.394406,206.642573,95.693540
597.921197,182.056283,202.310548,93.687435
578.454530,184.346479,202.310548,93.687435
557.842765,190.071969,202.310548,93.687435
541.811393,191.217067,202.310548,93.687435
526.925118,193.507263,202.310548,93.687435
510.893746,199.232753,202.310548,93.687435
493.717275,208.393537,202.310548,93.687435
474.340677,217.680569,206.710802,95.725137
445.169168,222.492499,211.206762,97.807158
423.735040,232.193552,215.800509,99.934464
400.621542,239.657745,220.494170,102.108039
365.462158,244.475093,215.871762,99.967460
354.468040,248.139799,215.871762,99.967460
350.803335,253.026074,215.871762,99.967460
348.179812,258.960200,211.346258,97.871757
349.375891,262.548435,211.346258,97.871757
345.787655,264.940592,211.346258,97.871757
352.964126,267.332749,211.346258,97.871757
354.253971,267.464472,215.943039,100.000468
354.253971,267.464472,215.943039,100.000468
362.635117,268.512670,211.416040,97.904072
367.427274,266.116591,211.416040,97.904072
378.029596,258.756540,206.983945,95.851626
386.061932,252.725956,202.644764,93.842206
399.826638,252.725956,202.644764,93.842206
402.120755,252.725956,202.644764,93.842206
414.738403,240.108309,202.644764,93.842206
420.473697,235.520074,202.644764,93.842206
423.744863,226.180191,198.396548,91.874911
437.059736,226.019688,194.237391,89.948859
453.559736,223.819688,194.237391,89.948859
475.395718,212.662526,190.165427,88.063184
495.848659,207.280173,190.165427,88.063184
524.913365,202.974290,190.165427,88.063184
545.451198,199.863662,194.301525,89.978559
565.338169,196.685145,198.527583,91.935592
595.507356,188.660572,194.365680,90.008268
624.107356,182.060572,194.365680,90.008268
639.593630,178.881732,198.593133,91.965948
655.441772,173.379642,202.912534,93.966207
683.109608,168.910700,207.325881,96.009972
705.425295,161.863642,207.325881,96.009972
725.486312,163.168553,211.835219,98.098189
731.582604,169.301735,216.442635,100.231824
737.710055,179.105656,216.442635,100.231824
740.161035,184.007617,216.442635,100.231824
750.062124,185.368577,221.150263,102.411867
750.162997,186.760730,225.960281,104.639325
747.602213,186.760730,225.960281,104.639325
745.041428,188.041122,225.960281,104.639325
737.166790,187.857552,221.223282,102.445681
743.244460,188.931380,216.585589,100.298025
736.936263,186.306226,212.045120,98.195391
726.136263,182.706226,212.045120,98.195391
726.230273,176.838351,216.657102,100.331141
723.874127,174.519799,221.369394,102.513343
755.012152,176.847278,216.728638,100.364268
770.785846,179.126740,212.185170,98.260246
773.009956,177.752775,207.736951,96.200333
770.750817,182.588949,212.255229,98.292690
762.337091,181.386988,212.255229,98.292690
761.135130,184.992871,212.255229,98.292690
776.581543,189.629050,207.805541,96.232096
760.110955,189.629050,207.805541,96.232096
732.877393,188.284807,203.449136,94.214701
721.441354,191.871986,207.874155,96.263870
725.973217,195.233959,203.516311,94.245808
743.267335,202.151606,203.516311,94.245808
752.583507,209.197271,207.942791,96.295655
763.189389,216.267859,207.942791,96.295655
754.763148,216.098792,203.583508,94.276927
762.833736,217.251733,203.583508,94.276927
774.363148,218.404674,203.583508,94.276927
773.038272,215.934054,199.315613,92.300519
770.779448,208.028172,199.315613,92.300519
770.779448,206.898760,199.315613,92.300519
776.426507,202.381113,199.315613,92.300519
780.774543,199.960365,195.137189,90.365544
788.515719,201.066248,195.137189,90.365544
795.151013,199.960365,195.137189,90.365544
827.055251,198.695806,191.046361,88.471134
804.325839,186.789923,191.046361,88.471134
801.165857,185.827800,195.201620,90.395381
803.377622,178.086623,195.201620,90.395381
807.635475,173.504729,191.109441,88.500345
797.894299,170.257671,191.109441,88.500345
795.729593,167.010612,191.109441,88.500345
806.553123,168.092965,191.109441,88.500345
798.976652,168.092965,191.109441,88.500345
785.988417,163.763553,191.109441,88.500345
788.239513,162.801112,195.266072,90.425228
796.921572,163.748942,191.172542,88.529566
785.101394,160.621477,195.330545,90.455084
808.412469,167.378955,199.578984,92.422483
798.336165,166.373860,203.919827,94.432671
797.181263,162.909154,203.919827,94.432671
793.716557,162.909154,203.919827,94.432671
807.575381,168.683664,203.919827,94.432671
804.110675,167.528762,203.919827,94.432671
813.349890,168.683664,203.919827,94.432671
821.434204,170.993468,203.919827,94.432671
806.420479,169.838566,203.919827,94.432671
801.893047,169.966513,208.355083,96.486582
798.446793,167.736829,212.886806,98.585165
788.799734,166.530947,212.886806,98.585165
786.387969,168.942711,212.886806,98.585165
794.829146,176.178006,212.886806,98.585165
793.623264,178.589770,212.886806,98.585165
771.917381,183.413300,212.886806,98.585165
730.917381,184.619182,212.886806,98.585165
712.829146,188.236829,212.886806,98.585165
708.005617,189.442711,212.886806,98.585165
679.064440,188.236829,212.886806,98.585165
658.564440,183.413300,212.886806,98.585165
641.682087,182.207417,212.886806,98.585165
619.976205,183.413300,212.886806,98.585165
588.442963,186.858427,208.423878,96.518440
578.823725,185.509342,204.054510,94.495041
566.119804,188.974048,204.054510,94.495041
553.415882,198.213264,204.054510,94.495041
514.149216,208.607381,204.054510,94.495041
491.141888,208.734650,208.492695,96.550309
466.447079,210.045449,213.027412,98.650278
464.130405,206.560863,217.660758,100.795921
442.030011,219.031374,222.394879,102.988233
414.335894,231.619609,222.394879,102.988233
397.971188,263.090197,222.394879,102.988233
373.867021,289.346183,217.732625,100.829202
347.967021,305.379517,217.732625,100.829202
331.749278,305.203068,213.168110,98.715433
306.384572,306.410911,213.168110,98.715433
277.396337,314.865813,213.168110,98.715433
244.784572,313.657970,213.168110,98.715433
218.212023,308.826597,213.168110,98.715433
202.510063,301.579538,213.168110,98.715433
201.302220,289.501107,213.168110,98.715433
190.529114,276.349145,217.804516,100.862494
170.795781,266.482478,217.804516,100.862494
154.578792,273.706378,213.238494,98.748027
82.108204,313.565202,213.238494,98.748027
86.759041,319.431644,208.768193,96.677888
102.129629,322.978703,208.768193,96.677888
103.406334,340.844978,213.308901,98.780632
125.243462,345.809954,217.948370,100.929111
146.210129,351.976621,217.948370,100.929111
180.561315,350.567886,213.379332,98.813248
199.886805,361.438474,213.379332,98.813248
219.033235,375.760502,208.906078,96.741741
255.686177,375.760502,208.906078,96.741741
272.239118,385.219326,208.906078,96.741741
289.974412,387.584032,208.906078,96.741741
319.626088,381.802553,213.449785,98.845874
373.979029,333.488828,213.449785,98.845874
394.606782,320.335448,218.092318,100.995772
405.539869,325.099960,213.520262,98.878511
421.085816,326.136398,209.044054,96.805636
424.461314,324.782480,204.661685,94.776217
423.130093,323.458270,200.371187,92.789342
405.056938,325.855069,204.729260,94.807510
418.962821,325.855069,204.729260,94.807510
434.118743,319.029919,209.182122,96.869573
451.883449,319.029919,209.182122,96.869573
458.989331,324.951488,209.182122,96.869573
422.369378,328.635286,213.731833,98.976486
424.788985,333.474502,213.731833,98.976486
420.045044,334.817740,218.380500,101.129225
423.856430,330.006195,223.130276,103.328786
437.746627,322.429725,223.130276,103.328786
449.210281,316.255044,227.983360,105.576187
361.578021,321.557883,232.941998,107.872469
323.415365,311.147515,238.008486,110.218695
323.216035,301.526349,233.018911,107.908086
323.321170,289.795986,238.087072,110.255087
312.637855,280.502844,243.265466,112.653135
305.857049,279.277741,248.556490,115.103341
287.667723,272.394620,253.962594,117.606839
266.221566,262.492116,259.486280,120.164787
260.462398,255.310814,265.130107,122.778371
248.567343,247.967756,270.896686,125.448801
247.034010,237.234423,270.896686,125.448801
245.621342,231.270167,276.788689,128.177312
228.511265,225.176239,282.808843,130.965169
241.455326,225.353954,288.959936,133.813661
246.361209,222.083365,288.959936,133.813661
215.290620,225.353954,288.959936,133.813661
218.689358,204.275201,295.244814,136.724109
218.823668,199.443228,301.666389,139.697858
232.621478,201.339700,308.227633,142.736286
225.641086,192.614210,308.227633,142.736286
214.911121,185.384871,301.765993,139.743983
197.832690,178.553498,301.765993,139.743983
184.303926,175.325939,308.329404,142.783415
205.245102,177.071038,308.329404,142.783415
224.441181,164.855351,308.329404,142.783415
247.264569,165.047680,315.035568,145.888954
256.328753,159.892510,321.887592,149.062039
228.975812,138.010157,321.887592,149.062039
234.592931,138.212637,328.888647,152.304139
236.455677,140.075382,328.888647,152.304139
251.506463,145.870055,336.041975,155.616754
241.996660,147.772015,336.041975,155.616754
207.761365,126.850447,336.041975,155.616754
221.075091,124.948486,336.041975,155.616754
209.663326,124.948486,336.041975,155.616754
215.369209,124.948486,336.041975,155.616754
209.812791,128.962036,343.350888,159.001418
208.023948,129.177994,350.818770,162.459699
210.167618,125.424970,358.449078,165.993197
220.314677,125.424970,358.449078,165.993197
230.160149,119.047252,350.934603,162.513340
238.105247,123.019801,350.934603,162.513340
246.050345,128.978624,350.934603,162.513340
265.619013,130.682077,343.577661,159.106434
281.333586,134.787089,351.050475,162.566999
285.013272,136.491104,343.691104,159.158968
306.430919,140.385222,343.691104,159.158968
317.821699,145.947633,336.486013,155.822382
327.351111,145.947633,336.486013,155.822382
332.784015,145.675069,329.431969,152.555744
343.972251,147.539775,329.431969,152.555744
362.619310,145.675069,329.431969,152.555744
371.942839,143.810363,329.431969,152.555744
384.995780,140.080951,329.431969,152.555744
398.048721,134.486834,329.431969,152.555744
412.966368,128.892716,329.431969,152.555744
420.148862,117.438853,322.525805,149.357587
443.880235,113.787873,322.525805,149.357587
469.580610,117.640080,329.540741,152.606115
497.730188,102.913822,336.708252,155.925298
533.941952,97.196175,336.708252,155.925298
562.680250,95.500487,344.031657,159.316673
574.082443,97.170433,336.819427,155.976782
579.520803,98.805370,329.758393,152.706907
594.177307,98.539366,322.845386,149.505581
606.698604,100.106473,316.077302,146.371368
606.431311,103.430923,309.451103,143.302860
621.945544,106.685954,302.963815,140.298679
643.993737,115.019300,296.612525,137.357478
658.865554,116.459071,290.394383,134.477936
683.542024,114.813973,290.394383,134.477936
703.283201,113.168875,290.394383,134.477936
729.604769,114.813973,290.394383,134.477936
759.216534,113.168875,290.394383,134.477936
787.183201,109.878679,290.394383,134.477936
813.504769,103.298287,290.394383,134.477936
831.600848,103.298287,290.394383,134.477936
851.474181,93.610349,296.710461,137.402831
863.370984,88.755309,303.163913,140.391342
875.515253,85.512867,309.757729,143.444854
889.554469,80.248161,309.757729,143.444854
886.185854,75.178394,316.494959,146.564780
882.743971,68.208032,323.378724,149.752564
886.406716,62.713914,323.378724,149.752564
882.889973,51.928492,330.412212,153.009682
877.278208,46.316728,330.412212,153.009682
871.666443,44.446139,330.412212,153.009682
867.925267,46.316728,330.412212,153.009682
864.184090,51.928492,330.412212,153.009682
852.960561,50.057904,330.412212,153.009682
830.661446,46.523336,337.598677,156.337643
828.464836,48.162055,330.521307,153.060203
806.164535,52.109290,337.710146,156.389262
792.933114,52.320322,345.055342,159.790729
771.450761,64.037969,345.055342,159.790729
771.450761,71.849734,345.055342,159.790729
765.591937,77.708557,345.055342,159.790729
761.686055,85.520322,345.055342,159.790729
759.733114,89.426204,345.055342,159.790729
773.403702,89.426204,345.055342,159.790729
780.926429,98.912884,337.821651,156.440899
779.012704,110.395237,337.821651,156.440899
777.098978,114.222688,337.821651,156.440899
773.271527,118.050139,337.821651,156.440899
773.271527,121.877590,337.821651,156.440899
776.812549,127.344843,330.739607,153.161295
776.812549,125.472294,330.739607,153.161295
771.194902,123.599745,330.739607,153.161295
765.577255,119.854647,330.739607,153.161295
754.341961,119.854647,330.739607,153.161295
743.254972,110.698822,337.933194,156.492553
733.838772,95.600887,345.283240,159.896266
735.503104,91.412202,338.044773,156.544224
735.503104,76.102398,338.044773,156.544224
724.171965,70.572529,345.397246,159.949060
700.866750,64.923279,352.909636,163.427952
689.036701,59.149921,360.585421,166.982510
691.077878,63.232274,360.585421,166.982510
689.197688,63.457516,368.428154,170.614380
681.018483,67.860908,376.441466,174.325243
670.361620,69.992281,376.441466,174.325243
668.230247,78.517771,376.441466,174.325243
689.543973,97.700124,376.441466,174.325243
693.806718,95.568751,376.441466,174.325243
691.358432,105.921506,368.549802,170.670714
695.221545,118.141837,360.823577,167.092797
701.046809,130.108977,353.259324,163.589888
702.749647,131.823715,345.853646,160.160413
694.914353,127.906068,345.853646,160.160413
694.914353,127.906068,345.853646,160.160413
698.832000,129.864891,345.853646,160.160413
702.749647,129.864891,345.853646,160.160413
725.963096,127.626034,338.603221,156.802834
720.210154,121.873093,338.603221,156.802834
716.374860,118.037799,338.603221,156.802834
737.182898,115.846101,331.504792,153.515642
733.429957,113.969630,331.504792,153.515642
718.418192,112.093160,331.504792,153.515642
701.529957,108.340218,331.504792,153.515642
697.777016,102.710807,331.504792,153.515642
691.869472,89.308182,324.555173,150.297362
690.032217,81.959162,324.555173,150.297362
678.736142,78.022804,317.751245,147.146550
680.266788,79.565183,311.089954,144.061791
678.506003,77.804399,311.089954,144.061791
671.202120,70.510522,304.568309,141.041700
667.492622,68.537931,298.183383,138.084922
635.416151,66.849696,298.183383,138.084922
633.476982,63.232386,291.932310,135.190130
633.231113,61.343557,285.812283,132.356024
636.226977,59.495609,279.820556,129.581331
633.058350,57.911295,279.820556,129.581331
634.642663,56.326981,279.820556,129.581331
635.991408,57.685244,273.954438,126.864807
637.311999,71.422874,268.211297,124.205231
631.233567,80.540522,268.211297,124.205231
622.115920,92.697384,268.211297,124.205231
618.848860,106.156157,262.588554,121.601411
611.417488,116.560079,262.588554,121.601411
612.903762,122.505177,262.588554,121.601411
608.444939,122.505177,262.588554,121.601411
596.671641,122.669036,268.299855,124.246242
592.112818,122.669036,268.299855,124.246242
589.073602,128.747467,268.299855,124.246242
586.034386,130.267075,268.299855,124.246242
590.714664,131.955113,274.135377,126.948597
592.392266,127.468665,280.097821,129.709729
597.151089,119.537292,280.097821,129.709729
608.255011,125.882390,280.097821,129.709729
609.967771,135.575718,286.189949,132.530916
619.812318,143.852092,292.414580,135.413463
621.467220,157.091307,292.414580,135.413463
603.018563,163.475408,286.284443,132.574675
578.824827,168.519932,292.511130,135.458174
558.694829,169.939795,286.378969,132.618449
560.075064,172.951461,280.375362,129.838255
566.190409,171.135945,274.497613,127.116344
558.540542,165.088849,280.467936,129.881125
536.431629,158.911686,286.568114,132.706039
525.197554,149.350861,292.800970,135.592396
545.236873,142.899823,299.169392,138.541530
565.701053,124.452007,305.676326,141.554809
590.078784,107.330246,312.324786,144.633626
595.121177,91.160011,305.777254,141.601547
605.509412,84.234520,305.777254,141.601547
600.452712,82.694604,312.427909,144.681381
597.055058,75.815311,319.223217,147.828201
593.439372,72.199625,319.223217,147.828201
588.159977,74.207680,326.166321,151.043464
603.083506,87.341553,333.260439,154.328660
638.643385,113.480783,326.274015,151.093336
664.502208,131.951371,326.274015,151.093336
585.224566,150.625878,333.370475,154.379616
609.771625,165.731761,333.370475,154.379616
615.436331,190.278819,333.370475,154.379616
609.489520,199.449957,326.381745,151.143224
596.269453,206.581288,319.539525,147.974679
583.745441,208.591671,326.489510,151.193129
567.251731,203.249406,333.590656,154.481579
551.866051,201.092201,326.597310,151.243050
485.447638,199.447432,333.700802,154.532586
449.533913,199.447432,333.700802,154.532586
455.355897,188.315910,340.958794,157.893670
468.875505,176.727675,340.958794,157.893670
492.206794,157.628228,348.374648,161.327857
510.116259,144.038494,355.951797,164.836738
526.402146,132.167463,363.693748,168.421937
544.931557,121.873345,363.693748,168.421937
555.225675,111.579228,363.693748,168.421937
567.578616,107.461581,363.693748,168.421937
567.578616,103.343933,363.693748,168.421937
555.225675,101.285110,363.693748,168.421937
565.519793,93.049816,363.693748,168.421937
573.449651,94.815202,356.069325,164.891164
593.307434,102.590638,348.604739,161.434409
612.757562,116.129841,341.296640,158.050122
626.290896,123.863174,341.296640,158.050122
653.357562,127.729841,341.296640,158.050122
684.290896,129.663174,341.296640,158.050122
719.090896,131.596508,341.296640,158.050122
751.957562,129.663174,341.296640,158.050122
779.024229,129.663174,341.296640,158.050122
790.779295,129.877713,348.719842,161.487712
820.396942,114.081634,348.719842,161.487712
843.797296,107.876298,341.409329,158.102307
866.997296,98.209631,341.409329,158.102307
884.551136,96.490268,348.834982,161.541032
862.831529,100.439288,348.834982,161.541032
876.808536,94.733510,356.422143,165.054549
920.897469,78.304776,348.950161,161.594370
934.732763,76.328305,348.950161,161.594370
465.524920,279.202815,348.950161,161.594370
595.971978,548.002815,348.950161,161.594370
595.971978,551.955756,348.950161,161.594370
569.982590,547.720165,341.634820,158.206729
560.461429,536.323196,349.065377,161.647725
548.308542,532.088164,341.747621,158.258966
538.786155,514.884745,349.180632,161.701098
501.388815,515.102716,356.775311,165.218097
479.173129,513.083108,356.775311,165.218097
458.677528,524.912952,349.295925,161.754489
385.633837,537.002891,356.893111,165.272649
339.299683,535.205551,364.655536,168.867329
339.463466,537.498531,372.586794,172.540193
316.255622,550.157354,372.586794,172.540193
267.730132,535.388727,372.586794,172.540193
234.140996,539.841764,380.690557,176.292943
201.817467,535.531960,380.690557,176.292943
163.029231,531.222156,380.690557,176.292943
120.100986,531.459872,388.970577,180.127314
82.340893,537.751875,380.816254,176.351151
71.234542,539.600375,372.832877,172.654151
453.583562,273.672924,372.832877,172.654151
740.783562,125.849395,372.832877,172.654151
789.038628,119.212085,365.016862,169.034654
790.798041,118.917227,357.364702,165.491036
796.868630,112.846639,357.364702,165.491036
812.755677,106.487186,349.872960,162.021706
824.344589,106.205094,342.538273,158.625107
824.344589,106.205094,342.538273,158.625107
808.830863,106.205094,342.538273,158.625107
832.254779,106.419261,349.988481,162.075203
846.131250,106.419261,349.988481,162.075203
848.272184,104.656694,357.600730,165.600338
864.173470,104.367014,350.104040,162.128717
868.138176,106.349367,350.104040,162.128717
868.138176,108.331720,350.104040,162.128717
875.772647,108.048789,342.764510,158.729874
872.045083,106.322601,350.219638,162.182248
874.027436,104.340248,350.219638,162.182248
871.751354,102.075525,342.877684,158.782283
856.221942,104.016702,342.877684,158.782283
854.280766,104.016702,342.877684,158.782283
846.227726,105.681046,335.689646,155.453594
831.027726,105.681046,335.689646,155.453594
813.646401,107.310499,328.652297,152.194688
802.481695,105.449715,328.652297,152.194688
793.177773,105.449715,328.652297,152.194688
785.457977,108.905793,321.762477,149.004100
767.242291,107.084224,321.762477,149.004100
745.383467,110.727362,321.762477,149.004100
723.254197,112.289212,315.017095,145.880400
692.654223,104.896751,308.413123,142.822184
664.439928,90.670273,301.947594,139.828081
636.828451,85.296726,295.617609,136.896745
599.989235,85.296726,295.617609,136.896745
562.899642,86.731667,289.420324,134.026861
541.345090,84.858096,283.352958,131.217142
530.117639,84.858096,283.352958,131.217142
523.701952,86.462017,283.352958,131.217142
512.236743,86.233504,277.412788,128.466324
496.297505,93.862432,271.597146,125.773175
480.697308,107.478817,265.903423,123.136484
459.390371,111.781289,260.329062,120.555069
459.170102,110.095919,254.871561,118.027770
463.284784,109.889940,249.528471,115.553453
475.796402,105.446261,244.297392,113.131007
494.945345,106.632092,239.175977,110.759345
506.936684,107.793064,234.161926,108.437402
506.740172,119.533618,229.252989,106.164136
494.864754,128.434658,224.446963,103.938526
481.970332,129.524135,219.741689,101.759574
478.048158,111.914300,215.135056,99.626301
479.085541,103.217400,210.624996,97.537750
484.869768,105.431940,206.209484,95.492982
489.364574,105.266224,201.886538,93.491081
489.194460,103.959916,197.654218,91.531148
494.792499,97.242269,197.654218,91.531148
497.031715,87.165799,197.654218,91.531148
505.988577,86.046191,197.654218,91.531148
512.706224,82.687367,197.654218,91.531148
528.380734,82.687367,197.654218,91.531148
547.414068,81.567759,197.654218,91.531148
564.208185,81.567759,197.654218,91.531148
577.476061,83.646790,193.510623,89.612302
585.148610,86.935025,193.510623,89.612302
588.436845,91.319339,193.510623,89.612302
589.532924,100.087967,193.510623,89.612302
581.860375,117.625222,193.510623,89.612302
582.956453,127.489927,193.510623,89.612302
581.860375,130.778163,193.510623,89.612302
575.283904,146.123261,193.510623,89.612302
558.930456,165.974217,197.719479,91.561370
536.627316,176.174566,202.019878,93.552829
506.737030,182.870866,197.784763,91.591601
493.135686,189.428962,193.638431,89.671488
485.300684,195.849284,189.579023,87.791628
479.937939,194.776735,189.579023,87.791628
477.792841,184.051245,189.579023,87.791628
466.909407,180.681274,185.604716,85.951177
455.348622,176.477353,185.604716,85.951177
453.246662,162.814607,185.604716,85.951177
457.450583,147.049902,185.604716,85.951177
458.345098,134.288090,181.713726,84.149309
446.074844,130.284731,185.665999,85.979557
435.647883,120.941861,189.704235,87.849612
433.584849,113.539437,193.830302,89.760341
419.398513,110.367215,198.046111,91.712629
411.636919,108.248272,202.353614,93.707378
396.750644,108.248272,202.353614,93.707378
386.444762,109.393370,202.353614,93.707378
377.283977,109.393370,202.353614,93.707378
377.114837,110.375604,198.111502,91.742910
371.506994,110.375604,198.111502,91.742910
360.379983,110.499468,202.420427,93.738319
369.556453,111.646527,202.420427,93.738319
379.879983,113.940645,202.420427,93.738319
379.972778,118.656535,206.823071,95.777127
385.652447,126.683993,202.487262,93.769269
385.480786,139.137464,198.242349,91.803504
388.680317,146.829153,194.086425,89.878948
399.499031,149.967336,190.017625,87.994739
359.508429,159.501456,186.034123,86.150030
390.126484,162.776339,190.080365,88.023793
407.350014,167.082221,190.080365,88.023793
422.746092,162.344966,190.080365,88.023793
420.593151,162.344966,190.080365,88.023793
443.095112,167.082221,190.080365,88.023793
460.158108,177.693115,186.095548,86.178475
473.846344,174.534292,186.095548,86.178475
491.591101,157.537608,182.194268,84.371842
506.030317,142.067020,182.194268,84.371842
508.300905,128.443491,182.194268,84.371842
507.116535,124.171008,178.374773,82.603083
494.998888,120.131792,178.374773,82.603083
489.440064,117.908262,178.374773,82.603083
475.302809,116.898459,178.374773,82.603083
458.626339,111.339635,178.374773,82.603083
444.339188,118.264298,174.635350,80.871404
438.263820,128.006104,170.974320,79.176027
439.310357,131.019574,174.693012,80.898106
438.322122,135.960751,174.693012,80.898106
451.380945,142.490163,174.693012,80.898106
454.345651,151.384280,174.693012,80.898106
467.404475,154.648986,174.693012,80.898106
470.223829,159.449895,171.030773,79.202170
479.765581,170.934989,167.445308,77.541787
496.705045,179.339933,163.935009,75.916212
436.284184,182.918034,160.498299,74.324716
435.242986,187.328473,157.133636,72.766583
443.121422,187.201011,153.839509,71.241115
448.216309,187.947755,150.614440,69.747627
459.177392,190.384727,147.456981,68.285447
471.581849,189.429902,144.365714,66.853921
479.636256,186.860072,141.339252,65.452405
485.917764,182.746139,138.376236,64.080270
487.486392,183.530453,138.376236,64.080270
488.270705,183.530453,138.376236,64.080270
488.270705,182.746139,138.376236,64.080270
490.623647,183.530453,138.376236,64.080270
498.466784,183.530453,138.376236,64.080270
492.976588,185.883394,138.376236,64.080270
495.329529,188.236335,138.376236,64.080270
501.485861,191.260961,135.475337,62.736901
499.185861,192.794295,135.475337,62.736901
493.819194,195.860961,135.475337,62.736901
500.779233,200.545364,138.421925,64.101429
500.779233,200.545364,138.421925,64.101429
501.563547,197.408109,138.421925,64.101429
503.132175,193.486541,138.421925,64.101429
503.132175,184.074776,138.421925,64.101429
503.916488,181.721835,138.421925,64.101429
503.916488,179.368894,138.421925,64.101429
504.700802,174.663011,138.421925,64.101429
492.151782,176.231639,138.421925,64.101429
501.563547,179.368894,138.421925,64.101429
505.485116,180.937521,138.421925,64.101429
503.195464,183.377673,141.432602,65.495635
500.857384,184.265408,144.508761,66.920165
505.009381,187.625886,147.651827,68.375678
511.691734,188.461180,147.651827,68.375678
505.844675,190.967063,147.651827,68.375678
514.197616,198.484710,147.651827,68.375678
512.591902,203.588183,150.863254,69.862849
508.317393,206.152889,150.863254,69.862849
502.402245,211.377444,154.144530,71.382366
498.912049,211.377444,154.144530,71.382366
490.186559,212.249993,154.144530,71.382366
471.863029,216.612738,154.144530,71.382366
447.431657,222.720582,154.144530,71.382366
436.088519,227.083327,154.144530,71.382366
424.616016,229.576650,150.913066,69.885917
428.959150,227.106836,154.195425,71.405935
427.214052,224.489189,154.195425,71.405935
423.792079,227.202846,157.549176,72.959014
414.737615,232.428381,154.246338,71.429512
412.119968,236.791126,154.246338,71.429512
412.992517,238.536224,154.246338,71.429512
412.119968,237.663675,154.246338,71.429512
412.992517,237.663675,154.246338,71.429512
422.590557,241.153871,154.246338,71.429512
437.423890,247.261715,154.246338,71.429512
453.197441,258.700605,157.601196,72.983104
462.189411,256.122600,161.029022,74.570487
460.230246,257.816007,157.653233,73.007202
470.043972,262.276791,157.653233,73.007202
486.994952,260.492478,157.653233,73.007202
498.461188,257.689106,154.348213,71.476689
498.461188,257.689106,154.348213,71.476689
513.327854,257.689106,154.348213,71.476689
527.320011,250.693028,154.348213,71.476689
538.688639,244.571459,154.348213,71.476689
547.433737,246.320479,154.348213,71.476689
549.182756,249.818518,154.348213,71.476689
557.053344,260.312636,154.348213,71.476689
568.421972,265.559695,154.348213,71.476689
575.286898,268.932437,151.112479,69.978262
586.400623,274.916751,151.112479,69.978262
594.949643,287.740281,151.112479,69.978262
601.788858,303.983418,151.112479,69.978262
611.192780,315.097143,151.112479,69.978262
622.306505,325.355967,151.112479,69.978262
636.839839,332.195183,151.112479,69.978262
654.792780,334.759888,151.112479,69.978262
673.667079,339.128287,154.399176,71.500289
685.980145,341.848760,157.757358,73.055421
697.676298,342.842518,161.188580,74.644376
763.189394,344.536699,157.809446,73.079542
794.483512,334.701405,157.809446,73.079542
822.273217,330.330195,161.241802,74.669022
851.512432,324.847842,161.241802,74.669022
872.528119,322.106665,161.241802,74.669022
899.026158,322.106665,161.241802,74.669022
912.732040,320.279214,161.241802,74.669022
923.696746,320.279214,161.241802,74.669022
925.598144,316.726012,164.748811,76.293074
931.198144,311.126012,164.748811,76.293074
959.198144,312.059346,164.748811,76.293074
966.664810,310.192679,164.748811,76.293074
974.131477,312.059346,164.748811,76.293074
976.931477,315.792679,164.748811,76.293074
973.058362,322.192377,161.295041,74.693677
970.180418,328.457664,157.913675,73.127809
975.545123,335.610605,157.913675,73.127809
968.392182,337.398841,157.913675,73.127809
958.627812,336.603576,161.348297,74.718339
956.664151,339.214219,157.965815,73.151955
936.993563,340.108336,157.965815,73.151955
911.134508,342.889280,161.401571,74.743010
899.256077,344.716731,161.401571,74.743010
897.428626,341.061829,161.401571,74.743010
901.997254,337.406927,161.401571,74.743010
900.169803,333.752025,161.401571,74.743010
892.859999,330.097123,161.401571,74.743010
889.205097,324.614770,161.401571,74.743010
882.809018,319.132417,161.401571,74.743010
886.328269,308.037436,158.017972,73.176108
876.492975,293.731554,158.017972,73.176108
866.657681,279.425672,158.017972,73.176108
853.315706,265.218117,161.454863,74.767688
858.798059,254.253411,161.454863,74.767688
897.953162,247.727316,158.070147,73.200269
897.821807,238.659302,154.756387,71.665709
901.327689,232.524008,154.756387,71.665709
895.192395,224.635773,154.756387,71.665709
909.961599,226.263438,151.512096,70.163320
911.549738,222.704767,148.335819,68.692426
909.871306,217.669473,148.335819,68.692426
904.836012,212.634179,148.335819,68.692426
906.514444,205.920454,148.335819,68.692426
915.745816,197.528297,148.335819,68.692426
920.781110,188.296924,148.335819,68.692426
930.851698,184.940061,148.335819,68.692426
936.726208,182.422414,148.335819,68.692426
940.922287,180.743983,148.335819,68.692426
947.636012,179.065552,148.335819,68.692426
958.422230,180.624796,145.226128,67.252368
954.314387,189.662051,145.226128,67.252368
961.772308,194.681662,148.384796,68.715107
974.389955,207.299309,148.384796,68.715107
995.292372,218.113694,145.274079,67.274573
1005.873948,232.818861,142.228574,65.864239
1008.976543,241.568069,139.246915,64.483471
1025.529484,253.391598,139.246915,64.483471
1030.930236,259.585156,136.327763,63.131648
1034.676861,259.474349,133.469807,61.808166
1044.490587,263.248858,133.469807,61.808166
1041.529299,270.125714,136.372775,63.152493
1037.728598,270.211480,139.338883,64.526060
1026.754464,267.145053,142.369504,65.929502
1017.083875,258.280347,142.369504,65.929502
1010.636817,251.833288,142.369504,65.929502
999.354464,242.968582,142.369504,65.929502
997.742699,234.909759,142.369504,65.929502
988.072111,227.656818,142.369504,65.929502
974.372111,222.821524,142.369504,65.929502
958.135006,217.871415,139.384890,64.547365
937.470538,210.646035,136.462846,63.194204
913.521518,205.238192,136.462846,63.194204
876.439165,196.740153,136.462846,63.194204
842.508073,195.280367,139.430913,64.568678
818.683303,191.215995,136.507903,63.215069
777.026231,179.712845,139.476950,64.589997
751.803537,173.479056,142.510574,65.994829
730.799615,167.824154,142.510574,65.994829
700.167460,167.914303,145.610179,67.430217
675.461577,167.914303,145.610179,67.430217
652.402754,166.267244,145.610179,67.430217
632.638048,159.679009,145.610179,67.430217
616.231008,161.416294,148.777200,68.896824
602.740812,161.416294,148.777200,68.896824
587.564341,162.259431,148.777200,68.896824
575.760420,162.259431,148.777200,68.896824
553.838851,158.043745,148.777200,68.896824
539.505518,156.357470,148.777200,68.896824
523.485910,157.200608,148.777200,68.896824
514.279722,159.823904,152.013104,70.395330
507.393448,158.102335,152.013104,70.395330
503.089526,157.241551,152.013104,70.395330
497.993247,155.615217,155.319389,71.926428
494.543364,153.072233,158.697586,73.490828
500.001841,151.374981,162.149258,75.089254
493.650233,150.558385,165.676005,76.722445
480.601448,151.598539,169.279458,78.391158
478.683801,150.639715,169.279458,78.391158
481.560271,151.598539,169.279458,78.391158
489.230859,152.557362,169.279458,78.391158
497.860271,153.516186,169.279458,78.391158
508.264058,155.296700,165.730708,76.747777
523.150255,157.040380,162.256353,75.138848
538.645132,158.747588,158.854834,73.563648
553.810237,160.418677,155.524625,72.021470
564.374943,157.777500,155.524625,72.021470
571.418080,156.016716,155.524625,72.021470
581.852199,155.010855,152.264229,70.511623
596.389398,152.298973,149.072184,69.033427
613.128433,154.708851,145.947056,67.586220
632.819024,159.544735,142.887443,66.169353
652.254318,159.544735,142.887443,66.169353
667.518720,162.667730,139.891971,64.782188
682.451724,168.891870,136.959296,63.424104
686.334077,168.891870,136.959296,63.424104
687.887019,168.891870,136.959296,63.424104
692.545842,168.115399,136.959296,63.424104
697.981136,165.785987,136.959296,63.424104
704.969372,158.021282,136.959296,63.424104
700.374057,155.002133,139.938161,64.803578
697.997586,153.417819,139.938161,64.803578
698.060072,146.375825,142.981816,66.213056
708.587523,149.615041,142.981816,66.213056
710.207131,149.615041,142.981816,66.213056
715.065955,148.805237,142.981816,66.213056
724.783602,146.375825,142.981816,66.213056
732.071837,147.185629,142.981816,66.213056
741.044361,148.085170,146.091670,67.653190
750.146322,148.085170,146.091670,67.653190
756.832085,146.521990,149.269164,69.124646
761.124469,142.389868,152.515768,70.628108
762.054095,140.759042,155.832986,72.164269
766.535882,139.091903,159.222354,73.733842
782.843554,134.682204,162.685440,75.337553
794.897880,135.706045,166.223848,76.976145
802.501960,135.810106,169.839217,78.650376
775.458673,136.634514,166.278732,77.001561
822.591568,131.091239,169.895295,78.676345
838.958235,133.016730,169.895295,78.676345
849.548431,135.904965,169.895295,78.676345
857.328271,136.974850,173.590517,80.387555
864.204741,137.957203,173.590517,80.387555
869.193415,139.047694,177.366111,82.135984
878.307696,140.162308,181.223824,83.922442
887.617279,140.275142,185.165442,85.747755
892.946742,142.489694,189.192791,87.612769
901.511448,145.701459,189.192791,87.612769
913.287918,145.701459,189.192791,87.612769
917.653976,144.748670,193.307734,89.518347
926.406917,144.748670,193.307734,89.518347
931.963519,140.492805,197.512177,91.465371
932.916181,139.216244,193.371560,89.547904
937.131323,139.060761,189.317747,87.670634
941.421519,136.915663,189.317747,87.670634
941.421519,132.625467,189.317747,87.670634
940.348970,122.972526,189.317747,87.670634
934.986225,113.319585,189.317747,87.670634
929.462796,111.020895,185.348917,85.832720
926.315738,111.020895,185.348917,85.832720
919.866395,108.773528,181.463289,84.033335
914.576323,102.462203,177.659119,82.271673
906.529264,98.438674,177.659119,82.271673
897.476323,98.438674,177.659119,82.271673
885.256180,99.301039,173.934699,80.546941
877.458758,101.378032,177.717779,82.298837
875.446993,105.401562,177.717779,82.298837
872.429346,112.442738,177.717779,82.298837
862.221583,115.317154,173.992129,80.573536
857.376477,116.409544,177.776458,82.326011
855.364712,120.433073,177.776458,82.326011
854.210505,130.348950,174.049578,80.600140
847.306584,130.348950,174.049578,80.600140
843.361486,131.335224,174.049578,80.600140
836.457564,136.266597,174.049578,80.600140
828.419194,143.029089,170.400827,78.910450
816.842724,146.887912,170.400827,78.910450
809.125077,145.923206,170.400827,78.910450
804.301547,145.923206,170.400827,78.910450
797.548606,145.923206,170.400827,78.910450
791.617088,142.891516,166.828569,77.256183
784.056304,141.946418,166.828569,77.256183
785.946500,138.166026,166.828569,77.256183
771.770029,131.550340,166.828569,77.256183
762.319049,127.769948,166.828569,77.256183
763.264147,124.934654,166.828569,77.256183
761.232440,117.238565,163.331199,75.636596
764.008910,114.462094,163.331199,75.636596
764.008910,112.611114,163.331199,75.636596
763.083420,110.760134,163.331199,75.636596
773.124858,111.552951,159.907147,74.050961
775.842505,111.552951,159.907147,74.050961
784.901328,112.458833,159.907147,74.050961
789.430740,116.988245,159.907147,74.050961
790.336622,117.894127,159.907147,74.050961
789.430740,122.423539,159.907147,74.050961
782.183681,131.482363,159.907147,74.050961
795.771916,136.011774,159.907147,74.050961
812.077799,139.635304,159.907147,74.050961
824.832926,138.830000,163.385128,75.661569
823.907436,136.979019,163.385128,75.661569
820.205475,135.128039,163.385128,75.661569
822.981946,133.277058,163.385128,75.661569
831.311358,133.277058,163.385128,75.661569
823.907436,134.202549,163.385128,75.661569
816.503514,135.128039,163.385128,75.661569
816.503514,138.830000,163.385128,75.661569
809.099593,140.680980,163.385128,75.661569
798.919201,143.457451,163.385128,75.661569
784.111358,145.308431,163.385128,75.661569
783.185867,147.159411,163.385128,75.661569
778.558416,151.786862,163.385128,75.661569
769.303514,153.637843,163.385128,75.661569
762.825083,155.488823,163.385128,75.661569
756.208262,159.983863,159.959946,74.075411
742.620027,164.513275,159.959946,74.075411
729.937674,171.760334,159.959946,74.075411
716.349439,173.572098,159.959946,74.075411
699.137674,174.477981,159.959946,74.075411
681.020027,179.007392,159.959946,74.075411
665.620027,184.442687,159.959946,74.075411
648.273186,187.030904,156.606569,72.522505
633.206520,189.689728,156.606569,72.522505
623.457500,191.462277,156.606569,72.522505
617.253578,188.803453,156.606569,72.522505
609.277108,190.576002,156.606569,72.522505
601.370090,190.673595,160.012761,74.099869
599.629951,188.961876,163.493039,75.711542
608.032356,185.362043,167.049013,77.358268
618.501973,181.685477,170.682329,79.040810
629.212469,175.025909,174.394669,80.759947
643.047763,173.049438,174.394669,80.759947
674.522815,180.813605,170.738685,79.066908
681.366031,183.820419,174.452251,80.786613
685.398275,184.918335,178.246587,82.543722
679.420628,193.108908,182.123451,84.339048
666.890417,197.087061,178.305441,82.570976
647.553519,194.923152,174.567472,80.839970
630.831568,194.044018,178.364314,82.598239
625.632543,189.860787,174.625110,80.866662
616.592362,188.731955,170.964295,79.171385
615.478515,189.561823,167.380224,77.511647
605.868277,184.691942,163.871289,75.886704
613.287885,181.909589,163.871289,75.886704
605.868277,180.054687,163.871289,75.886704
597.594020,180.156870,167.435490,77.537240
591.977080,179.313653,171.077212,79.223675
605.393829,177.238187,167.490774,77.562842
620.435730,176.153156,163.979521,75.936825
628.800435,177.082568,163.979521,75.936825
633.307492,179.737356,160.541878,74.344897
644.088320,182.336241,157.176302,72.786341
660.111849,185.897026,157.176302,72.786341
673.535890,185.995670,160.594886,74.369444
636.233929,183.266258,160.594886,74.369444
625.316282,181.446651,160.594886,74.369444
616.218243,184.176062,160.594886,74.369444
616.218243,186.905474,160.594886,74.369444
617.901587,186.775205,157.228198,72.810374
616.191731,190.434373,160.647912,74.393999
602.617233,193.264554,164.142004,76.012069
594.326307,188.720276,167.712092,77.665331
591.479248,187.771256,167.712092,77.665331
571.624006,186.926645,171.359830,79.354552
565.878115,185.093076,175.086906,81.080514
561.909488,185.093076,175.086906,81.080514
560.917331,183.108763,175.086906,81.080514
562.981888,178.258385,178.895047,82.844015
561.968163,171.162306,178.895047,82.844015
563.995614,166.093679,178.895047,82.844015
552.926601,159.110397,182.786014,84.645872
550.701374,149.644708,178.954114,82.871368
547.508531,141.389830,175.202546,81.134065
543.618889,138.523184,179.013202,82.898731
536.603493,136.607934,182.906739,84.701778
525.215258,136.607934,182.906739,84.701778
528.402618,135.686803,186.884960,86.544042
385.461441,131.451508,186.884960,86.544042
386.520265,135.686803,186.884960,86.544042
373.814383,144.157391,186.884960,86.544042
373.814383,149.451508,186.884960,86.544042
371.696736,152.627979,186.884960,86.544042
363.226147,146.275038,186.884960,86.544042
370.479180,131.299833,182.967131,84.729745
384.973297,119.911598,182.967131,84.729745
370.560000,123.131338,186.946666,86.572617
386.284268,139.921139,183.027543,84.757721
395.463533,143.921328,179.190580,82.980873
367.157973,138.964009,183.087975,84.785707
364.129636,128.706671,187.070139,86.629796
351.423754,123.412553,187.070139,86.629796
316.482578,117.059612,187.070139,86.629796
286.918778,99.176336,191.138914,88.513994
272.934260,88.472570,195.296186,90.439173
222.151591,87.489044,199.543878,92.406225
219.725548,80.551757,195.360669,90.469035
131.342177,85.097318,199.609763,92.436736
100.936127,90.868539,203.951276,94.447235
81.302794,98.952853,203.951276,94.447235
59.451490,103.700249,208.387216,96.501462
45.381358,114.454717,212.919638,98.600369
43.065856,129.058909,217.550640,100.744927
38.140366,147.529497,217.550640,100.744927
40.420716,170.750204,212.989940,98.632925
44.133863,190.177571,217.622471,100.778191
42.720848,207.241764,213.060265,98.665492
44.954130,210.687733,208.593700,96.597083
