100.000000,132.000000,95.000000,95.000000
100.000000,132.000000,95.000000,95.000000
100.000000,132.000000,95.000000,95.000000
100.000000,132.000000,95.000000,95.000000
100.000000,132.000000,95.000000,95.000000
100.000000,132.000000,95.000000,95.000000
100.000000,132.000000,95.000000,95.000000
100.000000,132.000000,95.000000,95.000000
100.000000,132.000000,95.000000,95.000000
100.000000,132.000000,95.000000,95.000000
100.000000,132.000000,95.000000,95.000000
100.000000,132.000000,95.000000,95.000000
95.205681,134.577255,92.432266,92.432266
95.205681,134.577255,92.432266,92.432266
95.205681,134.577255,92.432266,92.432266
95.205681,134.577255,92.432266,92.432266
95.205681,134.577255,92.432266,92.432266
95.205681,134.577255,92.432266,92.432266
95.364395,135.164413,96.664284,96.664284
95.364395,135.164413,96.664284,96.664284
95.364395,135.164413,96.664284,96.664284
95.364395,135.164413,96.664284,96.664284
95.364395,135.164413,96.664284,96.664284
95.364395,135.164413,96.664284,96.664284
95.364395,135.164413,96.664284,96.664284
95.364395,135.164413,96.664284,96.664284
95.364395,135.164413,96.664284,96.664284
95.364395,135.164413,96.664284,96.664284
94.804405,130.759506,101.134270,101.134270
95.418541,137.137650,94.701439,94.701439
98.864357,135.306625,92.930717,92.930717
98.864357,135.306625,92.930717,92.930717
98.864357,135.306625,92.930717,92.930717
98.864357,135.306625,92.930717,92.930717
98.864357,135.306625,92.930717,92.930717
98.864357,135.306625,92.930717,92.930717
97.286728,125.572426,94.023193,94.023193
97.286728,125.572426,94.023193,94.023193
97.286728,125.572426,94.023193,94.023193
91.153946,116.123405,92.028481,92.028481
96.005112,111.263092,92.599777,92.599777
96.005112,111.263092,92.599777,92.599777
96.570717,101.004303,91.239105,91.239105
96.570717,101.004303,91.239105,91.239105
103.142845,93.880936,88.243950,88.243950
93.931152,87.247505,94.915306,94.915306
94.719269,77.188507,97.270515,97.270515
94.719269,77.188507,97.270515,97.270515
90.003227,70.818626,99.697182,99.697182
90.003227,70.818626,99.697182,99.697182
95.137161,64.349823,101.305290,101.305290
95.137161,64.349823,101.305290,101.305290
101.052834,50.810108,97.179123,97.179123
80.670395,52.580624,99.457138,99.457138
86.713974,55.699680,97.783440,97.783440
102.094513,48.310444,99.224876,99.224876
102.094513,48.310444,99.224876,99.224876
102.094513,48.310444,99.224876,99.224876
102.094513,48.310444,99.224876,99.224876
91.921967,47.473484,97.929276,97.929276
91.921967,47.473484,97.929276,97.929276
104.597031,49.606564,95.046295,95.046295
99.154648,44.316681,92.915619,92.915619
102.635147,59.323120,92.900513,92.900513
102.635147,59.323120,92.900513,92.900513
102.635147,59.323120,92.900513,92.900513
102.635147,59.323120,92.900513,92.900513
102.635147,59.323120,92.900513,92.900513
102.635147,59.323120,92.900513,92.900513
102.736420,55.425705,99.722168,99.722168
102.736420,55.425705,99.722168,99.722168
102.736420,55.425705,99.722168,99.722168
102.736420,55.425705,99.722168,99.722168
102.736420,55.425705,99.722168,99.722168
102.736420,55.425705,99.722168,99.722168
102.736420,55.425705,99.722168,99.722168
102.736420,55.425705,99.722168,99.722168
102.736420,55.425705,99.722168,99.722168
103.204964,50.575123,105.048958,105.048958
105.203743,54.336552,103.376770,103.376770
105.203743,54.336552,103.376770,103.376770
105.203743,54.336552,103.376770,103.376770
105.203743,54.336552,103.376770,103.376770
105.203743,54.336552,103.376770,103.376770
105.203743,54.336552,103.376770,103.376770
105.203743,54.336552,103.376770,103.376770
105.203743,54.336552,103.376770,103.376770
109.578125,59.051086,103.560890,103.560890
114.148338,65.665939,98.508568,98.508568
120.355736,56.882736,96.859718,96.859718
120.355736,56.882736,96.859718,96.859718
114.210831,57.732418,94.048164,94.048164
131.412308,63.823833,90.958427,90.958427
119.835091,63.874638,95.620903,95.620903
119.835091,63.874638,95.620903,95.620903
119.835091,63.874638,95.620903,95.620903
134.061859,66.911224,88.647964,88.647964
117.507584,63.145004,92.013062,92.013062
120.958649,67.174713,91.182091,91.182091
120.958649,67.174713,91.182091,91.182091
120.958649,67.174713,91.182091,91.182091
123.590965,63.945190,90.854477,90.854477
123.590965,63.945190,90.854477,90.854477
123.590965,63.945190,90.854477,90.854477
123.590965,63.945190,90.854477,90.854477
123.590965,63.945190,90.854477,90.854477
123.590965,63.945190,90.854477,90.854477
117.798615,67.197540,89.204643,89.204643
117.798615,67.197540,89.204643,89.204643
117.798615,67.197540,89.204643,89.204643
117.798615,67.197540,89.204643,89.204643
117.798615,67.197540,89.204643,89.204643
117.798615,67.197540,89.204643,89.204643
128.005188,69.191360,88.011856,88.011856
128.005188,69.191360,88.011856,88.011856
128.005188,69.191360,88.011856,88.011856
128.005188,69.191360,88.011856,88.011856
135.214157,71.508537,88.181023,88.181023
129.673172,68.576042,91.052406,91.052406
129.673172,68.576042,91.052406,91.052406
129.673172,68.576042,91.052406,91.052406
140.037399,66.961998,91.462898,91.462898
140.037399,66.961998,91.462898,91.462898
140.037399,66.961998,91.462898,91.462898
140.652512,67.372078,89.607338,89.607338
142.635300,75.807625,85.952660,85.952660
142.635300,75.807625,85.952660,85.952660
142.635300,75.807625,85.952660,85.952660
142.635300,75.807625,85.952660,85.952660
142.236740,72.367363,88.971375,88.971375
142.236740,72.367363,88.971375,88.971375
142.236740,72.367363,88.971375,88.971375
140.612579,72.656235,88.063591,88.063591
139.838287,73.850098,88.779152,88.779152
152.432404,76.563820,84.870232,84.870232
152.082703,74.032753,83.630653,83.630653
146.388535,75.429825,86.556961,86.556961
146.388535,75.429825,86.556961,86.556961
146.388535,75.429825,86.556961,86.556961
141.810730,70.192238,86.605339,86.605339
142.110092,64.293106,91.651634,91.651634
142.110092,64.293106,91.651634,91.651634
142.110092,64.293106,91.651634,91.651634
142.110092,64.293106,91.651634,91.651634
142.110092,64.293106,91.651634,91.651634
144.243851,62.950661,93.155029,93.155029
144.243851,62.950661,93.155029,93.155029
144.243851,62.950661,93.155029,93.155029
155.437515,59.165497,89.096115,89.096115
155.011108,62.898800,86.277306,86.277306
157.322113,63.102856,81.061150,81.061150
157.322113,63.102856,81.061150,81.061150
157.322113,63.102856,81.061150,81.061150
157.322113,63.102856,81.061150,81.061150
157.322113,63.102856,81.061150,81.061150
157.322113,63.102856,81.061150,81.061150
157.195251,67.424538,80.795074,80.795074
157.195251,67.424538,80.795074,80.795074
157.195251,67.424538,80.795074,80.795074
144.901230,64.417656,84.102783,84.102783
144.901230,64.417656,84.102783,84.102783
155.062088,57.823757,83.660347,83.660347
155.062088,57.823757,83.660347,83.660347
145.295761,56.809113,88.899925,88.899925
145.295761,56.809113,88.899925,88.899925
145.295761,56.809113,88.899925,88.899925
145.295761,56.809113,88.899925,88.899925
145.295761,56.809113,88.899925,88.899925
145.295761,56.809113,88.899925,88.899925
145.656815,53.628254,86.770859,86.770859
150.938034,59.158154,81.329941,81.329941
150.938034,59.158154,81.329941,81.329941
150.938034,59.158154,81.329941,81.329941
146.111145,62.644924,79.990654,79.990654
146.111145,62.644924,79.990654,79.990654
143.504333,66.437134,77.174088,77.174088
143.504333,66.437134,77.174088,77.174088
134.051956,63.674347,81.708488,81.708488
134.051956,63.674347,81.708488,81.708488
134.051956,63.674347,81.708488,81.708488
134.051956,63.674347,81.708488,81.708488
134.051956,63.674347,81.708488,81.708488
134.051956,63.674347,81.708488,81.708488
138.993744,58.996590,79.341248,79.341248
138.993744,58.996590,79.341248,79.341248
138.993744,58.996590,79.341248,79.341248
138.993744,58.996590,79.341248,79.341248
138.993744,58.996590,79.341248,79.341248
138.993744,58.996590,79.341248,79.341248
131.301834,50.283989,84.976830,84.976830
131.384186,56.537262,82.999100,82.999100
132.983490,54.361343,83.854706,83.854706
132.983490,54.361343,83.854706,83.854706
132.983490,54.361343,83.854706,83.854706
132.983490,54.361343,83.854706,83.854706
132.983490,54.361343,83.854706,83.854706
135.390488,52.499718,87.563721,87.563721
134.619980,56.032784,86.246323,86.246323
127.065048,61.624928,83.693596,83.693596
117.488808,57.407482,81.750832,81.750832
132.476379,65.325256,78.288124,78.288124
130.543350,69.753471,75.687355,75.687355
133.444611,65.937500,72.330338,72.330338
133.444611,65.937500,72.330338,72.330338
127.636902,68.486794,75.627678,75.627678
130.468079,64.065369,77.272873,77.272873
130.468079,64.065369,77.272873,77.272873
134.586533,72.605118,74.925865,74.925865
134.586533,72.605118,74.925865,74.925865
134.586533,72.605118,74.925865,74.925865
134.586533,72.605118,74.925865,74.925865
131.750198,79.070129,74.750542,74.750542
140.484222,80.472275,73.195633,73.195633
140.484222,80.472275,73.195633,73.195633
140.484222,80.472275,73.195633,73.195633
133.210999,80.425926,78.977905,78.977905
133.210999,80.425926,78.977905,78.977905
133.210999,80.425926,78.977905,78.977905
141.243622,86.392776,76.507607,76.507607
145.249481,87.903885,77.722145,77.722145
145.249481,87.903885,77.722145,77.722145
145.249481,87.903885,77.722145,77.722145
145.249481,87.903885,77.722145,77.722145
145.249481,87.903885,77.722145,77.722145
145.249481,87.903885,77.722145,77.722145
145.249481,87.903885,77.722145,77.722145
147.230240,86.442909,79.502525,79.502525
147.230240,86.442909,79.502525,79.502525
147.230240,86.442909,79.502525,79.502525
147.230240,86.442909,79.502525,79.502525
147.230240,86.442909,79.502525,79.502525
147.230240,86.442909,79.502525,79.502525
147.230240,86.442909,79.502525,79.502525
145.903870,89.723267,75.392731,75.392731
152.559677,93.789589,71.548409,71.548409
150.046982,88.643417,72.016556,72.016556
147.568939,87.735840,74.356110,74.356110
147.568939,87.735840,74.356110,74.356110
147.568939,87.735840,74.356110,74.356110
147.568939,87.735840,74.356110,74.356110
147.568939,87.735840,74.356110,74.356110
147.568939,87.735840,74.356110,74.356110
151.713928,86.935120,74.550850,74.550850
149.947998,84.995193,78.119949,78.119949
150.990311,80.637177,76.373482,76.373482
153.075714,81.940399,74.508308,74.508308
147.203033,82.399948,72.694305,72.694305
147.203033,82.399948,72.694305,72.694305
135.435486,78.722656,77.428818,77.428818
147.929138,74.797073,76.909012,76.909012
147.929138,74.797073,76.909012,76.909012
153.656494,75.688332,76.941299,76.941299
153.656494,75.688332,76.941299,76.941299
153.656494,75.688332,76.941299,76.941299
153.656494,75.688332,76.941299,76.941299
164.142410,76.501457,75.159813,75.159813
164.142410,76.501457,75.159813,75.159813
164.142410,76.501457,75.159813,75.159813
164.142410,76.501457,75.159813,75.159813
164.142410,76.501457,75.159813,75.159813
164.142410,76.501457,75.159813,75.159813
164.142410,76.501457,75.159813,75.159813
165.011337,72.909676,75.228477,75.228477
165.011337,72.909676,75.228477,75.228477
165.011337,72.909676,75.228477,75.228477
165.011337,72.909676,75.228477,75.228477
162.620880,77.168571,70.756821,70.756821
162.620880,77.168571,70.756821,70.756821
162.620880,77.168571,70.756821,70.756821
162.620880,77.168571,70.756821,70.756821
162.620880,77.168571,70.756821,70.756821
162.620880,77.168571,70.756821,70.756821
162.620880,77.168571,70.756821,70.756821
162.620880,77.168571,70.756821,70.756821
156.475220,78.098206,71.020645,71.020645
156.475220,78.098206,71.020645,71.020645
156.475220,78.098206,71.020645,71.020645
155.124908,76.869690,72.146027,72.146027
158.438705,78.539841,72.463058,72.463058
158.438705,78.539841,72.463058,72.463058
158.438705,78.539841,72.463058,72.463058
158.438705,78.539841,72.463058,72.463058
158.438705,78.539841,72.463058,72.463058
158.438705,78.539841,72.463058,72.463058
158.438705,78.539841,72.463058,72.463058
158.438705,78.539841,72.463058,72.463058
158.438705,78.539841,72.463058,72.463058
158.438705,78.539841,72.463058,72.463058
155.397903,80.393013,69.459343,69.459343
155.397903,80.393013,69.459343,69.459343
154.974976,78.982475,70.489815,70.489815
154.974976,78.982475,70.489815,70.489815
156.616165,79.139687,71.863152,71.863152
156.616165,79.139687,71.863152,71.863152
156.616165,79.139687,71.863152,71.863152
156.616165,79.139687,71.863152,71.863152
153.404083,71.187332,75.869514,75.869514
153.404083,71.187332,75.869514,75.869514
153.404083,71.187332,75.869514,75.869514
149.438324,73.200890,73.932243,73.932243
149.438324,73.200890,73.932243,73.932243
149.438324,73.200890,73.932243,73.932243
149.438324,73.200890,73.932243,73.932243
149.438324,73.200890,73.932243,73.932243
149.438324,73.200890,73.932243,73.932243
149.438324,73.200890,73.932243,73.932243
145.296082,79.216217,75.952827,75.952827
145.296082,79.216217,75.952827,75.952827
145.296082,79.216217,75.952827,75.952827
145.296082,79.216217,75.952827,75.952827
145.296082,79.216217,75.952827,75.952827
152.062286,92.949768,72.118614,72.118614
152.062286,92.949768,72.118614,72.118614
152.062286,92.949768,72.118614,72.118614
152.062286,92.949768,72.118614,72.118614
152.062286,92.949768,72.118614,72.118614
152.062286,92.949768,72.118614,72.118614
152.062286,92.949768,72.118614,72.118614
152.062286,92.949768,72.118614,72.118614
152.062286,92.949768,72.118614,72.118614
152.062286,92.949768,72.118614,72.118614
152.062286,92.949768,72.118614,72.118614
152.062286,92.949768,72.118614,72.118614
151.045303,90.662048,71.470963,71.470963
153.378601,84.072975,71.863808,71.863808
153.378601,84.072975,71.863808,71.863808
153.378601,84.072975,71.863808,71.863808
153.378601,84.072975,71.863808,71.863808
153.378601,84.072975,71.863808,71.863808
149.917511,83.982933,68.610519,68.610519
149.917511,83.982933,68.610519,68.610519
151.214066,79.110016,70.187073,70.187073
151.214066,79.110016,70.187073,70.187073
151.214066,79.110016,70.187073,70.187073
151.214066,79.110016,70.187073,70.187073
150.859024,78.535774,71.729172,71.729172
150.859024,78.535774,71.729172,71.729172
157.964127,71.999802,73.397209,73.397209
157.964127,71.999802,73.397209,73.397209
157.964127,71.999802,73.397209,73.397209
157.964127,71.999802,73.397209,73.397209
153.385849,69.504578,71.853912,71.853912
157.960297,68.711540,77.300827,77.300827
157.960297,68.711540,77.300827,77.300827
157.960297,68.711540,77.300827,77.300827
159.819275,64.943695,78.591507,78.591507
159.819275,64.943695,78.591507,78.591507
159.819275,64.943695,78.591507,78.591507
159.819275,64.943695,78.591507,78.591507
159.977463,63.967144,74.872787,74.872787
161.429916,59.974586,75.091148,75.091148
161.843842,68.938820,73.308594,73.308594
161.843842,68.938820,73.308594,73.308594
161.843842,68.938820,73.308594,73.308594
161.843842,68.938820,73.308594,73.308594
172.026169,67.159859,72.630440,72.630440
172.064697,67.862549,75.795685,75.795685
172.064697,67.862549,75.795685,75.795685
172.064697,67.862549,75.795685,75.795685
172.064697,67.862549,75.795685,75.795685
169.008652,69.518349,74.801033,74.801033
169.008652,69.518349,74.801033,74.801033
176.952759,71.798065,76.209030,76.209030
176.952759,71.798065,76.209030,76.209030
176.952759,71.798065,76.209030,76.209030
176.952759,71.798065,76.209030,76.209030
167.626923,70.323563,76.872490,76.872490
174.279709,70.463097,77.593224,77.593224
174.279709,70.463097,77.593224,77.593224
175.414780,68.138031,78.538742,78.538742
175.760773,68.294426,77.584229,77.584229
175.760773,68.294426,77.584229,77.584229
175.760773,68.294426,77.584229,77.584229
161.256668,65.832611,76.281693,76.281693
171.235779,59.982605,75.923195,75.923195
160.351318,58.913509,79.079590,79.079590
160.351318,58.913509,79.079590,79.079590
163.004166,64.459801,74.654015,74.654015
163.004166,64.459801,74.654015,74.654015
163.004166,64.459801,74.654015,74.654015
163.004166,64.459801,74.654015,74.654015
163.004166,64.459801,74.654015,74.654015
163.004166,64.459801,74.654015,74.654015
163.004166,64.459801,74.654015,74.654015
163.004166,64.459801,74.654015,74.654015
163.004166,64.459801,74.654015,74.654015
163.004166,64.459801,74.654015,74.654015
163.004166,64.459801,74.654015,74.654015
163.004166,64.459801,74.654015,74.654015
163.004166,64.459801,74.654015,74.654015
163.004166,64.459801,74.654015,74.654015
157.198257,65.555901,73.554214,73.554214
157.198257,65.555901,73.554214,73.554214
157.198257,65.555901,73.554214,73.554214
157.198257,65.555901,73.554214,73.554214
157.198257,65.555901,73.554214,73.554214
157.198257,65.555901,73.554214,73.554214
149.229523,69.429245,70.301476,70.301476
148.682800,68.040665,75.434006,75.434006
148.682800,68.040665,75.434006,75.434006
148.682800,68.040665,75.434006,75.434006
148.682800,68.040665,75.434006,75.434006
158.301559,62.134495,75.682373,75.682373
158.301559,62.134495,75.682373,75.682373
154.648544,59.246868,73.249672,73.249672
148.618256,61.364609,78.803078,78.803078
148.618256,61.364609,78.803078,78.803078
143.996628,60.327473,82.292191,82.292191
143.996628,60.327473,82.292191,82.292191
143.996628,60.327473,82.292191,82.292191
140.124817,60.909504,84.321281,84.321281
140.124817,60.909504,84.321281,84.321281
140.124817,60.909504,84.321281,84.321281
136.147522,68.381111,78.168579,78.168579
135.543060,66.737915,79.157433,79.157433
135.543060,66.737915,79.157433,79.157433
135.543060,66.737915,79.157433,79.157433
142.710556,55.761982,79.316086,79.316086
133.172653,64.699745,80.505646,80.505646
147.282471,64.767616,80.265289,80.265289
144.159958,62.699165,79.401566,79.401566
140.301392,62.108837,78.428253,78.428253
140.301392,62.108837,78.428253,78.428253
140.301392,62.108837,78.428253,78.428253
140.301392,62.108837,78.428253,78.428253
155.218262,63.799812,74.709778,74.709778
156.060928,65.241669,73.088463,73.088463
163.413467,65.887390,74.374252,74.374252
165.002335,72.286407,70.549698,70.549698
165.002335,72.286407,70.549698,70.549698
165.002335,72.286407,70.549698,70.549698
165.002335,72.286407,70.549698,70.549698
165.002335,72.286407,70.549698,70.549698
165.002335,72.286407,70.549698,70.549698
168.434433,74.104271,70.652344,70.652344
168.434433,74.104271,70.652344,70.652344
168.434433,74.104271,70.652344,70.652344
168.434433,74.104271,70.652344,70.652344
162.420074,77.580086,71.600876,71.600876
161.710068,79.797951,69.801384,69.801384
165.434845,79.111687,71.480225,71.480225
165.434845,79.111687,71.480225,71.480225
165.434845,79.111687,71.480225,71.480225
165.434845,79.111687,71.480225,71.480225
163.887329,78.581085,70.427025,70.427025
163.311447,83.532982,71.500504,71.500504
163.311447,83.532982,71.500504,71.500504
163.311447,83.532982,71.500504,71.500504
163.311447,83.532982,71.500504,71.500504
160.599091,85.974266,73.007637,73.007637
160.599091,85.974266,73.007637,73.007637
165.061218,90.335381,71.154778,71.154778
156.234650,86.298378,73.730011,73.730011
156.234650,86.298378,73.730011,73.730011
156.234650,86.298378,73.730011,73.730011
156.234650,86.298378,73.730011,73.730011
156.234650,86.298378,73.730011,73.730011
156.234650,86.298378,73.730011,73.730011
162.439880,96.135246,69.619934,69.619934
152.742508,95.227982,68.343803,68.343803
162.483078,91.603645,68.452461,68.452461
162.483078,91.603645,68.452461,68.452461
162.483078,91.603645,68.452461,68.452461
158.169647,96.209023,68.622414,68.622414
158.169647,96.209023,68.622414,68.622414
158.169647,96.209023,68.622414,68.622414
158.169647,96.209023,68.622414,68.622414
158.169647,96.209023,68.622414,68.622414
158.169647,96.209023,68.622414,68.622414
156.672806,86.676224,70.638184,70.638184
156.672806,86.676224,70.638184,70.638184
151.182541,91.966927,71.487709,71.487709
151.182541,91.966927,71.487709,71.487709
151.182541,91.966927,71.487709,71.487709
151.182541,91.966927,71.487709,71.487709
151.182541,91.966927,71.487709,71.487709
151.182541,91.966927,71.487709,71.487709
151.182541,91.966927,71.487709,71.487709
151.182541,91.966927,71.487709,71.487709
151.182541,91.966927,71.487709,71.487709
151.182541,91.966927,71.487709,71.487709
151.182541,91.966927,71.487709,71.487709
151.182541,91.966927,71.487709,71.487709
158.898605,92.203232,73.055763,73.055763
162.496796,86.952408,69.044090,69.044090
162.496796,86.952408,69.044090,69.044090
162.496796,86.952408,69.044090,69.044090
156.515488,87.845352,67.501625,67.501625
156.515488,87.845352,67.501625,67.501625
156.515488,87.845352,67.501625,67.501625
156.515488,87.845352,67.501625,67.501625
156.515488,87.845352,67.501625,67.501625
156.515488,87.845352,67.501625,67.501625
156.515488,87.845352,67.501625,67.501625
156.515488,87.845352,67.501625,67.501625
156.515488,87.845352,67.501625,67.501625
156.515488,87.845352,67.501625,67.501625
156.515488,87.845352,67.501625,67.501625
156.515488,87.845352,67.501625,67.501625
156.515488,87.845352,67.501625,67.501625
151.004715,85.102135,69.060936,69.060936
151.004715,85.102135,69.060936,69.060936
155.792175,82.217941,68.996193,68.996193
155.076385,85.823738,65.993179,65.993179
155.076385,85.823738,65.993179,65.993179
155.076385,85.823738,65.993179,65.993179
155.076385,85.823738,65.993179,65.993179
152.921677,84.135155,68.265053,68.265053
152.921677,84.135155,68.265053,68.265053
157.241333,81.272568,66.591949,66.591949
157.241333,81.272568,66.591949,66.591949
157.241333,81.272568,66.591949,66.591949
157.241333,81.272568,66.591949,66.591949
157.241333,81.272568,66.591949,66.591949
157.241333,81.272568,66.591949,66.591949
155.460510,76.876831,72.390945,72.390945
155.460510,76.876831,72.390945,72.390945
155.460510,76.876831,72.390945,72.390945
155.460510,76.876831,72.390945,72.390945
155.460510,76.876831,72.390945,72.390945
160.450119,78.463371,74.020744,74.020744
160.450119,78.463371,74.020744,74.020744
162.946777,77.526947,72.835327,72.835327
162.946777,77.526947,72.835327,72.835327
162.946777,77.526947,72.835327,72.835327
162.946777,77.526947,72.835327,72.835327
162.946777,77.526947,72.835327,72.835327
162.946777,77.526947,72.835327,72.835327
173.188461,75.259949,69.787086,69.787086
163.963699,76.306679,70.739136,70.739136
163.963699,76.306679,70.739136,70.739136
171.106033,84.438423,70.043739,70.043739
168.548050,83.384773,67.839874,67.839874
168.548050,83.384773,67.839874,67.839874
168.885345,78.852661,72.693810,72.693810
169.025909,76.999405,71.240089,71.240089
169.603317,81.042793,72.433891,72.433891
173.857819,80.222397,67.503227,67.503227
172.721375,81.137383,68.872787,68.872787
172.721375,81.137383,68.872787,68.872787
172.721375,81.137383,68.872787,68.872787
172.598389,83.120255,67.239738,67.239738
168.499985,83.555336,66.532906,66.532906
170.415649,83.072548,70.786255,70.786255
170.415649,83.072548,70.786255,70.786255
163.713959,80.938103,71.893745,71.893745
163.713959,80.938103,71.893745,71.893745
163.713959,80.938103,71.893745,71.893745
163.713959,80.938103,71.893745,71.893745
165.908569,86.814163,69.287491,69.287491
165.908569,86.814163,69.287491,69.287491
166.455185,86.862740,65.937256,65.937256
166.455185,86.862740,65.937256,65.937256
171.052307,88.967453,67.411491,67.411491
169.538559,88.864449,66.908813,66.908813
169.538559,88.864449,66.908813,66.908813
169.538559,88.864449,66.908813,66.908813
169.538559,88.864449,66.908813,66.908813
171.255936,93.862083,65.610847,65.610847
171.255936,93.862083,65.610847,65.610847
168.092285,94.626495,62.376667,62.376667
168.092285,94.626495,62.376667,62.376667
168.092285,94.626495,62.376667,62.376667
169.900406,94.517838,63.484154,63.484154
169.900406,94.517838,63.484154,63.484154
169.900406,94.517838,63.484154,63.484154
171.471298,98.617775,63.802692,63.802692
171.471298,98.617775,63.802692,63.802692
171.471298,98.617775,63.802692,63.802692
171.471298,98.617775,63.802692,63.802692
171.471298,98.617775,63.802692,63.802692
171.471298,98.617775,63.802692,63.802692
171.471298,98.617775,63.802692,63.802692
167.248047,100.304100,64.685570,64.685570
167.248047,100.304100,64.685570,64.685570
170.778122,105.689026,57.729164,57.729164
170.778122,105.689026,57.729164,57.729164
170.778122,105.689026,57.729164,57.729164
170.778122,105.689026,57.729164,57.729164
170.778122,105.689026,57.729164,57.729164
170.887512,106.161301,60.760681,60.760681
170.887512,106.161301,60.760681,60.760681
167.122086,101.615524,61.211460,61.211460
167.122086,101.615524,61.211460,61.211460
166.823532,102.453133,62.584995,62.584995
166.823532,102.453133,62.584995,62.584995
166.823532,102.453133,62.584995,62.584995
166.823532,102.453133,62.584995,62.584995
166.823532,102.453133,62.584995,62.584995
166.823532,102.453133,62.584995,62.584995
166.823532,102.453133,62.584995,62.584995
166.823532,102.453133,62.584995,62.584995
166.823532,102.453133,62.584995,62.584995
165.944031,101.499710,63.245308,63.245308
165.944031,101.499710,63.245308,63.245308
165.944031,101.499710,63.245308,63.245308
165.944031,101.499710,63.245308,63.245308
165.157913,94.603210,64.702034,64.702034
165.157913,94.603210,64.702034,64.702034
165.183075,96.119743,63.288837,63.288837
165.183075,96.119743,63.288837,63.288837
165.183075,96.119743,63.288837,63.288837
165.183075,96.119743,63.288837,63.288837
165.183075,96.119743,63.288837,63.288837
165.183075,96.119743,63.288837,63.288837
165.183075,96.119743,63.288837,63.288837
165.183075,96.119743,63.288837,63.288837
166.330887,92.575081,63.797207,63.797207
166.330887,92.575081,63.797207,63.797207
164.268738,95.926743,61.644386,61.644386
164.268738,95.926743,61.644386,61.644386
171.505508,95.798615,61.331470,61.331470
171.505508,95.798615,61.331470,61.331470
171.505508,95.798615,61.331470,61.331470
171.505508,95.798615,61.331470,61.331470
171.505508,95.798615,61.331470,61.331470
171.505508,95.798615,61.331470,61.331470
171.505508,95.798615,61.331470,61.331470
164.265900,92.809776,62.414864,62.414864
166.530090,91.585388,64.733864,64.733864
163.171692,90.126610,66.249771,66.249771
163.171692,90.126610,66.249771,66.249771
160.279877,88.352219,68.089676,68.089676
160.279877,88.352219,68.089676,68.089676
160.279877,88.352219,68.089676,68.089676
160.279877,88.352219,68.089676,68.089676
158.136017,91.927986,69.449615,69.449615
152.295868,87.922447,69.699661,69.699661
145.763763,92.194176,73.648308,73.648308
145.763763,92.194176,73.648308,73.648308
145.589737,83.324455,72.036674,72.036674
145.589737,83.324455,72.036674,72.036674
145.749664,87.988808,74.277985,74.277985
141.248596,90.824860,72.733215,72.733215
141.248596,90.824860,72.733215,72.733215
141.248596,90.824860,72.733215,72.733215
146.188797,95.567039,72.438110,72.438110
146.188797,95.567039,72.438110,72.438110
146.188797,95.567039,72.438110,72.438110
146.188797,95.567039,72.438110,72.438110
146.188797,95.567039,72.438110,72.438110
146.188797,95.567039,72.438110,72.438110
146.188797,95.567039,72.438110,72.438110
146.188797,95.567039,72.438110,72.438110
144.524338,94.093582,76.672005,76.672005
145.687866,86.471100,74.887512,74.887512
145.687866,86.471100,74.887512,74.887512
145.687866,86.471100,74.887512,74.887512
154.551849,83.200462,74.541321,74.541321
148.919830,79.367928,72.731102,72.731102
148.919830,79.367928,72.731102,72.731102
151.342957,84.704597,73.037010,73.037010
156.749023,87.933861,72.184563,72.184563
149.270203,88.820679,71.543320,71.543320
147.665497,91.944313,73.083122,73.083122
145.041626,92.407631,73.863228,73.863228
145.041626,92.407631,73.863228,73.863228
145.041626,92.407631,73.863228,73.863228
146.427887,96.594299,71.943291,71.943291
146.427887,96.594299,71.943291,71.943291
146.427887,96.594299,71.943291,71.943291
146.427887,96.594299,71.943291,71.943291
145.930908,92.407768,73.273911,73.273911
138.622879,90.604599,76.878502,76.878502
138.622879,90.604599,76.878502,76.878502
138.622879,90.604599,76.878502,76.878502
138.622879,90.604599,76.878502,76.878502
141.820786,95.438072,76.377708,76.377708
141.820786,95.438072,76.377708,76.377708
141.820786,95.438072,76.377708,76.377708
150.648422,91.671333,72.725029,72.725029
150.648422,91.671333,72.725029,72.725029
150.648422,91.671333,72.725029,72.725029
150.648422,91.671333,72.725029,72.725029
150.648422,91.671333,72.725029,72.725029
150.648422,91.671333,72.725029,72.725029
150.648422,91.671333,72.725029,72.725029
153.647995,95.584579,70.101814,70.101814
153.647995,95.584579,70.101814,70.101814
153.647995,95.584579,70.101814,70.101814
155.589142,91.269829,70.340637,70.340637
155.589142,91.269829,70.340637,70.340637
155.589142,91.269829,70.340637,70.340637
155.589142,91.269829,70.340637,70.340637
152.178452,88.471306,75.139687,75.139687
152.178452,88.471306,75.139687,75.139687
152.178452,88.471306,75.139687,75.139687
152.178452,88.471306,75.139687,75.139687
152.178452,88.471306,75.139687,75.139687
152.178452,88.471306,75.139687,75.139687
152.178452,88.471306,75.139687,75.139687
152.178452,88.471306,75.139687,75.139687
144.076294,88.535858,73.306046,73.306046
144.076294,88.535858,73.306046,73.306046
142.699142,86.602127,75.821205,75.821205
136.442825,92.764778,79.983696,79.983696
142.550079,88.924896,77.120552,77.120552
150.533966,85.849167,78.402977,78.402977
152.114655,89.318855,76.071365,76.071365
152.114655,89.318855,76.071365,76.071365
152.114655,89.318855,76.071365,76.071365
152.114655,89.318855,76.071365,76.071365
155.121735,87.199821,75.101089,75.101089
155.121735,87.199821,75.101089,75.101089
154.357819,90.108910,73.691833,73.691833
154.357819,90.108910,73.691833,73.691833
149.808014,99.429871,76.948616,76.948616
149.808014,99.429871,76.948616,76.948616
151.648575,103.373909,75.728256,75.728256
152.293106,107.213676,74.835052,74.835052
152.293106,107.213676,74.835052,74.835052
142.079865,115.022606,77.615013,77.615013
142.079865,115.022606,77.615013,77.615013
136.206711,126.299843,81.011673,81.011673
140.516312,127.202377,77.456169,77.456169
138.698792,130.143600,71.021233,71.021233
146.378387,135.921509,66.100266,66.100266
138.232986,138.022263,63.344688,63.344688
148.721863,147.993179,60.357449,60.357449
143.726730,149.163940,60.958511,60.958511
140.331406,155.029984,59.193027,59.193027
138.100571,147.107346,65.948570,65.948570
138.100571,147.107346,65.948570,65.948570
126.262932,123.995712,67.822243,67.822243
133.619949,103.288269,65.309990,65.309990
128.407471,74.356560,63.673027,63.673027
130.161087,52.111931,62.353634,62.353634
130.499817,37.182228,65.921539,65.921539
131.298691,24.315725,67.596741,67.596741
130.874893,12.355381,70.138229,70.138229
116.583862,0.000000,77.289001,77.289001
130.901031,0.000000,73.167870,73.167870
129.469940,0.000000,75.905190,75.905190
120.306442,0.000000,77.911255,77.911255
131.833557,0.000000,79.966827,79.966827
125.782066,0.000000,80.377617,80.377617
119.497101,3.036852,81.127426,81.127426
113.069321,13.152888,82.927551,82.927551
120.391106,28.354082,84.692207,84.692207
123.304008,50.063953,84.428452,84.428452
115.337929,74.337189,87.875435,87.875435
122.035835,90.195000,86.769569,86.769569
129.343857,116.862526,83.559685,83.559685
112.602295,136.701065,84.410789,84.410789
122.486366,140.657104,80.015694,80.015694
130.324432,166.820023,78.468666,78.468666
123.027924,169.266846,77.808228,77.808228
123.920982,170.693451,78.061348,78.061348
116.849281,183.676743,79.825333,79.825333
116.849281,183.676743,79.825333,79.825333
116.849281,183.676743,79.825333,79.825333
111.611862,177.308975,83.990738,83.990738
113.298019,187.428940,84.237289,84.237289
112.063721,185.760330,83.534973,83.534973
120.055061,183.996902,80.823868,80.823868
106.844559,183.798615,81.881851,81.881851
106.844559,183.798615,81.881851,81.881851
108.757408,182.716629,78.355904,78.355904
114.313263,172.939957,78.605377,78.605377
114.313263,172.939957,78.605377,78.605377
114.313263,172.939957,78.605377,78.605377
114.313263,172.939957,78.605377,78.605377
106.032333,169.498322,80.601227,80.601227
99.427948,165.022675,78.731964,78.731964
99.427948,165.022675,78.731964,78.731964
111.738220,160.799164,78.885170,78.885170
111.738220,160.799164,78.885170,78.885170
103.014061,150.029297,77.110413,77.110413
103.014061,150.029297,77.110413,77.110413
103.014061,150.029297,77.110413,77.110413
103.014061,150.029297,77.110413,77.110413
105.680199,158.351425,75.448639,75.448639
105.675987,158.834152,74.382637,74.382637
105.161469,170.010681,72.551132,72.551132
107.447899,175.712601,71.452301,71.452301
106.260437,212.524384,73.235580,73.235580
110.548416,218.860077,70.662369,70.662369
119.162903,224.943329,66.656334,66.656334
128.421265,239.154465,67.715782,67.715782
155.450241,251.874466,69.242279,69.242279
169.998199,248.245972,65.890244,65.890244
193.806351,260.168243,63.424660,63.424660
199.916458,258.133820,64.715248,64.715248
216.412369,256.286804,64.195663,64.195663
231.813217,258.633789,62.432957,62.432957
262.455994,257.499878,64.974342,64.974342
262.455994,257.499878,64.974342,64.974342
263.416107,255.635239,65.702644,65.702644
276.674561,247.423019,67.118935,67.118935
273.512512,247.694061,69.946564,69.946564
287.351501,243.270615,69.735481,69.735481
291.946381,242.456223,71.083176,71.083176
294.489014,244.058105,72.883858,72.883858
298.750793,242.220322,69.407372,69.407372
298.750793,242.220322,69.407372,69.407372
298.750793,242.220322,69.407372,69.407372
297.955475,237.883606,68.198837,68.198837
305.783203,239.670837,66.050430,66.050430
306.928986,236.248749,65.005928,65.005928
306.928986,236.248749,65.005928,65.005928
315.440491,232.769562,61.845985,61.845985
319.205017,233.550201,61.578377,61.578377
319.205017,233.550201,61.578377,61.578377
315.047089,229.272842,66.654716,66.654716
315.047089,229.272842,66.654716,66.654716
301.592346,220.729752,65.914391,65.914391
316.292480,222.908646,66.683815,66.683815
316.292480,222.908646,66.683815,66.683815
307.775604,222.029099,65.568359,65.568359
311.455872,219.579285,63.991520,63.991520
311.455872,219.579285,63.991520,63.991520
299.702637,220.081680,64.019379,64.019379
304.336853,217.702682,61.349045,61.349045
306.162354,220.699860,59.375671,59.375671
304.101227,215.792175,58.398689,58.398689
304.101227,215.792175,58.398689,58.398689
305.859772,215.818375,56.236404,56.236404
313.274689,214.805710,60.432980,60.432980
313.274689,214.805710,60.432980,60.432980
317.266602,218.846039,61.689960,61.689960
317.266602,218.846039,61.689960,61.689960
317.266602,218.846039,61.689960,61.689960
317.266602,218.846039,61.689960,61.689960
313.080505,218.753967,62.329277,62.329277
313.080505,218.753967,62.329277,62.329277
313.080505,218.753967,62.329277,62.329277
313.080505,218.753967,62.329277,62.329277
308.862762,226.052628,57.939308,57.939308
290.655640,220.655609,60.633354,60.633354
290.655640,220.655609,60.633354,60.633354
288.281128,214.230713,62.412399,62.412399
290.623444,218.150635,60.741505,60.741505
288.665405,214.089539,60.355076,60.355076
290.145752,218.143799,60.263462,60.263462
295.893555,215.764191,60.261909,60.261909
287.869659,223.370499,57.652473,57.652473
292.876465,218.980698,59.464142,59.464142
295.472198,219.480530,61.645828,61.645828
293.504852,222.432999,60.426571,60.426571
293.504852,222.432999,60.426571,60.426571
293.504852,222.432999,60.426571,60.426571
293.504852,222.432999,60.426571,60.426571
287.517822,219.878067,60.749767,60.749767
289.436890,220.776031,60.715000,60.715000
289.436890,220.776031,60.715000,60.715000
278.987579,221.466583,58.790104,58.790104
277.598785,219.536148,59.940331,59.940331
282.863495,218.750824,62.608467,62.608467
282.863495,218.750824,62.608467,62.608467
282.863495,218.750824,62.608467,62.608467
294.656525,214.871017,62.318890,62.318890
289.749298,220.788254,61.937553,61.937553
289.749298,220.788254,61.937553,61.937553
289.749298,220.788254,61.937553,61.937553
289.749298,220.788254,61.937553,61.937553
284.699341,215.708801,64.883896,64.883896
284.699341,215.708801,64.883896,64.883896
284.699341,215.708801,64.883896,64.883896
295.645050,220.505417,66.515442,66.515442
293.978912,218.295792,63.466984,63.466984
293.978912,218.295792,63.466984,63.466984
293.978912,218.295792,63.466984,63.466984
294.028992,213.824829,64.169785,64.169785
294.028992,213.824829,64.169785,64.169785
294.336212,219.531784,59.993824,59.993824
301.756592,220.870895,62.594986,62.594986
301.756592,220.870895,62.594986,62.594986
295.651093,215.252060,64.224228,64.224228
295.651093,215.252060,64.224228,64.224228
295.620422,213.875610,67.417236,67.417236
295.620422,213.875610,67.417236,67.417236
295.620422,213.875610,67.417236,67.417236
295.620422,213.875610,67.417236,67.417236
291.598267,216.674194,64.567566,64.567566
291.598267,216.674194,64.567566,64.567566
290.188354,217.770844,62.221844,62.221844
296.267700,216.159775,62.513103,62.513103
296.267700,216.159775,62.513103,62.513103
298.319824,216.871170,62.796928,62.796928
298.319824,216.871170,62.796928,62.796928
294.197418,217.904205,59.312893,59.312893
295.596558,216.232925,59.179504,59.179504
301.335052,219.828384,57.838837,57.838837
293.939240,218.787231,59.077682,59.077682
298.814423,223.606964,60.063114,60.063114
299.374634,225.188400,60.603764,60.603764
293.874298,226.167130,60.633362,60.633362
294.361481,231.862564,57.024090,57.024090
294.361481,231.862564,57.024090,57.024090
278.136932,227.514175,57.949028,57.949028
278.136932,227.514175,57.949028,57.949028
296.416412,233.526260,55.369621,55.369621
302.281036,237.444458,56.456062,56.456062
296.056946,232.901047,57.200752,57.200752
296.056946,232.901047,57.200752,57.200752
296.056946,232.901047,57.200752,57.200752
301.625000,239.891403,56.696327,56.696327
301.625000,239.891403,56.696327,56.696327
289.120819,239.424759,55.676144,55.676144
300.340149,242.520370,54.268742,54.268742
300.340149,242.520370,54.268742,54.268742
300.340149,242.520370,54.268742,54.268742
299.607788,241.054642,55.188992,55.188992
299.607788,241.054642,55.188992,55.188992
292.521057,245.838089,50.781918,50.781918
292.521057,245.838089,50.781918,50.781918
292.521057,245.838089,50.781918,50.781918
297.787445,244.537460,52.231472,52.231472
289.998169,240.067719,52.389519,52.389519
279.648132,240.005432,55.497597,55.497597
300.443817,243.844391,55.000771,55.000771
300.443817,243.844391,55.000771,55.000771
300.443817,243.844391,55.000771,55.000771
297.110168,240.637512,57.168205,57.168205
301.426025,244.459869,56.110439,56.110439
301.426025,244.459869,56.110439,56.110439
301.426025,244.459869,56.110439,56.110439
301.426025,244.459869,56.110439,56.110439
299.382996,245.693497,54.358181,54.358181
299.382996,245.693497,54.358181,54.358181
299.382996,245.693497,54.358181,54.358181
297.773132,244.933228,56.482189,56.482189
297.434387,244.802582,55.814522,55.814522
297.434387,244.802582,55.814522,55.814522
297.434387,244.802582,55.814522,55.814522
297.434387,244.802582,55.814522,55.814522
297.434387,244.802582,55.814522,55.814522
297.434387,244.802582,55.814522,55.814522
297.434387,244.802582,55.814522,55.814522
296.987640,246.409546,56.140671,56.140671
296.987640,246.409546,56.140671,56.140671
296.987640,246.409546,56.140671,56.140671
296.987640,246.409546,56.140671,56.140671
296.987640,246.409546,56.140671,56.140671
296.987640,246.409546,56.140671,56.140671
296.987640,246.409546,56.140671,56.140671
298.380524,252.216904,56.116901,56.116901
292.143951,250.510574,56.839817,56.839817
300.941956,265.205078,55.252602,55.252602
303.226501,280.525726,55.455006,55.455006
300.275146,279.009186,56.167042,56.167042
305.322662,280.077362,60.144131,60.144131
305.679993,287.148346,59.622066,59.622066
306.602631,297.302155,59.482628,59.482628
306.850037,299.007965,60.992027,60.992027
299.673889,298.032806,61.967201,61.967201
284.548431,298.430511,61.569477,61.569477
284.548431,298.430511,61.569477,61.569477
270.255219,295.313446,58.664257,58.664257
265.528809,301.674622,58.325390,58.325390
253.853912,291.189026,57.212372,57.212372
237.039719,284.906342,56.127537,56.127537
240.579330,267.207153,58.801224,58.801224
231.872421,252.890747,59.432648,59.432648
229.042374,242.471451,62.539806,62.539806
220.101120,233.698898,64.287193,64.287193
224.561615,222.500031,64.683136,64.683136
217.144775,215.855789,69.422462,69.422462
217.144775,215.855789,69.422462,69.422462
212.484604,218.409653,68.104462,68.104462
212.484604,218.409653,68.104462,68.104462
213.517181,212.783371,68.277168,68.277168
201.038116,207.566345,70.140579,70.140579
197.984299,200.296341,69.111938,69.111938
196.150101,198.109772,69.506332,69.506332
195.092743,196.355042,67.646027,67.646027
191.031082,190.995193,66.344498,66.344498
191.031082,190.995193,66.344498,66.344498
198.536285,185.853653,67.411385,67.411385
182.059647,175.253464,69.140114,69.140114
179.742615,175.851227,71.218407,71.218407
179.742615,175.851227,71.218407,71.218407
183.266708,171.219376,68.564224,68.564224
179.156677,163.477264,64.254387,64.254387
179.156677,163.477264,64.254387,64.254387
173.729218,161.921463,66.959976,66.959976
167.786728,159.364151,69.876923,69.876923
163.927536,152.634842,70.206421,70.206421
168.297623,151.095413,73.333618,73.333618
170.637939,147.036804,72.482712,72.482712
151.028656,149.832993,70.877571,70.877571
159.322357,147.714752,69.601410,69.601410
150.977493,143.922989,72.443420,72.443420
146.707733,135.506714,71.905746,71.905746
146.707733,135.506714,71.905746,71.905746
146.707733,135.506714,71.905746,71.905746
147.445953,135.286499,70.187958,70.187958
147.445953,135.286499,70.187958,70.187958
147.445953,135.286499,70.187958,70.187958
147.445953,135.286499,70.187958,70.187958
149.884491,137.509781,69.948967,69.948967
147.127060,134.488220,71.384972,71.384972
151.164200,132.233063,70.470482,70.470482
151.164200,132.233063,70.470482,70.470482
152.503525,132.716415,71.533478,71.533478
151.569626,131.805618,74.192352,74.192352
150.901688,133.894653,74.586014,74.586014
150.901688,133.894653,74.586014,74.586014
153.761047,131.992920,75.616890,75.616890
153.761047,131.992920,75.616890,75.616890
153.761047,131.992920,75.616890,75.616890
155.142654,130.415085,74.597839,74.597839
158.812515,138.365479,70.551224,70.551224
158.812515,138.365479,70.551224,70.551224
158.812515,138.365479,70.551224,70.551224
155.543732,134.176285,73.982445,73.982445
155.543732,134.176285,73.982445,73.982445
155.543732,134.176285,73.982445,73.982445
155.543732,134.176285,73.982445,73.982445
155.543732,134.176285,73.982445,73.982445
152.801727,135.806824,72.281891,72.281891
151.004807,135.428360,71.714294,71.714294
144.890976,135.011322,71.033157,71.033157
144.890976,135.011322,71.033157,71.033157
144.890976,135.011322,71.033157,71.033157
144.890976,135.011322,71.033157,71.033157
143.073257,137.920761,74.817459,74.817459
143.073257,137.920761,74.817459,74.817459
143.073257,137.920761,74.817459,74.817459
143.073257,137.920761,74.817459,74.817459
143.073257,137.920761,74.817459,74.817459
143.073257,137.920761,74.817459,74.817459
143.073257,137.920761,74.817459,74.817459
143.073257,137.920761,74.817459,74.817459
143.073257,137.920761,74.817459,74.817459
143.073257,137.920761,74.817459,74.817459
142.609467,135.478180,71.111679,71.111679
142.609467,135.478180,71.111679,71.111679
142.609467,135.478180,71.111679,71.111679
142.609467,135.478180,71.111679,71.111679
142.609467,135.478180,71.111679,71.111679
142.609467,135.478180,71.111679,71.111679
142.609467,135.478180,71.111679,71.111679
147.742462,137.062637,69.721947,69.721947
147.742462,137.062637,69.721947,69.721947
140.755539,139.461975,70.464157,70.464157
140.755539,139.461975,70.464157,70.464157
146.444000,138.001297,67.838066,67.838066
142.249954,141.008545,68.234520,68.234520
147.912323,144.356262,64.829269,64.829269
143.020035,147.596130,66.383438,66.383438
143.020035,147.596130,66.383438,66.383438
143.020035,147.596130,66.383438,66.383438
145.244705,147.480850,65.786720,65.786720
145.244705,147.480850,65.786720,65.786720
141.069946,149.413803,68.729485,68.729485
141.069946,149.413803,68.729485,68.729485
149.263977,152.648972,64.854507,64.854507
153.080032,153.446930,62.808537,62.808537
153.080032,153.446930,62.808537,62.808537
155.731583,165.306458,63.344719,63.344719
157.150192,163.802002,68.833084,68.833084
157.150192,163.802002,68.833084,68.833084
151.700424,175.009750,65.792694,65.792694
149.053711,179.271255,63.495361,63.495361
136.850800,179.664352,65.424828,65.424828
132.275253,175.166214,65.854095,65.854095
131.612335,160.298645,67.986382,67.986382
111.469070,135.361084,70.290115,70.290115
109.751724,107.772636,76.997787,76.997787
118.385811,95.182831,77.163765,77.163765
109.632675,68.989761,76.665466,76.665466
120.721718,62.264462,74.130402,74.130402
109.800468,37.932438,81.613937,81.613937
109.055588,33.404739,79.340065,79.340065
121.263786,13.938818,76.875160,76.875160
121.263786,13.938818,76.875160,76.875160
116.447166,4.705047,75.161324,75.161324
116.414650,0.000000,74.798546,74.798546
119.480606,9.251694,73.700157,73.700157
119.480606,9.251694,73.700157,73.700157
120.091469,21.125984,72.488586,72.488586
123.546242,19.937428,72.357437,72.357437
130.086685,40.296299,69.832191,69.832191
123.195488,49.835999,72.684547,72.684547
124.782890,62.415478,68.825150,68.825150
128.382263,76.558563,68.422935,68.422935
137.839157,108.373955,71.203827,71.203827
130.816010,131.397049,70.420357,70.420357
127.434235,158.011917,68.013451,68.013451
130.932419,164.914444,68.998085,68.998085
139.851425,180.390137,66.652206,66.652206
148.227493,183.047852,66.119896,66.119896
138.839996,186.920502,67.255104,67.255104
153.087402,195.472580,67.594788,67.594788
150.051926,195.894821,65.953979,65.953979
150.051926,195.894821,65.953979,65.953979
143.462646,193.329132,65.197182,65.197182
152.697342,193.606323,66.192886,66.192886
142.145721,189.839249,71.857475,71.857475
141.187592,184.809464,73.308960,73.308960
141.105682,180.108368,70.409294,70.409294
141.105682,180.108368,70.409294,70.409294
140.728271,173.623962,72.058670,72.058670
140.728271,173.623962,72.058670,72.058670
141.501465,165.858337,76.737869,76.737869
141.501465,165.858337,76.737869,76.737869
148.238586,164.858047,75.426201,75.426201
138.885895,159.792618,72.851151,72.851151
138.885895,159.792618,72.851151,72.851151
138.885895,159.792618,72.851151,72.851151
130.416550,145.214569,77.838531,77.838531
130.416550,145.214569,77.838531,77.838531
132.314407,144.879730,79.382195,79.382195
132.314407,144.879730,79.382195,79.382195
138.414871,139.935364,78.399704,78.399704
135.358749,141.398193,76.392136,76.392136
133.277374,136.639236,74.538422,74.538422
133.277374,136.639236,74.538422,74.538422
133.277374,136.639236,74.538422,74.538422
126.907921,133.964752,73.118217,73.118217
126.907921,133.964752,73.118217,73.118217
121.566971,129.250015,74.199814,74.199814
123.168655,129.692322,73.634285,73.634285
123.168655,129.692322,73.634285,73.634285
119.514748,126.536209,78.174820,78.174820
119.514748,126.536209,78.174820,78.174820
119.514748,126.536209,78.174820,78.174820
110.494034,124.385216,81.839668,81.839668
121.019012,119.852119,84.218590,84.218590
116.606766,116.212166,84.107208,84.107208
116.606766,116.212166,84.107208,84.107208
116.606766,116.212166,84.107208,84.107208
116.606766,116.212166,84.107208,84.107208
116.606766,116.212166,84.107208,84.107208
116.606766,116.212166,84.107208,84.107208
116.606766,116.212166,84.107208,84.107208
116.606766,116.212166,84.107208,84.107208
121.627502,115.379997,81.696648,81.696648
122.219650,109.376625,78.723000,78.723000
128.766571,111.569984,76.752449,76.752449
120.183578,118.151199,75.720291,75.720291
124.966690,110.608788,76.609100,76.609100
124.966690,110.608788,76.609100,76.609100
117.981949,109.467781,78.860077,78.860077
122.048195,112.253021,79.166344,79.166344
122.048195,112.253021,79.166344,79.166344
122.048195,112.253021,79.166344,79.166344
117.834343,111.627258,79.068275,79.068275
117.834343,111.627258,79.068275,79.068275
118.673325,111.170700,78.279068,78.279068
118.673325,111.170700,78.279068,78.279068
116.071922,108.368721,81.006851,81.006851
116.071922,108.368721,81.006851,81.006851
116.071922,108.368721,81.006851,81.006851
116.071922,108.368721,81.006851,81.006851
116.071922,108.368721,81.006851,81.006851
115.269661,117.164139,77.903633,77.903633
123.476357,112.945061,76.645218,76.645218
123.476357,112.945061,76.645218,76.645218
117.023193,111.795448,69.804207,69.804207
117.023193,111.795448,69.804207,69.804207
117.023193,111.795448,69.804207,69.804207
123.851288,110.778748,72.508698,72.508698
110.545998,110.549217,72.258598,72.258598
110.545998,110.549217,72.258598,72.258598
119.074249,112.711639,73.596115,73.596115
113.650887,110.715218,78.039085,78.039085
114.702545,117.609528,81.626915,81.626915
109.080307,118.007050,83.731705,83.731705
109.080307,118.007050,83.731705,83.731705
109.080307,118.007050,83.731705,83.731705
113.085205,112.424194,83.170219,83.170219
104.892960,119.973335,85.079155,85.079155
99.945732,109.723656,86.570534,86.570534
99.945732,109.723656,86.570534,86.570534
99.945732,109.723656,86.570534,86.570534
99.945732,109.723656,86.570534,86.570534
99.945732,109.723656,86.570534,86.570534
99.945732,109.723656,86.570534,86.570534
99.945732,109.723656,86.570534,86.570534
104.411858,112.831741,84.682259,84.682259
101.521515,114.109001,86.072868,86.072868
90.758171,115.535294,91.283096,91.283096
89.130417,117.971748,90.084930,90.084930
96.879280,120.652000,87.571854,87.571854
96.879280,120.652000,87.571854,87.571854
96.879280,120.652000,87.571854,87.571854
96.496910,113.981918,86.417709,86.417709
96.496910,113.981918,86.417709,86.417709
80.754883,116.146843,87.506920,87.506920
93.985420,111.625076,84.901863,84.901863
87.150162,113.248344,89.717308,89.717308
87.150162,113.248344,89.717308,89.717308
87.150162,113.248344,89.717308,89.717308
86.811241,116.017296,93.381142,93.381142
86.811241,116.017296,93.381142,93.381142
86.811241,116.017296,93.381142,93.381142
86.811241,116.017296,93.381142,93.381142
86.811241,116.017296,93.381142,93.381142
86.811241,116.017296,93.381142,93.381142
86.811241,116.017296,93.381142,93.381142
86.811241,116.017296,93.381142,93.381142
86.811241,116.017296,93.381142,93.381142
90.581665,128.641510,92.202354,92.202354
90.124977,117.997681,95.117447,95.117447
90.124977,117.997681,95.117447,95.117447
82.411682,118.227051,99.170815,99.170815
82.411682,118.227051,99.170815,99.170815
82.411682,118.227051,99.170815,99.170815
82.411682,118.227051,99.170815,99.170815
82.411682,118.227051,99.170815,99.170815
82.411682,118.227051,99.170815,99.170815
82.411682,118.227051,99.170815,99.170815
85.617355,124.130211,97.481590,97.481590
92.162193,121.062576,101.264595,101.264595
92.162193,121.062576,101.264595,101.264595
92.162193,121.062576,101.264595,101.264595
86.887024,115.427322,100.216354,100.216354
86.887024,115.427322,100.216354,100.216354
86.887024,115.427322,100.216354,100.216354
86.887024,115.427322,100.216354,100.216354
74.198174,113.303413,102.384506,102.384506
74.198174,113.303413,102.384506,102.384506
74.198174,113.303413,102.384506,102.384506
59.042747,107.180206,105.327957,105.327957
67.734016,98.363815,109.642509,109.642509
67.734016,98.363815,109.642509,109.642509
67.734016,98.363815,109.642509,109.642509
67.734016,98.363815,109.642509,109.642509
67.734016,98.363815,109.642509,109.642509
72.901596,98.081749,111.719032,111.719032
65.439034,106.683266,115.668678,115.668678
65.439034,106.683266,115.668678,115.668678
61.010521,104.746674,114.371277,114.371277
61.010521,104.746674,114.371277,114.371277
61.010521,104.746674,114.371277,114.371277
61.605907,95.756386,114.255585,114.255585
66.699577,102.196312,107.503349,107.503349
66.660118,105.165977,105.557762,105.557762
66.660118,105.165977,105.557762,105.557762
66.660118,105.165977,105.557762,105.557762
66.660118,105.165977,105.557762,105.557762
62.916794,98.774162,110.852005,110.852005
56.995190,100.393845,111.483223,111.483223
56.995190,100.393845,111.483223,111.483223
56.995190,100.393845,111.483223,111.483223
60.955078,89.408302,112.357544,112.357544
57.842468,92.478424,116.031052,116.031052
57.842468,92.478424,116.031052,116.031052
49.892345,92.153923,111.831223,111.831223
53.316914,85.477264,117.194099,117.194099
53.316914,85.477264,117.194099,117.194099
37.397446,71.194435,124.280045,124.280045
41.956665,73.625244,124.428009,124.428009
41.956665,73.625244,124.428009,124.428009
45.950470,72.800568,116.987419,116.987419
45.950470,72.800568,116.987419,116.987419
45.950470,72.800568,116.987419,116.987419
37.093880,64.400871,115.651718,115.651718
43.283295,63.498375,110.929115,110.929115
43.283295,63.498375,110.929115,110.929115
39.339832,53.928688,113.269188,113.269188
54.082821,57.323589,115.312698,115.312698
33.412048,52.141243,112.346764,112.346764
41.586376,51.116268,116.331635,116.331635
41.586376,51.116268,116.331635,116.331635
41.586376,51.116268,116.331635,116.331635
34.608944,53.094616,120.996490,120.996490
34.608944,53.094616,120.996490,120.996490
37.293499,42.364712,121.014175,121.014175
44.554241,45.310223,121.068359,121.068359
44.554241,45.310223,121.068359,121.068359
44.554241,45.310223,121.068359,121.068359
44.554241,45.310223,121.068359,121.068359
47.284184,53.513618,129.733276,129.733276
37.157101,42.365841,132.217102,132.217102
37.342613,54.842651,126.472176,126.472176
46.971306,62.726978,128.963379,128.963379
46.971306,62.726978,128.963379,128.963379
33.015739,64.227570,134.087784,134.087784
38.755314,62.737526,142.268402,142.268402
38.664909,63.306973,132.842697,132.842697
39.746315,64.531708,127.768982,127.768982
36.614334,62.877556,128.456436,128.456436
32.663052,63.676331,136.438080,136.438080
18.333952,71.237640,138.368134,138.368134
26.585451,69.368111,132.243286,132.243286
47.669189,66.166054,130.054199,130.054199
40.165676,68.834869,128.045471,128.045471
40.165676,68.834869,128.045471,128.045471
40.165676,68.834869,128.045471,128.045471
35.217876,62.900948,126.946472,126.946472
35.217876,62.900948,126.946472,126.946472
56.344994,64.889603,128.424881,128.424881
41.614967,70.138283,125.698494,125.698494
48.918289,61.160908,126.329903,126.329903
47.138630,65.498611,124.324486,124.324486
45.710506,58.699848,124.615562,124.615562
44.494530,67.254517,131.250229,131.250229
44.494530,67.254517,131.250229,131.250229
44.494530,67.254517,131.250229,131.250229
45.517380,61.541969,136.834671,136.834671
45.517380,61.541969,136.834671,136.834671
45.517380,61.541969,136.834671,136.834671
59.277435,69.500999,136.976593,136.976593
59.277435,69.500999,136.976593,136.976593
61.325748,67.955048,135.413620,135.413620
61.325748,67.955048,135.413620,135.413620
61.325748,67.955048,135.413620,135.413620
61.325748,67.955048,135.413620,135.413620
68.592438,63.828400,139.249039,139.249039
68.592438,63.828400,139.249039,139.249039
74.079880,66.526031,134.908569,134.908569
74.079880,66.526031,134.908569,134.908569
74.079880,66.526031,134.908569,134.908569
74.079880,66.526031,134.908569,134.908569
74.079880,66.526031,134.908569,134.908569
74.079880,66.526031,134.908569,134.908569
74.079880,66.526031,134.908569,134.908569
74.079880,66.526031,134.908569,134.908569
74.079880,66.526031,134.908569,134.908569
74.079880,66.526031,134.908569,134.908569
74.079880,66.526031,134.908569,134.908569
74.079880,66.526031,134.908569,134.908569
74.079880,66.526031,134.908569,134.908569
74.079880,66.526031,134.908569,134.908569
83.074104,66.908173,137.863449,137.863449
83.074104,66.908173,137.863449,137.863449
86.193611,74.219429,131.425171,131.425171
86.193611,74.219429,131.425171,131.425171
86.193611,74.219429,131.425171,131.425171
86.193611,74.219429,131.425171,131.425171
86.193611,74.219429,131.425171,131.425171
86.193611,74.219429,131.425171,131.425171
86.193611,74.219429,131.425171,131.425171
86.193611,74.219429,131.425171,131.425171
86.193611,74.219429,131.425171,131.425171
86.193611,74.219429,131.425171,131.425171
86.193611,74.219429,131.425171,131.425171
86.193611,74.219429,131.425171,131.425171
86.193611,74.219429,131.425171,131.425171
86.193611,74.219429,131.425171,131.425171
86.193611,74.219429,131.425171,131.425171
86.193611,74.219429,131.425171,131.425171
85.722397,94.226578,130.825058,130.825058
85.053223,112.377518,127.419182,127.419182
79.765419,142.221085,133.808502,133.808502
84.936722,150.518600,133.897964,133.897964
84.703171,203.154404,132.341385,132.341385
90.857994,224.159973,131.876755,131.876755
87.408005,235.215118,124.784889,124.784889
100.729919,244.829071,115.170929,115.170929
121.281731,246.946335,113.053665,113.053665
123.260330,251.333649,108.666344,108.666344
123.260330,251.333649,108.666344,108.666344
101.674553,250.335983,105.880577,105.880577
108.060188,253.969696,106.030304,106.030304
106.169235,238.065155,121.934853,121.934853
120.575043,243.354630,116.645370,116.645370
112.191818,218.149643,123.455666,123.455666
103.784180,200.392349,127.186302,127.186302
128.943604,176.974350,125.160751,125.160751
125.232536,161.538956,127.937630,127.937630
107.379486,146.260132,130.701462,130.701462
128.364563,141.605576,134.603546,134.603546
132.778625,130.136871,133.040359,133.040359
127.682884,117.161301,140.104324,140.104324
128.436920,110.974945,142.315750,142.315750
104.851692,105.212547,140.082916,140.082916
104.851692,105.212547,140.082916,140.082916
114.829430,74.102173,141.561096,141.561096
105.324387,85.651962,129.645325,129.645325
104.833786,81.440788,134.881470,134.881470
95.301987,68.151001,138.785858,138.785858
100.115707,62.150616,138.525223,138.525223
103.152557,57.820938,135.569962,135.569962
110.060059,43.285713,136.533646,136.533646
104.229218,38.219334,140.655136,140.655136
89.085060,10.554972,139.624496,139.624496
89.085060,10.554972,139.624496,139.624496
71.545578,0.000000,145.736023,145.736023
43.317268,0.000000,144.390961,144.390961
29.833845,118.887070,150.020309,150.020309
74.995850,106.769394,161.141876,161.141876
123.917458,90.703560,151.588272,151.588272
127.518532,96.458603,148.009888,148.009888
248.182083,150.239059,146.805573,146.805573
266.552124,212.891296,147.108704,147.108704
253.898804,209.057419,150.942581,150.942581
276.988312,217.339462,142.660538,142.660538
286.706116,223.637253,136.362747,136.362747
286.706116,223.637253,136.362747,136.362747
236.166809,227.446640,132.553360,132.553360
255.082321,223.876160,135.981644,135.981644
255.082321,223.876160,135.981644,135.981644
257.760376,223.055511,136.944489,136.944489
254.609787,227.642548,132.357452,132.357452
256.532043,227.632751,132.367249,132.367249
254.242538,228.155731,131.844269,131.844269
258.280731,233.402115,126.597885,126.597885
265.205444,235.138092,124.861908,124.861908
259.612549,226.022858,126.947388,126.947388
250.435532,237.672379,118.897713,118.897713
249.601196,239.438751,120.561241,120.561241
249.601196,239.438751,120.561241,120.561241
242.622330,240.872162,119.127846,119.127846
237.552872,235.917023,124.082985,124.082985
229.668793,234.598389,125.401619,125.401619
229.668793,234.598389,125.401619,125.401619
228.137085,230.111725,129.888275,129.888275
228.696808,214.839981,121.534477,121.534477
218.648483,222.787628,116.974052,116.974052
224.804321,221.594116,119.050262,119.050262
248.357956,214.523743,112.281166,112.281166
231.915558,220.733582,107.658974,107.658974
231.915558,220.733582,107.658974,107.658974
228.975769,218.017715,110.495331,110.495331
228.975769,218.017715,110.495331,110.495331
220.038452,190.770905,115.666954,115.666954
208.043457,203.512817,119.536758,119.536758
100.692627,246.349945,113.650047,113.650047
93.543968,221.067032,109.318024,109.318024
100.600365,225.126404,109.765999,109.765999
125.284988,217.830933,108.688354,108.688354
106.441040,215.920776,106.200073,106.200073
112.949333,227.800186,100.124084,100.124084
135.327026,219.967346,93.869354,93.869354
135.327026,219.967346,93.869354,93.869354
135.327026,219.967346,93.869354,93.869354
135.327026,219.967346,93.869354,93.869354
135.327026,219.967346,93.869354,93.869354
138.606628,216.529785,88.408150,88.408150
156.141846,217.554245,88.104782,88.104782
156.141846,217.554245,88.104782,88.104782
148.246826,212.596130,89.787163,89.787163
157.122543,201.992126,84.256004,84.256004
138.877487,206.955658,84.705559,84.705559
146.854416,196.409454,81.261696,81.261696
163.019897,165.297028,81.591797,81.591797
161.860733,159.955215,81.682930,81.682930
158.433243,146.195404,88.018387,88.018387
164.089539,131.048080,84.995140,84.995140
157.726212,123.739937,86.003334,86.003334
158.741821,108.473656,83.663979,83.663979
157.828934,103.749161,82.454506,82.454506
143.187515,89.951393,87.073769,87.073769
149.217117,80.840286,87.433884,87.433884
143.715714,74.401955,89.014153,89.014153
150.734894,77.717720,88.759285,88.759285
138.851669,67.220276,89.627457,89.627457
138.851669,67.220276,89.627457,89.627457
138.851669,67.220276,89.627457,89.627457
149.436707,67.982643,88.371445,88.371445
151.479370,72.578522,88.130753,88.130753
161.370880,79.803757,79.938232,79.938232
152.469681,81.046043,76.717964,76.717964
153.091232,79.802261,76.897903,76.897903
153.091232,79.802261,76.897903,76.897903
153.091232,79.802261,76.897903,76.897903
155.184326,80.096367,79.906982,79.906982
155.184326,80.096367,79.906982,79.906982
154.137253,81.021965,79.937317,79.937317
154.137253,81.021965,79.937317,79.937317
150.017075,83.041237,74.060219,74.060219
150.017075,83.041237,74.060219,74.060219
158.880692,74.806740,70.905525,70.905525
162.985413,73.245819,70.870384,70.870384
160.200363,74.463806,69.797531,69.797531
160.200363,74.463806,69.797531,69.797531
160.200363,74.463806,69.797531,69.797531
153.470795,82.415031,70.915634,70.915634
153.470795,82.415031,70.915634,70.915634
151.960129,84.525070,69.361259,69.361259
151.960129,84.525070,69.361259,69.361259
151.960129,84.525070,69.361259,69.361259
143.716141,89.967018,73.489235,73.489235
150.866150,90.583130,78.869896,78.869896
149.526306,97.549431,69.654007,69.654007
149.526306,97.549431,69.654007,69.654007
154.499435,113.652596,67.360054,67.360054
154.499435,113.652596,67.360054,67.360054
137.647568,99.042450,71.520813,71.520813
124.880363,91.622665,72.071526,72.071526
128.645996,71.680725,75.585396,75.585396
134.388840,61.222599,73.685059,73.685059
123.495789,41.131439,77.290192,77.290192
112.971298,31.005211,79.350937,79.350937
118.825226,13.832401,80.559731,80.559731
118.825226,13.832401,80.559731,80.559731
118.825226,13.832401,80.559731,80.559731
126.837151,3.621026,75.469589,75.469589
126.385223,11.969512,75.487701,75.487701
132.546799,19.507471,73.372513,73.372513
126.590073,22.758762,77.581360,77.581360
126.792664,37.142342,75.316864,75.316864
135.993240,48.091846,71.564552,71.564552
136.215607,76.187408,76.259224,76.259224
124.913193,88.603027,79.654762,79.654762
132.640381,100.249619,79.969879,79.969879
132.279037,123.164536,77.926285,77.926285
124.889687,134.651184,79.270081,79.270081
125.521729,127.254311,79.518288,79.518288
123.496719,136.332184,82.923332,82.923332
129.017868,136.084839,79.317406,79.317406
129.017868,136.084839,79.317406,79.317406
129.017868,136.084839,79.317406,79.317406
114.161201,136.353516,76.008667,76.008667
114.161201,136.353516,76.008667,76.008667
120.235443,133.426712,75.395348,75.395348
120.235443,133.426712,75.395348,75.395348
119.791794,126.985535,69.273689,69.273689
119.791794,126.985535,69.273689,69.273689
118.923103,127.161072,67.505775,67.505775
118.923103,127.161072,67.505775,67.505775
118.923103,127.161072,67.505775,67.505775
118.923103,127.161072,67.505775,67.505775
120.587341,124.979744,64.685478,64.685478
121.511993,126.416313,67.868546,67.868546
119.105484,125.335258,66.858459,66.858459
119.105484,125.335258,66.858459,66.858459
119.105484,125.335258,66.858459,66.858459
118.308342,124.659370,65.891121,65.891121
118.308342,124.659370,65.891121,65.891121
118.308342,124.659370,65.891121,65.891121
118.308342,124.659370,65.891121,65.891121
121.881210,117.671158,69.786240,69.786240
121.881210,117.671158,69.786240,69.786240
124.461449,116.314705,67.126854,67.126854
122.569084,109.159698,70.124664,70.124664
122.569084,109.159698,70.124664,70.124664
122.569084,109.159698,70.124664,70.124664
124.683105,109.161507,69.666679,69.666679
118.874687,109.733551,71.640579,71.640579
128.440689,106.799660,75.143646,75.143646
117.023567,102.872849,79.174995,79.174995
117.023567,102.872849,79.174995,79.174995
117.023567,102.872849,79.174995,79.174995
125.966972,103.016251,75.785583,75.785583
127.571617,97.581406,74.229721,74.229721
127.571617,97.581406,74.229721,74.229721
127.571617,97.581406,74.229721,74.229721
127.571617,97.581406,74.229721,74.229721
127.571617,97.581406,74.229721,74.229721
127.571617,97.581406,74.229721,74.229721
132.955658,95.860390,73.588394,73.588394
132.955658,95.860390,73.588394,73.588394
132.955658,95.860390,73.588394,73.588394
132.955658,95.860390,73.588394,73.588394
132.955658,95.860390,73.588394,73.588394
136.917587,95.730354,71.745117,71.745117
136.917587,95.730354,71.745117,71.745117
136.917587,95.730354,71.745117,71.745117
139.508286,103.603378,70.474892,70.474892
143.104111,104.054970,69.834251,69.834251
143.471481,98.527885,74.285629,74.285629
143.471481,98.527885,74.285629,74.285629
143.471481,98.527885,74.285629,74.285629
143.471481,98.527885,74.285629,74.285629
143.471481,98.527885,74.285629,74.285629
143.471481,98.527885,74.285629,74.285629
143.471481,98.527885,74.285629,74.285629
137.355133,94.705971,76.009148,76.009148
145.677948,94.854622,77.176277,77.176277
145.677948,94.854622,77.176277,77.176277
145.677948,94.854622,77.176277,77.176277
145.677948,94.854622,77.176277,77.176277
148.592987,91.885063,79.614983,79.614983
148.592987,91.885063,79.614983,79.614983
148.592987,91.885063,79.614983,79.614983
148.592987,91.885063,79.614983,79.614983
160.909653,93.490768,73.368919,73.368919
160.909653,93.490768,73.368919,73.368919
160.909653,93.490768,73.368919,73.368919
153.307388,91.632797,72.715225,72.715225
153.307388,91.632797,72.715225,72.715225
153.307388,91.632797,72.715225,72.715225
154.945602,92.036766,69.923676,69.923676
154.945602,92.036766,69.923676,69.923676
159.511856,93.577438,71.547310,71.547310
154.769760,88.490669,70.098328,70.098328
159.472473,93.359482,69.450432,69.450432
159.472473,93.359482,69.450432,69.450432
159.472473,93.359482,69.450432,69.450432
156.917969,89.548431,72.664825,72.664825
156.917969,89.548431,72.664825,72.664825
156.917969,89.548431,72.664825,72.664825
155.465164,94.043907,74.803574,74.803574
155.465164,94.043907,74.803574,74.803574
155.465164,94.043907,74.803574,74.803574
155.465164,94.043907,74.803574,74.803574
155.465164,94.043907,74.803574,74.803574
155.465164,94.043907,74.803574,74.803574
155.465164,94.043907,74.803574,74.803574
155.465164,94.043907,74.803574,74.803574
155.465164,94.043907,74.803574,74.803574
155.465164,94.043907,74.803574,74.803574
155.465164,94.043907,74.803574,74.803574
155.465164,94.043907,74.803574,74.803574
157.183014,93.154129,77.171959,77.171959
149.085739,87.878609,79.586517,79.586517
150.060287,82.037071,80.066734,80.066734
158.344299,74.976738,80.854416,80.854416
166.220108,77.324493,79.094513,79.094513
169.218079,74.179665,72.793411,72.793411
169.218079,74.179665,72.793411,72.793411
169.218079,74.179665,72.793411,72.793411
177.053452,80.555977,69.007553,69.007553
177.053452,80.555977,69.007553,69.007553
177.053452,80.555977,69.007553,69.007553
182.270248,72.247780,74.348717,74.348717
179.566177,75.851295,69.230392,69.230392
179.302414,74.087288,70.931931,70.931931
179.302414,74.087288,70.931931,70.931931
181.591949,71.561562,69.431480,69.431480
182.837006,75.391754,71.859741,71.859741
182.837006,75.391754,71.859741,71.859741
182.837006,75.391754,71.859741,71.859741
186.137131,74.937332,71.184975,71.184975
188.187256,79.938202,71.831535,71.831535
184.817810,78.448547,75.578224,75.578224
184.817810,78.448547,75.578224,75.578224
183.405792,73.837158,77.734497,77.734497
183.405792,73.837158,77.734497,77.734497
183.405792,73.837158,77.734497,77.734497
185.552856,67.074028,75.972412,75.972412
185.552856,67.074028,75.972412,75.972412
190.068817,67.436569,71.528549,71.528549
187.970398,70.262947,73.853127,73.853127
187.970398,70.262947,73.853127,73.853127
185.991104,69.490662,80.195244,80.195244
186.616623,72.890114,77.657608,77.657608
186.740387,64.325340,78.721695,78.721695
186.740387,64.325340,78.721695,78.721695
186.740387,64.325340,78.721695,78.721695
186.740387,64.325340,78.721695,78.721695
186.740387,64.325340,78.721695,78.721695
186.740387,64.325340,78.721695,78.721695
186.740387,64.325340,78.721695,78.721695
184.019928,62.802559,80.501534,80.501534
184.019928,62.802559,80.501534,80.501534
184.019928,62.802559,80.501534,80.501534
184.019928,62.802559,80.501534,80.501534
184.019928,62.802559,80.501534,80.501534
184.019928,62.802559,80.501534,80.501534
184.019928,62.802559,80.501534,80.501534
184.019928,62.802559,80.501534,80.501534
184.019928,62.802559,80.501534,80.501534
186.381134,65.659081,76.873940,76.873940
186.777557,70.782242,77.296501,77.296501
186.777557,70.782242,77.296501,77.296501
179.824860,67.813942,79.685730,79.685730
194.410706,70.953468,73.720688,73.720688
183.752594,74.309196,76.522400,76.522400
183.752594,74.309196,76.522400,76.522400
189.514542,71.481430,80.100067,80.100067
189.514542,71.481430,80.100067,80.100067
189.514542,71.481430,80.100067,80.100067
189.514542,71.481430,80.100067,80.100067
189.514542,71.481430,80.100067,80.100067
195.473129,76.805969,76.290504,76.290504
195.473129,76.805969,76.290504,76.290504
191.990799,79.377495,73.827011,73.827011
191.990799,79.377495,73.827011,73.827011
191.990799,79.377495,73.827011,73.827011
191.990799,79.377495,73.827011,73.827011
182.522888,72.949265,80.122826,80.122826
182.522888,72.949265,80.122826,80.122826
182.522888,72.949265,80.122826,80.122826
182.522888,72.949265,80.122826,80.122826
182.522888,72.949265,80.122826,80.122826
181.094101,70.982246,82.089531,82.089531
181.094101,70.982246,82.089531,82.089531
181.094101,70.982246,82.089531,82.089531
187.525589,72.895210,80.606667,80.606667
187.525589,72.895210,80.606667,80.606667
181.973679,77.024391,77.835579,77.835579
189.596161,78.027489,75.941582,75.941582
189.596161,78.027489,75.941582,75.941582
189.596161,78.027489,75.941582,75.941582
185.558502,76.497337,76.727341,76.727341
184.991852,76.535942,73.028374,73.028374
184.991852,76.535942,73.028374,73.028374
183.314911,76.525681,72.996063,72.996063
174.134216,78.825775,72.559151,72.559151
174.134216,78.825775,72.559151,72.559151
174.134216,78.825775,72.559151,72.559151
174.134216,78.825775,72.559151,72.559151
175.376740,78.550316,71.028313,71.028313
175.376740,78.550316,71.028313,71.028313
167.215546,71.329559,72.087868,72.087868
167.215546,71.329559,72.087868,72.087868
167.215546,71.329559,72.087868,72.087868
167.215546,71.329559,72.087868,72.087868
170.033279,69.335030,71.539413,71.539413
165.801086,66.291420,69.707031,69.707031
162.733063,71.231514,71.551666,71.551666
161.319244,71.378067,72.167084,72.167084
161.319244,71.378067,72.167084,72.167084
155.276672,72.029823,74.851685,74.851685
155.276672,72.029823,74.851685,74.851685
152.942902,74.084190,75.685524,75.685524
149.620560,71.193199,76.282227,76.282227
151.483414,73.052650,72.448418,72.448418
151.483414,73.052650,72.448418,72.448418
151.483414,73.052650,72.448418,72.448418
151.483414,73.052650,72.448418,72.448418
151.483414,73.052650,72.448418,72.448418
151.483414,73.052650,72.448418,72.448418
147.233139,74.232628,72.222816,72.222816
147.755280,75.781448,70.785103,70.785103
147.755280,75.781448,70.785103,70.785103
141.410736,76.066093,67.645866,67.645866
141.826874,67.024605,73.418861,73.418861
142.528717,67.409065,72.921074,72.921074
142.528717,67.409065,72.921074,72.921074
142.528717,67.409065,72.921074,72.921074
142.528717,67.409065,72.921074,72.921074
142.528717,67.409065,72.921074,72.921074
139.891998,69.328209,74.075676,74.075676
139.891998,69.328209,74.075676,74.075676
136.249283,72.537659,70.562263,70.562263
136.249283,72.537659,70.562263,70.562263
134.840088,74.413528,74.231483,74.231483
136.086487,73.397827,77.273491,77.273491
136.086487,73.397827,77.273491,77.273491
124.748390,68.712532,79.667961,79.667961
133.901428,73.097961,79.123055,79.123055
133.901428,73.097961,79.123055,79.123055
126.099495,71.471420,76.359848,76.359848
126.099495,71.471420,76.359848,76.359848
126.099495,71.471420,76.359848,76.359848
124.441277,71.115219,77.066963,77.066963
126.785408,71.290916,79.337303,79.337303
130.447006,73.417763,81.244499,81.244499
120.835213,63.514771,84.306313,84.306313
129.260269,65.025261,83.845062,83.845062
129.260269,65.025261,83.845062,83.845062
129.260269,65.025261,83.845062,83.845062
133.850616,69.187012,79.493462,79.493462
133.768158,66.556770,77.268318,77.268318
133.768158,66.556770,77.268318,77.268318
133.768158,66.556770,77.268318,77.268318
133.768158,66.556770,77.268318,77.268318
133.768158,66.556770,77.268318,77.268318
133.768158,66.556770,77.268318,77.268318
133.768158,66.556770,77.268318,77.268318
133.768158,66.556770,77.268318,77.268318
133.768158,66.556770,77.268318,77.268318
138.989594,66.081856,81.364548,81.364548
138.503860,61.321861,82.172157,82.172157
138.503860,61.321861,82.172157,82.172157
138.503860,61.321861,82.172157,82.172157
138.503860,61.321861,82.172157,82.172157
138.503860,61.321861,82.172157,82.172157
138.503860,61.321861,82.172157,82.172157
138.503860,61.321861,82.172157,82.172157
140.898987,58.627090,79.915428,79.915428
125.859818,53.724220,82.210121,82.210121
132.735794,57.916019,87.741753,87.741753
121.882568,56.516739,88.699059,88.699059
118.541504,46.164383,87.933723,87.933723
125.146111,58.431797,92.587234,92.587234
125.146111,58.431797,92.587234,92.587234
118.011955,51.308987,87.609215,87.609215
118.011955,51.308987,87.609215,87.609215
114.922066,55.521011,98.003181,98.003181
119.033112,40.568180,96.668785,96.668785
110.067513,51.131729,95.682114,95.682114
107.490433,52.249866,93.992325,93.992325
110.815598,45.936714,91.593437,91.593437
109.117668,52.063885,94.319221,94.319221
105.251991,40.555859,93.588226,93.588226
91.224091,40.721340,95.524368,95.524368
94.296730,40.376183,104.249779,104.249779
94.296730,40.376183,104.249779,104.249779
91.258522,53.619965,111.726669,111.726669
91.867622,49.416447,120.934433,120.934433
91.867622,49.416447,120.934433,120.934433
75.967514,53.311676,117.560158,117.560158
87.549812,49.521366,120.392784,120.392784
87.549812,49.521366,120.392784,120.392784
87.549812,49.521366,120.392784,120.392784
87.834503,55.966896,119.966698,119.966698
87.834503,55.966896,119.966698,119.966698
81.812454,51.006950,122.810471,122.810471
81.812454,51.006950,122.810471,122.810471
82.973244,52.256706,124.795265,124.795265
82.973244,52.256706,124.795265,124.795265
88.848763,49.858566,125.192200,125.192200
89.120232,55.561119,122.506989,122.506989
89.120232,55.561119,122.506989,122.506989
95.211838,50.088947,120.960266,120.960266
92.863197,45.922485,120.837669,120.837669
80.940720,49.435192,121.699646,121.699646
91.338028,51.506912,128.388641,128.388641
91.338028,51.506912,128.388641,128.388641
91.338028,51.506912,128.388641,128.388641
72.938408,49.020096,135.827530,135.827530
79.949432,49.536251,133.054626,133.054626
55.893162,47.863895,135.183197,135.183197
55.893162,47.863895,135.183197,135.183197
62.341488,42.352386,134.660843,134.660843
62.341488,42.352386,134.660843,134.660843
62.341488,42.352386,134.660843,134.660843
49.761719,36.230968,133.720337,133.720337
49.761719,36.230968,133.720337,133.720337
39.450840,27.445236,131.227692,131.227692
26.007116,41.999020,142.475250,142.475250
26.007116,41.999020,142.475250,142.475250
26.007116,41.999020,142.475250,142.475250
7.671741,47.783508,144.758118,144.758118
7.671741,47.783508,144.758118,144.758118
7.671741,47.783508,144.758118,144.758118
0.000000,46.414734,148.749207,148.749207
1.461451,46.890678,149.310379,149.310379
0.000000,66.549400,146.701797,146.701797
0.000000,98.592255,141.246780,141.246780
0.000000,140.393234,148.092850,148.092850
0.000000,140.393234,148.092850,148.092850
0.000000,206.869476,153.130524,153.130524
0.000000,216.452209,143.547791,143.547791
30.821440,218.691040,141.308960,141.308960
49.110104,218.205902,141.794098,141.794098
31.869192,217.750885,142.249115,142.249115
47.629192,208.310501,134.212738,134.212738
52.610649,212.391998,134.435974,134.435974
52.738972,225.726761,134.273239,134.273239
43.123837,212.980835,138.985596,138.985596
42.699078,221.005020,138.994980,138.994980
53.344307,203.239670,130.366882,130.366882
63.497200,203.934372,115.135071,115.135071
167.969208,237.702881,110.810486,110.810486
180.319244,244.260391,108.312096,108.312096
193.612061,233.518524,105.889153,105.889153
194.463135,236.696259,98.445839,98.445839
205.594513,240.788193,98.714928,98.714928
206.318237,235.495087,92.133339,92.133339
210.176743,237.602203,91.416260,91.416260
210.176743,237.602203,91.416260,91.416260
155.625000,261.128723,95.449570,95.449570
128.175461,255.542068,104.457932,104.457932
124.390182,225.969742,113.175751,113.175751
87.441078,240.236938,119.763062,119.763062
100.253395,220.792572,125.262550,125.262550
107.586708,204.732605,125.832848,125.832848
88.917198,182.789551,124.028732,124.028732
103.921478,171.034882,123.313408,123.313408
93.870346,151.840363,123.408516,123.408516
102.929634,112.516441,131.767960,131.767960
102.929634,112.516441,131.767960,131.767960
102.929634,112.516441,131.767960,131.767960
102.929634,112.516441,131.767960,131.767960
99.988235,100.783859,137.481201,137.481201
99.988235,100.783859,137.481201,137.481201
99.988235,100.783859,137.481201,137.481201
99.988235,100.783859,137.481201,137.481201
92.957108,84.997940,132.561554,132.561554
78.143181,91.055489,138.184860,138.184860
78.143181,91.055489,138.184860,138.184860
78.143181,91.055489,138.184860,138.184860
78.143181,91.055489,138.184860,138.184860
78.143181,91.055489,138.184860,138.184860
75.187119,98.903671,133.522003,133.522003
75.187119,98.903671,133.522003,133.522003
75.187119,98.903671,133.522003,133.522003
75.187119,98.903671,133.522003,133.522003
75.187119,98.903671,133.522003,133.522003
81.693008,91.149727,127.052948,127.052948
102.751328,107.132324,119.893333,119.893333
100.412590,115.458298,115.778030,115.778030
90.155235,101.811539,115.745094,115.745094
93.700943,106.989395,107.273804,107.273804
74.317955,89.938004,103.908539,103.908539
78.228188,54.365658,103.667160,103.667160
76.478836,40.302547,102.004372,102.004372
102.113609,40.726608,98.634125,98.634125
111.930313,30.378250,98.169388,98.169388
115.789612,13.971159,100.409248,100.409248
120.575890,14.604960,94.154396,94.154396
124.255547,10.963771,89.650803,89.650803
132.109222,0.000000,88.070198,88.070198
139.736694,14.449197,86.045570,86.045570
139.736694,14.449197,86.045570,86.045570
135.843353,25.296938,77.973030,77.973030
146.688690,25.566040,76.649681,76.649681
145.172150,46.471813,75.185921,75.185921
148.028046,58.304527,75.767128,75.767128
163.231400,74.044365,74.719376,74.719376
162.420868,98.837830,76.971359,76.971359
151.117996,106.315338,76.835243,76.835243
151.872406,127.844292,71.505043,71.505043
162.783417,138.499573,72.800568,72.800568
162.348846,142.758133,71.796967,71.796967
169.220932,151.484161,68.302109,68.302109
159.340149,147.496170,71.838005,71.838005
152.279633,153.462646,70.448067,70.448067
152.279633,153.462646,70.448067,70.448067
148.205811,147.317459,74.677368,74.677368
148.205811,147.317459,74.677368,74.677368
132.830841,139.920990,72.951675,72.951675
136.379990,145.730530,69.643082,69.643082
131.170547,141.662323,68.838776,68.838776
131.170547,141.662323,68.838776,68.838776
131.170547,141.662323,68.838776,68.838776
131.170547,141.662323,68.838776,68.838776
129.087433,135.645584,72.557297,72.557297
123.774780,128.517654,74.006706,74.006706
123.774780,128.517654,74.006706,74.006706
117.837914,127.868202,76.528473,76.528473
117.837914,127.868202,76.528473,76.528473
112.090027,128.482971,75.470886,75.470886
111.660027,120.313423,73.430031,73.430031
110.333099,121.569412,68.636383,68.636383
110.333099,121.569412,68.636383,68.636383
105.312088,124.803711,70.661072,70.661072
104.267273,118.156609,68.095131,68.095131
104.267273,118.156609,68.095131,68.095131
106.208427,117.502571,66.872772,66.872772
106.458832,116.066643,65.673943,65.673943
106.458832,116.066643,65.673943,65.673943
106.458832,116.066643,65.673943,65.673943
100.362656,118.896935,67.431763,67.431763
102.364983,117.460098,71.621399,71.621399
105.709915,116.609406,69.316521,69.316521
98.688637,110.705078,73.618591,73.618591
98.688637,110.705078,73.618591,73.618591
95.856537,98.763123,74.601364,74.601364
95.856537,98.763123,74.601364,74.601364
96.585732,94.805229,79.888504,79.888504
96.585732,94.805229,79.888504,79.888504
96.585732,94.805229,79.888504,79.888504
96.585732,94.805229,79.888504,79.888504
94.347336,92.200523,79.630615,79.630615
102.455544,91.660576,79.244484,79.244484
102.455544,91.660576,79.244484,79.244484
102.455544,91.660576,79.244484,79.244484
102.455544,91.660576,79.244484,79.244484
100.304245,90.782791,78.409317,78.409317
100.304245,90.782791,78.409317,78.409317
101.563393,91.418236,81.429359,81.429359
101.563393,91.418236,81.429359,81.429359
101.563393,91.418236,81.429359,81.429359
108.875801,87.618584,77.875900,77.875900
108.875801,87.618584,77.875900,77.875900
108.875801,87.618584,77.875900,77.875900
107.907906,87.782150,82.488487,82.488487
107.907906,87.782150,82.488487,82.488487
106.235146,86.650833,82.050018,82.050018
117.914757,85.862862,81.540680,81.540680
117.914757,85.862862,81.540680,81.540680
117.914757,85.862862,81.540680,81.540680
117.914757,85.862862,81.540680,81.540680
117.914757,85.862862,81.540680,81.540680
121.480133,82.224464,80.625824,80.625824
109.748596,77.073662,84.360146,84.360146
109.748596,77.073662,84.360146,84.360146
109.748596,77.073662,84.360146,84.360146
109.748596,77.073662,84.360146,84.360146
109.748596,77.073662,84.360146,84.360146
109.748596,77.073662,84.360146,84.360146
109.748596,77.073662,84.360146,84.360146
109.748596,77.073662,84.360146,84.360146
109.748596,77.073662,84.360146,84.360146
109.748596,77.073662,84.360146,84.360146
109.748596,77.073662,84.360146,84.360146
109.748596,77.073662,84.360146,84.360146
109.748596,77.073662,84.360146,84.360146
108.823685,81.681664,82.658409,82.658409
108.823685,81.681664,82.658409,82.658409
108.823685,81.681664,82.658409,82.658409
108.823685,81.681664,82.658409,82.658409
106.132500,76.650230,86.310265,86.310265
118.494247,77.194107,78.808136,78.808136
118.494247,77.194107,78.808136,78.808136
118.494247,77.194107,78.808136,78.808136
118.494247,77.194107,78.808136,78.808136
109.246078,73.591011,80.328178,80.328178
109.246078,73.591011,80.328178,80.328178
112.650810,81.020958,80.537109,80.537109
112.650810,81.020958,80.537109,80.537109
115.343819,76.776451,77.634674,77.634674
120.682648,73.569046,78.653259,78.653259
120.682648,73.569046,78.653259,78.653259
117.005287,76.932983,76.969315,76.969315
117.005287,76.932983,76.969315,76.969315
117.005287,76.932983,76.969315,76.969315
117.005287,76.932983,76.969315,76.969315
117.005287,76.932983,76.969315,76.969315
117.005287,76.932983,76.969315,76.969315
117.005287,76.932983,76.969315,76.969315
117.005287,76.932983,76.969315,76.969315
117.005287,76.932983,76.969315,76.969315
117.005287,76.932983,76.969315,76.969315
117.005287,76.932983,76.969315,76.969315
118.458916,76.011780,75.560303,75.560303
118.458916,76.011780,75.560303,75.560303
118.458916,76.011780,75.560303,75.560303
118.458916,76.011780,75.560303,75.560303
122.254448,75.802895,76.268173,76.268173
122.254448,75.802895,76.268173,76.268173
122.254448,75.802895,76.268173,76.268173
122.254448,75.802895,76.268173,76.268173
122.254448,75.802895,76.268173,76.268173
122.254448,75.802895,76.268173,76.268173
125.539093,77.486664,77.381294,77.381294
122.003754,79.280731,76.530693,76.530693
122.003754,79.280731,76.530693,76.530693
122.003754,79.280731,76.530693,76.530693
122.003754,79.280731,76.530693,76.530693
122.003754,79.280731,76.530693,76.530693
122.003754,79.280731,76.530693,76.530693
122.003754,79.280731,76.530693,76.530693
122.003754,79.280731,76.530693,76.530693
126.052582,78.079971,77.880432,77.880432
126.052582,78.079971,77.880432,77.880432
126.052582,78.079971,77.880432,77.880432
126.052582,78.079971,77.880432,77.880432
126.052582,78.079971,77.880432,77.880432
126.052582,78.079971,77.880432,77.880432
126.052582,78.079971,77.880432,77.880432
124.520958,82.773796,74.229912,74.229912
124.520958,82.773796,74.229912,74.229912
124.520958,82.773796,74.229912,74.229912
127.328590,82.394234,74.980202,74.980202
127.328590,82.394234,74.980202,74.980202
127.328590,82.394234,74.980202,74.980202
130.127670,87.050156,73.780838,73.780838
130.127670,87.050156,73.780838,73.780838
130.127670,87.050156,73.780838,73.780838
130.418640,85.575348,72.594124,72.594124
130.418640,85.575348,72.594124,72.594124
128.915924,90.239075,71.788712,71.788712
128.915924,90.239075,71.788712,71.788712
128.915924,90.239075,71.788712,71.788712
128.246536,87.181221,69.618721,69.618721
138.182343,93.860542,70.988731,70.988731
133.802887,94.310242,73.601669,73.601669
133.802887,94.310242,73.601669,73.601669
136.373352,85.763153,72.679352,72.679352
136.373352,85.763153,72.679352,72.679352
136.373352,85.763153,72.679352,72.679352
136.373352,85.763153,72.679352,72.679352
136.373352,85.763153,72.679352,72.679352
143.350845,88.733391,70.395218,70.395218
143.350845,88.733391,70.395218,70.395218
147.992905,95.764938,69.805008,69.805008
156.867630,92.749870,68.738060,68.738060
154.458694,88.270271,67.468636,67.468636
154.841248,93.338707,73.059769,73.059769
164.262146,90.972649,73.427238,73.427238
163.321350,93.148346,75.684303,75.684303
163.321350,93.148346,75.684303,75.684303
163.427460,92.463844,79.618767,79.618767
163.427460,92.463844,79.618767,79.618767
165.919312,86.401970,85.615768,85.615768
168.088425,91.015511,83.796867,83.796867
165.277008,87.641693,83.649811,83.649811
165.277008,87.641693,83.649811,83.649811
165.277008,87.641693,83.649811,83.649811
165.277008,87.641693,83.649811,83.649811
165.277008,87.641693,83.649811,83.649811
174.406204,86.744522,82.735954,82.735954
173.369003,85.077568,84.869514,84.869514
159.561966,85.878426,78.123383,78.123383
159.561966,85.878426,78.123383,78.123383
159.583847,81.971588,81.348099,81.348099
164.252960,80.203033,77.813560,77.813560
175.451477,87.674324,70.744247,70.744247
170.959869,85.638535,75.400055,75.400055
172.021637,84.920387,69.337982,69.337982
168.266113,87.146782,70.892578,70.892578
168.266113,87.146782,70.892578,70.892578
168.266113,87.146782,70.892578,70.892578
168.266113,87.146782,70.892578,70.892578
168.266113,87.146782,70.892578,70.892578
168.550812,85.623741,70.931473,70.931473
168.550812,85.623741,70.931473,70.931473
168.550812,85.623741,70.931473,70.931473
159.049545,81.002151,74.063751,74.063751
157.250519,81.878220,69.898140,69.898140
154.360443,80.780426,69.673286,69.673286
153.862976,86.211861,66.546959,66.546959
156.011826,84.348488,69.104973,69.104973
151.920456,86.299950,71.827385,71.827385
150.501114,80.292404,69.855598,69.855598
150.501114,80.292404,69.855598,69.855598
154.359436,83.991592,63.900936,63.900936
148.257416,84.892326,63.688354,63.688354
149.238647,85.474045,65.961014,65.961014
149.238647,85.474045,65.961014,65.961014
149.238647,85.474045,65.961014,65.961014
149.238647,85.474045,65.961014,65.961014
149.238647,85.474045,65.961014,65.961014
149.238647,85.474045,65.961014,65.961014
149.238647,85.474045,65.961014,65.961014
151.946762,86.686363,65.875595,65.875595
142.004807,99.975868,65.830582,65.830582
142.004807,99.975868,65.830582,65.830582
153.765686,98.428070,66.035332,66.035332
151.901337,100.893944,67.609924,67.609924
151.901337,100.893944,67.609924,67.609924
151.901337,100.893944,67.609924,67.609924
145.995056,84.255386,69.202377,69.202377
138.239304,91.999352,72.160088,72.160088
133.461792,88.905037,72.846367,72.846367
133.461792,88.905037,72.846367,72.846367
133.461792,88.905037,72.846367,72.846367
129.213394,86.298409,75.291031,75.291031
129.213394,86.298409,75.291031,75.291031
129.213394,86.298409,75.291031,75.291031
