214.000000,192.000000,86.000000,74.000000
215.894272,175.397522,87.894913,75.630508
209.858795,176.220718,91.033424,78.331093
215.694427,175.219162,89.758606,77.234154
209.605225,179.096420,90.481041,77.855782
210.563019,176.090439,87.144875,74.985130
214.012283,180.626755,84.953079,73.099167
214.012283,180.626755,84.953079,73.099167
221.797516,186.054184,81.388618,70.032074
211.881912,181.535980,82.251526,70.774582
207.514175,184.557068,85.897018,73.911400
207.514175,184.557068,85.897018,73.911400
203.577072,186.640732,83.575325,71.913666
211.534622,187.420639,81.191895,69.862808
211.534622,187.420639,81.191895,69.862808
212.490494,178.316360,88.122223,75.826111
211.556763,168.163361,89.297371,76.837280
205.026215,180.301010,81.917839,70.487450
205.026215,180.301010,81.917839,70.487450
205.026215,180.301010,81.917839,70.487450
205.951981,178.314590,81.818672,70.402115
205.673691,181.445343,79.826088,68.687569
205.673691,181.445343,79.826088,68.687569
205.673691,181.445343,79.826088,68.687569
205.321869,184.983047,78.821037,67.822762
205.321869,184.983047,78.821037,67.822762
202.807419,184.968155,79.643364,68.530342
202.807419,184.968155,79.643364,68.530342
204.568192,182.094040,79.875740,68.730293
204.568192,182.094040,79.875740,68.730293
204.568192,182.094040,79.875740,68.730293
209.389496,178.681580,81.741203,70.335464
209.389496,178.681580,81.741203,70.335464
198.050674,189.383987,79.434914,68.350983
206.157486,189.299377,79.451759,68.365479
220.328369,189.208557,75.687515,65.126480
217.181534,189.033249,73.930046,63.614243
212.697495,186.499542,72.735275,62.586185
213.740158,188.582092,76.039993,65.429779
205.698456,186.836655,81.756012,70.348213
209.677780,182.848465,82.263542,70.784927
219.368820,184.945038,79.454582,68.367912
219.368820,184.945038,79.454582,68.367912
207.813416,179.299744,79.314743,68.247589
207.813416,179.299744,79.314743,68.247589
216.326263,184.876923,74.515686,64.118164
211.692627,186.506027,78.124168,67.223137
211.692627,186.506027,78.124168,67.223137
216.202576,186.238113,74.569229,64.164230
214.425369,180.574875,73.377235,63.138557
217.887589,176.198196,74.560806,64.156982
206.259125,182.953873,74.970207,64.509254
206.259125,182.953873,74.970207,64.509254
206.259125,182.953873,74.970207,64.509254
212.055588,178.069351,70.899376,61.006447
210.058105,169.229492,70.798241,60.919422
213.038727,183.647629,67.188126,57.813042
213.038727,183.647629,67.188126,57.813042
216.110657,180.677826,65.229980,56.128128
219.178802,179.402863,63.928642,55.008369
219.178802,179.402863,63.928642,55.008369
219.178802,179.402863,63.928642,55.008369
219.178802,179.402863,63.928642,55.008369
222.777557,181.104340,59.422817,51.131264
221.952728,189.991821,61.223289,52.680508
221.278152,184.319305,59.436405,51.142956
227.845047,190.248993,56.087128,48.261021
218.434723,190.388275,55.445477,47.708904
230.234879,187.601700,55.368591,47.642750
227.898132,191.693161,56.679966,48.771141
230.805710,185.519089,54.010181,46.473885
230.805710,185.519089,54.010181,46.473885
230.805710,185.519089,54.010181,46.473885
230.101440,196.186676,53.744942,46.245655
226.250381,188.282013,55.962898,48.154129
236.722122,185.982071,54.801647,47.154911
234.876221,186.348343,54.804142,47.157059
225.520630,182.517883,61.716587,53.104977
225.465973,184.646835,64.197861,55.240028
226.636032,186.744827,63.175949,54.360710
226.636032,186.744827,63.175949,54.360710
226.636032,186.744827,63.175949,54.360710
226.636032,186.744827,63.175949,54.360710
226.636032,186.744827,63.175949,54.360710
226.636032,186.744827,63.175949,54.360710
220.899246,188.686432,61.936047,53.293819
220.899246,188.686432,61.936047,53.293819
224.581085,191.110321,63.869652,54.957619
223.384277,180.867554,64.126122,55.178303
223.384277,180.867554,64.126122,55.178303
223.384277,180.867554,64.126122,55.178303
223.384277,180.867554,64.126122,55.178303
223.384277,180.867554,64.126122,55.178303
223.384277,180.867554,64.126122,55.178303
223.384277,180.867554,64.126122,55.178303
223.384277,180.867554,64.126122,55.178303
218.553406,176.920029,65.879875,56.687351
220.992523,189.048981,60.872063,52.378300
221.949188,186.234955,61.903118,53.265488
221.949188,186.234955,61.903118,53.265488
213.716949,182.865112,62.234184,53.550358
213.716949,182.865112,62.234184,53.550358
211.078049,182.790100,65.454109,56.320995
211.078049,182.790100,65.454109,56.320995
219.326279,181.203674,66.572449,57.283283
219.326279,181.203674,66.572449,57.283283
219.326279,181.203674,66.572449,57.283283
219.326279,181.203674,66.572449,57.283283
219.326279,181.203674,66.572449,57.283283
214.359863,182.303452,64.272591,55.304337
222.445801,182.964340,60.084984,51.701046
219.842194,185.311401,60.632664,52.172306
219.842194,185.311401,60.632664,52.172306
219.842194,185.311401,60.632664,52.172306
218.441376,181.692352,59.652378,51.328804
219.095169,189.485489,58.814747,50.608051
221.681396,181.536133,59.133041,50.881931
220.141052,188.667786,58.688251,50.499203
220.141052,188.667786,58.688251,50.499203
222.400635,193.465103,56.100414,48.272461
220.595825,190.969452,55.911915,48.110264
220.595825,190.969452,55.911915,48.110264
215.341766,184.054153,57.303722,49.307865
215.341766,184.054153,57.303722,49.307865
215.341766,184.054153,57.303722,49.307865
215.341766,184.054153,57.303722,49.307865
215.341766,184.054153,57.303722,49.307865
215.341766,184.054153,57.303722,49.307865
215.341766,184.054153,57.303722,49.307865
215.022446,181.994156,59.316265,51.039589
211.587875,184.309814,60.800648,52.316849
219.631790,191.399460,58.801971,50.597057
218.657791,191.556412,58.202007,50.080811
211.852921,180.440643,61.153770,52.620701
211.852921,180.440643,61.153770,52.620701
215.236404,178.315918,61.171227,52.635719
211.348816,185.250137,61.616467,53.018833
211.839157,192.619537,58.928253,50.705719
213.763000,193.800262,59.108418,50.860744
213.052795,189.117157,59.373211,51.088589
222.559525,187.598694,56.966137,49.017384
215.681992,185.069061,59.219425,50.956261
215.681992,185.069061,59.219425,50.956261
216.225861,191.668167,59.187492,50.928783
221.948685,186.685730,57.829292,49.760098
216.773270,184.530960,56.405621,48.535076
213.287750,182.333969,58.982738,50.752594
210.738144,187.214066,61.773262,53.153744
210.738144,187.214066,61.773262,53.153744
210.534637,189.549500,59.818890,51.472073
212.151840,189.559311,56.202358,48.360172
211.082199,190.547134,55.998554,48.184807
214.665833,186.267288,61.091537,52.567142
210.198044,184.198868,63.198780,54.380352
210.198044,184.198868,63.198780,54.380352
210.198044,184.198868,63.198780,54.380352
210.198044,184.198868,63.198780,54.380352
210.198044,184.198868,63.198780,54.380352
210.198044,184.198868,63.198780,54.380352
210.198044,184.198868,63.198780,54.380352
210.198044,184.198868,63.198780,54.380352
210.198044,184.198868,63.198780,54.380352
210.198044,184.198868,63.198780,54.380352
210.198044,184.198868,63.198780,54.380352
210.198044,184.198868,63.198780,54.380352
210.069611,191.660690,62.799541,54.036819
210.069611,191.660690,62.799541,54.036819
210.069611,191.660690,62.799541,54.036819
215.010040,189.311279,60.774693,52.294510
213.346695,186.700089,57.371037,49.365784
213.273499,190.104599,59.864422,51.511257
213.273499,190.104599,59.864422,51.511257
212.116913,186.664886,58.706127,50.514584
215.707062,189.942230,57.881744,49.805229
209.303818,182.652023,62.495155,53.774910
209.303818,182.652023,62.495155,53.774910
209.303818,182.652023,62.495155,53.774910
213.662354,189.718964,61.567444,52.976646
212.064194,186.671402,60.110794,51.723248
212.064194,186.671402,60.110794,51.723248
212.064194,186.671402,60.110794,51.723248
212.064194,186.671402,60.110794,51.723248
217.502686,189.207245,55.807968,48.020817
218.441345,188.467194,55.589798,47.833092
218.441345,188.467194,55.589798,47.833092
220.723297,191.080261,56.966816,49.017967
222.362793,190.603500,55.240295,47.532356
222.362793,190.603500,55.240295,47.532356
218.248886,188.689575,53.816761,46.307453
217.894684,192.865753,54.409138,46.817173
217.894684,192.865753,54.409138,46.817173
218.846893,191.561432,54.970020,47.299793
218.846893,191.561432,54.970020,47.299793
221.675278,193.811874,54.295448,46.719345
221.978424,192.468643,54.147583,46.592110
227.064606,191.715683,53.613956,46.132942
224.627441,183.626526,52.289795,44.993546
224.627441,183.626526,52.289795,44.993546
224.627441,183.626526,52.289795,44.993546
224.627441,183.626526,52.289795,44.993546
224.627441,183.626526,52.289795,44.993546
220.004745,194.828186,52.117008,44.844868
227.073669,193.924042,51.484505,44.300621
227.073669,193.924042,51.484505,44.300621
228.546585,183.414597,50.575691,43.518620
224.095963,186.442871,51.632774,44.428204
224.040802,185.555847,51.063812,43.938633
224.040802,185.555847,51.063812,43.938633
221.862442,191.267975,53.106384,45.696194
227.065384,185.794083,50.253830,43.241673
228.014801,192.884369,51.952152,44.703018
228.014801,192.884369,51.952152,44.703018
228.014801,192.884369,51.952152,44.703018
228.014801,192.884369,51.952152,44.703018
229.255035,192.637512,50.193626,43.189865
224.484970,192.741150,54.158798,46.601757
224.484970,192.741150,54.158798,46.601757
224.484970,192.741150,54.158798,46.601757
222.559433,191.035095,56.771236,48.849667
221.090912,194.086960,57.684563,49.635551
229.016312,186.703552,55.730125,47.953827
222.225494,183.250732,56.820869,48.892376
225.496994,192.846268,58.509438,50.345333
227.983398,187.432327,58.178352,50.060448
227.983398,187.432327,58.178352,50.060448
230.361679,183.417480,59.436443,51.142990
229.924408,191.985703,59.025509,50.789394
229.924408,191.985703,59.025509,50.789394
229.924408,191.985703,59.025509,50.789394
229.924408,191.985703,59.025509,50.789394
225.611328,184.255722,61.665302,53.060844
226.479095,190.965698,60.892471,52.395851
231.876587,197.545807,63.740120,54.846153
231.876587,197.545807,63.740120,54.846153
231.876587,197.545807,63.740120,54.846153
228.658035,199.525421,64.299942,55.327862
231.962402,196.210617,65.407410,56.280796
231.962402,196.210617,65.407410,56.280796
222.348923,189.994522,64.055801,55.117786
227.568344,190.902771,61.193157,52.654583
228.320312,182.491882,62.071365,53.410252
228.882507,187.923676,60.296017,51.882626
233.878464,197.746582,60.037563,51.660236
239.403564,197.313705,58.506641,50.342930
239.403564,197.313705,58.506641,50.342930
243.261749,201.759399,59.338905,51.059063
243.261749,201.759399,59.338905,51.059063
241.966370,196.877411,58.396412,50.248077
241.966370,196.877411,58.396412,50.248077
248.758209,199.344498,57.956631,49.869659
248.758209,199.344498,57.956631,49.869659
242.636673,196.579498,58.339596,50.199188
248.800980,196.333969,56.032242,48.213791
247.705109,198.979980,58.195389,50.075104
247.705109,198.979980,58.195389,50.075104
247.705109,198.979980,58.195389,50.075104
247.705109,198.979980,58.195389,50.075104
247.705109,198.979980,58.195389,50.075104
247.705109,198.979980,58.195389,50.075104
247.705109,198.979980,58.195389,50.075104
246.394653,203.197220,58.192551,50.072662
250.431915,199.982574,59.072483,50.829815
252.675705,196.549454,57.706089,49.654079
252.675705,196.549454,57.706089,49.654079
250.297333,190.490234,56.125317,48.293880
254.355194,203.925690,57.109673,49.140884
254.355194,203.925690,57.109673,49.140884
254.355194,203.925690,57.109673,49.140884
254.355194,203.925690,57.109673,49.140884
254.355194,203.925690,57.109673,49.140884
254.355194,203.925690,57.109673,49.140884
252.915192,200.595901,56.956196,49.008823
249.822571,207.525055,54.099110,46.550400
251.635498,207.548950,56.370026,48.504444
251.635498,207.548950,56.370026,48.504444
252.013718,198.283127,55.515106,47.768818
257.054504,198.612610,58.248798,50.121063
251.736496,198.350906,57.892433,49.814423
250.614105,206.115341,58.226208,50.101624
247.084396,206.599518,57.192780,49.212395
247.084396,206.599518,57.192780,49.212395
254.536484,205.800797,59.499069,51.196877
254.536484,205.800797,59.499069,51.196877
255.095398,206.764008,55.904842,48.104172
255.095398,206.764008,55.904842,48.104172
255.095398,206.764008,55.904842,48.104172
255.095398,206.764008,55.904842,48.104172
256.899475,206.621277,55.984997,48.173141
254.804214,207.871475,53.664322,46.176281
255.970428,206.829712,53.260551,45.828850
252.968079,211.620697,55.312729,47.594677
252.968079,211.620697,55.312729,47.594677
258.550171,213.275101,54.054974,46.512421
257.643524,211.066406,54.825764,47.175659
257.643524,211.066406,54.825764,47.175659
257.643524,211.066406,54.825764,47.175659
255.259720,205.541199,57.882294,49.805695
254.678452,203.109589,57.831459,49.761955
249.622360,210.171051,55.124794,47.432964
252.415359,209.297287,55.148682,47.453518
252.415359,209.297287,55.148682,47.453518
256.426514,208.341354,54.464245,46.864582
256.426514,208.341354,54.464245,46.864582
245.883286,208.131134,56.551830,48.660877
243.136322,205.161346,58.727386,50.532867
247.460022,205.312744,59.183804,50.925598
248.183685,210.820770,57.754314,49.695572
251.031860,209.903381,54.913380,47.251045
253.738647,215.203278,52.350647,45.045902
253.738647,215.203278,52.350647,45.045902
253.738647,215.203278,52.350647,45.045902
249.639496,213.399811,54.210869,46.646561
249.639496,213.399811,54.210869,46.646561
249.639496,213.399811,54.210869,46.646561
249.639496,213.399811,54.210869,46.646561
249.639496,213.399811,54.210869,46.646561
251.015320,213.689331,56.634872,48.732334
247.494812,213.829407,55.847408,48.054749
247.630798,212.741684,56.060383,48.238007
247.630798,212.741684,56.060383,48.238007
247.630798,212.741684,56.060383,48.238007
247.630798,212.741684,56.060383,48.238007
247.630798,212.741684,56.060383,48.238007
247.630798,212.741684,56.060383,48.238007
254.430328,213.168808,54.692558,47.061039
254.430328,213.168808,54.692558,47.061039
245.159012,212.252380,56.327694,48.468018
243.710144,215.181580,54.141804,46.587135
243.710144,215.181580,54.141804,46.587135
249.979034,214.560959,55.357803,47.633461
249.979034,214.560959,55.357803,47.633461
249.979034,214.560959,55.357803,47.633461
247.151169,209.980179,57.736031,49.679840
247.151169,209.980179,57.736031,49.679840
245.957794,214.862137,56.552311,48.661289
252.573975,212.636765,55.831657,48.041191
252.573975,212.636765,55.831657,48.041191
252.573975,212.636765,55.831657,48.041191
247.797958,216.404541,52.950382,45.561954
246.045395,214.503448,53.289822,45.854027
246.045395,214.503448,53.289822,45.854027
246.045395,214.503448,53.289822,45.854027
249.046204,214.093506,57.329475,49.330009
249.046204,214.093506,57.329475,49.330009
249.046204,214.093506,57.329475,49.330009
248.649994,207.418701,58.002220,49.908882
248.560486,213.171158,56.460419,48.582214
248.560486,213.171158,56.460419,48.582214
248.560486,213.171158,56.460419,48.582214
250.196014,208.836853,60.117027,51.728600
246.908661,207.234543,61.730469,53.116909
246.908661,207.234543,61.730469,53.116909
246.908661,207.234543,61.730469,53.116909
246.908661,207.234543,61.730469,53.116909
246.908661,207.234543,61.730469,53.116909
246.908661,207.234543,61.730469,53.116909
246.908661,207.234543,61.730469,53.116909
246.908661,207.234543,61.730469,53.116909
242.499344,196.729614,64.798668,55.756985
242.499344,196.729614,64.798668,55.756985
242.119171,204.526138,63.929970,55.009502
241.052612,205.902725,65.368050,56.246922
233.177185,204.735107,66.936440,57.596470
233.177185,204.735107,66.936440,57.596470
237.112061,204.137360,66.483543,57.206768
237.112061,204.137360,66.483543,57.206768
237.112061,204.137360,66.483543,57.206768
229.975998,199.789627,71.124649,61.200279
238.805893,206.425903,62.967880,54.181664
245.593079,208.979752,59.680904,51.353336
245.593079,208.979752,59.680904,51.353336
245.593079,208.979752,59.680904,51.353336
244.539459,201.148087,59.987938,51.617531
247.129089,206.370590,59.574276,51.261589
254.147812,210.520737,57.391171,49.383102
254.147812,210.520737,57.391171,49.383102
254.147812,210.520737,57.391171,49.383102
249.840591,210.566116,57.001083,49.047447
255.848068,208.961975,56.170830,48.333042
247.170425,206.956039,58.707779,50.515999
247.170425,206.956039,58.707779,50.515999
255.003983,211.138809,59.101776,50.855019
255.825394,208.270737,55.806282,48.019360
255.825394,208.270737,55.806282,48.019360
253.562515,209.480820,53.732422,46.234875
253.562515,209.480820,53.732422,46.234875
249.464630,207.195236,58.189064,50.069660
249.464630,207.195236,58.189064,50.069660
249.191391,209.644318,57.321186,49.322880
249.191391,209.644318,57.321186,49.322880
249.191391,209.644318,57.321186,49.322880
247.852524,208.964661,54.643730,47.019020
247.852524,208.964661,54.643730,47.019020
247.852524,208.964661,54.643730,47.019020
249.846375,206.531906,59.857105,51.504948
249.846375,206.531906,59.857105,51.504948
249.846375,206.531906,59.857105,51.504948
249.846375,206.531906,59.857105,51.504948
249.846375,206.531906,59.857105,51.504948
249.846375,206.531906,59.857105,51.504948
249.846375,206.531906,59.857105,51.504948
249.846375,206.531906,59.857105,51.504948
250.034836,206.945862,59.401989,51.113335
250.034836,206.945862,59.401989,51.113335
250.034836,206.945862,59.401989,51.113335
250.034836,206.945862,59.401989,51.113335
251.514694,208.498062,57.636246,49.593975
248.286774,207.880096,60.188168,51.789814
248.286774,207.880096,60.188168,51.789814
248.286774,207.880096,60.188168,51.789814
248.286774,207.880096,60.188168,51.789814
248.286774,207.880096,60.188168,51.789814
248.286774,207.880096,60.188168,51.789814
248.286774,207.880096,60.188168,51.789814
247.638229,209.117020,58.997406,50.765205
247.669144,207.762711,59.581707,51.267975
247.669144,207.762711,59.581707,51.267975
247.669144,207.762711,59.581707,51.267975
247.669144,207.762711,59.581707,51.267975
247.669144,207.762711,59.581707,51.267975
250.212097,211.285767,58.995216,50.763321
247.578888,210.854630,58.272049,50.141060
247.578888,210.854630,58.272049,50.141060
247.578888,210.854630,58.272049,50.141060
247.578888,210.854630,58.272049,50.141060
247.578888,210.854630,58.272049,50.141060
246.018982,211.284073,57.910252,49.829746
251.386047,211.792862,58.929020,50.706364
251.386047,211.792862,58.929020,50.706364
251.386047,211.792862,58.929020,50.706364
251.386047,211.792862,58.929020,50.706364
251.386047,211.792862,58.929020,50.706364
251.386047,211.792862,58.929020,50.706364
251.386047,211.792862,58.929020,50.706364
251.386047,211.792862,58.929020,50.706364
251.386047,211.792862,58.929020,50.706364
251.386047,211.792862,58.929020,50.706364
251.386047,211.792862,58.929020,50.706364
251.386047,211.792862,58.929020,50.706364
251.386047,211.792862,58.929020,50.706364
252.051773,217.437439,57.491966,49.469830
252.051773,217.437439,57.491966,49.469830
249.407394,209.644409,57.692783,49.642624
253.939697,207.836136,58.765320,50.565506
250.611771,208.434647,58.670212,50.483669
248.437317,210.062897,57.564167,49.531956
248.437317,210.062897,57.564167,49.531956
258.457916,211.264175,55.032948,47.353931
250.830231,213.759415,57.277386,49.285191
250.830231,213.759415,57.277386,49.285191
255.035172,201.279648,63.809277,54.905655
252.275986,201.520798,61.504120,52.922146
258.319702,209.665634,58.028473,49.931473
254.656342,207.084946,57.049858,49.089409
254.656342,207.084946,57.049858,49.089409
248.230362,211.498062,56.755417,48.836052
248.230362,211.498062,56.755417,48.836052
248.230362,211.498062,56.755417,48.836052
248.230362,211.498062,56.755417,48.836052
249.053665,206.981934,61.449314,52.874985
249.053665,206.981934,61.449314,52.874985
249.053665,206.981934,61.449314,52.874985
247.138947,205.708588,60.291779,51.878963
247.138947,205.708588,60.291779,51.878963
244.082184,207.662628,59.187897,50.929111
244.082184,207.662628,59.187897,50.929111
244.082184,207.662628,59.187897,50.929111
246.710541,215.121475,59.827847,51.479767
252.029282,212.948288,61.438866,52.865993
252.029282,212.948288,61.438866,52.865993
252.029282,212.948288,61.438866,52.865993
251.554245,209.800659,61.162518,52.628204
249.209961,217.159683,59.551399,51.241894
250.976929,213.386551,59.512302,51.208252
252.469299,213.314102,56.011120,48.195606
255.024933,216.155106,55.162228,47.465164
255.024933,216.155106,55.162228,47.465164
253.102783,211.383255,53.741226,46.242443
252.179153,212.073044,57.140312,49.167240
252.179153,212.073044,57.140312,49.167240
252.179153,212.073044,57.140312,49.167240
252.179153,212.073044,57.140312,49.167240
252.179153,212.073044,57.140312,49.167240
252.179153,212.073044,57.140312,49.167240
252.179153,212.073044,57.140312,49.167240
254.296265,218.514694,52.749653,45.389233
254.296265,218.514694,52.749653,45.389233
249.070969,220.448151,52.346642,45.042454
251.497513,217.777435,56.429253,48.555397
250.446426,211.535446,55.300743,47.584354
252.080017,220.231766,55.289597,47.574764
253.545853,210.005493,57.464680,49.446346
249.871902,210.477722,54.678154,47.048637
248.308136,215.272217,55.196838,47.494946
249.065582,212.330612,57.412174,49.401165
252.322601,218.270767,56.725330,48.810162
252.322601,218.270767,56.725330,48.810162
252.322601,218.270767,56.725330,48.810162
252.322601,218.270767,56.725330,48.810162
252.322601,218.270767,56.725330,48.810162
249.738083,218.065857,56.632008,48.729862
245.020279,212.742477,55.863544,48.068626
245.020279,212.742477,55.863544,48.068626
244.570679,215.368988,53.432121,45.976471
244.570679,215.368988,53.432121,45.976471
247.278671,218.827667,54.510921,46.904739
247.278671,218.827667,54.510921,46.904739
247.278671,218.827667,54.510921,46.904739
241.494522,216.867996,51.880585,44.641426
246.993088,219.630280,49.487934,42.582634
246.993088,219.630280,49.487934,42.582634
246.993088,219.630280,49.487934,42.582634
257.220825,229.689850,48.608696,41.826080
252.632843,225.533173,49.970116,42.997532
252.632843,225.533173,49.970116,42.997532
252.632843,225.533173,49.970116,42.997532
255.009338,222.884811,50.517254,43.468327
250.379593,222.964279,51.526596,44.336830
250.379593,222.964279,51.526596,44.336830
250.379593,222.964279,51.526596,44.336830
246.753021,218.698090,52.259392,44.967373
248.160919,219.399033,56.999004,49.045643
255.334854,219.835693,57.160782,49.184849
248.469009,217.113037,59.399345,51.111053
239.710602,214.970993,58.388885,50.241589
250.489090,212.705444,60.814724,52.328938
238.549622,214.290771,59.750118,51.412880
248.141983,219.402466,58.948639,50.723236
235.498978,210.648087,64.986717,55.918793
235.498978,210.648087,64.986717,55.918793
235.498978,210.648087,64.986717,55.918793
235.498978,210.648087,64.986717,55.918793
235.498978,210.648087,64.986717,55.918793
228.850830,206.148804,65.459641,56.325729
228.850830,206.148804,65.459641,56.325729
228.850830,206.148804,65.459641,56.325729
231.987503,207.562927,63.408955,54.561188
237.986786,211.438644,63.890430,54.975479
232.092087,212.220413,63.218914,54.397663
230.627594,211.980820,65.472992,56.337219
230.627594,211.980820,65.472992,56.337219
228.775223,207.460312,66.602119,57.308792
234.204498,211.398895,64.973206,55.907169
243.201004,217.854462,59.411289,51.121338
243.201004,217.854462,59.411289,51.121338
247.891479,221.430664,57.057129,49.095665
247.891479,221.430664,57.057129,49.095665
239.823593,211.506775,57.600903,49.563560
242.268311,209.297043,60.424561,51.993221
233.143738,211.007858,60.990055,52.479809
233.143738,211.007858,60.990055,52.479809
233.696793,210.948517,58.041023,49.942268
255.622360,173.381088,59.071060,50.828579
293.256226,159.078751,62.257179,53.570122
291.976227,158.974930,61.792934,53.170654
291.976227,158.974930,61.792934,53.170654
306.225555,163.997437,62.024448,53.369865
297.169861,165.385437,61.737041,53.122562
287.646057,162.765274,60.745895,52.269718
308.536652,162.172012,61.062759,52.542370
308.536652,162.172012,61.062759,52.542370
308.536652,162.172012,61.062759,52.542370
308.536652,162.172012,61.062759,52.542370
308.536652,162.172012,61.062759,52.542370
308.536652,162.172012,61.062759,52.542370
308.536652,162.172012,61.062759,52.542370
291.487823,162.110992,61.953632,53.308933
303.141937,161.548340,65.510796,56.369743
303.141937,161.548340,65.510796,56.369743
303.878113,161.380356,61.684143,53.077045
303.878113,161.380356,61.684143,53.077045
303.878113,161.380356,61.684143,53.077045
303.210632,160.467499,63.104843,54.299507
303.210632,160.467499,63.104843,54.299507
289.685242,156.704712,62.364216,53.662224
301.961456,159.397003,61.835373,53.207172
303.078033,157.129730,63.542442,54.676044
303.078033,157.129730,63.542442,54.676044
303.078033,157.129730,63.542442,54.676044
296.218323,159.229919,62.688797,53.941513
302.819092,158.599701,62.240803,53.556030
302.819092,158.599701,62.240803,53.556030
286.777771,158.504410,60.738754,52.263569
294.589813,155.384384,61.572536,52.981010
290.183380,158.700424,62.726727,53.974152
290.183380,158.700424,62.726727,53.974152
299.708618,159.711472,63.844360,54.935837
299.708618,159.711472,63.844360,54.935837
294.766602,157.346039,66.724701,57.414272
294.766602,157.346039,66.724701,57.414272
274.042938,150.839645,66.929977,57.590904
288.175323,151.573471,65.190208,56.093895
288.175323,151.573471,65.190208,56.093895
286.270996,175.483032,58.553146,50.382938
283.302704,174.335281,59.000381,50.767769
280.744446,177.648697,58.327644,50.188904
235.994202,180.410278,56.833858,48.903553
242.494568,185.639832,61.117989,52.589897
254.752686,189.174606,61.891270,53.255280
265.381165,207.443970,60.842712,52.353031
265.363220,217.511337,58.651917,50.467926
249.463699,236.865509,57.326244,49.327232
219.365250,230.259888,63.527061,54.662819
220.437912,246.330048,64.331367,55.354897
223.037964,246.961960,66.658539,57.357346
226.841522,253.256348,65.319267,56.204948
224.967148,248.971268,64.630402,55.612202
231.054382,259.012573,64.058212,55.119854
232.616531,252.057007,67.985451,58.499104
237.356781,249.280609,71.287857,61.340706
245.261276,258.957916,74.396141,64.015274
250.582016,266.992462,72.262955,62.179741
255.557220,270.040192,71.854332,61.828133
271.789795,273.987000,70.003891,60.235893
263.269012,279.209229,69.155365,59.505768
302.566101,282.981232,66.506416,57.226440
294.747589,286.895691,70.259972,60.456242
300.617096,289.428040,67.568970,58.140732
317.645233,291.083923,69.007156,59.378242
325.149231,297.998688,72.055595,62.001316
342.099762,299.713745,67.350479,57.952728
312.345276,305.148315,63.746544,54.851669
312.345276,305.148315,63.746544,54.851669
349.362518,303.036133,63.851315,54.941818
374.082733,281.325500,62.206944,53.526894
365.160339,280.454254,63.520073,54.656796
370.189880,286.029236,60.407681,51.978691
372.319977,280.815521,60.153858,51.760284
366.204773,287.967651,63.311337,54.477184
376.647736,284.592010,60.941730,52.438221
382.493164,279.682861,59.887184,51.530819
397.727417,266.426270,59.028027,50.791546
397.727417,266.426270,59.028027,50.791546
395.521790,260.201385,62.920658,54.141018
388.227661,264.834106,62.072819,53.411480
391.122925,258.967255,61.443676,52.870125
377.661011,256.536743,58.009953,49.915527
391.149567,256.253235,54.376350,46.788940
359.234924,254.688950,53.108604,45.698090
325.754852,260.318604,57.971985,49.882858
320.283356,271.087036,56.961597,49.013458
313.798767,257.341034,55.526272,47.778412
323.222534,262.943542,54.967361,47.297489
302.026245,260.601807,57.064041,49.101608
299.769073,266.101807,60.071178,51.689144
275.737183,268.729736,62.777386,54.017738
275.737183,268.729736,62.777386,54.017738
277.528290,283.187866,65.815697,56.632099
298.499420,303.560303,62.102619,53.437126
275.716400,298.045654,60.330772,51.912514
281.495056,292.966980,57.220680,49.236389
301.637543,303.062592,58.309063,50.172905
301.637543,303.062592,58.309063,50.172905
305.623444,282.602417,60.186440,51.788322
337.753265,229.461838,64.619652,55.602947
348.429962,245.161179,59.713146,51.381069
347.106628,242.270584,58.018990,49.923309
349.949738,237.542831,56.958118,49.010468
343.404114,239.217758,56.340527,48.479053
343.404114,239.217758,56.340527,48.479053
343.404114,239.217758,56.340527,48.479053
346.215881,237.084442,54.426300,46.831928
352.247284,244.456772,51.874390,44.636097
351.011078,241.467941,48.780560,41.973965
357.604828,248.863235,49.112595,42.259666
357.604828,248.863235,49.112595,42.259666
366.079895,250.284515,43.921982,37.793324
366.079895,250.284515,43.921982,37.793324
368.824585,257.341858,42.504948,36.574017
375.114014,253.601242,42.499897,36.569672
375.114014,253.601242,42.499897,36.569672
375.114014,253.601242,42.499897,36.569672
369.985077,250.702972,42.276646,36.377571
372.266479,253.847687,39.684387,34.147022
385.719177,258.814880,38.709854,33.308472
384.491882,261.347473,37.678528,32.421051
386.237976,264.264130,38.374195,33.019650
387.756256,266.133057,36.990025,31.828619
388.844635,262.134094,38.623528,33.234192
388.844635,262.134094,38.623528,33.234192
387.577454,264.655975,38.132607,32.811771
387.577454,264.655975,38.132607,32.811771
393.610504,262.429077,40.326302,34.699371
384.843079,259.243927,41.940746,36.088543
401.160645,255.499252,41.410889,35.632618
403.490448,257.693909,42.469681,36.543671
407.195251,255.505066,40.912659,35.203907
414.121429,252.645782,39.736195,34.191601
420.747620,259.004028,37.085670,31.910917
414.950684,255.682159,35.770020,30.778847
424.327606,252.573227,33.870617,29.144476
425.179596,249.717697,34.242008,29.464045
425.179596,249.717697,34.242008,29.464045
422.120178,250.964355,36.584824,31.479956
421.437195,250.111282,37.840065,32.560047
418.465698,253.033981,39.917439,34.347553
436.475555,260.593353,38.116425,32.797844
430.126007,260.489136,37.216320,32.023335
431.248718,262.324982,39.733334,34.189137
431.148834,264.987885,38.584267,33.200405
439.102875,269.590088,37.611919,32.363735
442.427826,271.294952,37.572182,32.329540
442.118866,274.044617,37.881123,32.595375
441.325104,275.144958,38.674900,33.278393
442.210938,276.575745,37.789059,32.516155
440.148010,277.167816,39.851997,34.291241
441.675507,264.793854,38.324493,32.976875
443.477905,268.128082,36.522083,31.425964
440.176575,263.003815,39.823410,34.266640
442.336334,267.913483,37.663658,32.408253
438.721344,259.975891,41.278652,35.518829
439.893066,259.880127,40.106934,34.510605
442.063324,262.713867,37.936676,32.643173
441.805817,261.433472,38.194187,32.864750
441.805817,261.433472,38.194187,32.864750
443.197357,261.880096,36.802654,31.667385
442.076965,254.880020,37.923046,32.631443
442.076965,254.880020,37.923046,32.631443
429.373596,242.899155,38.995102,33.553909
433.295349,249.487885,38.974804,33.536442
435.434601,241.408829,40.029392,34.443878
437.559570,249.889786,39.388462,33.892380
434.384949,246.899887,39.110809,33.653469
433.477203,253.692078,38.518772,33.144043
431.429382,277.111389,42.671944,36.717701
432.011749,280.219208,44.165882,38.003181
434.874115,318.727234,45.125889,38.829235
433.924377,320.353546,46.075626,39.646450
437.762543,318.415436,42.237465,36.343849
439.708618,325.330688,40.291382,34.669315
441.242188,314.105804,38.757828,33.349747
439.194153,277.809174,37.556019,32.315632
439.538757,284.684296,40.461246,34.815479
439.308319,285.954559,40.691692,35.013771
439.051331,305.813446,40.948677,35.234898
440.229584,308.050842,39.770428,34.221054
437.125610,325.424927,36.939606,31.785231
427.278534,300.566010,38.020756,32.715523
429.235870,292.661743,37.211494,32.019184
431.684174,288.279327,37.242943,32.046242
431.684174,288.279327,37.242943,32.046242
403.515381,288.217896,36.279087,31.216877
383.679901,279.912231,36.547192,31.447571
368.934998,254.032166,33.971512,29.231289
345.100525,240.284348,32.230259,27.733002
351.885040,245.243805,31.326059,26.954969
333.732178,240.143692,29.941734,25.763805
325.094574,239.851746,29.380014,25.280464
316.383545,242.130539,30.312628,26.082945
308.253998,231.880127,29.753397,25.601746
299.451782,232.462860,27.835907,23.951815
303.090424,224.165802,26.940342,23.181211
291.735260,223.020660,26.488716,22.792603
277.242920,223.676956,26.922684,23.166016
282.410950,227.485428,27.562206,23.716303
283.596069,227.816818,27.239798,23.438881
282.687012,229.532776,25.862726,22.253960
280.495422,231.750381,24.292627,20.902945
280.495422,231.750381,24.292627,20.902945
280.495422,231.750381,24.292627,20.902945
265.344818,231.207855,24.300014,20.909302
264.166748,225.939209,24.163208,20.791584
248.924072,212.095657,25.656897,22.076851
242.352234,195.720764,24.718922,21.269756
240.112259,184.569016,23.506207,20.226259
243.927505,176.903244,25.249163,21.726011
255.594131,167.284302,24.933119,21.454065
271.777405,168.278137,24.906757,21.431381
276.049835,170.387009,25.480684,21.925224
275.973541,170.562561,26.699524,22.973991
287.708435,173.530396,27.623892,23.769377
293.741516,178.905365,27.048603,23.274361
293.753937,179.053070,26.666437,22.945520
306.908905,179.204559,27.345518,23.529844
315.549622,187.714111,27.069950,23.292727
319.278809,188.952103,26.748619,23.016233
319.406952,192.388992,26.933805,23.175581
331.456238,192.384644,28.312803,24.362160
326.701660,193.140686,27.877552,23.987642
331.703552,186.149887,29.703917,25.559164
334.904541,190.002213,29.693516,25.550215
332.510956,189.056168,30.356888,26.121023
331.227661,190.244827,31.514801,27.117367
333.520660,187.291946,32.402058,27.880821
337.790070,188.441727,31.401316,27.019718
335.165588,186.253220,31.699289,27.276114
335.165588,186.253220,31.699289,27.276114
335.951935,179.080704,33.823792,29.104172
333.091125,185.234512,35.908485,30.897978
339.511047,190.667542,36.733311,31.607710
340.224365,182.172195,37.525444,32.289314
335.560760,173.874237,39.904648,34.336533
335.215820,183.613571,39.570061,34.048634
335.215820,183.613571,39.570061,34.048634
340.065094,184.104660,44.389061,38.195213
338.820831,174.222992,45.660851,39.289543
330.055176,169.394119,48.664028,41.873672
331.609344,168.973099,50.240326,43.230019
333.593353,164.395279,51.903297,44.660950
344.588898,179.255539,50.853882,43.757965
350.263550,175.275360,51.445534,44.267059
350.084625,177.451889,48.610043,41.827221
354.253326,174.011002,46.375740,39.904682
343.213684,166.950287,46.283310,39.825150
343.213684,166.950287,46.283310,39.825150
357.729065,168.501205,44.877438,38.615448
361.186218,177.113266,45.110737,38.816193
361.186218,177.113266,45.110737,38.816193
367.453705,168.288467,48.042812,41.339138
367.453705,168.288467,48.042812,41.339138
367.453705,168.288467,48.042812,41.339138
367.453705,168.288467,48.042812,41.339138
361.436554,169.592865,53.097485,45.688503
373.152374,158.566666,52.412220,45.098858
368.156372,148.677383,52.810402,45.441479
366.370880,149.548492,56.381161,48.513988
365.560760,149.874512,57.850773,49.778538
365.560760,149.874512,57.850773,49.778538
379.624786,147.809525,61.932816,53.290989
377.676270,147.985764,62.263653,53.575665
377.676270,147.985764,62.263653,53.575665
369.219666,148.361984,62.322334,53.626156
378.656342,144.175476,62.654507,53.911980
373.944031,143.910324,63.927925,55.007713
370.595459,140.121918,62.028442,53.373276
380.256561,143.953308,58.585972,50.411152
370.310059,140.458374,57.968590,49.879917
381.775787,144.073624,58.832268,50.623081
381.775787,144.073624,58.832268,50.623081
381.775787,144.073624,58.832268,50.623081
371.013397,147.499939,60.155422,51.761608
374.033112,145.683762,61.751080,53.134613
374.033112,145.683762,61.751080,53.134613
377.535767,145.484100,57.170437,49.193130
377.716919,146.088181,58.828156,50.619537
377.716919,146.088181,58.828156,50.619537
379.774597,149.892410,57.278763,49.286339
379.774597,149.892410,57.278763,49.286339
382.270325,152.003036,58.236019,50.110023
374.146454,153.114441,61.188354,52.650402
367.098419,145.345673,62.886066,54.111221
370.024261,149.440796,58.670933,50.484249
370.024261,149.440796,58.670933,50.484249
370.024261,149.440796,58.670933,50.484249
372.093536,151.326096,60.464188,52.027283
372.666931,164.325104,60.351418,51.930248
370.804779,149.727814,59.389824,51.102829
367.985809,153.171936,60.636372,52.175438
367.985809,153.171936,60.636372,52.175438
367.985809,153.171936,60.636372,52.175438
367.985809,153.171936,60.636372,52.175438
367.985809,153.171936,60.636372,52.175438
367.985809,153.171936,60.636372,52.175438
367.985809,153.171936,60.636372,52.175438
376.989685,150.312271,60.560722,52.110344
371.911011,146.071350,62.314007,53.618984
384.722748,147.961166,62.187809,53.510395
377.630127,148.285172,63.117493,54.310356
373.316132,143.447281,62.413486,53.704586
363.868469,144.342072,62.377762,53.673847
363.868469,144.342072,62.377762,53.673847
364.452759,147.894150,57.159161,49.183426
377.991058,156.038147,53.589252,46.111645
370.827332,152.889801,50.694092,43.620464
362.009430,153.732346,56.002083,48.187805
360.600037,147.573517,57.161095,49.185093
367.707977,158.618118,56.072266,48.248196
373.426270,150.673859,58.042568,49.943569
356.815857,160.646118,55.536919,47.787548
361.392456,164.788757,50.525654,43.475533
361.392456,164.788757,50.525654,43.475533
351.993683,152.181946,54.315979,46.736973
357.002197,151.549332,54.123051,46.570965
355.362122,158.835831,51.739861,44.520313
355.362122,158.835831,51.739861,44.520313
355.679016,146.080826,52.943348,45.555870
354.246735,147.497665,56.472511,48.592590
354.025452,152.767593,58.698795,50.508228
353.097961,150.654099,60.616982,52.158760
350.311127,137.727829,62.832409,54.065056
350.311127,137.727829,62.832409,54.065056
351.691101,136.080795,62.691105,53.943466
351.691101,136.080795,62.691105,53.943466
353.529724,136.707932,63.183601,54.367241
347.494965,133.336548,64.216331,55.255871
345.079041,132.819519,67.892632,58.419197
345.079041,132.819519,67.892632,58.419197
345.079041,132.819519,67.892632,58.419197
345.079041,132.819519,67.892632,58.419197
347.684418,135.336853,69.663086,59.942608
346.237030,133.013702,66.756561,57.441647
323.560059,139.492264,67.405945,58.000416
344.036926,138.271576,63.389633,54.544521
344.036926,138.271576,63.389633,54.544521
344.036926,138.271576,63.389633,54.544521
344.036926,138.271576,63.389633,54.544521
342.892242,137.106140,67.896851,58.422825
328.826752,134.991486,70.119667,60.335480
314.527191,134.413773,68.857948,59.249817
314.527191,134.413773,68.857948,59.249817
314.297791,130.831375,65.037598,55.962543
319.254852,128.700058,68.776871,59.180054
303.038391,139.527863,68.610077,59.036533
279.547333,118.923988,69.155724,59.506042
302.137451,110.966232,70.887726,60.996368
303.235474,131.941498,74.112236,63.770943
293.108429,124.711464,77.168053,66.400360
293.108429,124.711464,77.168053,66.400360
317.204193,119.891975,80.501526,69.268700
334.121918,115.973671,85.009346,73.147522
361.924408,110.175690,85.063103,73.193771
358.362427,103.061607,86.456657,74.392876
383.183136,116.509613,82.743996,71.198257
398.639221,175.865936,81.360764,70.008034
402.742432,178.208054,77.002304,66.257736
408.065613,174.626404,71.934402,61.896988
413.385986,179.427734,66.613998,57.318970
418.061768,175.197510,61.938248,53.295654
422.254547,169.670517,57.745457,49.687908
424.761017,172.350098,55.238976,47.531170
427.278931,182.092865,52.721062,45.364594
423.751617,170.003571,56.248383,48.399727
427.006378,175.929443,52.993610,45.599113
427.367859,171.185715,52.632130,45.288074
424.649384,212.697159,53.940605,46.413971
416.154266,209.095459,57.818718,49.750946
421.140381,205.602280,58.859612,50.646599
422.084503,208.763657,57.915493,49.834217
418.660217,213.475250,61.339798,52.780708
418.644653,248.499451,61.355350,52.794090
421.414734,247.377930,58.585251,50.410519
421.513824,245.915787,58.486172,50.325264
421.513824,245.915787,58.486172,50.325264
414.880859,232.473083,64.017372,55.084660
403.556183,236.575928,64.110550,55.164833
404.833710,230.264343,63.530319,54.665565
406.318207,238.798920,65.207710,56.108902
376.313690,211.563736,68.935844,59.316830
358.127441,195.558151,70.290970,60.482864
337.299042,188.428223,69.506912,59.808208
312.692047,193.669800,69.965546,60.202847
318.293823,184.215942,70.004860,60.236679
311.747437,189.983551,67.700981,58.254276
303.303192,185.440689,70.123550,60.338810
294.133789,178.969910,76.274384,65.631378
291.731079,189.934662,76.392166,65.732719
297.802826,179.841919,78.739182,67.752235
292.398346,180.470932,84.316948,72.551704
304.241730,177.610703,90.478043,77.853104
289.070801,184.596695,92.308395,79.428055
289.070801,184.596695,92.308395,79.428055
291.984802,186.492706,88.402199,76.066910
264.164062,171.126587,90.003319,77.444611
277.538025,175.411346,88.787758,76.398666
245.853653,164.861374,92.401482,79.508148
250.792511,165.270493,87.739807,75.496948
257.294556,179.691620,82.315773,70.829765
248.320831,172.050720,88.347038,76.019447
248.320831,172.050720,88.347038,76.019447
242.880295,175.009186,86.669754,74.576202
265.394043,190.615005,88.355194,76.026466
239.749542,175.991104,87.455238,75.252090
259.923706,189.052856,83.947830,72.234093
259.923706,189.052856,83.947830,72.234093
255.254364,197.509796,83.622925,71.954529
255.307510,186.061508,86.910263,74.783165
236.601822,182.831863,85.887131,73.902802
211.973328,192.267151,85.667290,73.713638
254.564499,190.959702,85.851471,73.872124
245.369827,183.072495,83.254829,71.637810
236.103500,178.121735,85.413277,73.495079
237.621704,189.222809,84.674606,72.859482
228.080673,178.628082,87.445213,75.243492
220.986755,178.370010,86.244247,74.210106
220.986755,178.370010,86.244247,74.210106
220.986755,178.370010,86.244247,74.210106
220.986755,178.370010,86.244247,74.210106
223.329437,190.345398,83.105774,71.509560
199.796616,183.570999,89.514198,77.023781
199.796616,183.570999,89.514198,77.023781
199.796616,183.570999,89.514198,77.023781
199.796616,183.570999,89.514198,77.023781
199.796616,183.570999,89.514198,77.023781
187.927536,179.779236,93.374565,80.345490
198.471863,184.262665,89.517456,77.026588
188.787079,192.763733,85.070679,73.200294
184.815842,191.197617,86.942062,74.810555
202.500763,186.764053,84.454216,72.669846
192.862320,188.598068,80.037560,68.869469
185.196716,189.553421,76.075485,65.460243
174.493576,188.054657,78.809288,67.812584
174.493576,188.054657,78.809288,67.812584
180.724655,196.139603,75.701988,65.138863
172.454926,186.861954,78.592651,67.626175
172.454926,186.861954,78.592651,67.626175
174.568176,191.485626,74.779587,64.345169
144.252823,188.354431,75.991783,65.388222
159.166016,193.750259,75.511581,64.975021
142.548035,193.555771,77.284645,66.500679
142.548035,193.555771,77.284645,66.500679
151.997818,198.411865,72.399048,62.296799
143.281082,199.288696,73.106026,62.905125
144.679153,200.270142,71.051689,61.137444
144.679153,200.270142,71.051689,61.137444
137.502777,203.594299,66.345741,57.088142
150.188354,189.696548,67.716980,58.268044
142.431168,186.232651,62.543842,53.816742
145.343460,185.823868,68.163551,58.652298
148.311783,174.095291,64.970352,55.904667
152.905441,191.196014,68.781197,59.183765
150.597961,192.549118,67.200203,57.823376
150.597961,192.549118,67.200203,57.823376
158.004929,190.898529,71.301811,61.352661
154.250046,184.720642,69.581543,59.872433
148.966431,183.846252,68.443535,58.893215
148.966431,183.846252,68.443535,58.893215
152.617203,181.378693,70.617165,60.763546
159.805099,179.375427,70.913368,61.018421
163.253403,177.005356,71.493637,61.517719
160.662933,179.999008,71.402771,61.439529
169.746429,179.561966,71.036499,61.124363
181.221924,179.126221,71.018951,61.109264
191.345901,193.641724,65.563499,56.415043
203.195175,190.887726,63.741432,54.847221
203.195175,190.887726,63.741432,54.847221
213.116135,193.712448,60.423702,51.992432
213.116135,193.712448,60.423702,51.992432
215.432693,188.791840,58.263474,50.133633
227.528183,180.356720,56.694485,48.783573
227.911652,181.791107,57.537701,49.509132
225.076355,179.606995,59.122116,50.872467
233.884354,179.898605,61.280842,52.729973
246.692764,186.439285,60.569767,52.118118
249.425934,173.278961,65.311890,56.198544
246.025894,168.138962,71.800667,61.781902
231.990601,187.540497,69.192856,59.537971
231.990601,187.540497,69.192856,59.537971
247.250076,177.643250,72.200165,62.125652
243.094193,180.626358,72.622108,62.488720
248.815598,183.809738,68.997894,59.370213
248.815598,183.809738,68.997894,59.370213
253.649277,174.621872,70.570602,60.723469
249.245529,180.153458,73.790215,63.493832
251.563416,180.012314,73.126923,62.923092
244.219223,171.552246,77.070671,66.316544
241.314270,176.709625,78.084160,67.188614
249.961166,173.214371,78.469078,67.519821
236.812744,176.245255,83.017746,71.433784
241.438721,177.104813,80.398781,69.180260
247.812286,170.728607,75.470284,64.939461
255.892319,171.676315,74.739075,64.310280
255.892319,171.676315,74.739075,64.310280
257.645294,169.412460,76.818336,66.099411
252.126389,180.901062,73.425240,63.179771
254.026978,167.962128,73.859688,63.553596
254.026978,167.962128,73.859688,63.553596
258.996918,170.333145,74.486214,64.092697
254.708221,174.080719,69.729301,59.999546
244.591599,171.809723,69.279945,59.612892
244.591599,171.809723,69.279945,59.612892
248.976486,173.447174,68.893387,59.280273
248.976486,173.447174,68.893387,59.280273
245.605209,171.742645,70.770882,60.895794
245.605209,171.742645,70.770882,60.895794
246.619644,174.582001,69.844673,60.098827
244.704987,183.823776,67.425308,58.017048
244.704987,183.823776,67.425308,58.017048
241.881607,171.158798,72.324821,62.232903
238.675278,173.201981,67.046341,57.690964
237.232742,179.681259,66.459251,57.185795
245.055496,183.818909,68.174583,58.661774
241.339844,189.215179,68.018684,58.527630
241.804474,183.711639,67.908325,58.432671
241.804474,183.711639,67.908325,58.432671
238.485046,181.750778,73.066620,62.871197
238.485046,181.750778,73.066620,62.871197
238.485046,181.750778,73.066620,62.871197
238.485046,181.750778,73.066620,62.871197
229.604935,181.013779,72.931526,62.754955
229.604935,181.013779,72.931526,62.754955
220.729065,185.909912,74.101700,63.761848
230.455917,179.653336,72.302597,62.213783
222.379044,180.658005,77.138214,66.374657
222.379044,180.658005,77.138214,66.374657
214.430527,186.162445,74.621361,64.208992
220.904297,179.454727,74.253822,63.892735
227.979889,182.787262,74.672028,64.252579
227.979889,182.787262,74.672028,64.252579
227.979889,182.787262,74.672028,64.252579
227.979889,182.787262,74.672028,64.252579
227.979889,182.787262,74.672028,64.252579
218.187088,187.328598,75.851883,65.267799
218.187088,187.328598,75.851883,65.267799
212.154678,191.600327,73.971291,63.649620
221.392563,187.010178,73.891052,63.580582
214.392838,193.933807,70.881134,60.990654
214.392838,193.933807,70.881134,60.990654
225.132736,190.088287,68.797073,59.197399
217.304581,185.723648,66.448341,57.176403
217.304581,185.723648,66.448341,57.176403
221.017441,190.744339,66.785843,57.466808
228.442490,190.718246,62.565945,53.835739
219.482315,186.022156,64.045349,55.108715
224.858688,190.996567,62.187286,53.509918
225.041672,193.297485,60.498516,52.056793
225.041672,193.297485,60.498516,52.056793
221.942276,191.559265,61.253906,52.706779
221.942276,191.559265,61.253906,52.706779
221.947739,194.406281,60.820900,52.334194
221.947739,194.406281,60.820900,52.334194
220.752670,192.863174,62.771156,54.012321
221.940948,192.917130,61.628082,53.028748
221.940948,192.917130,61.628082,53.028748
221.940948,192.917130,61.628082,53.028748
220.897415,193.348206,61.711288,53.100342
220.897415,193.348206,61.711288,53.100342
219.008896,188.783691,62.617802,53.880363
230.503006,199.211136,57.494587,49.472023
229.505310,201.492310,54.360439,46.775200
229.505310,201.492310,54.360439,46.775200
226.866104,199.310501,54.288544,46.713337
225.146072,199.452103,51.537670,44.346310
232.988815,193.809570,51.373974,44.205456
227.591843,203.598175,50.672207,43.601608
227.591843,203.598175,50.672207,43.601608
227.591843,203.598175,50.672207,43.601608
231.098770,202.904526,50.031975,43.050713
231.098770,202.904526,50.031975,43.050713
231.098770,202.904526,50.031975,43.050713
228.730896,198.132492,53.887787,46.368500
228.730896,198.132492,53.887787,46.368500
228.730896,198.132492,53.887787,46.368500
227.499283,199.929642,53.086967,45.679424
227.499283,199.929642,53.086967,45.679424
227.499283,199.929642,53.086967,45.679424
227.499283,199.929642,53.086967,45.679424
227.499283,199.929642,53.086967,45.679424
227.499283,199.929642,53.086967,45.679424
227.499283,199.929642,53.086967,45.679424
227.499283,199.929642,53.086967,45.679424
227.499283,199.929642,53.086967,45.679424
227.499283,199.929642,53.086967,45.679424
224.061188,199.598663,53.623650,46.141220
222.673019,196.659958,56.689400,48.779186
223.134415,190.187027,56.173813,48.335545
208.510925,187.623367,59.283073,51.010952
218.484467,200.976456,57.561855,49.529907
224.176025,201.704498,55.804676,48.017918
226.722122,204.867813,50.343426,43.318710
226.722122,204.867813,50.343426,43.318710
229.989731,203.529938,53.067951,45.663067
232.679581,199.554871,52.908417,45.525795
232.679581,199.554871,52.908417,45.525795
233.743988,207.037445,52.253372,44.962151
233.743988,207.037445,52.253372,44.962151
232.455994,206.718033,48.215408,41.487625
233.633942,200.791458,49.668915,42.738316
237.764557,207.223053,48.856304,42.039093
237.764557,207.223053,48.856304,42.039093
237.764557,207.223053,48.856304,42.039093
236.893875,206.245987,49.097027,42.246227
233.290268,209.594803,50.418266,43.383106
235.539459,206.465134,50.080173,43.092190
235.539459,206.465134,50.080173,43.092190
233.983902,210.910080,53.050095,45.647701
233.983902,210.910080,53.050095,45.647701
226.457108,206.376709,56.769077,48.847752
231.341019,210.862000,54.807327,47.159737
231.341019,210.862000,54.807327,47.159737
231.341019,210.862000,54.807327,47.159737
229.872284,212.617722,51.605820,44.404953
229.872284,212.617722,51.605820,44.404953
231.424545,211.545120,52.611877,45.270630
226.995987,206.532791,53.918648,46.395058
228.528976,210.184509,53.772697,46.269470
228.528976,210.184509,53.772697,46.269470
228.528976,210.184509,53.772697,46.269470
231.731293,207.101028,53.159706,45.742012
231.731293,207.101028,53.159706,45.742012
229.201340,209.512604,52.807770,45.439182
229.201340,209.512604,52.807770,45.439182
233.928116,211.460083,52.177868,44.897175
228.190277,210.406342,52.042690,44.780861
231.170364,206.007446,54.124214,46.571938
231.170364,206.007446,54.124214,46.571938
230.349426,208.070526,54.825027,47.174965
228.538925,203.498871,58.031979,49.934433
226.164597,200.133987,62.076481,53.414581
232.890579,197.350647,64.016029,55.083492
232.890579,197.350647,64.016029,55.083492
223.140930,195.827881,61.069695,52.548275
223.140930,195.827881,61.069695,52.548275
223.140930,195.827881,61.069695,52.548275
223.140930,195.827881,61.069695,52.548275
231.351669,196.988312,62.305679,53.611797
231.351669,196.988312,62.305679,53.611797
225.915482,190.505219,66.896744,57.562244
225.915482,190.505219,66.896744,57.562244
225.915482,190.505219,66.896744,57.562244
225.915482,190.505219,66.896744,57.562244
217.710556,192.022125,69.747864,60.015533
217.710556,192.022125,69.747864,60.015533
217.710556,192.022125,69.747864,60.015533
221.056625,195.469299,66.290405,57.040516
221.056625,195.469299,66.290405,57.040516
221.056625,195.469299,66.290405,57.040516
221.056625,195.469299,66.290405,57.040516
221.056625,195.469299,66.290405,57.040516
221.056625,195.469299,66.290405,57.040516
216.913406,185.667603,65.078171,55.997433
212.698181,196.210007,65.339607,56.222389
223.471527,192.140747,67.320869,57.927197
224.520493,192.971619,72.414902,62.310429
208.455231,190.241974,71.336723,61.382694
206.787155,191.049332,67.066536,57.708351
207.788879,192.099319,72.405159,62.302048
207.788879,192.099319,72.405159,62.302048
212.367203,188.644669,73.334488,63.101700
205.183517,194.036865,67.982780,58.496746
205.183517,194.036865,67.982780,58.496746
205.183517,194.036865,67.982780,58.496746
205.183517,194.036865,67.982780,58.496746
205.183517,194.036865,67.982780,58.496746
216.340408,202.271057,63.519188,54.655983
216.340408,202.271057,63.519188,54.655983
213.644577,206.797806,57.916138,49.834759
213.479691,212.482483,55.341675,47.619526
214.737976,213.829544,50.645782,43.578876
216.940720,216.377029,47.652737,41.003468
216.940720,216.377029,47.652737,41.003468
216.940720,216.377029,47.652737,41.003468
216.343948,216.278229,48.244995,41.513084
216.343948,216.278229,48.244995,41.513084
211.591858,212.867538,47.047489,40.482674
213.653641,212.425751,48.715473,41.917915
213.653641,212.425751,48.715473,41.917915
213.653641,212.425751,48.715473,41.917915
211.724838,206.119827,51.679588,44.468430
211.724838,206.119827,51.679588,44.468430
211.724838,206.119827,51.679588,44.468430
211.957275,207.372711,48.520100,41.749802
206.595779,198.312073,48.966450,42.133869
211.230789,213.965500,50.391464,43.360043
212.088104,214.464478,44.821381,38.567184
212.088104,214.464478,44.821381,38.567184
212.088104,214.464478,44.821381,38.567184
212.088104,214.464478,44.821381,38.567184
212.088104,214.464478,44.821381,38.567184
207.059631,212.995102,47.382347,40.770805
207.059631,212.995102,47.382347,40.770805
207.059631,212.995102,47.382347,40.770805
207.059631,212.995102,47.382347,40.770805
207.059631,212.995102,47.382347,40.770805
207.059631,212.995102,47.382347,40.770805
207.059631,212.995102,47.382347,40.770805
204.061432,218.283188,48.011059,41.311790
204.061432,218.283188,48.011059,41.311790
204.061432,218.283188,48.011059,41.311790
207.044144,219.828369,48.332874,41.588699
208.225540,215.512177,46.948814,40.397766
208.225540,215.512177,46.948814,40.397766
208.225540,215.512177,46.948814,40.397766
208.225540,215.512177,46.948814,40.397766
208.225540,215.512177,46.948814,40.397766
208.838348,218.592621,45.438297,39.098022
207.449112,212.164261,46.048557,39.623127
208.482254,214.662354,47.084812,40.514786
208.482254,214.662354,47.084812,40.514786
211.720154,208.869827,48.250366,41.517700
211.720154,208.869827,48.250366,41.517700
206.807388,209.454987,50.167614,43.167423
207.664093,206.606094,52.246658,44.956367
207.664093,206.606094,52.246658,44.956367
207.664093,206.606094,52.246658,44.956367
207.664093,206.606094,52.246658,44.956367
207.664093,206.606094,52.246658,44.956367
206.702057,200.273010,51.850155,44.615192
208.725388,203.547302,52.795708,45.428806
212.068253,206.363266,50.930798,43.824116
209.370972,207.306335,50.144157,43.147240
209.370972,207.306335,50.144157,43.147240
209.370972,207.306335,50.144157,43.147240
211.200180,210.435669,48.755016,41.951935
206.547165,208.660034,47.673931,41.021698
210.924149,211.203033,50.025791,43.045391
207.506760,206.797226,49.687531,42.754330
207.506760,206.797226,49.687531,42.754330
207.506760,206.797226,49.687531,42.754330
205.961151,206.258438,51.432384,44.255714
205.961151,206.258438,51.432384,44.255714
205.961151,206.258438,51.432384,44.255714
205.961151,206.258438,51.432384,44.255714
208.442184,206.986328,47.820923,41.148182
208.442184,206.986328,47.820923,41.148182
208.442184,206.986328,47.820923,41.148182
208.442184,206.986328,47.820923,41.148182
208.442184,206.986328,47.820923,41.148182
208.442184,206.986328,47.820923,41.148182
208.927383,210.495117,47.101505,40.529152
208.927383,210.495117,47.101505,40.529152
209.760162,215.508194,46.948910,40.397850
209.760162,215.508194,46.948910,40.397850
214.059952,211.462570,48.245159,41.513226
214.059952,211.462570,48.245159,41.513226
207.195374,211.215057,44.925053,38.656391
207.195374,211.215057,44.925053,38.656391
209.006943,218.302536,47.873703,41.193596
208.046814,215.050812,47.205261,40.618427
205.495941,213.998291,46.401588,39.926895
205.495941,213.998291,46.401588,39.926895
205.495941,213.998291,46.401588,39.926895
205.495941,213.998291,46.401588,39.926895
205.634232,208.642151,45.990395,39.573078
201.133377,206.960419,47.957500,41.265701
201.133377,206.960419,47.957500,41.265701
204.794678,212.220123,48.493889,41.727245
204.140915,214.755478,51.557991,44.363792
200.780106,212.724106,50.660233,43.591305
200.780106,212.724106,50.660233,43.591305
200.780106,212.724106,50.660233,43.591305
203.562302,207.697357,54.256462,46.685730
203.562302,207.697357,54.256462,46.685730
205.316238,207.852676,51.380245,44.210846
197.841949,208.894302,51.332474,44.169739
199.164352,206.122284,54.106651,46.556820
199.164352,206.122284,54.106651,46.556820
199.164352,206.122284,54.106651,46.556820
199.164352,206.122284,54.106651,46.556820
199.164352,206.122284,54.106651,46.556820
199.164352,206.122284,54.106651,46.556820
199.164352,206.122284,54.106651,46.556820
198.057556,204.766281,56.467659,48.588383
206.639816,206.422379,54.449917,46.852188
199.222153,201.417862,51.411625,44.237846
202.280243,208.785980,52.791286,45.424995
198.063202,205.261856,55.885601,48.087540
198.474426,197.801071,53.867371,46.350925
202.321381,196.609985,54.870686,47.214241
206.326141,200.846603,49.210754,42.344074
216.904831,203.952911,53.074734,45.668888
202.738159,195.110901,52.213654,44.927959
202.738159,195.110901,52.213654,44.927959
201.433426,195.485229,50.158279,43.159386
207.204437,194.960327,49.253532,42.380882
211.706329,195.742828,49.419392,42.523598
190.716721,167.048325,48.627342,41.842068
163.863281,161.966324,44.812435,38.559479
161.486115,163.477097,45.666584,39.294445
161.486115,163.477097,45.666584,39.294445
167.428772,161.322922,47.154694,40.574909
160.685059,156.926300,49.555981,42.641132
160.685059,156.926300,49.555981,42.641132
160.685059,156.926300,49.555981,42.641132
165.239838,157.223923,50.505753,43.458378
167.791245,156.655212,49.090649,42.240734
157.672440,154.574570,52.710911,45.355839
157.672440,154.574570,52.710911,45.355839
154.280365,154.294342,50.926933,43.820789
155.273712,155.777130,49.874729,42.915405
158.938110,153.498856,49.392391,42.500370
161.489807,153.903259,49.805508,42.855839
159.817352,152.945038,49.769947,42.825241
160.618622,154.992249,50.938366,43.830624
160.365356,153.526505,52.995678,45.600864
156.835831,148.734360,54.529732,46.920860
158.751740,147.690201,57.038425,49.079498
158.751740,147.690201,57.038425,49.079498
158.143585,146.881409,59.505188,51.202061
155.721283,144.893478,61.301449,52.747681
143.270660,147.312698,59.620255,51.301075
162.209320,143.022476,63.574654,54.703693
147.343033,143.698425,65.360252,56.240135
164.221664,145.201935,62.427002,53.716179
164.221664,145.201935,62.427002,53.716179
164.221664,145.201935,62.427002,53.716179
209.042236,183.378265,62.308720,53.614399
226.091309,176.889008,65.195816,56.098640
229.964737,169.538712,66.942276,57.601410
253.033249,176.797073,69.919884,60.163532
236.611160,169.050720,71.273003,61.327843
228.005783,176.506470,77.302498,66.516006
243.781342,182.038849,78.709885,67.727013
238.696808,175.933197,72.420700,62.315395
243.326233,174.670105,73.077713,62.880730
241.876465,176.794479,73.269402,63.045673
247.729721,168.023361,79.780319,68.648087
247.729721,168.023361,79.780319,68.648087
246.123856,176.732162,77.108032,66.348679
246.123856,176.732162,77.108032,66.348679
238.291397,176.676102,74.239258,63.880203
238.291397,176.676102,74.239258,63.880203
238.291397,176.676102,74.239258,63.880203
238.291397,176.676102,74.239258,63.880203
238.291397,176.676102,74.239258,63.880203
238.291397,176.676102,74.239258,63.880203
238.291397,176.676102,74.239258,63.880203
254.189087,176.529694,70.922516,61.026268
254.189087,176.529694,70.922516,61.026268
267.579529,182.224869,70.656113,60.797039
268.752563,185.244354,68.200638,58.684193
264.616577,179.016144,67.715584,58.266819
274.103516,180.238144,67.472214,58.057407
274.103516,180.238144,67.472214,58.057407
277.353912,179.639755,68.669800,59.087887
277.353912,179.639755,68.669800,59.087887
277.353912,179.639755,68.669800,59.087887
276.668610,176.349457,70.709190,60.842705
280.101105,183.273224,70.559258,60.713692
283.201874,184.469879,71.361610,61.404083
283.201874,184.469879,71.361610,61.404083
283.201874,184.469879,71.361610,61.404083
286.963226,188.315048,71.309647,61.359371
304.757324,181.552002,68.787636,59.189270
309.594543,181.393204,70.910072,61.015553
309.594543,181.393204,70.910072,61.015553
311.773895,174.396240,67.194321,57.818287
315.732849,181.239349,63.349957,54.510349
315.732849,181.239349,63.349957,54.510349
309.991394,172.936157,66.350594,57.092293
309.991394,172.936157,66.350594,57.092293
309.991394,172.936157,66.350594,57.092293
309.991394,172.936157,66.350594,57.092293
308.988495,178.731171,66.379059,57.116787
308.988495,178.731171,66.379059,57.116787
296.240631,180.903305,66.701836,57.394527
290.650085,177.464127,67.975525,58.490490
290.650085,177.464127,67.975525,58.490490
276.122131,177.959198,67.432320,58.023079
278.124207,174.998581,68.713440,59.125435
278.432190,185.039612,62.965240,54.179317
278.193878,180.906235,59.033882,50.796528
278.193878,180.906235,59.033882,50.796528
261.032776,181.179306,60.704300,52.233860
269.703918,176.092438,59.543823,51.235313
256.757721,176.024261,62.016373,53.362854
257.222412,179.119980,59.488487,51.187698
262.799225,178.712677,58.734253,50.538708
262.799225,178.712677,58.734253,50.538708
259.332733,174.736404,59.795811,51.452141
256.557037,177.619263,59.226643,50.962391
261.852173,171.271286,57.910110,49.829563
269.369720,175.947037,58.993698,50.761951
269.319458,184.520294,57.457932,49.440479
266.114502,184.955521,56.358829,48.494743
266.114502,184.955521,56.358829,48.494743
272.171753,189.065628,51.119785,43.986732
272.171753,189.065628,51.119785,43.986732
260.989746,189.827148,53.265732,45.833244
256.315155,191.260605,52.889297,45.509335
248.688934,184.440811,55.016495,47.339710
252.197464,185.348053,56.925972,48.982746
252.197464,185.348053,56.925972,48.982746
249.064621,184.773926,58.622700,50.442722
249.064621,184.773926,58.622700,50.442722
246.417770,186.002884,54.312679,46.734104
241.703033,193.134995,55.907631,48.106503
241.703033,193.134995,55.907631,48.106503
241.703033,193.134995,55.907631,48.106503
236.333755,190.224731,57.001915,49.048096
236.333755,190.224731,57.001915,49.048096
246.184814,196.135406,55.494305,47.750851
246.184814,196.135406,55.494305,47.750851
232.962860,188.009979,58.268002,50.137516
229.647415,193.570633,61.345024,52.785183
223.416824,189.828583,59.737713,51.402149
229.174118,195.438583,59.455574,51.159378
228.427094,191.801834,60.170982,51.774960
237.847717,197.283768,54.852543,47.198635
237.215317,201.562790,48.443062,41.683510
237.215317,201.562790,48.443062,41.683510
234.559525,195.435562,50.258472,43.245605
234.559525,195.435562,50.258472,43.245605
234.559525,195.435562,50.258472,43.245605
228.688385,197.645905,52.865044,45.488464
228.688385,197.645905,52.865044,45.488464
220.003281,193.612869,57.834862,49.764812
220.512283,191.611862,58.840389,50.630032
220.512283,191.611862,58.840389,50.630032
227.524796,196.642517,57.777527,49.715477
229.477661,193.324295,58.310627,50.174191
230.289337,195.330933,58.499603,50.336800
230.289337,195.330933,58.499603,50.336800
239.016083,187.867172,57.448360,49.432243
243.424042,193.134476,55.838642,48.047138
243.757401,196.835846,52.174873,44.894596
245.666733,194.769333,51.575287,44.378674
240.074219,181.336990,54.681736,47.051659
234.373886,182.968857,58.657848,50.472961
226.921356,182.149063,61.256313,52.708847
224.680222,181.277710,60.597313,52.141800
224.680222,181.277710,60.597313,52.141800
227.886200,174.648590,61.563171,52.972885
228.334549,169.326294,61.755936,53.138752
223.257416,169.920685,62.325081,53.628479
230.997086,167.205307,60.386055,51.960014
225.671875,167.815002,60.836773,52.347839
225.712173,172.989151,60.714394,52.242538
225.712173,172.989151,60.714394,52.242538
225.712173,172.989151,60.714394,52.242538
229.628632,182.248505,57.710785,49.658043
229.628632,182.248505,57.710785,49.658043
229.628632,182.248505,57.710785,49.658043
229.628632,182.248505,57.710785,49.658043
229.010635,182.334702,56.237965,48.390736
229.010635,182.334702,56.237965,48.390736
229.010635,182.334702,56.237965,48.390736
226.940247,181.952576,57.713478,49.660362
234.857330,185.774750,56.723236,48.808296
237.209915,188.500671,53.148140,45.732056
237.209915,188.500671,53.148140,45.732056
239.622665,183.897797,51.608494,44.407246
239.622665,183.897797,51.608494,44.407246
242.508041,185.707886,52.222607,44.935669
242.508041,185.707886,52.222607,44.935669
246.997681,186.177628,52.541103,45.209724
246.997681,186.177628,52.541103,45.209724
246.997681,186.177628,52.541103,45.209724
251.146774,190.142532,51.590248,44.391548
260.471344,186.472870,52.752239,45.391399
262.194519,189.597229,53.490154,46.026348
258.339691,192.542938,53.185276,45.764011
265.387726,192.599899,51.724121,44.506741
271.288727,182.752960,50.289330,43.272156
274.133881,186.236588,53.307800,45.869442
278.589111,186.433609,53.235123,45.806908
286.926270,184.800491,50.602852,43.541935
286.237885,190.640732,51.514286,44.326191
286.676056,189.081650,49.732597,42.793110
278.941162,182.176895,51.327038,44.165070
279.033844,177.356613,52.872726,45.495079
283.310822,193.876953,52.029289,44.769333
286.139618,183.612885,52.943497,45.555973
283.443054,180.426529,49.776352,42.830757
280.990265,182.179306,47.977638,41.283028
275.620789,182.336761,50.867332,43.769505
279.059143,181.228012,50.427853,43.391346
284.360870,186.494537,52.425228,45.110016
288.383972,191.544418,50.609798,43.547905
288.868317,183.607437,52.260544,44.968311
275.131042,191.513382,51.707760,44.492661
284.189087,186.971603,54.764393,47.122784
284.189087,186.971603,54.764393,47.122784
284.189087,186.971603,54.764393,47.122784
279.238892,179.557419,54.594883,46.976925
281.840790,179.865265,54.098595,46.549889
282.573700,177.335129,54.315033,46.736126
279.755280,180.738037,55.425671,47.691788
280.396942,180.421616,56.931740,48.987705
277.762054,174.448471,57.001350,49.047600
277.762054,174.448471,57.001350,49.047600
269.151703,178.759857,56.441616,48.565968
275.779083,182.443802,52.403309,45.091148
285.504364,173.319092,51.462471,44.281590
285.761932,172.111160,50.302197,43.283215
285.761932,172.111160,50.302197,43.283215
280.574493,167.524780,51.343952,44.179607
285.834106,173.147583,50.473362,43.430496
284.502563,175.169281,51.521049,44.331993
282.156281,165.215088,52.255184,44.963688
276.050446,168.374405,54.317116,46.737904
270.216278,165.297058,55.347973,47.624920
270.216278,165.297058,55.347973,47.624920
269.640289,167.040512,56.004383,48.189735
272.892273,173.383667,54.664211,47.036564
267.983276,170.378052,56.901802,48.961929
273.425385,172.978302,59.095821,50.849804
273.425385,172.978302,59.095821,50.849804
274.814301,179.238434,55.485004,47.742828
269.866547,174.447968,55.575924,47.821060
271.014832,174.402161,53.890068,46.370441
270.529083,176.486115,53.118645,45.706661
261.732391,184.399231,49.410690,42.516102
267.303162,174.107773,50.485023,43.440529
269.927551,176.643951,50.427990,43.391453
259.949066,184.184021,53.023346,45.624664
258.529053,180.445114,50.644920,43.578117
268.615631,179.577576,50.531921,43.480885
257.046478,186.004761,49.912476,42.947872
253.415939,180.180283,45.813396,39.420761
252.526382,189.464615,46.561680,40.064632
251.096878,184.538208,43.449471,37.386692
252.263626,187.372803,42.268349,36.370380
246.380386,186.259674,40.397991,34.761005
251.592484,185.805725,38.880745,33.455471
232.997467,181.740631,38.656540,33.262550
224.855255,185.689316,40.666252,34.991833
213.587173,187.225983,39.854408,34.293270
220.415527,200.056671,37.101475,31.924469
218.867859,200.989182,36.962624,31.804991
215.342041,199.583359,35.629078,30.657522
215.342041,199.583359,35.629078,30.657522
217.026123,192.084244,34.122574,29.361231
195.137131,195.688446,34.513222,29.697369
224.156311,195.315567,36.441418,31.356510
236.412857,194.169754,39.053886,33.604443
201.731262,200.025299,39.830029,34.272285
196.327942,198.320679,41.690815,35.873425
196.823029,196.619995,42.113972,36.237534
185.263199,196.639053,41.575665,35.774338
169.335541,192.071762,44.000626,37.860928
172.297821,187.272095,47.406261,40.791351
170.816574,189.293869,44.142712,37.983185
177.203018,183.308929,45.366444,39.036163
173.880722,183.815750,46.207314,39.759701
171.413956,186.218979,47.511509,40.881912
171.413956,186.218979,47.511509,40.881912
171.413956,186.218979,47.511509,40.881912
162.499405,182.932053,46.477058,39.991802
149.842529,198.246033,45.358002,39.028896
156.489471,188.217972,47.887951,41.205826
146.877457,190.363174,50.491215,43.445839
160.580917,183.191925,50.835644,43.742210
153.345169,188.775497,54.830593,47.179718
172.613205,184.686310,52.506847,45.180222
166.406708,183.374847,57.531559,49.503803
166.406708,183.374847,57.531559,49.503803
166.406708,183.374847,57.531559,49.503803
169.700745,183.516541,54.166359,46.608170
161.918427,192.759323,53.870224,46.353359
165.746521,193.337555,47.950378,41.259548
161.302673,196.442978,45.696434,39.320110
153.124420,197.972824,49.647717,42.720043
145.399582,196.808075,49.614388,42.691364
128.918457,188.051773,48.046928,41.342625
138.430298,192.672592,47.494247,40.867065
124.244675,203.669006,44.735813,38.493534
133.395462,198.117371,46.026512,39.604134
132.467255,195.903214,46.426277,39.948116
126.027084,195.783585,46.518524,40.027493
123.904129,198.713715,45.649139,39.279419
118.466164,197.928619,45.462288,39.118641
117.324089,195.955017,44.579910,38.359386
116.913620,199.607635,46.020531,39.598988
113.832748,199.942566,47.249523,40.656490
98.950439,188.564514,50.628246,43.563759
98.950439,188.564514,50.628246,43.563759
95.784088,194.489075,52.335110,45.032452
95.784088,194.489075,52.335110,45.032452
90.522568,195.280838,50.722191,43.644596
92.078217,196.856979,49.348991,42.463005
88.495171,192.361496,48.797634,41.988583
88.495171,192.361496,48.797634,41.988583
88.768120,199.093674,51.965454,44.714375
88.768120,199.093674,51.965454,44.714375
75.429321,192.414734,56.418968,48.546463
79.274536,190.569336,59.056736,50.816166
75.174507,192.905624,64.195633,55.237999
77.471680,192.515045,61.991962,53.341824
64.424240,194.487595,62.609669,53.873337
63.184517,188.522705,61.086102,52.562363
73.488281,191.955750,62.583458,53.850784
72.443588,191.472717,61.318985,52.762749
69.918915,193.323502,59.338936,51.058987
57.444824,191.973282,56.195553,48.354221
71.538521,200.075500,56.757557,48.837807
71.538521,200.075500,56.757557,48.837807
71.538521,200.075500,56.757557,48.837807
81.796638,196.883652,54.879498,47.221806
81.796638,196.883652,54.879498,47.221806
74.066872,193.056183,53.359863,45.914215
98.379219,194.764359,52.753605,45.392551
91.973045,192.171936,50.615814,43.553062
101.632996,191.994461,49.446198,42.546650
118.363617,191.139404,53.025936,45.626884
122.251984,192.253479,52.068077,44.802681
128.424194,190.582047,51.718449,44.501839
116.092415,188.617493,54.750237,47.110580
111.043106,181.009644,58.633163,50.451698
111.043106,181.009644,58.633163,50.451698
119.197456,185.518555,59.359741,51.076893
124.439812,151.506927,60.859631,52.367493
105.754478,191.971634,60.311497,51.895844
105.754478,191.971634,60.311497,51.895844
104.470772,191.962875,60.284809,51.872879
109.219231,194.902084,58.399097,50.250294
113.236839,192.455994,58.049809,49.949741
113.236839,192.455994,58.049809,49.949741
113.236839,192.455994,58.049809,49.949741
100.677483,193.166595,56.654499,48.749130
101.233742,195.425430,56.936592,48.991863
111.035942,185.928833,54.858330,47.203594
104.319511,184.740738,60.937069,52.434128
89.232956,189.323456,60.566956,52.115658
92.984932,194.697968,58.576653,50.403072
125.815620,151.472382,56.224560,48.379181
124.689285,147.299774,59.720997,51.387737
92.863792,136.769974,59.479469,51.179913
79.837120,135.374649,61.544441,52.956745
26.528118,163.905289,61.480030,52.901321
26.528118,163.905289,61.480030,52.901321
26.828547,161.679367,61.489323,52.909317
3.577077,175.466187,60.664455,52.199551
3.577077,175.466187,60.664455,52.199551
3.577077,175.466187,60.664455,52.199551
2.144555,171.828842,60.561161,52.110668
0.000000,175.965469,62.386684,53.681465
0.000000,155.963684,66.877701,57.545822
14.227455,153.744980,68.840012,59.234318
0.000000,150.396469,67.598373,58.165932
0.000000,166.383865,62.809914,54.045639
0.000000,149.688095,69.500801,59.802906
0.000000,137.979019,68.713974,59.125870
0.000000,139.996933,69.254227,59.590740
5.716018,127.603249,69.848595,60.102173
0.000000,129.884018,71.758324,61.745426
22.384720,125.701126,72.247177,62.166069
50.359337,102.907333,73.866356,63.559311
50.359337,102.907333,73.866356,63.559311
36.743824,113.013618,73.932404,63.616142
35.658180,112.400688,74.311783,63.942585
14.460585,109.089897,77.586472,66.760338
19.945814,114.305916,72.371216,62.272804
51.182133,98.255806,71.258240,61.315132
51.182133,98.255806,71.258240,61.315132
56.101604,105.233208,67.162735,57.791096
49.230949,104.883850,71.022728,61.112476
45.523720,101.839470,77.227356,66.451332
0.000000,116.342773,78.480476,67.529602
0.000000,116.342773,78.480476,67.529602
25.975784,106.070396,78.832901,67.832855
0.000000,108.084068,85.109390,73.233551
0.000000,100.292488,89.498154,77.009918
0.000000,100.292488,89.498154,77.009918
0.000000,106.584000,93.575272,80.518127
0.000000,115.065971,95.015686,81.757545
0.000000,108.422295,93.144859,80.147766
0.000000,105.923927,90.395828,77.782326
0.000000,110.953842,85.880028,73.896645
0.000000,116.110268,84.288979,72.527603
0.000000,105.085449,82.519836,71.005325
0.004202,102.475166,80.209976,69.017776
0.000000,115.863037,79.908623,68.758476
0.000000,109.536331,76.642075,65.947731
0.000000,109.536331,76.642075,65.947731
65.397346,104.268211,74.644844,64.229187
87.940880,109.293655,69.976089,60.211891
116.701836,108.719452,68.340134,58.804211
120.555084,114.348297,72.226944,62.148666
113.861038,111.137741,72.187073,62.114361
121.403976,108.381012,66.708397,57.400158
130.695740,107.139023,67.843445,58.376823
130.807449,114.976646,70.642418,60.785240
174.965836,106.021187,72.842796,62.678589
200.482483,104.408325,67.221901,57.842010
199.081314,110.253609,66.410469,57.143803
193.395187,111.536102,65.405022,56.278656
188.102829,97.778465,67.788712,58.329739
200.342865,102.619942,70.226372,60.427254
197.792007,95.574409,71.231125,61.291809
199.868668,92.442215,72.172592,62.101906
204.526413,94.077209,70.963081,61.061169
204.526413,94.077209,70.963081,61.061169
183.340927,96.279602,67.401619,57.996662
196.660736,91.051659,72.567856,62.442020
179.208771,95.787094,68.783150,59.185421
186.755402,99.941879,68.079468,58.579926
186.755402,99.941879,68.079468,58.579926
186.755402,99.941879,68.079468,58.579926
186.755402,99.941879,68.079468,58.579926
194.662643,100.328995,65.555916,56.408497
194.662643,100.328995,65.555916,56.408497
195.853622,100.769653,66.447525,57.175697
177.211823,99.426926,67.386124,57.983330
185.633453,96.587265,67.184433,57.809780
185.633453,96.587265,67.184433,57.809780
191.478470,103.445320,64.942154,55.880379
191.478470,103.445320,64.942154,55.880379
181.817368,103.446419,63.854744,54.944702
181.817368,103.446419,63.854744,54.944702
174.094147,105.294441,62.073090,53.411652
191.758881,104.768707,59.306137,51.030788
185.190109,135.100235,60.770214,52.290573
178.647064,135.861526,60.519264,52.074642
203.873932,147.522522,63.736855,54.843262
183.162811,144.912552,62.937416,54.155373
177.608261,146.981094,60.867687,52.374447
177.608261,146.981094,60.867687,52.374447
173.953720,148.786819,60.113255,51.725285
173.953720,148.786819,60.113255,51.725285
182.759689,150.147720,59.103001,50.855995
156.087769,147.453781,64.023811,55.090172
155.328522,149.113403,63.559555,54.690697
155.742447,143.085236,62.007065,53.354836
155.742447,143.085236,62.007065,53.354836
150.051361,144.772125,62.449383,53.735435
143.728317,150.383560,61.519020,52.934891
143.728317,150.383560,61.519020,52.934891
150.714218,145.693298,62.139133,53.468479
145.679031,150.123016,61.801430,53.177898
140.233704,157.868500,62.709030,53.958855
135.821335,149.435410,61.091637,52.567146
129.682526,161.727325,61.096786,52.571579
118.684944,161.254395,57.582825,49.547939
118.684944,161.254395,57.582825,49.547939
118.684944,161.254395,57.582825,49.547939
126.366837,165.711853,54.708652,47.074818
121.839668,165.579575,60.641068,52.179447
120.858566,162.951630,62.054371,53.395542
108.957993,162.111649,61.606277,53.009972
108.957993,162.111649,61.606277,53.009972
105.673302,167.086716,59.230629,50.965813
109.820259,149.177811,58.054497,49.953793
104.889366,157.801529,55.374763,47.647980
100.405830,168.657333,54.538723,46.928596
99.166946,165.791183,54.611320,46.991062
94.496086,168.459229,57.508968,49.484383
96.366714,156.786224,55.634888,47.871803
92.118797,163.748047,55.737148,47.959793
93.875069,170.022339,56.207256,48.364304
93.875069,170.022339,56.207256,48.364304
93.710220,174.941299,53.317760,45.877998
102.344193,170.863754,52.490883,45.166500
99.093697,173.854309,51.672184,44.462040
102.435364,172.829147,56.870670,48.935146
107.335663,164.969269,57.034878,49.076443
112.716164,159.996201,54.968391,47.298306
102.232033,163.358032,54.235622,46.667782
105.066040,169.671829,52.191753,44.909107
112.102501,165.342392,52.293652,44.996788
145.873474,181.853806,54.743923,47.105156
160.211273,188.252243,53.846329,46.332809
155.161758,178.431839,55.933186,48.128475
164.390961,183.950790,56.520943,48.634220
167.554443,170.996033,60.415565,51.985401
174.458710,176.557846,59.017742,50.782623
177.893585,178.834885,57.358376,49.354801
183.904007,181.051682,57.515156,49.489704
192.197601,166.836700,62.292046,53.600044
181.289978,171.272629,62.435024,53.723072
171.045441,175.022385,64.837509,55.790321
172.259094,176.944412,68.185989,58.671566
165.678055,171.253677,69.366318,59.687195
170.252914,171.254883,71.354889,61.398289
170.252914,171.254883,71.354889,61.398289
170.430542,169.583771,73.172592,62.962360
196.985046,172.581238,79.893387,68.745361
202.755371,166.827286,79.163719,68.117508
203.523483,169.020035,81.781021,70.369598
203.523483,169.020035,81.781021,70.369598
201.787003,165.324738,80.506767,69.273148
214.170471,166.890915,80.465317,69.237480
214.170471,166.890915,80.465317,69.237480
184.950516,154.603821,84.314156,72.549271
184.950516,154.603821,84.314156,72.549271
221.936340,161.841309,83.761612,72.073830
229.369110,162.914093,80.097443,68.920944
229.369110,162.914093,80.097443,68.920944
229.369110,162.914093,80.097443,68.920944
229.369110,162.914093,80.097443,68.920944
203.279587,148.809372,82.936874,71.364166
213.046280,146.294662,83.782921,72.092163
220.952530,153.048538,79.988594,68.827278
220.952530,153.048538,79.988594,68.827278
234.519455,152.213226,82.632469,71.102234
246.269043,151.223328,85.433464,73.512390
246.269043,151.223328,85.433464,73.512390
246.269043,151.223328,85.433464,73.512390
246.269043,151.223328,85.433464,73.512390
246.269043,151.223328,85.433464,73.512390
259.356476,149.797089,84.868034,73.025856
259.356476,149.797089,84.868034,73.025856
259.356476,149.797089,84.868034,73.025856
261.992920,153.110291,78.656609,67.681152
261.992920,153.110291,78.656609,67.681152
261.992920,153.110291,78.656609,67.681152
259.991089,154.665665,79.893585,68.745529
254.546082,151.514954,80.241844,69.045197
254.546082,151.514954,80.241844,69.045197
254.546082,151.514954,80.241844,69.045197
254.546082,151.514954,80.241844,69.045197
250.443024,150.388611,82.403496,70.905220
250.443024,150.388611,82.403496,70.905220
250.443024,150.388611,82.403496,70.905220
250.443024,150.388611,82.403496,70.905220
250.443024,150.388611,82.403496,70.905220
261.125519,150.605469,81.004959,69.701828
255.560150,149.970200,81.735825,70.330711
255.560150,149.970200,81.735825,70.330711
255.560150,149.970200,81.735825,70.330711
239.457993,156.828659,80.025223,68.858803
247.539520,148.355286,78.273232,67.351280
250.480713,149.858551,79.153755,68.108940
250.480713,149.858551,79.153755,68.108940
250.081909,154.116943,78.062576,67.170021
258.386658,150.538300,80.748039,69.480766
252.759537,156.844528,77.859436,66.995224
249.158875,148.821564,81.341522,69.991432
249.158875,148.821564,81.341522,69.991432
249.158875,148.821564,81.341522,69.991432
249.158875,148.821564,81.341522,69.991432
259.345001,149.155060,81.135635,69.814278
258.790314,147.523865,85.224785,73.332840
258.790314,147.523865,85.224785,73.332840
258.790314,147.523865,85.224785,73.332840
257.665314,150.299179,85.147964,73.266739
257.665314,150.299179,85.147964,73.266739
257.665314,150.299179,85.147964,73.266739
257.665314,150.299179,85.147964,73.266739
257.665314,150.299179,85.147964,73.266739
261.278625,153.043961,81.930031,70.497826
261.278625,153.043961,81.930031,70.497826
261.278625,153.043961,81.930031,70.497826
261.278625,153.043961,81.930031,70.497826
245.054428,154.842041,83.286674,71.665169
247.461777,151.744781,82.531647,71.015495
247.461777,151.744781,82.531647,71.015495
250.510437,164.411438,79.558258,68.457001
264.846161,157.142426,76.556686,65.874260
266.401855,162.819351,78.568771,67.605591
274.456085,169.578995,71.154228,61.225643
280.425232,161.572891,74.859337,64.413757
287.730347,161.591660,74.921402,64.467163
281.206635,164.654083,76.926743,66.192688
286.917114,162.704025,72.194939,62.121140
276.264954,160.928513,75.592232,65.044388
293.009338,167.833130,72.722870,62.575409
293.009338,167.833130,72.722870,62.575409
294.247162,167.892670,69.514091,59.814369
286.603668,170.392105,67.826767,58.362488
295.031738,169.845871,67.522308,58.100513
295.031738,169.845871,67.522308,58.100513
299.888062,168.366348,64.909050,55.851898
291.338531,170.277420,66.462372,57.188477
298.769653,175.026077,65.263161,56.156597
298.769653,175.026077,65.263161,56.156597
298.769653,175.026077,65.263161,56.156597
285.234161,169.632278,68.025871,58.533813
288.467102,172.905121,67.760651,58.305603
297.100403,171.414017,61.670635,53.065365
291.707275,174.610672,62.863972,54.092190
302.436462,177.691299,64.246376,55.281700
290.718323,177.851593,62.915379,54.136425
292.804138,185.396164,62.010418,53.357738
300.338898,176.781982,59.835739,51.486507
299.543457,180.379074,58.422684,50.270622
300.185425,183.966644,60.044521,51.666157
305.250916,181.567749,61.830032,53.202522
303.841797,183.805573,63.857246,54.946869
303.061646,196.273636,65.298988,56.187431
303.061646,196.273636,65.298988,56.187431
305.714294,183.301346,66.131111,56.903442
297.843353,182.675552,62.649849,53.907940
298.211578,188.717407,60.426323,51.994675
300.326080,188.852844,63.767662,54.869778
295.005524,187.754913,61.853542,53.222744
298.406219,198.275818,58.906834,50.687206
300.779358,198.810608,63.061005,54.261723
295.365082,198.209305,60.662537,52.197926
286.986755,199.453156,61.420700,52.850296
284.390228,199.234833,62.947487,54.164040
288.109131,198.676468,63.802910,54.900101
287.803802,183.050308,64.958237,55.894215
282.163757,179.146378,67.879494,58.407848
286.951630,180.323532,71.111160,61.188580
286.951630,180.323532,71.111160,61.188580
279.033295,201.770233,68.883728,59.271954
277.078644,217.037292,64.946129,55.883789
279.098236,225.835480,62.552906,53.824509
289.941284,214.971191,64.044678,55.108120
280.386414,189.912308,68.525871,58.964024
287.990967,172.205765,68.476295,58.921364
296.238770,168.832367,67.524628,58.102489
265.942169,174.653687,70.274017,60.468239
285.315948,201.536163,69.615028,59.901203
275.846680,202.278534,68.192680,58.677322
253.773117,212.584885,71.581520,61.593300
260.268005,223.176559,76.697510,65.995422
260.774719,218.435104,79.503059,68.409500
263.176514,214.548645,80.218605,69.025200
260.566284,191.064789,79.406502,68.326416
250.558823,162.934540,82.582207,71.058990
253.228043,158.797394,79.606071,68.498131
249.378738,154.065750,83.144646,71.542946
257.030304,171.541336,84.733559,72.910149
259.830872,151.967651,84.560265,72.761040
273.535095,170.577362,77.032852,66.283974
260.265594,162.860229,74.668869,64.249847
265.643860,165.025757,69.990555,60.224331
259.740265,173.126022,65.584999,56.433506
273.110840,186.903900,63.165211,54.351368
270.395172,196.409637,64.710960,55.681427
263.105469,207.089996,65.896271,56.701340
263.105469,207.089996,65.896271,56.701340
263.105469,207.089996,65.896271,56.701340
257.125702,200.132645,60.322693,51.905479
253.586777,206.151062,63.449455,54.595947
252.611389,215.688904,62.882671,54.108250
258.099731,218.797958,65.085861,56.004013
260.936829,218.113113,65.819862,56.635597
260.365662,215.327057,64.512222,55.510418
254.565033,212.478195,69.053917,59.418381
252.566452,217.566956,69.435524,59.746738
252.566452,217.566956,69.435524,59.746738
252.566452,217.566956,69.435524,59.746738
253.101089,217.676270,68.546837,58.982059
253.131088,222.844559,68.842361,59.236347
262.818054,232.679810,66.598808,57.305851
255.531372,223.789597,66.034027,56.819878
255.531372,223.789597,66.034027,56.819878
246.174866,224.918564,67.123100,57.756989
250.842133,229.664703,65.708595,56.539860
240.505386,237.406006,62.575638,53.844063
240.505386,237.406006,62.575638,53.844063
240.505386,237.406006,62.575638,53.844063
240.505386,237.406006,62.575638,53.844063
242.663208,239.127609,61.969410,53.322426
233.115799,239.630844,59.170498,50.914062
235.782959,246.953781,57.095146,49.128296
231.481018,231.049393,57.994728,49.902355
234.396576,221.599426,58.908367,50.688507
234.094345,221.486862,58.216335,50.093037
235.121719,220.004456,62.203678,53.523998
235.121719,220.004456,62.203678,53.523998
234.352570,220.901062,63.784832,54.884525
227.524170,231.568207,61.885811,53.250488
239.948975,226.401321,62.306061,53.612099
232.753510,225.842163,62.686646,53.939579
234.960556,229.419266,61.683926,53.076775
226.025284,240.943359,56.639481,48.736214
228.768372,249.562912,56.896442,48.957317
219.511322,252.720703,57.112595,49.143307
220.382584,261.232788,58.098072,49.991276
231.973206,271.468842,56.422352,48.549377
220.557358,272.207306,58.834454,50.624901
212.895004,273.951172,61.514435,52.930927
220.379150,273.319061,61.868954,53.235977
231.594269,268.771057,57.673954,49.626335
230.771332,262.483337,54.630341,47.007416
230.771332,262.483337,54.630341,47.007416
231.811981,266.750824,56.739338,48.822132
228.193619,274.016296,57.226524,49.241341
231.369370,274.213501,58.268295,50.137745
231.106232,279.198120,60.956749,52.451061
231.106232,279.198120,60.956749,52.451061
236.604019,281.444641,59.041031,50.802654
225.887650,286.993469,59.934788,51.571701
222.839386,283.199921,64.200340,55.242050
228.162964,280.396912,63.509281,54.647419
228.028564,278.426910,65.802368,56.620541
246.024475,274.070892,63.102966,54.297802
246.024475,274.070892,63.102966,54.297802
245.346405,273.281860,68.410980,58.865154
239.446686,274.805817,71.628410,61.633636
239.405075,274.329895,75.352020,64.837669
239.405075,274.329895,75.352020,64.837669
239.405075,274.329895,75.352020,64.837669
237.739304,269.119812,80.595428,69.349426
242.752121,270.413879,79.059967,68.028214
248.541046,269.480957,81.450157,70.084885
258.864075,254.359253,81.679581,70.282295
256.754181,242.926544,81.990822,70.550110
246.854034,249.649185,80.876144,69.590973
244.795578,254.452011,83.812935,72.117973
244.795578,254.452011,83.812935,72.117973
244.795578,254.452011,83.812935,72.117973
244.795578,254.452011,83.812935,72.117973
248.603928,243.535583,87.102936,74.948898
253.378433,241.651932,83.318352,71.692406
253.378433,241.651932,83.318352,71.692406
241.194427,258.174194,82.578842,71.056084
242.513412,257.221710,75.939606,65.343262
243.278809,244.380920,75.329445,64.818237
235.597214,244.758331,76.891396,66.162239
240.129059,244.400696,74.454300,64.065208
235.807297,243.317215,71.756699,61.744019
235.807297,243.317215,71.756699,61.744019
220.229858,253.287872,69.585785,59.876022
236.745560,249.107193,67.079895,57.719795
228.301971,255.987000,65.401459,56.275566
239.827667,244.700439,67.287315,57.898273
239.827667,244.700439,67.287315,57.898273
239.827667,244.700439,67.287315,57.898273
239.827667,244.700439,67.287315,57.898273
239.827667,244.700439,67.287315,57.898273
239.827667,244.700439,67.287315,57.898273
230.179138,250.935379,69.624313,59.909176
230.179138,250.935379,69.624313,59.909176
233.961136,254.156174,63.689365,54.802368
241.814880,250.586060,63.093311,54.289486
238.285736,254.595032,58.633057,50.451599
246.633774,249.997162,62.655479,53.912746
254.076828,240.264236,60.678673,52.211777
262.058685,230.923767,60.021782,51.646545
272.086243,231.710602,57.173725,49.195896
272.086243,231.710602,57.173725,49.195896
271.171875,233.947906,57.544682,49.515091
273.366119,234.926483,57.470165,49.450970
264.105774,223.755829,55.515896,47.769394
264.105774,223.755829,55.515896,47.769394
270.700317,215.147308,54.260899,46.689514
266.546417,216.345825,49.078472,42.230225
259.951538,219.241852,54.772099,47.129383
270.033447,215.047348,55.388947,47.660156
269.643219,226.108475,52.437183,45.120270
268.127075,208.552383,52.425312,45.110054
275.625397,206.354752,53.681030,46.190552
281.281372,200.471970,53.497322,46.032478
278.555969,209.081207,56.231094,48.384789
278.555969,209.081207,56.231094,48.384789
293.108368,215.512909,59.559910,51.249111
289.929810,219.043213,59.234859,50.969418
295.558289,225.491547,60.644291,52.182182
299.787964,222.776993,61.483425,52.904224
299.787964,222.776993,61.483425,52.904224
313.679779,220.570267,58.692463,50.502705
318.968567,214.371292,60.806347,52.321625
309.656494,199.541962,63.860397,54.949524
309.656494,199.541962,63.860397,54.949524
306.446960,205.817673,63.721043,54.829617
312.722137,208.531006,65.999710,56.790325
305.184601,195.924942,68.661415,59.080620
308.994537,196.552780,65.292488,56.181786
310.929474,200.191864,65.526283,56.382957
310.929474,200.191864,65.526283,56.382957
310.929474,200.191864,65.526283,56.382957
315.959717,199.495285,68.274529,58.747723
318.532288,207.163376,66.279007,57.030651
315.654297,197.130463,71.512718,61.534065
322.328003,199.778839,74.718681,64.292679
322.328003,199.778839,74.718681,64.292679
330.869537,191.118134,72.910324,62.736652
330.830383,198.293106,72.444283,62.335640
333.139252,191.554733,76.194344,65.562431
334.533356,185.509018,79.735977,68.609879
334.533356,185.509018,79.735977,68.609879
334.533356,185.509018,79.735977,68.609879
347.449890,185.239059,75.763824,65.191986
347.449890,185.239059,75.763824,65.191986
335.133423,191.094742,76.614204,65.923706
355.421783,192.039871,77.594170,66.766930
343.729523,189.970306,74.679329,64.258820
343.729523,189.970306,74.679329,64.258820
355.024658,191.524048,71.064774,61.148624
355.024658,191.524048,71.064774,61.148624
321.541840,190.865585,72.692909,62.549576
345.395020,194.995987,72.874466,62.705795
345.768158,193.538544,72.135849,62.070244
345.768158,193.538544,72.135849,62.070244
328.931915,188.824081,71.184540,61.251675
332.410675,194.081909,72.678963,62.537571
334.167450,190.166016,69.571068,59.863342
332.016907,187.133743,70.820511,60.938442
326.467987,183.537140,73.257423,63.035316
329.629272,172.438644,69.150253,59.501251
329.629272,172.438644,69.150253,59.501251
331.881897,171.390411,66.909828,57.573448
332.055786,165.693741,65.626129,56.468868
323.980164,165.197098,63.028286,54.233521
323.980164,165.197098,63.028286,54.233521
317.721680,165.089706,57.158699,49.182957
325.627106,162.165695,59.597328,51.281307
324.803223,165.858185,60.532055,52.085606
319.279480,163.318726,62.236176,53.551937
320.149811,154.564148,66.053810,56.836872
320.149811,154.564148,66.053810,56.836872
311.405609,150.651978,64.949127,55.886330
315.650177,155.921829,65.438599,56.307499
321.144745,153.122314,70.077599,60.299187
321.144745,153.122314,70.077599,60.299187
315.562103,149.087784,71.120979,61.196976
290.190277,151.970123,69.713120,59.985561
288.842865,147.731628,73.161766,62.952995
286.051971,149.126846,71.321243,61.369297
289.038574,158.855621,67.545052,58.120026
281.474426,157.238495,70.178497,60.386009
276.283020,155.195038,69.917427,60.161369
257.820892,165.768280,65.687836,56.521961
264.915375,166.441727,67.970139,58.485802
260.940247,163.754822,65.610420,56.455353
258.725494,159.981476,61.958321,53.312855
250.281433,160.201721,62.564182,53.834175
255.319214,157.310547,64.576569,55.565762
249.235748,161.742828,62.145996,53.474342
244.754791,158.709259,61.377617,52.813179
236.945068,164.385803,62.719151,53.967518
236.945068,164.385803,62.719151,53.967518
235.052216,166.202286,57.940357,49.855541
238.447952,167.419983,56.485420,48.603622
238.447952,167.419983,56.485420,48.603622
230.229187,161.394714,55.189610,47.488625
223.844116,173.524673,54.783432,47.139122
