206.000000,213.000000,73.000000,117.000000
206.000000,213.000000,73.000000,117.000000
207.236740,210.303970,71.466576,114.542320
205.928085,217.805649,70.798630,113.471779
205.928085,217.805649,70.798630,113.471779
205.928085,217.805649,70.798630,113.471779
205.928085,217.805649,70.798630,113.471779
207.711563,214.851425,70.037163,112.251343
207.711563,214.851425,70.037163,112.251343
207.711563,214.851425,70.037163,112.251343
211.346863,206.638870,70.385567,112.809738
211.346863,206.638870,70.385567,112.809738
217.463394,203.497559,71.596619,114.750740
213.930145,205.047211,72.916054,116.865448
213.975800,190.106277,72.856209,116.769531
215.431061,207.280396,69.167656,110.857735
223.062241,197.887939,69.959541,112.126923
223.062241,197.887939,69.959541,112.126923
223.062241,197.887939,69.959541,112.126923
223.062241,197.887939,69.959541,112.126923
222.054443,191.310944,73.314667,117.504311
236.607681,177.095047,73.550430,117.882179
222.802933,169.646057,78.536537,125.873604
238.865952,168.667603,74.532440,119.456078
228.605530,171.901871,77.398071,124.048935
228.605530,171.901871,77.398071,124.048935
225.383072,171.708939,78.205551,125.343117
238.705170,166.955719,75.859741,121.583397
230.034622,164.297653,76.235710,122.185974
230.034622,164.297653,76.235710,122.185974
233.356812,162.671600,74.810265,119.901352
236.188828,172.460648,73.634758,118.017326
244.351440,170.933960,74.048119,118.679840
229.697052,174.257965,70.852928,113.558784
229.697052,174.257965,70.852928,113.558784
235.520416,182.913223,68.282959,109.439789
235.520416,182.913223,68.282959,109.439789
235.520416,182.913223,68.282959,109.439789
235.520416,182.913223,68.282959,109.439789
247.125504,166.822937,69.197762,110.905975
241.438004,186.047394,68.125359,109.187195
241.438004,186.047394,68.125359,109.187195
244.547653,180.438354,66.814613,107.086411
254.521667,169.960251,65.783318,105.433517
254.521667,169.960251,65.783318,105.433517
254.521667,169.960251,65.783318,105.433517
257.113983,154.226105,66.854660,107.150597
257.113983,154.226105,66.854660,107.150597
257.113983,154.226105,66.854660,107.150597
245.977142,146.399200,67.560738,108.282249
240.956207,145.753311,70.367485,112.780739
248.351822,167.590942,67.688095,108.486374
245.304260,147.249191,67.107132,107.555244
263.032562,153.280563,63.579563,101.901474
245.252243,146.314606,62.576729,100.294189
247.612640,165.335144,62.885132,100.788483
249.716797,157.331131,66.626152,106.784370
249.716797,157.331131,66.626152,106.784370
249.716797,157.331131,66.626152,106.784370
253.424347,146.660263,72.131241,115.607597
249.910477,129.986237,73.959503,118.537819
255.627792,125.480225,76.439560,122.512711
259.153381,121.622490,84.854393,135.999496
259.153381,121.622490,84.854393,135.999496
251.984650,131.033234,80.807297,129.513062
251.756332,143.493256,79.398972,127.255882
251.756332,143.493256,79.398972,127.255882
251.756332,143.493256,79.398972,127.255882
260.230133,137.422821,77.712982,124.553673
260.230133,137.422821,77.712982,124.553673
260.230133,137.422821,77.712982,124.553673
275.948700,136.439453,77.418945,124.082413
292.904053,111.798347,80.246307,128.613937
250.260254,144.559113,75.884102,121.622459
265.911804,168.256256,75.882103,121.619255
243.676315,158.405502,72.425705,116.079552
224.529205,188.816589,68.836014,110.326210
229.717331,189.324081,64.972633,104.134216
222.870590,191.754990,64.586334,103.515076
222.870590,191.754990,64.586334,103.515076
222.870590,191.754990,64.586334,103.515076
222.870590,191.754990,64.586334,103.515076
231.214813,195.797318,65.099953,104.338280
221.682755,192.423752,62.561024,100.269035
221.682755,192.423752,62.561024,100.269035
229.473251,188.583893,61.155594,98.016495
229.473251,188.583893,61.155594,98.016495
229.473251,188.583893,61.155594,98.016495
223.876434,184.419327,59.146320,94.796150
226.149384,185.564377,61.118286,97.956696
232.102188,203.513062,56.662090,90.814575
232.102188,203.513062,56.662090,90.814575
240.479126,196.514450,54.598572,87.507294
244.880066,216.445511,54.034435,86.603134
251.183670,216.578003,50.675125,81.219032
263.608459,211.259628,51.039085,81.802361
268.828796,215.468430,51.641273,82.767509
283.121368,225.429504,51.515266,82.565552
292.048218,225.063293,50.257465,80.549629
302.945557,224.352737,51.155437,81.988846
306.231476,224.726837,48.021538,76.966019
306.231476,224.726837,48.021538,76.966019
317.547485,218.114487,47.729771,76.498390
317.547485,218.114487,47.729771,76.498390
315.072723,224.305099,49.564167,79.438454
315.072723,224.305099,49.564167,79.438454
347.216888,211.335022,50.030285,80.185516
362.045044,211.240784,51.155479,81.988907
368.788300,206.760193,51.853592,83.107796
379.413086,198.835693,51.988361,83.323799
381.515594,192.145447,51.020576,81.772690
378.583099,194.765839,51.485634,82.518059
378.583099,194.765839,51.485634,82.518059
392.341949,182.633301,48.792992,78.202454
390.659546,178.827515,48.004124,76.938103
382.347382,168.235046,48.792587,78.201805
380.508636,176.912689,47.703697,76.456596
375.627136,174.505722,48.443306,77.641991
371.983246,172.200607,50.020733,80.170197
374.379395,173.518616,52.288490,83.804817
372.051544,170.381653,52.112801,83.523232
370.506439,161.463913,51.127911,81.944710
364.981598,169.698395,49.675953,79.617599
358.344055,168.776093,46.764225,74.950859
361.557312,164.110703,46.385990,74.344650
362.605133,169.957504,44.494114,71.312462
362.605133,169.957504,44.494114,71.312462
348.893646,170.867966,43.719639,70.071182
353.309418,167.308746,44.460430,71.258484
353.309418,167.308746,44.460430,71.258484
353.309418,167.308746,44.460430,71.258484
348.596130,167.358597,43.468330,69.668404
347.532562,167.611938,43.024818,68.957573
346.003082,162.893997,42.315605,67.820892
356.038544,169.693314,41.805954,67.004051
356.038544,169.693314,41.805954,67.004051
356.038544,169.693314,41.805954,67.004051
356.038544,169.693314,41.805954,67.004051
356.038544,169.693314,41.805954,67.004051
356.038544,169.693314,41.805954,67.004051
353.185883,169.989975,40.898823,65.550156
359.256348,168.791016,40.089481,64.252991
359.256348,168.791016,40.089481,64.252991
359.256348,168.791016,40.089481,64.252991
359.256348,168.791016,40.089481,64.252991
362.123566,174.763626,39.931408,63.999638
351.808075,169.654709,38.765415,62.130852
362.855316,171.835312,39.071827,62.621948
362.855316,171.835312,39.071827,62.621948
362.855316,171.835312,39.071827,62.621948
363.866089,172.350037,36.709621,58.835949
364.786652,170.468491,34.475708,55.255566
364.786652,170.468491,34.475708,55.255566
364.786652,170.468491,34.475708,55.255566
364.786652,170.468491,34.475708,55.255566
367.653381,170.842148,35.329590,56.624115
367.653381,170.842148,35.329590,56.624115
367.653381,170.842148,35.329590,56.624115
368.051147,167.720932,35.889465,57.521450
369.675842,166.819946,32.535938,52.146622
369.675842,166.819946,32.535938,52.146622
369.675842,166.819946,32.535938,52.146622
376.737579,165.149231,32.445927,52.002357
376.737579,165.149231,32.445927,52.002357
376.737579,165.149231,32.445927,52.002357
377.171753,166.545761,31.793583,50.956821
384.704071,173.149490,32.381920,51.899773
388.384857,168.579269,33.696838,54.007244
391.804626,167.091476,32.610352,52.265888
392.741425,170.321854,34.693497,55.604626
390.577820,168.611206,34.904930,55.943497
393.141632,174.032364,34.282799,54.946381
396.201080,168.065247,34.470490,55.247200
402.377594,173.063736,36.783192,58.953857
410.042908,163.562637,37.077744,59.425949
399.959015,173.275162,38.774776,62.145851
416.291138,174.102539,39.495113,63.300365
420.229156,169.408432,42.678181,68.401993
428.996307,162.104187,42.098495,67.472908
433.110840,165.151352,41.090092,65.856705
434.853882,164.978683,44.198208,70.838203
427.678558,172.340286,46.887718,75.148788
425.846832,156.838730,50.166359,80.403595
420.361542,149.957260,53.664814,86.010712
426.258484,135.731659,60.420166,96.837776
409.344360,138.656296,59.479481,95.330101
406.915222,147.023880,62.720097,100.523964
399.317596,159.157700,63.823441,102.292336
399.317596,159.157700,63.823441,102.292336
399.573029,145.269989,68.036896,109.045410
399.089294,138.826233,66.557457,106.674255
380.101501,177.696365,65.601143,105.141541
387.586365,192.050735,60.354107,96.731903
388.011353,186.633987,61.282288,98.219536
397.966644,175.844635,61.219334,98.118637
398.313049,194.124344,61.099159,97.926025
400.892792,191.952072,63.801662,102.257439
400.892792,191.952072,63.801662,102.257439
400.892792,191.952072,63.801662,102.257439
395.211304,186.651093,64.488503,103.358269
395.959015,182.020966,68.075615,109.107475
346.772888,203.284180,68.656502,110.038483
396.043976,127.000069,78.091537,125.160385
392.887024,128.804001,74.714951,119.748596
388.011902,115.171623,79.017738,126.644844
382.166016,118.593323,79.103783,126.782753
381.891693,116.925323,78.232109,125.385689
376.081146,163.706528,82.198318,131.742493
383.129822,156.374130,85.599442,137.193604
390.648773,175.948959,84.106247,134.800400
388.550293,178.054825,86.805534,139.126663
404.165466,92.580635,88.672607,142.119095
406.894806,154.376221,88.205139,141.369873
414.084747,148.914978,85.829071,137.561661
427.019928,123.751160,82.876633,132.829681
440.983551,117.816078,85.290459,136.698425
445.914001,167.657410,87.230850,139.808365
460.311005,179.065338,87.354355,140.006302
471.276367,211.413391,92.707878,148.586609
478.472931,208.119568,94.763000,151.880432
493.106628,174.936966,94.700264,151.779877
491.076050,216.508118,89.529121,143.491882
484.622223,217.362000,88.996361,142.638000
476.887390,205.367676,96.479996,154.632324
518.705200,196.971207,101.718819,163.028793
533.305908,188.997131,106.694092,171.002869
539.819214,179.173050,100.180794,160.563751
540.843628,104.187683,99.156403,158.921921
537.129944,46.145435,102.870049,164.873932
537.129944,46.145435,102.870049,164.873932
506.985962,46.038826,99.414200,159.335114
499.418976,69.039970,101.085342,162.013519
476.556580,142.045227,108.163971,173.358719
456.851257,140.095352,109.293625,175.169266
456.851257,140.095352,109.293625,175.169266
381.336456,142.996231,116.880577,187.329178
375.625488,107.239769,118.973190,190.683090
411.377838,120.125237,118.928299,190.611130
411.377838,120.125237,118.928299,190.611130
379.491180,119.616234,122.062065,195.633743
399.997437,109.307739,126.463295,202.687775
399.997437,109.307739,126.463295,202.687775
379.432617,123.550613,129.459396,207.489731
376.374634,118.242287,135.657227,217.423233
378.262726,109.172134,132.624435,212.562454
382.416595,112.582520,129.385529,207.371323
369.086975,114.123184,126.235474,202.322601
369.086975,114.123184,126.235474,202.322601
381.941254,106.927032,122.335693,196.072266
376.310394,140.643600,114.342545,183.261322
356.296387,88.796440,114.538094,183.574738
355.742035,108.418457,112.107079,179.678452
353.899902,120.420898,112.939789,181.013077
354.165955,118.821632,112.841881,180.856155
373.881744,110.549782,120.783089,193.583847
373.881744,110.549782,120.783089,193.583847
355.186188,127.789772,109.957535,176.233307
351.872467,98.343925,104.617096,167.673965
353.527649,123.019104,99.762924,159.893997
351.743408,117.075722,97.368050,156.055634
351.743408,117.075722,97.368050,156.055634
351.743408,117.075722,97.368050,156.055634
351.743408,117.075722,97.368050,156.055634
351.743408,117.075722,97.368050,156.055634
361.062714,135.958557,94.327736,151.182800
367.574310,125.581772,90.269951,144.679230
340.049438,133.085800,91.540298,146.715271
357.192444,121.562614,89.968643,144.196320
335.156830,124.506905,94.952957,152.184875
335.156830,124.506905,94.952957,152.184875
335.156830,124.506905,94.952957,152.184875
335.156830,124.506905,94.952957,152.184875
335.156830,124.506905,94.952957,152.184875
335.156830,124.506905,94.952957,152.184875
335.156830,124.506905,94.952957,152.184875
335.156830,124.506905,94.952957,152.184875
335.156830,124.506905,94.952957,152.184875
341.567230,127.765121,90.637299,145.268005
335.457642,127.934967,93.999260,150.656357
333.388336,132.885880,96.604713,154.832214
330.494965,127.017181,96.896767,155.300293
330.494965,127.017181,96.896767,155.300293
330.494965,127.017181,96.896767,155.300293
330.494965,127.017181,96.896767,155.300293
330.494965,127.017181,96.896767,155.300293
348.427338,129.214828,93.798347,150.334335
348.427338,129.214828,93.798347,150.334335
348.427338,129.214828,93.798347,150.334335
348.427338,129.214828,93.798347,150.334335
330.612549,125.572472,98.562943,157.970749
330.612549,125.572472,98.562943,157.970749
330.612549,125.572472,98.562943,157.970749
330.612549,125.572472,98.562943,157.970749
330.612549,125.572472,98.562943,157.970749
330.612549,125.572472,98.562943,157.970749
330.612549,125.572472,98.562943,157.970749
330.612549,125.572472,98.562943,157.970749
354.602478,149.167648,102.830872,164.811127
359.069794,142.116150,98.807716,158.363052
355.653046,153.643784,99.603462,159.638428
298.727448,134.556000,94.702461,151.783401
320.941681,131.676666,91.316498,146.356583
320.423492,133.657394,87.079742,139.566162
324.428619,146.993240,81.903664,131.270248
337.916656,138.492706,77.534210,124.267151
337.916656,138.492706,77.534210,124.267151
337.916656,138.492706,77.534210,124.267151
337.197754,147.238190,80.894012,129.652039
327.206848,144.566971,83.035683,133.084579
327.206848,144.566971,83.035683,133.084579
339.346283,145.529602,76.659073,122.864532
338.446686,148.407501,73.662163,118.061264
299.245972,155.018753,74.955132,120.133553
319.509552,148.360779,70.960197,113.730713
303.323914,164.194046,70.333832,112.726814
290.561951,169.604797,70.950470,113.715118
287.453857,174.113617,70.308891,112.686829
292.369781,181.634781,66.446075,106.495743
267.706116,186.013428,66.573517,106.699997
256.291351,188.713303,67.061485,107.482079
241.432037,187.040237,67.384010,107.999001
231.602798,204.427048,62.603214,100.336632
220.078491,204.601990,61.440781,98.473549
220.078491,204.601990,61.440781,98.473549
222.247467,210.941269,59.345276,95.115005
204.464691,212.200134,61.027527,97.811218
204.464691,212.200134,61.027527,97.811218
179.537659,212.580963,62.816696,100.678787
185.853958,217.334732,62.536457,100.229637
177.988907,217.079010,63.036369,101.030861
167.266647,223.130112,60.827213,97.490158
140.849594,223.598785,62.901981,100.815468
140.849594,223.598785,62.901981,100.815468
138.439392,222.416000,67.389496,108.007790
142.771988,227.908707,63.369045,101.564056
142.639236,221.210571,67.033920,107.437897
119.529747,227.093094,65.776169,105.422050
119.529747,227.093094,65.776169,105.422050
119.529747,227.093094,65.776169,105.422050
119.529747,227.093094,65.776169,105.422050
116.129677,231.386505,67.336388,107.922676
128.992065,217.755005,72.797012,116.674637
130.482605,225.152710,72.190865,115.703140
130.482605,225.152710,72.190865,115.703140
134.944931,224.452087,67.274887,107.824112
134.944931,224.452087,67.274887,107.824112
134.944931,224.452087,67.274887,107.824112
139.846649,218.588455,67.384628,108.000000
136.980652,229.540268,66.167511,106.049278
142.377670,227.576233,69.878578,111.997147
137.504700,224.632645,71.754005,115.002968
137.504700,224.632645,71.754005,115.002968
137.504700,224.632645,71.754005,115.002968
137.504700,224.632645,71.754005,115.002968
137.504700,224.632645,71.754005,115.002968
137.504700,224.632645,71.754005,115.002968
137.968781,224.985001,74.881058,120.014816
137.968781,224.985001,74.881058,120.014816
137.968781,224.985001,74.881058,120.014816
134.108627,220.136536,70.236282,112.570457
133.374496,231.871719,69.294685,111.061325
133.374496,231.871719,69.294685,111.061325
133.374496,231.871719,69.294685,111.061325
133.374496,231.871719,69.294685,111.061325
131.809769,236.584564,69.701180,111.712830
124.259705,233.889908,69.954666,112.119095
124.259705,233.889908,69.954666,112.119095
124.259705,233.889908,69.954666,112.119095
124.259705,233.889908,69.954666,112.119095
130.565948,239.168320,66.772415,107.018768
128.969208,222.148102,69.446495,111.304619
128.969208,222.148102,69.446495,111.304619
131.807587,228.703156,70.580460,113.122070
131.807587,228.703156,70.580460,113.122070
129.886841,216.078064,68.477600,109.751732
117.837135,214.377991,71.324455,114.314499
126.436180,218.944382,76.309082,122.303558
103.625526,233.176575,75.062531,120.305664
103.625526,233.176575,75.062531,120.305664
103.625526,233.176575,75.062531,120.305664
120.836624,223.592377,75.067856,120.314201
123.490067,239.616119,75.111328,120.383881
123.490067,239.616119,75.111328,120.383881
123.490067,239.616119,75.111328,120.383881
112.003036,226.847885,83.077835,133.152115
112.003036,226.847885,83.077835,133.152115
127.226784,224.848862,79.418991,127.287949
129.261612,219.291611,71.594704,114.747650
128.608017,223.632843,70.526878,113.036209
128.608017,223.632843,70.526878,113.036209
128.608017,223.632843,70.526878,113.036209
128.608017,223.632843,70.526878,113.036209
128.608017,223.632843,70.526878,113.036209
128.608017,223.632843,70.526878,113.036209
127.984901,223.532913,70.995644,113.787514
127.984901,223.532913,70.995644,113.787514
134.677826,221.287964,72.771286,116.633408
134.677826,221.287964,72.771286,116.633408
134.677826,221.287964,72.771286,116.633408
134.677826,221.287964,72.771286,116.633408
134.677826,221.287964,72.771286,116.633408
134.677826,221.287964,72.771286,116.633408
134.889603,222.093338,72.217979,115.746597
134.889603,222.093338,72.217979,115.746597
134.889603,222.093338,72.217979,115.746597
136.741409,215.668243,74.387047,119.223045
136.035355,219.594177,78.242226,125.401894
136.035355,219.594177,78.242226,125.401894
118.059975,231.096237,79.647537,127.654243
130.337799,225.724274,81.316856,130.329727
130.337799,225.724274,81.316856,130.329727
130.337799,225.724274,81.316856,130.329727
131.894531,223.138290,82.321365,131.939697
118.423775,229.250565,81.578720,130.749435
118.423775,229.250565,81.578720,130.749435
137.910583,228.230392,77.023209,123.448135
137.910583,228.230392,77.023209,123.448135
117.564034,228.656540,79.127274,126.820404
117.564034,228.656540,79.127274,126.820404
117.564034,228.656540,79.127274,126.820404
136.171204,226.212936,77.269066,123.842186
136.171204,226.212936,77.269066,123.842186
136.171204,226.212936,77.269066,123.842186
136.171204,226.212936,77.269066,123.842186
136.171204,226.212936,77.269066,123.842186
136.171204,226.212936,77.269066,123.842186
138.903183,223.539825,73.844994,118.354286
138.903183,223.539825,73.844994,118.354286
138.903183,223.539825,73.844994,118.354286
138.903183,223.539825,73.844994,118.354286
121.448380,224.332504,79.769974,127.850487
121.448380,224.332504,79.769974,127.850487
126.561440,225.472092,79.800209,127.898941
135.305908,222.868515,80.121063,128.413193
140.255905,225.462509,80.237633,128.600021
140.255905,225.462509,80.237633,128.600021
140.255905,225.462509,80.237633,128.600021
140.255905,225.462509,80.237633,128.600021
140.255905,225.462509,80.237633,128.600021
140.156143,224.428757,79.596901,127.573090
140.156143,224.428757,79.596901,127.573090
140.156143,224.428757,79.596901,127.573090
140.156143,224.428757,79.596901,127.573090
140.156143,224.428757,79.596901,127.573090
140.156143,224.428757,79.596901,127.573090
140.156143,224.428757,79.596901,127.573090
144.125443,216.357086,84.380760,135.240372
149.574371,219.344666,82.769394,132.657776
149.574371,219.344666,82.769394,132.657776
149.574371,219.344666,82.769394,132.657776
137.864456,222.035507,82.068810,131.534927
132.480392,223.093842,79.104012,126.783127
132.480392,223.093842,79.104012,126.783127
132.480392,223.093842,79.104012,126.783127
143.466080,216.274078,75.337166,120.745850
143.466080,216.274078,75.337166,120.745850
147.450851,221.563751,78.816406,126.322166
146.725769,223.172119,78.125038,125.214081
134.914780,211.662476,77.610680,124.389694
134.914780,211.662476,77.610680,124.389694
134.914780,211.662476,77.610680,124.389694
133.533066,218.766129,70.137497,112.412132
143.168381,222.741577,71.589684,114.739609
143.168381,222.741577,71.589684,114.739609
143.168381,222.741577,71.589684,114.739609
145.744629,222.129242,66.362717,106.362152
145.744629,222.129242,66.362717,106.362152
145.744629,222.129242,66.362717,106.362152
145.744629,222.129242,66.362717,106.362152
145.744629,222.129242,66.362717,106.362152
149.938904,224.427155,68.250427,109.387665
149.938904,224.427155,68.250427,109.387665
149.938904,224.427155,68.250427,109.387665
137.653442,215.259491,67.429398,108.071770
140.918030,220.659683,69.904091,112.038055
140.918030,220.659683,69.904091,112.038055
140.918030,220.659683,69.904091,112.038055
137.265182,212.792389,68.103333,109.151909
146.914856,212.611755,69.267105,111.017136
146.914856,212.611755,69.267105,111.017136
144.925262,218.947632,65.638870,105.202019
144.925262,218.947632,65.638870,105.202019
144.925262,218.947632,65.638870,105.202019
147.931747,222.526443,66.050301,105.861435
151.567841,217.127060,62.423317,100.048325
151.567841,217.127060,62.423317,100.048325
148.484055,223.961243,58.563175,93.861526
151.971680,226.584183,57.920769,92.831917
151.971680,226.584183,57.920769,92.831917
151.971680,226.584183,57.920769,92.831917
148.545593,224.737671,61.672062,98.844261
148.545593,224.737671,61.672062,98.844261
148.545593,224.737671,61.672062,98.844261
148.545593,224.737671,61.672062,98.844261
150.152084,219.721863,64.147278,102.811394
150.152084,219.721863,64.147278,102.811394
150.152084,219.721863,64.147278,102.811394
150.152084,219.721863,64.147278,102.811394
150.152084,219.721863,64.147278,102.811394
150.152084,219.721863,64.147278,102.811394
146.144012,219.428223,64.041748,102.642250
146.857452,221.304276,61.765167,98.993484
146.857452,221.304276,61.765167,98.993484
145.688690,225.843414,59.076878,94.684860
145.688690,225.843414,59.076878,94.684860
145.688690,225.843414,59.076878,94.684860
145.688690,225.843414,59.076878,94.684860
143.517212,223.587280,61.110649,97.944466
143.517212,223.587280,61.110649,97.944466
142.107666,228.286667,60.420116,96.837723
130.856033,222.500610,60.989758,97.750710
139.531067,228.859604,62.910278,100.828804
139.989990,222.369049,63.381294,101.583717
139.989990,222.369049,63.381294,101.583717
139.989990,222.369049,63.381294,101.583717
139.989990,222.369049,63.381294,101.583717
139.989990,222.369049,63.381294,101.583717
144.426559,221.433319,57.961891,92.897827
144.426559,221.433319,57.961891,92.897827
141.157944,211.976395,61.346027,98.321716
147.760468,219.961044,58.126377,93.161453
148.204163,225.634232,59.965164,96.108551
152.749008,213.846237,60.120388,96.357330
152.749008,213.846237,60.120388,96.357330
152.749008,213.846237,60.120388,96.357330
152.749008,213.846237,60.120388,96.357330
152.749008,213.846237,60.120388,96.357330
152.749008,213.846237,60.120388,96.357330
152.749008,213.846237,60.120388,96.357330
152.749008,213.846237,60.120388,96.357330
148.754105,218.505890,58.778782,94.207085
156.661667,218.700012,58.107769,93.131630
156.661667,218.700012,58.107769,93.131630
154.223221,217.910004,59.029705,94.609253
158.187729,219.360016,59.067738,94.670212
158.187729,219.360016,59.067738,94.670212
158.925461,223.437622,60.057560,96.256638
158.925461,223.437622,60.057560,96.256638
158.925461,223.437622,60.057560,96.256638
158.925461,223.437622,60.057560,96.256638
158.925461,223.437622,60.057560,96.256638
158.925461,223.437622,60.057560,96.256638
154.207169,224.035904,59.426228,95.244781
154.207169,224.035904,59.426228,95.244781
154.207169,224.035904,59.426228,95.244781
154.207169,224.035904,59.426228,95.244781
154.207169,224.035904,59.426228,95.244781
154.207169,224.035904,59.426228,95.244781
154.207169,224.035904,59.426228,95.244781
151.486526,227.305435,57.235760,91.734032
151.486526,227.305435,57.235760,91.734032
149.324646,226.777328,61.958485,99.303329
150.377197,231.576859,63.568836,101.884308
155.033508,233.975967,62.867699,100.760567
153.183929,233.933289,62.398899,100.009201
151.744919,227.105026,66.620781,106.775772
151.744919,227.105026,66.620781,106.775772
151.744919,227.105026,66.620781,106.775772
153.737869,233.622360,65.328400,104.704422
148.290207,234.590317,64.406868,103.227448
152.012375,233.748108,61.690742,98.874207
152.012375,233.748108,61.690742,98.874207
152.012375,233.748108,61.690742,98.874207
152.012375,233.748108,61.690742,98.874207
152.012375,233.748108,61.690742,98.874207
153.400513,228.099426,59.223766,94.920288
153.400513,228.099426,59.223766,94.920288
153.400513,228.099426,59.223766,94.920288
153.400513,228.099426,59.223766,94.920288
153.400513,228.099426,59.223766,94.920288
153.400513,228.099426,59.223766,94.920288
156.857040,228.634308,60.186272,96.462936
156.857040,228.634308,60.186272,96.462936
151.924240,230.507950,61.019104,97.797752
151.924240,230.507950,61.019104,97.797752
151.924240,230.507950,61.019104,97.797752
156.082169,228.537506,60.477047,96.928978
156.082169,228.537506,60.477047,96.928978
156.082169,228.537506,60.477047,96.928978
156.082169,228.537506,60.477047,96.928978
156.082169,228.537506,60.477047,96.928978
151.690430,227.275406,59.270084,94.994530
151.690430,227.275406,59.270084,94.994530
151.690430,227.275406,59.270084,94.994530
151.501328,228.078247,60.600060,97.126129
151.501328,228.078247,60.600060,97.126129
151.501328,228.078247,60.600060,97.126129
151.501328,228.078247,60.600060,97.126129
151.501328,228.078247,60.600060,97.126129
151.501328,228.078247,60.600060,97.126129
154.827332,231.961975,62.238766,99.752548
154.827332,231.961975,62.238766,99.752548
156.380142,236.330017,61.876514,99.171951
155.366119,235.026733,62.529354,100.218285
155.366119,235.026733,62.529354,100.218285
155.366119,235.026733,62.529354,100.218285
155.366119,235.026733,62.529354,100.218285
155.366119,235.026733,62.529354,100.218285
155.663330,228.016479,63.806808,102.265709
155.663330,228.016479,63.806808,102.265709
155.663330,228.016479,63.806808,102.265709
150.173126,232.790222,65.800087,105.460411
150.173126,232.790222,65.800087,105.460411
153.680496,227.014954,65.285233,104.635239
153.680496,227.014954,65.285233,104.635239
149.325607,238.492767,61.274921,98.207756
146.808014,233.145065,60.628708,97.172043
146.463501,236.458206,60.458851,96.899803
146.463501,236.458206,60.458851,96.899803
146.463501,236.458206,60.458851,96.899803
143.168182,242.584915,61.496113,98.562263
143.168182,242.584915,61.496113,98.562263
143.168182,242.584915,61.496113,98.562263
143.168182,242.584915,61.496113,98.562263
143.168182,242.584915,61.496113,98.562263
143.168182,242.584915,61.496113,98.562263
142.450470,240.114624,59.345192,95.114899
145.173843,236.769882,59.711479,95.701965
145.173843,236.769882,59.711479,95.701965
145.173843,236.769882,59.711479,95.701965
145.173843,236.769882,59.711479,95.701965
150.497253,226.797546,60.895615,97.599823
153.486755,221.960510,62.998886,100.970818
153.486755,221.960510,62.998886,100.970818
153.486755,221.960510,62.998886,100.970818
153.486755,221.960510,62.998886,100.970818
153.486755,221.960510,62.998886,100.970818
166.502884,218.580475,65.222855,104.535255
166.502884,218.580475,65.222855,104.535255
166.502884,218.580475,65.222855,104.535255
166.502884,218.580475,65.222855,104.535255
166.502884,218.580475,65.222855,104.535255
165.392410,216.437286,63.488842,101.756088
167.282333,221.770721,63.539459,101.837212
175.379150,214.938034,65.664421,105.242973
175.379150,214.938034,65.664421,105.242973
174.416458,215.538361,66.015564,105.805771
174.416458,215.538361,66.015564,105.805771
174.416458,215.538361,66.015564,105.805771
174.416458,215.538361,66.015564,105.805771
174.416458,215.538361,66.015564,105.805771
176.684601,224.234863,65.731697,105.350807
174.798035,213.204437,65.944115,105.691261
174.798035,213.204437,65.944115,105.691261
169.119629,231.460617,64.852882,103.942307
175.286819,216.262589,61.463367,98.509796
169.926437,221.988159,62.716373,100.518044
171.048843,222.510483,60.857029,97.538002
171.048843,222.510483,60.857029,97.538002
171.048843,222.510483,60.857029,97.538002
171.048843,222.510483,60.857029,97.538002
171.048843,222.510483,60.857029,97.538002
171.048843,222.510483,60.857029,97.538002
171.048843,222.510483,60.857029,97.538002
169.494934,225.653778,62.166832,99.637276
169.494934,225.653778,62.166832,99.637276
167.292953,221.924408,60.403061,96.810410
178.816742,218.593246,60.347248,96.720955
170.740555,224.134689,59.737103,95.743050
170.740555,224.134689,59.737103,95.743050
170.740555,224.134689,59.737103,95.743050
170.740555,224.134689,59.737103,95.743050
170.740555,224.134689,59.737103,95.743050
170.740555,224.134689,59.737103,95.743050
170.740555,224.134689,59.737103,95.743050
170.740555,224.134689,59.737103,95.743050
170.740555,224.134689,59.737103,95.743050
170.740555,224.134689,59.737103,95.743050
170.740555,224.134689,59.737103,95.743050
170.740555,224.134689,59.737103,95.743050
171.567032,238.931793,59.092091,94.709259
171.567032,238.931793,59.092091,94.709259
172.429596,232.465012,60.656216,97.216141
172.429596,232.465012,60.656216,97.216141
172.429596,232.465012,60.656216,97.216141
176.230698,231.734924,58.261250,93.377632
176.230698,231.734924,58.261250,93.377632
170.352722,229.312363,60.339256,96.708138
170.352722,229.312363,60.339256,96.708138
170.352722,229.312363,60.339256,96.708138
170.352722,229.312363,60.339256,96.708138
170.352722,229.312363,60.339256,96.708138
173.015884,220.259247,60.601208,97.127983
173.015884,220.259247,60.601208,97.127983
171.804611,225.721024,59.707989,95.696388
171.804611,225.721024,59.707989,95.696388
171.804611,225.721024,59.707989,95.696388
171.804611,225.721024,59.707989,95.696388
171.804611,225.721024,59.707989,95.696388
171.804611,225.721024,59.707989,95.696388
171.804611,225.721024,59.707989,95.696388
173.973831,218.710709,60.362686,96.745697
173.973831,218.710709,60.362686,96.745697
173.973831,218.710709,60.362686,96.745697
172.813644,216.346146,62.433754,100.065079
172.813644,216.346146,62.433754,100.065079
172.813644,216.346146,62.433754,100.065079
172.813644,216.346146,62.433754,100.065079
172.813644,216.346146,62.433754,100.065079
172.813644,216.346146,62.433754,100.065079
172.813644,216.346146,62.433754,100.065079
172.813644,216.346146,62.433754,100.065079
172.813644,216.346146,62.433754,100.065079
172.813644,216.346146,62.433754,100.065079
172.813644,216.346146,62.433754,100.065079
172.813644,216.346146,62.433754,100.065079
172.813644,216.346146,62.433754,100.065079
172.813644,216.346146,62.433754,100.065079
170.747208,215.640900,62.439056,100.073578
170.747208,215.640900,62.439056,100.073578
175.275314,221.273071,58.887375,94.381157
175.275314,221.273071,58.887375,94.381157
175.275314,221.273071,58.887375,94.381157
175.275314,221.273071,58.887375,94.381157
188.922775,217.845291,64.160736,102.832985
171.897736,213.686111,62.866085,100.757996
171.897736,213.686111,62.866085,100.757996
182.737320,219.504425,67.093613,107.533615
176.256775,211.745682,67.922363,108.861885
186.645401,208.648819,71.425774,114.476944
181.333725,217.698700,69.357140,111.161461
181.333725,217.698700,69.357140,111.161461
186.845413,198.336273,72.281601,115.848610
184.356216,215.702560,71.187439,114.094955
180.385223,208.472870,73.702156,118.125389
180.385223,208.472870,73.702156,118.125389
180.385223,208.472870,73.702156,118.125389
183.556778,215.281372,74.017967,118.631546
183.556778,215.281372,74.017967,118.631546
179.619232,204.214478,79.291222,127.083199
179.619232,204.214478,79.291222,127.083199
178.769714,199.053436,81.470978,130.576782
178.769714,199.053436,81.470978,130.576782
178.769714,199.053436,81.470978,130.576782
174.723007,214.794876,80.722687,129.377472
177.860184,218.608154,79.642616,127.646393
177.860184,218.608154,79.642616,127.646393
177.860184,218.608154,79.642616,127.646393
181.047318,222.056213,76.750671,123.011360
181.047318,222.056213,76.750671,123.011360
181.047318,222.056213,76.750671,123.011360
181.898727,207.992081,75.321754,120.721176
181.898727,207.992081,75.321754,120.721176
181.898727,207.992081,75.321754,120.721176
181.898727,207.992081,75.321754,120.721176
181.898727,207.992081,75.321754,120.721176
182.505463,222.173157,77.744972,124.604958
183.668793,223.935181,77.997887,125.010323
183.668793,223.935181,77.997887,125.010323
183.668793,223.935181,77.997887,125.010323
185.592560,205.453476,82.620605,132.419327
184.159546,206.193420,87.445412,140.152237
184.159546,206.193420,87.445412,140.152237
188.593735,207.006760,85.918892,137.705627
188.593735,207.006760,85.918892,137.705627
188.593735,207.006760,85.918892,137.705627
188.593735,207.006760,85.918892,137.705627
188.593735,207.006760,85.918892,137.705627
188.593735,207.006760,85.918892,137.705627
188.593735,207.006760,85.918892,137.705627
188.593735,207.006760,85.918892,137.705627
188.593735,207.006760,85.918892,137.705627
188.448181,211.266998,80.896896,129.656677
188.448181,211.266998,80.896896,129.656677
188.448181,211.266998,80.896896,129.656677
191.130402,227.797485,75.922363,121.683792
188.793900,203.434982,74.720154,119.756958
188.793900,203.434982,74.720154,119.756958
191.197906,229.241592,76.947990,123.327606
191.920822,219.189911,76.876862,123.213600
191.920822,219.189911,76.876862,123.213600
191.920822,219.189911,76.876862,123.213600
191.920822,219.189911,76.876862,123.213600
191.920822,219.189911,76.876862,123.213600
191.920822,219.189911,76.876862,123.213600
191.920822,219.189911,76.876862,123.213600
191.920822,219.189911,76.876862,123.213600
191.920822,219.189911,76.876862,123.213600
191.920822,219.189911,76.876862,123.213600
193.892883,211.763596,74.155624,118.852165
193.892883,211.763596,74.155624,118.852165
193.892883,211.763596,74.155624,118.852165
197.700134,221.280289,75.200165,120.526291
196.942215,217.617569,78.781723,126.266594
182.240646,194.802200,77.935982,124.911095
171.274567,182.910507,76.994370,123.401932
184.620743,173.177322,79.980545,128.187988
184.620743,173.177322,79.980545,128.187988
184.620743,173.177322,79.980545,128.187988
191.723862,183.889603,82.446640,132.140503
192.226196,189.184555,79.429451,127.304733
192.226196,189.184555,79.429451,127.304733
188.091125,192.182724,80.649315,129.259857
188.091125,192.182724,80.649315,129.259857
188.091125,192.182724,80.649315,129.259857
194.107864,182.542206,84.396355,135.265396
193.137924,196.004181,76.542992,122.678505
194.445953,192.132156,77.629959,124.420631
194.445953,192.132156,77.629959,124.420631
194.445953,192.132156,77.629959,124.420631
194.445953,192.132156,77.629959,124.420631
193.297073,197.531021,73.351280,117.563019
201.671799,192.973740,76.806534,123.100883
201.671799,192.973740,76.806534,123.100883
201.671799,192.973740,76.806534,123.100883
201.671799,192.973740,76.806534,123.100883
204.426651,190.556580,77.650551,124.453621
216.566025,186.605896,76.729492,122.977402
218.685486,193.092117,77.715309,124.557411
223.959244,189.730774,75.846352,121.561958
225.519501,186.905838,77.297661,123.888023
225.519501,186.905838,77.297661,123.888023
225.519501,186.905838,77.297661,123.888023
231.411667,185.023254,79.305389,127.105896
231.411667,185.023254,79.305389,127.105896
240.558350,186.529312,78.790901,126.281311
239.399948,188.011444,76.601036,122.771523
248.939117,191.669907,74.968277,120.154633
249.815018,194.233078,72.574615,116.318214
261.313019,205.752518,70.023453,112.229370
261.313019,205.752518,70.023453,112.229370
265.650635,195.143265,69.227234,110.953247
266.788269,202.610245,65.813789,105.482391
279.171509,191.776001,68.392029,109.614639
278.932983,206.244125,65.137375,104.398270
291.621613,204.614807,65.839600,105.523758
291.621613,204.614807,65.839600,105.523758
297.811279,201.917740,69.556526,111.481018
293.479401,199.415070,71.125954,113.996407
294.305511,198.509277,71.951317,115.319252
294.305511,198.509277,71.951317,115.319252
299.769318,189.582443,74.454155,119.330650
302.466064,203.353790,68.819489,110.299751
303.696533,186.216522,71.732063,114.967857
318.880859,185.930298,73.409004,117.655563
340.397675,194.811783,73.626869,118.004745
323.517212,198.917892,76.686546,122.908607
323.517212,198.917892,76.686546,122.908607
325.871155,200.292755,73.061684,117.098892
325.871155,200.292755,73.061684,117.098892
325.207123,196.559235,72.559502,116.294029
325.207123,196.559235,72.559502,116.294029
325.207123,196.559235,72.559502,116.294029
325.207123,196.559235,72.559502,116.294029
329.799286,198.240326,71.621010,114.789871
329.799286,198.240326,71.621010,114.789871
329.799286,198.240326,71.621010,114.789871
332.684265,198.524536,70.413872,112.855148
330.800476,210.064209,66.212929,106.122124
376.551514,192.581528,66.743881,106.973099
392.426483,187.397247,66.435173,106.478325
400.528534,195.919403,68.860733,110.365868
414.820709,204.188889,65.993683,105.770737
423.936157,203.302917,65.165916,104.444046
412.907318,198.468552,62.268536,99.800301
333.048492,222.538528,60.278278,96.610435
342.467957,202.319946,58.810814,94.258476
342.315460,209.849426,57.293022,91.825851
340.701569,221.158859,60.171413,96.439163
326.391693,203.701904,60.853741,97.532753
336.647644,203.851776,59.566097,95.468994
336.500183,209.548508,54.582726,87.481941
336.500183,209.548508,54.582726,87.481941
273.405426,189.823898,54.532913,87.402107
227.457336,216.529190,57.785175,92.614639
245.213638,226.443604,58.207722,93.291870
239.782303,225.706436,56.040543,89.818443
236.709503,255.632843,59.055458,94.650574
233.955872,261.710327,61.325996,98.289658
229.377289,249.353897,64.406883,103.227524
241.036209,245.096085,63.390247,101.598122
234.024628,258.249298,63.485451,101.750710
239.816071,234.328659,63.019466,101.003860
242.051117,260.869751,61.850460,99.130249
243.364075,262.789612,60.652607,97.210403
259.523987,215.609833,62.306995,99.861954
251.847748,259.373993,62.783714,100.626007
257.141479,259.489990,62.711349,100.510025
259.785553,259.033630,62.996075,100.966370
259.785553,259.033630,62.996075,100.966370
263.851318,243.209579,64.304161,103.062889
263.755951,257.928619,63.685524,102.071373
268.065826,260.143890,62.303345,99.856102
265.187927,262.561584,60.794880,97.438423
272.011414,262.309082,58.304264,93.446617
272.011414,262.309082,58.304264,93.446617
270.787262,264.356567,59.674919,95.643425
272.692108,263.564880,60.168880,96.435120
275.592102,261.620636,59.694817,95.675323
278.475250,259.294281,62.833439,100.705719
278.475250,259.294281,62.833439,100.705719
282.782410,257.816071,60.185837,96.462296
295.902527,240.449112,61.887535,99.189682
295.902527,240.449112,61.887535,99.189682
295.902527,240.449112,61.887535,99.189682
284.553864,254.336594,60.789509,97.429832
284.553864,254.336594,60.789509,97.429832
284.553864,254.336594,60.789509,97.429832
284.553864,254.336594,60.789509,97.429832
294.396149,257.746613,59.311440,95.060875
301.285736,247.485809,58.747410,94.156883
301.285736,247.485809,58.747410,94.156883
300.414520,245.309341,59.743607,95.753532
306.122864,245.204971,59.759621,95.779198
306.122864,245.204971,59.759621,95.779198
306.122864,245.204971,59.759621,95.779198
309.118774,246.248932,58.625862,93.962082
272.034149,251.791245,63.989468,102.558548
208.104248,262.757477,60.672634,97.242523
191.894653,235.814285,56.652977,90.800056
181.647705,254.990448,57.750851,92.559662
194.267670,246.525406,60.548695,97.043884
180.710922,242.585648,62.378723,99.976944
156.766678,259.673859,62.596600,100.326141
155.921310,264.043274,59.870377,95.956711
154.943237,249.515640,58.573299,93.877831
154.943237,249.515640,58.573299,93.877831
154.943237,249.515640,58.573299,93.877831
162.688568,243.231552,54.608292,87.522949
162.688568,243.231552,54.608292,87.522949
159.024918,247.369904,52.008076,83.355476
158.401169,254.070358,54.650539,87.590660
158.401169,254.070358,54.650539,87.590660
138.426346,220.769653,57.091827,91.503418
124.364235,225.596542,55.302219,88.635139
91.611328,198.046066,57.546074,92.231461
50.009514,174.710648,61.983166,99.342972
16.584789,179.594299,62.160782,99.627647
10.079143,184.304565,58.229355,93.326591
10.079143,184.304565,58.229355,93.326591
28.498903,185.122696,57.396317,91.991447
28.498903,185.122696,57.396317,91.991447
26.665928,191.386475,55.430416,88.840622
53.694305,196.430008,57.470325,92.110069
52.882671,183.133072,60.181190,96.454887
119.850616,206.494064,60.395973,96.799126
137.238251,205.564575,55.054012,88.237343
143.971710,199.811203,51.831715,83.072830
153.936050,217.018967,50.384346,80.753075
154.874023,196.062927,49.550438,79.416534
161.361877,195.545120,48.737602,78.113770
168.495819,207.008087,50.511005,80.956078
179.757523,208.929535,50.685066,81.235054
190.398666,192.487762,52.175255,83.623444
176.653870,192.187561,51.590134,82.685646
202.699524,213.127487,49.198566,78.852585
211.612717,204.086853,47.622856,76.327126
211.298676,203.675751,49.079861,78.662331
221.625839,210.898560,46.536785,74.586441
236.222397,216.494629,43.686699,70.018486
233.047592,212.111755,45.604340,73.091965
207.672958,223.399719,47.961834,76.870422
214.707642,209.005844,53.054756,85.033066
221.597549,201.949249,54.274319,86.987709
221.597549,201.949249,54.274319,86.987709
225.257492,228.235153,53.218616,85.295692
225.426117,227.787674,54.826653,87.872963
234.690002,202.242172,53.101608,85.108162
234.690002,202.242172,53.101608,85.108162
250.659149,197.985229,54.614040,87.532196
242.129105,230.125854,54.965279,88.095139
227.229370,218.870956,53.099705,85.105103
260.834137,208.637619,50.706364,81.269196
269.886963,209.597504,49.721436,79.690613
274.964417,212.852829,49.494987,79.327675
245.793457,230.075760,49.499210,79.334442
275.926727,244.820709,48.149117,77.170593
271.971008,226.431915,47.487919,76.110863
279.151154,218.991302,44.768433,71.752228
288.101013,218.024811,47.154102,75.575844
296.494751,221.177292,45.298805,72.602280
296.494751,221.177292,45.298805,72.602280
302.071228,239.056656,42.987450,68.897774
295.616943,224.390060,43.942425,70.428352
251.742371,203.189896,43.336754,69.457619
230.295837,187.626556,44.469948,71.273842
235.885880,181.005127,45.198978,72.442291
235.885880,181.005127,45.198978,72.442291
219.434906,163.588867,45.575581,73.045883
192.106888,154.054794,45.587833,73.065521
196.201675,153.188019,46.706848,74.859016
203.008957,151.562439,45.865883,73.511169
219.356979,147.228973,45.256416,72.534355
211.523209,144.194580,47.208134,75.662453
218.443192,147.705872,45.258064,72.536995
222.552628,152.717880,41.765175,66.938789
228.977341,150.632141,40.662640,65.171707
228.977341,150.632141,40.662640,65.171707
233.492935,151.575485,41.162045,65.972130
238.571625,131.204041,41.291916,66.180283
240.369125,132.883591,41.151318,65.954941
238.427765,130.490921,41.996128,67.308952
241.363037,128.901886,41.458130,66.446678
245.368546,128.779236,41.142506,65.940811
262.334045,136.591797,42.771748,68.552071
263.525177,140.470490,40.696602,65.226143
260.475922,131.268204,38.454784,61.633087
274.651398,142.485779,38.619259,61.896694
274.241211,143.732452,36.785286,58.957306
283.699158,130.969543,36.367832,58.288239
273.167206,130.079117,35.167690,56.364719
280.044586,130.758270,35.228134,56.461597
286.723267,140.954300,35.906845,57.549393
289.504974,131.029526,34.700577,55.616055
285.141174,134.669128,33.669292,53.963177
287.244690,138.029663,32.494381,52.080093
300.052246,140.428177,32.124386,51.487087
301.741486,159.049088,30.708536,49.217846
300.944366,145.707397,29.811262,47.779747
306.044769,154.047287,29.139462,46.703026
316.735596,151.088440,29.671078,47.555069
316.735596,151.088440,29.671078,47.555069
318.450470,153.019165,31.393280,50.315315
321.409058,155.470306,29.592188,47.428631
320.932739,156.409103,30.514599,48.907017
320.932739,156.409103,30.514599,48.907017
320.160400,157.717682,32.140270,51.512547
327.764465,171.611145,30.323227,48.600296
321.441772,182.309860,29.057030,46.570908
324.012054,170.577148,27.702866,44.400532
329.509003,183.395309,27.890474,44.701221
329.509003,183.395309,27.890474,44.701221
332.278412,180.785843,26.748665,42.871197
337.046722,189.036163,26.322485,42.188141
340.576111,173.732452,27.287554,43.734898
335.476044,176.946243,27.156387,43.524670
322.570160,161.815308,26.743589,42.863064
327.426575,159.404236,26.772409,42.909252
324.264618,178.863586,27.057775,43.366619
325.582062,172.919083,28.954361,46.406357
323.780212,171.248276,29.751678,47.684250
327.289734,174.464752,29.536568,47.339485
321.616913,177.530792,30.640230,49.108372
316.898529,179.102188,32.664940,52.353458
320.236694,201.225708,31.451862,50.409210
316.291016,202.539581,31.786676,50.945831
318.056335,184.070923,31.199394,50.004570
282.264435,178.649506,32.025288,51.328266
260.181915,180.665024,33.572838,53.808590
263.486145,183.032410,31.897381,51.123264
260.374298,183.210419,31.880775,51.096649
263.554993,177.260834,32.607452,52.261322
263.554993,177.260834,32.607452,52.261322
263.554993,177.260834,32.607452,52.261322
263.554993,177.260834,32.607452,52.261322
256.879883,179.892059,31.224428,50.044693
261.627045,177.951538,31.378349,50.291389
254.783005,179.216049,33.197277,53.206661
254.783005,179.216049,33.197277,53.206661
270.334564,186.400467,32.666977,52.356724
270.334564,186.400467,32.666977,52.356724
256.218048,187.796890,30.410681,48.740463
256.218048,187.796890,30.410681,48.740463
252.994064,188.654358,32.647415,52.325371
256.438080,185.124863,34.102802,54.657982
257.409698,185.483536,33.712318,54.032135
255.878983,184.232880,31.773138,50.924129
253.012131,186.849228,29.744011,47.671963
253.012131,186.849228,29.744011,47.671963
251.295364,166.689850,31.048512,49.762737
246.035797,150.113510,32.031078,51.337536
252.534531,155.779541,30.871054,49.478317
241.914841,160.122818,31.503572,50.492081
240.313553,153.126831,33.452751,53.616108
228.113724,148.384171,35.173759,56.374439
227.912903,151.022919,35.321842,56.611774
227.912903,151.022919,35.321842,56.611774
227.912903,151.022919,35.321842,56.611774
227.912903,151.022919,35.321842,56.611774
227.912903,151.022919,35.321842,56.611774
228.442215,157.243240,34.979218,56.062634
243.615540,154.070877,35.623882,57.095863
245.756393,153.342255,35.559429,56.992561
247.093948,149.401993,34.793869,55.765564
252.670395,147.743515,33.782066,54.143906
260.981384,150.343018,33.054363,52.977585
263.941589,157.551483,32.185581,51.585155
263.941589,157.551483,32.185581,51.585155
265.384766,158.542984,30.806419,49.374714
265.384766,158.542984,30.806419,49.374714
256.214020,154.428833,32.060982,51.385452
239.730850,157.979614,32.563107,52.190231
241.509598,154.006287,32.705589,52.418594
247.208923,154.887100,34.103329,54.658810
257.803986,148.289978,33.420406,53.564262
259.036713,149.707748,34.825790,55.816730
259.978851,150.780533,35.489063,56.879787
259.978851,150.780533,35.489063,56.879787
260.054321,153.758926,35.433788,56.791195
265.846741,149.876358,34.544872,55.366489
265.921936,155.564026,33.152946,53.135597
269.551880,157.131561,33.790340,54.157177
257.118103,159.719177,33.781284,54.142662
257.118103,159.719177,33.781284,54.142662
267.333649,151.627945,33.703892,54.018623
274.912018,154.073303,36.632626,58.712627
274.912018,154.073303,36.632626,58.712627
274.912018,154.073303,36.632626,58.712627
274.912018,154.073303,36.632626,58.712627
284.624542,153.262390,38.048134,60.981319
285.151001,153.759521,38.452374,61.629211
298.422455,154.447662,36.895294,59.133617
298.422455,154.447662,36.895294,59.133617
299.658630,154.123535,37.626987,60.306328
299.623352,156.242447,36.605183,58.668640
295.572083,155.990112,39.276196,62.949585
292.915375,154.344955,39.766602,63.735577
297.951080,153.060516,39.912273,63.969051
297.951080,153.060516,39.912273,63.969051
290.452881,154.174911,42.825127,68.637604
289.554932,152.397888,44.198338,70.838509
288.369873,156.482285,45.765182,73.349754
288.369873,156.482285,45.765182,73.349754
259.220337,175.888077,44.586945,71.461342
255.597183,148.540802,44.670883,71.595879
256.703369,159.087097,45.039005,72.185883
256.703369,159.087097,45.039005,72.185883
256.703369,159.087097,45.039005,72.185883
257.592468,154.162033,43.416435,69.585320
254.255234,155.296341,47.263058,75.750458
251.112152,152.720795,47.200550,75.650276
255.225952,146.621887,45.160492,72.380592
255.225952,146.621887,45.160492,72.380592
261.678101,173.295380,45.293678,72.594055
211.774780,146.372314,43.772221,70.155548
215.712372,136.120834,44.369061,71.112129
217.505722,145.376709,42.148167,67.552612
217.505722,145.376709,42.148167,67.552612
217.505722,145.376709,42.148167,67.552612
206.321426,151.444656,42.425087,67.996445
211.811920,146.487076,43.954956,70.448433
221.143997,143.327621,46.375370,74.327736
226.596283,146.246552,48.475067,77.693008
224.231873,145.055771,46.112289,73.906090
219.854034,142.129913,45.104008,72.290070
214.603088,146.481186,46.101959,73.889526
222.031174,141.472992,43.396641,69.553604
225.946136,138.107117,45.131317,72.333839
222.897476,137.664902,45.075409,72.244232
222.897476,137.664902,45.075409,72.244232
215.593430,149.463593,47.837887,76.671776
215.593430,149.463593,47.837887,76.671776
229.269257,145.434494,50.924923,81.619499
218.448517,154.208237,50.440620,80.843292
218.448517,154.208237,50.440620,80.843292
231.216660,157.293991,47.441864,76.037064
229.009079,147.683517,46.201294,74.048752
214.512924,156.567398,46.412109,74.386635
230.584457,140.225021,41.676670,66.796944
228.152756,149.967590,42.053173,67.400375
228.152756,149.967590,42.053173,67.400375
226.100143,149.731552,43.373001,69.515717
229.851151,149.655762,41.667789,66.782707
229.851151,149.655762,41.667789,66.782707
230.488708,151.568359,40.463398,64.852379
221.679672,155.623550,36.870502,59.093895
231.996750,152.925705,38.133553,61.118240
228.745361,151.228500,40.435661,64.807922
225.972626,153.311172,40.057568,64.201935
222.617050,153.384232,41.090473,65.857414
220.920502,143.188141,37.256714,59.712887
222.850922,157.780396,37.746944,60.498596
227.870956,150.547806,38.755386,62.114868
227.870956,150.547806,38.755386,62.114868
227.870956,150.547806,38.755386,62.114868
220.861877,161.711609,37.269802,59.733864
223.077942,155.338562,34.821404,55.809715
226.946991,159.351135,33.618092,53.881119
224.758484,162.701080,33.525932,53.733410
229.675537,162.523239,34.542980,55.363476
221.878876,161.023926,37.159431,59.556969
221.878876,161.023926,37.159431,59.556969
221.878876,161.023926,37.159431,59.556969
221.485138,163.246277,36.773338,58.938160
221.485138,163.246277,36.773338,58.938160
221.284637,158.531693,35.981239,57.668629
221.284637,158.531693,35.981239,57.668629
221.284637,158.531693,35.981239,57.668629
221.284637,158.531693,35.981239,57.668629
221.284637,158.531693,35.981239,57.668629
221.284637,158.531693,35.981239,57.668629
220.126648,165.056000,35.293037,56.565617
220.126648,165.056000,35.293037,56.565617
220.126648,165.056000,35.293037,56.565617
215.209061,167.404617,31.257788,50.098156
215.209061,167.404617,31.257788,50.098156
215.209061,167.404617,31.257788,50.098156
215.209061,167.404617,31.257788,50.098156
210.333694,167.011856,34.617966,55.483654
211.854080,168.000595,34.743355,55.684624
211.854080,168.000595,34.743355,55.684624
211.670242,166.241714,33.845173,54.245071
211.670242,166.241714,33.845173,54.245071
209.666260,165.047440,32.066322,51.394032
209.666260,165.047440,32.066322,51.394032
209.666260,165.047440,32.066322,51.394032
215.985489,166.090240,32.860138,52.666317
215.985489,166.090240,32.860138,52.666317
207.492081,166.534515,34.614002,55.477306
206.214386,167.911987,35.252548,56.500732
206.024979,158.410660,37.950714,60.825195
212.128311,156.410110,40.689362,65.214539
205.695709,159.237137,39.059139,62.601715
205.695709,159.237137,39.059139,62.601715
205.695709,159.237137,39.059139,62.601715
