1.000000
0.927728
0.981212
0.982556
0.962918
0.970072
0.956847
0.961960
0.961723
0.847089
0.928826
0.889164
0.885670
0.884048
0.793795
0.781387
0.627628
0.683884
0.690722
0.682000
0.780350
0.833850
0.753668
0.756223
0.742970
0.839359
0.847552
0.842283
0.836049
0.854275
0.821971
0.690647
0.846869
0.841809
0.817533
0.826151
0.859165
0.817309
0.814101
0.797544
0.835955
0.856939
0.789511
0.926957
0.980256
0.906705
0.896876
0.952499
0.981086
0.972250
0.863083
0.970597
0.963067
0.852811
0.891645
0.902026
0.857403
0.962356
0.978129
0.959898
0.956170
0.930698
0.928566
0.869120
0.941546
0.968913
0.899950
0.904732
0.934924
0.957804
0.942471
0.824242
0.878000
0.949161
0.961889
0.948402
0.900060
0.796913
0.901787
0.885455
0.931214
0.856906
0.855556
0.934260
0.855073
0.960398
0.925229
0.897931
0.961455
0.875969
0.942096
0.868690
0.951926
0.812450
0.924949
0.872550
0.902432
0.934056
0.932844
0.898761
0.881685
0.853908
0.890103
0.902248
0.900978
0.958317
0.862991
0.936112
0.861385
0.915549
0.972059
0.952681
0.842877
0.904503
0.844526
0.847464
0.866486
0.859404
0.886987
0.874273
0.865224
0.915854
0.873826
0.970624
0.898536
0.973219
0.982195
0.983338
0.973383
0.966448
0.977507
0.863898
0.976834
0.975683
0.955858
0.954756
0.907365
0.935371
0.935963
0.941712
0.924502
0.905724
0.895792
0.946737
0.977438
0.981246
0.979141
0.982310
0.979547
0.983225
0.975137
0.972115
0.971501
0.974095
0.973010
0.975782
0.968565
0.917318
0.949378
0.934534
0.919801
0.928985
0.934657
0.966884
0.962835
0.963075
0.964371
0.965537
0.970370
0.968947
0.966188
0.971498
0.971925
0.983155
0.990678
0.978893
0.977549
0.977718
0.974564
0.975979
0.980229
0.978606
0.980001
0.980357
0.975041
0.976137
0.983594
0.981899
0.980339
0.976553
0.977905
0.975916
0.971597
0.979984
0.979044
0.979945
0.980121
0.981534
0.978332
0.977069
0.978920
0.976634
0.980054
0.983507
0.982166
0.978573
0.979790
0.983353
0.979849
0.978154
0.985224
0.976787
0.978262
0.980126
0.979029
0.981470
0.980564
0.977978
0.984621
0.981225
0.979637
0.972011
0.985001
0.984256
0.983719
0.986070
0.981271
0.983737
0.982304
0.982202
0.985187
0.985998
0.982703
0.983637
0.984275
0.978470
0.977323
0.980202
0.978985
0.979955
0.975863
0.914317
0.973584
0.967347
0.976250
0.931236
0.862804
0.904746
0.895081
0.877185
0.919059
0.887110
0.939036
0.889951
0.927087
0.896408
0.980844
0.946175
0.907686
0.883713
0.871010
0.911904
0.922678
0.950898
0.895476
0.983761
0.969884
0.973642
0.941879
0.873633
0.980271
0.985163
0.973214
0.980055
0.977822
0.963071
0.971970
0.980606
0.974333
0.974592
0.974727
0.979636
0.876519
0.970379
0.791618
0.889912
0.878512
0.908660
0.856497
0.959011
0.805814
0.906495
0.943927
0.935331
0.951394
0.972643
0.930394
0.956278
0.951674
0.955980
0.968462
0.966354
0.938479
0.926979
0.916761
0.933173
0.909810
0.896989
0.851968
0.890540
0.836745
0.939378
0.951489
0.960879
0.855725
0.983362
0.985467
0.987363
0.988025
0.984001
0.978280
0.931029
0.883810
0.865523
0.854486
0.911456
0.973422
0.967506
0.979167
0.981741
0.983977
0.985304
0.984689
0.979182
0.983835
0.945821
0.906945
0.885665
0.970076
0.943157
0.870749
0.948323
0.971642
0.983988
0.971092
0.975731
0.973166
0.894722
0.957339
0.979531
0.985564
0.983746
0.974833
0.983236
0.983166
0.981558
0.967891
0.967247
0.975696
0.974786
0.979464
0.972934
0.957012
0.972939
0.964940
0.962076
0.975633
0.931682
0.969082
0.900120
0.970663
0.969809
0.972972
0.970346
0.975096
0.977326
0.945817
0.968792
0.977628
0.982581
0.978296
0.979064
0.981233
0.977572
0.980037
0.979946
0.980875
0.979867
0.976146
0.981447
0.979424
0.981578
0.979500
0.977417
0.978458
0.978609
0.972140
0.969238
0.975590
0.983491
0.975675
0.983692
0.986860
0.984385
0.985100
0.984039
0.985720
0.983177
0.986253
0.983137
0.983859
0.986685
0.983932
0.984791
0.981891
0.982476
0.985884
0.983135
0.979369
0.978846
0.964646
0.959183
0.965747
0.972188
0.965722
0.972829
0.951760
0.969310
0.979095
0.973081
0.966859
0.977406
0.984258
0.975172
0.981162
0.973963
0.971878
0.971203
0.895688
0.932241
0.953500
0.970971
0.978764
0.977465
0.978406
0.966331
0.970318
0.978656
0.972602
0.978366
0.978808
0.979340
0.973047
0.978758
0.951537
0.969558
0.972231
0.915694
0.919318
0.967794
0.902216
0.890226
0.950657
0.955602
0.948267
0.974219
0.972209
0.968523
0.965878
0.945994
0.913081
0.979724
0.911629
0.864993
0.767153
0.828043
0.811159
0.831175
0.781609
0.843073
0.773971
0.768427
0.717217
0.559488
0.723899
0.505930
0.701457
0.396856
0.552073
0.461350
0.648841
0.689814
0.778778
0.738762
0.744061
0.767682
0.741140
0.817608
0.652240
0.804120
0.739552
0.758391
0.779879
0.751508
0.841566
0.728970
0.665547
0.794397
0.753119
0.739702
0.852880
0.783643
0.792263
0.886099
0.867919
0.788649
0.825623
0.701947
0.710358
0.655328
0.536152
0.449214
0.415264
0.710705
0.586212
0.524269
0.559857
0.374245
0.442778
0.403842
0.544304
0.654500
0.709929
0.465529
0.497397
0.603014
0.342676
0.505658
0.398709
0.539314
0.464016
0.444483
0.392039
0.609959
0.914545
0.981340
0.982041
0.982752
0.983515
0.983641
0.982585
0.983075
0.981217
0.981748
0.982310
0.982780
0.984191
0.982204
0.977373
0.981544
0.956182
0.943624
0.873489
0.939171
0.955048
0.877502
0.894119
0.863544
0.933268
0.965619
0.980032
0.959675
0.866376
0.934434
0.881250
0.888927
0.868237
0.911182
0.872299
0.962549
0.984215
0.983788
0.988092
0.970060
0.900067
0.876947
0.858937
0.922633
0.971087
0.903939
0.868072
0.881234
0.974455
0.986790
0.984714
0.989197
0.987749
0.986082
0.984415
0.982630
0.982800
0.984515
0.979514
0.977169
0.975564
0.969966
0.965379
0.976181
0.976724
0.978940
0.979840
0.983168
0.980503
0.982392
0.982771
0.982416
0.983048
0.984476
0.979829
0.980909
0.980563
0.976900
0.970647
0.955082
0.880498
0.934505
0.892075
0.955519
0.957475
0.958118
0.965160
0.959773
0.960908
0.965364
0.922344
0.961118
0.930709
0.967817
0.976883
0.984475
0.977482
0.977859
0.977159
0.979035
0.974970
0.965657
0.979242
0.973474
0.967628
0.806108
0.939120
0.968889
0.959371
0.942040
0.937858
0.963428
0.894357
0.872463
0.751643
0.787818
0.694228
0.741318
0.666760
0.786965
0.834756
0.812326
0.810383
0.735807
0.746470
0.649405
0.540421
0.577147
0.473316
0.498852
0.426847
0.655232
0.690612
0.526440
0.674879
0.488365
0.867679
0.887977
0.880466
0.738270
0.879778
0.761337
0.697699
0.504306
0.577479
0.820206
0.738491
0.626258
0.853404
0.783929
0.792135
0.714802
0.660498
0.699109
0.732235
0.483613
0.821427
0.628257
0.532270
0.589466
0.883934
0.907604
0.924651
0.875210
0.897845
0.952007
0.967431
0.949402
0.862752
0.951862
0.886524
0.958721
0.942373
0.923928
0.952831
0.965024
0.978250
0.958964
0.948535
0.950644
0.941424
