0.012027
0.052175
0.049084
0.048626
0.048595
0.049100
0.049079
0.048589
0.050622
0.049606
0.049619
0.049135
0.049249
0.049098
0.049623
0.051325
0.052041
0.050129
0.053094
0.051632
0.052341
0.053003
0.051213
0.051595
0.052047
0.049725
0.050530
0.052351
0.049140
0.047888
0.050003
0.048703
0.049253
0.050101
0.049638
0.048089
0.049684
0.048779
0.048589
0.047551
0.048576
0.048266
0.049067
0.049596
0.049067
0.048097
0.049601
0.049622
0.049574
0.049688
0.048108
0.048816
0.049564
0.050833
0.050484
0.048022
0.048587
0.046934
0.049577
0.049587
0.048493
0.047198
0.049131
0.048548
0.050630
0.049978
0.048102
0.048107
0.047735
0.046246
0.047628
0.049084
0.049633
0.049658
0.049832
0.048094
0.047611
0.047582
0.048594
0.048084
0.047591
0.048624
0.047578
0.047984
0.049708
0.048133
0.047568
0.048120
0.046163
0.047086
0.050100
0.047611
0.048654
0.048705
0.049090
0.048746
0.049615
0.048106
0.050614
0.049585
0.050616
0.049470
0.050788
0.049282
0.050192
0.048593
0.049612
0.049111
0.049587
0.050011
0.048528
0.050112
0.048627
0.049127
0.049085
0.049370
0.048081
0.048607
0.050112
0.050080
0.049088
0.048929
0.048238
0.048603
0.049156
0.048905
0.049091
0.049389
0.049708
0.049090
0.049099
0.049091
0.049121
0.050121
0.050514
0.049634
0.051014
0.050771
0.050507
0.049846
0.052601
0.050716
