0.007693
0.053055
0.050569
0.050034
0.031036
0.051031
0.043537
0.047558
0.049041
0.052307
0.031530
0.031585
0.029795
0.046120
0.041050
0.047544
0.049560
0.043057
0.044541
0.046710
0.033025
0.038038
0.044558
0.038539
0.030725
0.045033
0.035035
0.047033
0.031037
0.045039
0.030519
0.040029
0.033021
0.036997
0.044582
0.040038
0.046046
0.029027
0.030024
0.030536
0.040694
0.044525
0.046033
0.039537
0.033020
0.047078
0.031516
0.046044
0.037522
0.047075
0.044037
0.038529
0.043525
0.037023
0.033031
0.044535
0.028533
0.045255
0.045539
0.034517
0.034021
0.035263
0.045607
0.029986
0.032539
0.044037
0.044034
0.034539
0.048080
0.037531
0.045540
0.047665
0.031505
0.047040
0.033531
0.030026
0.047030
0.041532
0.043177
0.047644
0.044001
0.034557
0.046138
0.034985
0.036527
0.033616
0.030740
0.034109
0.037046
0.039524
0.040039
0.037539
0.046536
0.035527
0.031524
0.047536
0.042531
0.045035
0.036532
0.046531
0.043062
0.047030
0.042535
0.044075
0.046561
0.029035
0.031032
0.036794
0.033024
0.045537
0.030523
0.045256
0.042251
0.046092
0.038533
0.034576
0.038532
0.045547
0.032039
0.032043
0.045536
0.043525
0.031026
0.046054
0.041528
0.030549
0.045038
0.045070
0.029517
0.045533
0.032557
0.038034
0.044535
0.043534
0.043540
0.033519
0.034538
0.048525
0.044528
0.042529
0.030033
0.035120
0.034529
0.044052
0.047414
0.033037
0.045529
0.039532
0.032827
0.046033
0.038033
0.035062
0.042115
0.043530
0.043626
0.045034
0.035059
0.043226
0.046273
0.033689
0.047008
0.036145
0.039832
0.032541
0.037046
0.045531
0.033520
0.044529
0.033551
0.032029
0.041117
0.036430
0.045167
0.031552
0.044080
0.042548
0.034039
0.032050
0.036175
0.031527
0.030714
0.030533
0.042529
0.033529
0.048203
0.041002
0.031999
0.034360
0.031686
0.052590
0.042610
0.034526
0.048151
0.032214
0.038650
0.048635
0.043585
0.048127
0.048913
0.042460
0.048983
0.047350
0.038026
0.030851
0.031026
0.031527
0.048045
0.033035
0.030528
0.029516
0.029565
0.047038
0.030807
0.046656
0.031213
0.032080
0.033530
0.029090
0.033551
0.039556
0.031533
0.040023
0.045927
0.045534
0.032022
0.032015
0.030023
0.043562
0.044431
0.043277
0.048546
0.047028
0.034530
0.032520
0.031027
0.044541
0.031027
0.031541
0.031030
0.046056
0.042917
0.046529
0.043265
0.034032
0.031029
0.047549
0.032292
0.044533
0.048038
0.046031
0.051079
0.032182
0.030517
0.031023
0.034583
0.032022
0.031523
0.030530
0.030023
0.041543
0.032524
0.045535
0.039030
0.029552
0.030352
0.031522
0.032809
0.046448
0.030066
0.031524
0.031523
0.032022
0.031523
0.039033
0.032743
0.036024
0.032046
0.048489
0.033039
0.035649
0.041044
0.043043
0.045788
0.031023
0.045537
0.047035
0.045535
0.045693
0.045542
0.044765
0.034529
0.030278
0.031518
0.031018
0.031020
0.031020
0.031055
0.031021
0.031021
0.034053
0.035055
0.037173
0.034640
0.030023
0.033073
0.046056
0.031029
0.039232
0.034024
0.045399
0.039321
0.039966
0.050172
0.048687
0.039193
0.032615
0.034222
0.035886
0.045752
0.046559
0.030184
0.031083
0.033022
0.045585
0.034032
0.031505
0.050540
0.046546
0.044039
0.031456
0.043030
0.029533
0.045527
0.033410
0.030298
0.029526
0.031030
0.031519
0.038022
0.043030
0.035530
0.046030
0.034532
0.032524
0.030966
0.030189
0.031517
0.032021
0.032023
0.030534
0.046806
0.041026
0.045573
0.044587
0.035527
0.047552
0.034032
0.033029
0.030526
0.046040
0.034544
0.038546
0.049059
0.030528
0.043082
0.030519
0.047530
0.048029
0.046049
0.041539
0.048054
0.032540
0.042709
0.044537
0.040673
0.046080
0.041042
0.028205
0.033043
0.031037
0.032617
0.034048
0.043525
0.031529
0.035038
0.031539
0.033951
0.045025
0.036997
0.044531
0.042042
0.046560
0.038531
0.046529
0.035386
0.030521
0.044745
0.043362
0.034525
0.044620
0.033059
0.044564
0.032517
0.028517
0.045525
0.042284
0.033031
0.044530
0.042037
0.029020
0.045542
0.031896
0.030024
0.031531
0.029028
0.028015
0.034526
0.045027
0.027027
0.031970
0.036037
0.031523
0.044034
0.042036
0.030535
0.047402
0.032535
0.044565
0.047586
0.048541
0.044028
0.033517
0.029023
0.044575
0.030030
0.044534
0.039028
0.039041
0.036040
0.038531
0.043527
0.032015
0.030517
0.045022
0.044026
0.043031
0.044029
0.044029
0.044523
0.033531
0.044526
0.027520
0.036517
0.029017
0.042043
0.043525
0.033032
0.028534
0.030093
0.042027
0.037535
0.039524
0.045027
0.029516
0.044539
0.029520
0.028521
0.030519
0.040178
0.042043
0.041030
0.032020
0.033798
0.035037
0.044028
0.036024
0.031565
0.046503
0.030451
0.044528
0.034031
0.030045
0.029018
0.038758
0.042032
0.029525
0.040590
0.045559
0.045087
0.038543
0.039028
0.037018
0.045024
