1.000000
0.896707
0.896284
0.889811
0.888510
0.830733
0.804219
0.781342
0.763609
0.812355
0.902639
0.882265
0.962280
0.976883
0.931038
0.949687
0.956124
0.927472
0.934693
0.839894
0.863462
0.926964
0.972105
0.924054
0.946629
0.941263
0.912602
0.950010
0.950589
0.930842
0.855189
0.884184
0.894724
0.917482
0.918512
0.857699
0.861747
0.953101
0.970791
0.854206
0.867420
0.955755
0.973229
0.964843
0.944667
0.941525
0.905809
0.915704
0.860309
0.883970
0.829128
0.923276
0.854881
0.859737
0.906297
0.927599
0.844453
0.808189
0.917724
0.870528
0.956441
0.949735
0.884775
0.868299
0.871865
0.911994
0.928357
0.936016
0.880035
0.880687
0.864830
0.925801
0.879519
0.851658
0.913016
0.899366
0.963511
0.883861
0.980141
0.960223
0.973545
0.975275
0.948052
0.927880
0.934916
0.969175
0.981700
0.978177
0.978657
0.967382
0.952417
0.870318
0.844744
0.859955
0.874443
0.914032
0.944591
0.953497
0.959177
0.968571
0.957670
0.981130
0.971230
0.974034
0.944090
0.784808
0.800391
0.883657
0.814308
0.877991
0.942647
0.927260
0.967162
0.925421
0.985592
0.966660
0.917211
0.869710
0.960551
0.959905
0.946274
0.812092
0.827249
0.845823
0.783454
0.844828
0.820757
0.814947
0.834888
0.783385
0.766742
0.858280
0.820491
0.915906
0.935003
0.968323
0.933498
0.968558
0.958726
0.880026
0.892452
0.887981
0.895692
0.851991
0.859816
0.931847
0.969400
0.988364
0.981421
0.961595
0.964066
0.984390
0.953853
0.971847
0.955393
0.963834
0.923160
0.969756
0.969720
0.978201
0.962469
0.968303
0.969456
0.938032
0.958767
0.951413
0.880905
0.947062
0.977525
0.925446
0.920139
0.906772
0.969927
0.965776
0.964369
0.959440
0.903218
0.959864
0.955007
0.923501
0.870525
0.924164
0.963788
0.913658
0.863593
0.892287
0.962231
0.985607
0.958135
0.862585
0.923291
0.853833
0.882574
0.871083
0.964980
0.879160
0.954257
0.881206
0.910994
0.973396
0.883884
0.800577
0.830828
0.904592
0.808275
0.922237
0.926263
0.939128
0.868749
0.928867
0.934960
0.952570
0.869929
0.954079
0.970431
0.899981
0.934678
0.941684
0.969371
0.825525
0.975705
0.898835
0.927528
0.818809
0.858572
0.946808
0.854304
0.898700
0.947130
0.942008
0.934389
0.879633
0.947716
0.927223
0.969477
0.806727
0.872678
0.883587
0.951492
0.970490
0.987918
0.955751
0.896194
0.783609
0.831785
0.892707
0.942490
0.980922
0.978099
0.851950
0.800085
0.968518
0.862707
0.943663
0.981298
0.865752
0.880553
0.911157
0.961525
0.879332
0.826364
0.802672
0.877176
0.938513
0.975874
0.931757
0.958845
0.928332
0.897752
0.822321
0.890559
0.956797
0.928360
0.877431
0.971737
0.966532
0.953513
0.842020
0.837360
0.868980
0.926786
0.928151
0.963504
0.865165
0.880629
0.854745
0.916431
0.976380
0.935042
0.914556
0.956604
0.859015
0.756252
