0.010014
0.037524
0.028515
0.043535
0.043069
0.042028
0.043522
0.041025
0.030022
0.046254
0.042545
0.040025
0.046033
0.034023
0.031517
0.030024
0.029027
0.046033
0.033525
0.042024
0.030525
0.046043
0.037543
0.045530
0.042524
0.038526
0.041022
0.043535
0.039033
0.030528
0.031541
0.032023
0.034022
0.037040
0.033059
0.045049
0.031018
0.032517
0.045534
0.032017
0.043524
0.029018
0.032018
0.045540
0.033034
0.044026
0.042652
0.042658
0.042061
0.037527
0.045533
0.029016
0.043028
0.030020
0.038525
0.033534
0.030041
0.044030
0.041061
0.045024
0.033518
0.031529
0.043528
0.044535
0.031517
0.045032
0.033524
0.043611
0.032020
0.046031
0.029029
0.045534
0.041524
0.046043
0.042043
0.044647
0.043024
0.034530
0.033567
0.029517
0.030537
0.045029
0.045029
0.030052
0.030517
0.035526
0.037556
0.043527
0.042558
0.028024
0.028517
0.036382
0.033539
0.028025
0.037528
0.031033
0.044026
0.043552
0.028524
0.044025
0.029018
0.044530
0.042346
0.036285
0.041031
0.045028
0.042048
0.029020
0.029517
0.046526
0.032967
0.044558
0.041541
0.040523
0.034023
0.046028
0.036021
0.046034
0.031583
0.027516
0.043523
0.038522
0.028022
0.043527
0.028523
0.045031
0.034018
0.044530
0.040524
0.031018
0.035516
0.033027
0.031521
0.032018
0.039038
0.044533
0.028230
0.045580
0.040021
0.043538
