0.010010
0.024013
0.045029
0.038526
0.025016
0.044528
0.040026
0.045031
0.038651
0.023021
0.030019
0.045025
0.046045
0.027518
0.043531
0.046031
0.048026
0.045528
0.044531
0.037552
0.045149
0.041579
0.044559
0.021514
0.044536
0.043021
0.024517
0.030518
0.045527
0.043033
0.032022
0.030020
0.041528
0.044719
0.034041
0.031518
0.045580
0.041525
0.032019
0.043545
0.029020
0.047709
0.041031
0.040547
0.036746
0.032621
0.044536
0.041544
0.044038
0.032019
0.037025
0.045042
0.033031
0.046530
0.033524
0.042526
0.045530
0.043024
0.035447
0.043032
0.030519
0.047036
0.046027
0.045544
0.039526
0.049561
0.033019
0.045047
0.038552
0.042533
0.045036
0.038024
0.045136
0.035535
0.030526
0.048034
0.030531
0.046034
0.046033
0.030021
0.041531
0.044029
0.041526
0.030518
0.037536
0.033025
0.044538
0.041529
0.032530
0.030535
0.044525
0.041541
0.044534
0.031538
0.031037
0.043035
0.034039
0.044317
0.045288
0.041546
0.043038
0.042030
0.036528
0.045025
0.038523
0.037028
0.039523
0.043528
0.042028
0.033034
0.043558
0.040033
0.033520
0.046032
0.030020
0.046032
0.041026
0.027013
0.045031
0.042042
0.044029
0.041605
0.045036
0.044034
0.032516
0.029020
0.035025
0.045532
0.039618
0.042595
0.046032
0.044103
0.046028
0.040528
0.046383
0.046801
0.045036
0.047030
0.041632
0.048037
0.030018
0.045402
0.039023
0.030524
0.044026
0.045525
0.034524
0.029519
0.030521
0.046475
0.045047
0.043827
0.042023
0.047033
0.031518
0.030034
0.030540
0.045527
0.041529
0.046538
0.046529
0.047025
0.047030
0.031023
0.046030
0.042529
0.036073
0.029019
0.044524
0.029017
0.035021
0.044027
0.042536
0.030032
0.047060
0.031548
0.046053
0.044043
0.032023
0.031023
0.029535
0.044042
0.043524
0.032021
0.047054
0.045532
0.042526
0.044029
0.036025
0.045027
0.048027
0.034521
0.031527
0.046527
0.033527
0.041024
0.034531
0.043526
0.043535
0.030518
0.046030
0.049245
0.037621
0.047040
0.045527
0.033524
0.043563
0.029517
0.047035
0.048529
0.045031
0.028518
0.034028
0.043531
0.045025
