1.000000
0.784608
0.769248
0.753827
0.770720
0.759939
0.741930
0.754218
0.763357
0.762026
0.750730
0.771056
0.762586
0.780951
0.805873
0.814319
0.856034
0.873849
0.878237
0.891346
0.841652
0.775424
0.762631
0.739554
0.789504
0.768230
0.773348
0.765916
0.761644
0.764365
0.760891
0.793302
0.791610
0.771443
0.794977
0.784114
0.822668
0.802928
0.829418
0.817928
0.846034
0.865268
0.874543
0.890109
0.892726
0.890711
0.883992
0.900826
0.969579
0.955361
0.928114
0.911983
0.907218
0.887922
0.863813
0.855203
0.867478
0.859081
0.832660
0.827771
0.793041
0.782213
0.759446
0.771585
0.757306
0.772462
0.745404
0.769562
0.838815
0.756305
0.752558
0.844231
0.810323
0.821778
0.815632
0.812563
0.799021
0.828841
0.786831
0.806737
0.805710
0.789512
0.784698
0.769537
0.691369
0.687621
0.688876
0.771772
0.820848
0.743206
0.878197
0.868221
0.900173
0.986448
0.966463
0.969445
0.975095
0.973363
0.971362
0.972067
0.981270
0.983463
0.989249
0.993629
0.991269
0.994098
0.986870
0.991440
0.985140
0.991661
0.989290
0.991916
0.998375
0.994039
0.990146
0.990467
0.996924
0.999497
0.995304
0.996722
0.995067
0.993913
0.994389
0.993648
0.996120
0.990965
0.988931
0.989546
0.993430
0.990552
0.993486
0.996045
0.989561
0.992213
0.995310
0.996891
0.990068
0.796844
0.831085
0.873396
0.911331
0.956419
0.894843
0.903248
0.876872
0.852366
0.818211
0.809745
0.856273
0.781030
0.744515
0.649377
0.558869
0.517438
0.572105
0.544985
0.656031
0.675997
0.656131
0.694836
0.665883
0.655640
0.680526
0.673108
0.632815
0.625865
0.796200
0.866713
0.837573
0.804358
0.733495
0.764095
0.737499
0.740209
0.753147
0.782028
0.785141
0.757451
0.790185
0.744394
0.782561
0.761168
0.752093
0.733357
0.749450
0.753497
0.751679
0.726430
0.720009
0.737125
0.752114
0.723510
0.741836
0.732981
0.765859
0.760854
0.750701
0.758300
0.754802
0.759564
0.775779
0.766260
0.769143
0.757982
0.771837
0.769427
0.760633
0.789209
0.771685
0.821186
0.814421
0.827099
0.768255
0.797740
0.788525
0.791902
0.817755
0.778760
0.783561
0.787066
0.830377
0.838945
0.853016
0.825178
0.787943
0.794003
0.780853
0.734442
0.738968
0.724753
0.731776
0.707620
0.738942
0.711349
0.708885
0.734308
0.733517
0.728329
0.768056
0.726695
0.710334
0.607915
0.539948
0.533329
0.582147
0.708967
0.702334
0.713727
0.746973
0.715696
0.722632
0.717444
0.716562
0.730697
0.738402
0.751758
0.712632
0.710649
0.748414
0.715747
0.722917
0.712163
0.701629
0.684724
0.654248
0.643741
0.642713
0.568105
0.671759
0.786572
0.818485
0.849393
0.864656
0.862690
0.841880
0.853047
0.855927
0.850118
0.855557
0.868533
0.885177
0.879527
0.870513
0.871311
0.877847
0.857230
0.861404
0.862454
0.857963
0.862257
0.846444
0.855823
0.863781
0.871736
0.861170
0.864290
0.858321
0.857152
0.854964
0.849831
0.844738
0.826216
0.833217
0.818957
0.846567
0.817685
0.839136
0.828784
0.832783
0.823787
0.813787
0.827239
0.824357
0.816838
0.799818
0.812853
0.811884
0.795598
0.792863
0.799200
0.851917
0.855345
0.889447
0.906289
0.850936
0.794681
0.840660
0.862187
0.929314
0.902413
0.858657
0.857072
0.842303
0.852090
0.823203
0.824235
0.829693
0.798771
0.808716
0.806216
0.825523
0.863039
0.877168
0.902500
0.948619
0.949876
0.958173
0.942592
0.925712
0.950824
0.989983
0.991267
0.966920
0.980842
0.979187
0.974538
0.986995
0.969171
0.986552
0.966712
0.971366
0.992497
0.993330
0.988717
0.883261
0.865730
0.867905
0.874534
0.889549
0.871632
0.892530
0.893185
0.898988
0.932497
0.926352
0.922228
0.899002
0.888818
0.899601
0.871225
0.888713
0.867047
0.870704
0.868636
0.877091
0.883184
0.862623
0.889342
0.899077
0.899032
0.885866
0.907085
0.899827
0.884555
0.872243
0.902266
0.892695
0.889653
0.878516
0.869237
0.955539
0.947666
0.939113
0.889549
0.860412
0.884827
0.901930
0.886768
0.896499
0.903849
0.820756
0.715697
0.744431
0.608271
0.796554
0.545764
0.649051
0.672656
0.726650
0.720143
0.743046
0.727467
0.724011
0.729264
0.708074
0.729295
0.731660
0.709708
0.686088
0.676959
0.638369
0.649177
0.698938
0.727764
0.749415
0.756300
0.760304
0.758871
0.676664
0.679231
0.679075
0.662101
0.680997
0.661381
0.687575
0.729401
0.684530
0.702273
0.711062
0.707443
0.706746
0.739687
0.751859
0.772708
0.768955
0.734965
0.744868
0.751812
0.754334
0.759687
0.758022
0.754639
0.736856
0.739244
0.733101
0.735252
0.753853
0.735453
0.753550
0.737597
0.789209
0.762384
0.773655
0.780850
0.767569
0.740210
0.758767
0.760088
0.762273
0.761356
0.762410
0.765994
0.755874
0.761725
0.753509
0.755018
0.765215
0.751866
0.723353
0.753891
0.765776
0.796295
0.772323
0.762151
0.772946
0.778127
0.749872
0.756978
0.776896
0.753661
0.773236
0.784713
0.760151
0.770362
0.757574
0.758288
0.784527
0.750307
0.793643
0.758145
0.744931
0.745565
0.783976
0.761564
0.776361
0.767162
0.788511
0.768763
0.754569
0.776389
0.751006
0.771198
0.794707
0.790586
0.815258
0.824596
0.828771
0.813688
0.814190
0.832189
0.802270
0.824950
0.836133
0.822914
0.821461
0.812728
0.829855
0.828437
0.825003
0.822553
0.820868
0.823452
0.824719
0.810368
0.821105
0.822555
0.824080
0.834337
0.838371
0.837503
0.812579
0.824707
0.804307
0.811745
0.813919
0.829776
0.827172
0.811750
0.808166
0.829358
0.770850
0.827863
0.832972
0.817156
0.833736
0.797963
0.810776
0.817907
0.812365
0.830802
0.826882
0.837150
0.860824
0.817388
0.798679
0.820756
0.859495
0.833869
0.824972
0.840232
0.820510
0.801142
0.726995
0.813657
0.712267
0.757675
0.696618
0.694177
0.779163
0.747401
0.778416
0.820162
0.843286
0.786004
0.751032
0.747150
0.738043
0.708874
0.727235
0.740665
0.757358
0.734628
0.742909
0.758190
0.766173
0.782779
0.769783
0.765525
0.721446
0.734033
0.670129
0.749764
0.785919
0.786975
0.771266
0.791850
0.785167
0.766976
0.800283
0.795035
0.815009
0.833593
0.817908
0.811394
0.816187
0.826271
0.806168
0.806489
0.817226
0.804182
0.820720
0.799983
0.821551
0.815823
0.790091
0.811590
0.823592
0.781660
0.808824
0.807776
0.817548
0.808602
0.813559
0.798331
0.798426
0.804615
0.813944
0.818556
0.798593
0.814950
0.801348
0.805881
0.821149
0.816013
0.817883
0.818322
0.810751
0.808459
0.806390
0.809088
0.815719
0.805885
0.812833
0.821535
0.820948
0.819550
0.802846
0.813231
0.821789
0.801258
0.808951
0.816970
0.775751
0.774531
0.754083
0.780545
0.805715
0.814299
0.838182
0.855357
0.867727
0.859546
0.834282
0.846791
0.810298
0.780427
0.829490
0.865490
0.871565
0.771147
0.723800
0.682933
0.699442
0.706781
0.673006
0.693719
0.685839
0.680641
0.685582
0.769005
0.782296
0.731102
0.742844
0.712271
0.749374
0.781046
0.730233
0.773368
0.760720
0.779528
0.806204
0.814835
0.790977
0.811720
0.828955
0.827111
0.837274
0.863469
0.842275
0.842496
0.853639
0.872014
0.884133
0.843429
0.867903
0.878869
0.905157
0.976513
0.981894
0.956430
0.961054
0.966007
0.970383
0.963361
0.929313
0.940462
0.935993
0.882740
0.864287
0.866828
0.898617
0.875324
0.875733
0.861932
0.899208
0.855648
0.859881
0.859913
0.855027
0.825210
0.829960
0.816510
0.851927
0.821979
0.827016
0.861233
0.836765
0.849243
0.825083
0.845713
0.843320
0.874024
0.908777
0.987993
0.981808
0.867535
0.953456
0.984713
0.974580
0.911221
0.875386
0.845181
0.828855
0.947205
0.917863
0.879301
0.864750
0.859221
0.875946
0.893621
0.867879
0.836668
0.861623
0.874182
0.846519
0.831646
0.841292
0.859953
0.862707
0.844688
0.820978
0.835961
0.832503
0.840301
0.853513
0.880910
0.885415
0.890936
0.892396
0.911965
0.859402
0.865357
0.865471
0.875228
0.877410
0.887186
0.880294
0.882604
0.878303
0.871089
0.874576
0.869162
0.879282
0.887523
0.893029
0.874990
0.856547
0.852843
0.821543
0.859087
0.875531
0.868668
0.887964
0.879615
0.897586
0.896047
0.899435
0.907961
0.934813
0.929677
0.934548
0.910177
0.913932
0.908462
0.896272
0.900722
0.886900
0.890946
0.898005
0.898655
0.905533
0.890478
0.893403
0.890552
0.901024
0.903335
0.905030
0.899474
0.897618
0.887842
0.898831
0.892663
0.893531
0.908114
0.913657
0.907620
0.915546
0.931126
0.930907
0.916278
0.908176
0.901220
0.893440
0.894882
0.887880
0.890926
0.888461
0.877530
0.861465
0.848337
0.844227
0.841775
0.830822
0.797322
0.794631
0.823401
0.853793
0.904708
0.940786
0.958974
0.945458
0.941135
0.946754
0.902823
0.873687
0.878781
0.838297
0.873374
0.884941
0.857188
0.814799
0.717383
