1.000000
0.955290
0.980940
0.985584
0.983218
0.979779
0.980165
0.977298
0.980493
0.980700
0.979389
0.986089
0.983122
0.968492
0.966062
0.977440
0.989717
0.988737
0.986960
0.982696
0.981894
0.986043
0.990462
0.990836
0.989685
0.990903
0.983913
0.985493
0.987419
0.989190
0.978711
0.988966
0.989202
0.989594
0.990730
0.990857
0.990144
0.988229
0.985676
0.983727
0.988002
0.986579
0.990124
0.987940
0.987647
0.987081
0.989199
0.990185
0.989355
0.989141
0.990578
0.990106
0.990141
0.988509
0.989761
0.987956
0.989939
0.989321
0.990416
0.990499
0.989566
0.989662
0.988486
0.989150
0.980856
0.978667
0.986239
0.988846
0.987284
0.979815
0.953953
0.923826
0.927559
0.969546
0.988604
0.989313
0.988847
0.988631
0.977262
0.977075
0.978204
0.971412
0.980022
0.975225
0.982325
0.987034
0.989460
0.983676
0.980461
0.983399
0.983675
0.988129
0.988021
0.988790
0.989075
0.989186
0.990232
0.990048
0.989557
0.989007
0.987825
0.988093
0.989389
0.989366
0.990368
0.989471
0.990422
0.989336
0.990966
0.990711
0.991071
0.989121
0.990614
0.991419
0.990833
0.990884
0.991441
0.991054
0.990567
0.990517
0.989386
0.990183
0.990067
0.990335
0.989998
0.990021
0.989584
0.989790
0.989652
0.990659
0.990201
0.990752
0.990325
0.989969
0.990408
0.989006
0.989449
0.990099
0.989217
0.990062
0.990108
0.989375
0.990189
0.989161
0.989425
0.989760
0.990240
0.989339
0.990304
0.989570
0.990017
0.989541
0.990280
0.988751
0.990135
0.987658
0.988706
0.987606
0.987600
0.987716
0.987599
0.988556
0.988448
0.988177
0.989180
0.987925
0.987623
0.987295
0.987509
0.987210
0.987650
0.984831
0.975863
0.984883
0.983368
0.987639
0.988063
0.988113
0.988699
0.986425
0.988141
0.988923
0.988100
0.988009
0.989012
0.988795
0.988730
0.989520
0.989133
0.988630
0.989076
0.988742
0.988699
0.987786
0.985589
0.985824
0.975653
0.985116
0.983993
0.984522
0.985147
0.983199
0.984990
0.985992
0.986308
0.986888
0.986824
0.986932
0.987507
0.986298
0.969821
0.856675
0.896494
0.880720
0.893060
0.907000
0.942616
0.948811
0.967928
0.980661
0.985791
0.986745
0.986619
0.976177
0.971609
0.965102
0.956975
0.952722
0.947134
0.947186
0.942187
0.943901
0.923086
0.891743
0.881705
0.873035
0.892323
0.908089
0.926866
0.949666
0.940017
0.939852
0.935946
0.950155
0.937525
0.950967
0.951208
0.948069
0.949947
0.943369
0.944495
0.936975
0.936814
0.924657
0.927853
0.916512
0.921495
0.908196
0.893306
0.864687
0.860514
0.882163
0.903251
0.897400
0.924250
0.986327
0.964086
0.963427
0.892391
0.861669
0.959557
0.986178
0.988739
0.988184
0.987902
0.986677
0.986801
0.985326
0.986222
0.986643
0.987535
0.986283
0.986597
0.985532
0.987633
0.986857
0.986881
0.987046
0.986858
0.986912
0.986560
0.985030
0.986762
0.986313
0.984531
0.966004
0.952321
0.922177
0.882196
0.890577
0.931439
0.948240
0.954228
0.964304
0.971385
0.972477
0.978963
0.984864
0.986886
0.987737
0.990160
0.989796
0.988202
0.983301
0.967167
0.955520
0.936603
0.908447
0.876134
0.859756
0.866875
0.888374
0.915519
0.930854
0.951149
0.982858
0.992265
0.989675
0.988848
0.987167
0.982037
0.985694
0.989419
0.991551
0.955753
0.911282
0.874327
0.945306
0.941956
0.979819
0.988417
0.991297
0.989123
0.992580
0.991958
0.990449
0.989751
0.984225
0.987081
0.982589
0.986172
0.987306
0.988620
0.979552
0.981746
0.960127
0.968658
0.960137
0.963115
0.947277
0.972397
0.933697
0.976902
0.948808
0.980201
0.975134
0.973056
0.989381
0.980484
0.988449
0.987960
0.980601
0.959014
0.937872
0.899369
0.888366
0.873002
0.902618
0.926406
0.976310
0.973619
0.985687
0.978045
0.985570
0.985884
0.987117
0.987076
0.986772
0.986445
0.985449
0.980790
0.985209
0.973791
0.983218
0.980462
0.981140
0.982140
0.980811
0.981980
0.977943
0.978679
0.977736
0.976325
0.971387
0.951621
0.957655
0.930321
0.935948
0.931787
0.933620
0.935454
0.934705
0.913095
0.903294
0.892700
0.864184
0.869456
0.915868
0.939061
0.968314
0.988162
0.989740
0.986346
0.957078
0.932307
0.875255
0.858980
0.921519
0.954585
0.978063
0.992132
0.993687
0.984286
0.982032
0.984209
0.984889
0.992710
0.993280
0.982505
0.968597
0.944247
0.888226
0.886783
0.957473
0.991673
0.953007
0.930363
0.861513
0.966634
0.978540
0.968078
0.964289
0.975939
0.954696
0.970647
0.975768
0.980624
0.981671
0.983379
0.983060
0.985384
0.988039
0.987342
0.988057
0.986271
0.986371
0.985834
0.986327
0.980629
0.970227
0.931568
0.864547
0.860935
0.870803
0.851588
0.853595
0.849626
0.862433
0.847358
0.849696
0.857862
0.866757
0.888132
0.894972
0.903091
0.915412
0.926715
0.923579
0.890707
0.889879
0.861476
0.881066
0.903934
0.919468
0.925256
0.913001
0.923735
0.911327
0.957445
0.975320
0.982650
0.987552
0.985478
0.985061
0.982183
0.979300
0.975018
0.976759
0.977610
0.977947
0.982534
0.982571
0.975792
0.967975
0.966109
0.969173
0.962282
0.955369
0.945378
0.923131
0.928019
0.913460
0.893470
0.875754
0.857338
0.871160
0.878956
0.914502
0.935746
0.952793
0.970835
0.976882
0.988255
0.988744
0.987969
0.988067
0.986374
0.985191
0.985731
0.983821
0.982010
0.974448
0.967490
0.963453
0.961238
0.957381
0.945076
0.928586
0.923981
0.881183
0.865119
0.861343
0.856527
0.887237
0.915004
0.939759
0.941742
0.942625
0.956770
0.948842
0.953689
0.945339
0.950088
0.950221
0.942682
0.964452
0.960227
0.965322
0.964601
0.974648
0.970804
0.967320
0.971080
0.972175
0.972766
0.971802
0.968985
0.975613
0.977468
0.976114
0.972559
0.965677
0.976190
0.976012
0.976662
0.980685
0.975704
0.980413
0.973339
0.968738
0.966151
0.941758
0.929761
0.941799
0.945239
0.951289
0.955536
0.960751
0.911304
0.944106
0.874172
0.856921
0.889314
0.868822
0.898674
0.895319
0.895965
0.898523
0.897522
0.841150
0.844798
0.857408
0.887946
0.870618
0.860536
0.840264
0.899366
0.908901
0.954938
0.966917
0.980998
0.978711
0.981195
0.981349
0.984579
0.985572
0.985657
0.986612
0.986835
0.987947
0.988429
0.987053
0.988705
0.987932
0.987936
0.987530
0.986126
0.982015
0.984184
0.982680
0.982368
0.981141
0.980245
0.976237
0.979042
0.980507
0.981654
0.975607
0.972402
0.964425
0.972283
0.977991
0.983052
0.985651
0.978812
0.976127
0.962852
0.951834
0.925943
0.917805
0.900821
0.869372
0.863030
0.861971
0.855812
0.856237
0.863184
0.874955
0.890899
0.908296
0.904136
0.919351
0.942483
0.945970
0.946401
0.942562
0.944897
0.941702
0.948593
0.953530
0.966096
0.976281
0.984403
0.990218
0.989144
0.976232
0.937149
0.891547
0.884506
0.926913
0.962909
0.981438
0.986321
0.991300
0.993305
0.990549
0.993527
0.991130
0.990484
0.989401
0.991904
0.991385
0.990276
0.987320
0.986617
0.986844
0.983253
0.977570
0.956184
0.911875
0.885155
0.865281
0.878094
0.900599
0.930604
0.948836
0.976123
0.978753
0.973052
0.954220
0.948992
0.954199
0.953971
0.962936
0.975014
0.978874
0.985159
0.987208
0.987951
0.987946
0.988393
0.987496
0.987574
0.988965
0.987220
0.987421
0.984874
0.984920
0.986408
0.986859
0.990295
0.989375
0.989498
0.986876
0.984578
0.982721
0.978163
0.979918
0.969814
0.967724
0.953940
0.945493
0.946585
0.940189
0.924132
0.911341
0.902555
0.879098
0.887173
0.862731
0.864724
0.855230
0.880635
0.874913
0.869185
0.861068
0.874030
0.880767
0.912827
0.923540
0.936118
0.934680
0.926671
0.918233
0.915474
0.938535
0.915346
0.926187
0.940147
0.937943
0.943944
0.958725
0.980605
0.976741
0.988615
0.944970
0.917160
0.858431
0.912969
0.946294
0.954781
0.962215
0.921152
0.924697
0.890781
0.879056
0.942904
0.867337
0.964260
0.917881
0.982136
0.985387
0.985549
0.987418
0.983275
0.977360
0.974163
0.980709
0.981936
0.982011
0.979043
0.977728
0.969406
0.959134
0.959121
0.957478
0.945256
0.939426
0.934014
0.920781
0.905947
0.895910
0.859865
0.866288
0.879722
0.885548
0.912733
0.911269
0.917981
0.946604
0.947744
0.937837
0.918919
0.914368
0.885542
0.891108
0.888610
0.902153
0.892907
0.898615
0.888088
0.902452
0.899168
0.896445
0.901116
0.912488
0.923872
0.936442
0.966846
0.985628
0.989722
0.991383
0.985903
0.967424
0.945052
0.935203
0.891887
0.887850
0.877755
0.860699
0.885306
0.868632
0.861634
0.861647
0.869847
0.881402
0.863279
0.883130
0.886806
0.897105
0.873576
0.865848
0.861121
0.890046
0.928279
0.949394
0.973714
0.991869
0.986436
0.969713
0.921936
0.884081
0.883085
0.859546
0.860462
0.866783
0.921288
0.877923
0.877289
0.890674
0.911539
0.919163
0.922540
0.913525
0.898344
0.900354
0.916868
0.910246
0.910219
0.884987
0.895003
0.867081
0.873903
0.859584
0.870282
0.857865
0.896092
0.932652
0.959937
0.972518
0.985223
0.985462
0.984630
0.970961
0.899524
0.874233
0.885516
0.898042
0.938666
0.938681
0.944170
0.972393
0.939122
0.952101
0.935824
0.963355
0.921015
0.972992
0.930188
0.955874
0.963879
0.956096
0.943011
0.954216
0.967765
0.954237
0.961392
0.974492
0.983408
0.986650
0.986394
0.987285
0.982556
0.984312
0.986366
0.985908
0.987875
0.987147
0.985304
0.976597
0.964239
0.947184
0.919636
0.895395
0.873488
0.853684
0.886975
0.899690
0.928661
0.944472
0.948158
0.971792
0.986820
0.989987
0.990966
0.991238
0.991374
0.991345
0.990563
0.991588
0.990168
0.991500
0.990465
0.990752
0.990488
0.988388
0.984786
0.988387
0.982708
0.984123
0.977054
0.980552
0.976861
0.975050
0.971978
0.969697
0.975356
0.981063
0.981398
0.984271
0.984284
0.982224
0.983150
0.976014
0.975176
0.978527
0.982427
0.981390
0.985654
0.990825
0.990230
0.985218
0.965469
0.952214
0.946343
0.923467
0.915269
0.904005
0.889602
0.861532
0.887064
0.903765
0.950542
0.946709
0.953007
0.959868
0.972188
0.986022
0.989835
0.991737
0.990936
0.986714
0.989708
0.989002
0.985561
0.974502
0.976524
0.969018
0.973286
0.972696
0.950851
0.963869
0.958696
0.964666
0.958580
0.960511
0.947478
0.956129
0.970344
0.954258
0.957282
0.957312
0.949417
0.951497
0.946217
0.951962
0.957540
0.968201
0.976169
0.987091
0.989882
0.989607
0.988227
0.982112
0.976498
0.967699
0.965551
0.950917
0.941479
0.910717
0.905550
0.872360
0.879865
0.861544
0.857133
0.886325
0.896791
0.887535
0.867874
0.853176
0.888788
0.880491
0.888571
0.905659
0.907910
0.917622
0.912799
0.928532
0.920661
0.888944
0.895177
0.881854
0.856077
0.876060
0.877732
0.927534
0.941642
0.926611
0.944249
0.962294
0.964123
0.977256
0.971624
0.968573
0.947448
0.978705
0.984196
0.986538
0.978630
0.976248
0.974592
0.978611
0.983164
0.987393
0.985577
0.984434
0.978974
0.971435
0.974320
0.964044
0.963830
0.969937
0.955726
0.941183
0.954068
0.950746
0.930397
0.925316
0.903140
0.889553
0.890941
0.885974
0.883537
0.869836
0.906911
0.869047
0.879098
0.911737
0.904557
0.916352
0.950489
0.958109
0.982267
0.962083
0.978250
0.973475
0.955408
0.949081
0.924033
0.918007
0.907086
0.856351
0.877531
0.870298
0.928336
0.909727
0.896333
0.923645
0.946335
0.940842
0.959484
0.973735
0.984771
0.989379
0.986908
0.981305
0.951622
0.912304
0.879570
0.858200
0.872973
0.870218
0.862509
0.882555
0.882825
0.883011
0.904928
0.923369
0.933277
0.936804
0.951485
0.952213
0.974013
0.981002
0.986447
0.986259
0.987183
0.986763
0.987742
0.987144
0.987920
0.988949
0.986923
0.984408
0.987314
0.985052
0.984469
0.984399
0.986136
0.987774
0.987825
0.988427
0.988361
0.968765
0.957701
0.955218
0.949025
0.934262
0.917013
0.959096
0.958250
0.965464
0.965292
0.958979
0.956122
0.966180
0.954535
0.944700
0.923743
0.910974
0.891546
0.892965
0.858051
0.871920
0.876517
0.853953
0.881695
0.880921
0.901103
0.889429
0.884420
0.881544
0.898412
0.880427
0.863801
0.874118
0.858708
0.891138
0.910020
0.907503
0.917969
0.930424
0.934640
0.910682
0.908530
0.894207
0.882352
0.871390
0.859125
0.861709
0.857225
0.870373
0.876268
0.866985
0.880121
0.889161
0.900848
0.905156
0.925853
0.934934
0.959487
0.954539
0.941902
0.943108
0.900929
0.857526
0.910740
0.930695
0.938368
0.958377
0.971980
0.980546
0.985805
0.987095
0.987181
0.986123
0.984138
0.985949
0.979256
0.971706
0.958271
0.943393
0.949199
0.960655
0.961515
0.928100
0.896967
0.831749
0.824821
0.865713
0.853230
0.877288
0.891638
0.875180
0.878403
0.853229
0.918097
0.918887
0.940028
0.967731
0.970889
0.980961
0.985826
0.988389
0.984983
0.982360
0.989212
0.980453
0.985494
0.967968
0.973031
0.971368
0.972408
0.967741
0.957594
0.970316
0.956334
0.976835
0.961981
0.984012
0.968851
0.986919
0.975450
0.977799
0.963554
0.966760
0.956730
0.960792
0.928336
0.936106
0.916853
0.909761
0.893636
0.902485
0.890842
0.889696
0.884347
0.858224
0.860126
0.903100
0.900799
0.937698
0.939557
0.962903
0.984856
0.988568
0.984945
0.988038
0.973023
0.931360
0.953857
0.932417
0.910390
0.915376
0.920547
0.905829
0.922598
0.941089
0.948108
0.951208
0.966107
0.965075
0.987376
0.977228
0.987896
0.984343
0.988316
0.975629
0.963498
0.961366
0.946062
0.948333
0.902229
0.922480
0.942998
0.932232
0.954744
0.956292
0.951008
0.951824
0.946153
0.939364
0.949383
0.933913
0.913622
0.947395
0.896569
0.880458
0.858343
0.875764
0.884351
0.912296
0.926559
0.940522
0.940186
0.885340
0.864065
0.910835
0.973866
0.987596
0.986069
0.987810
0.989230
0.989158
0.989174
0.989497
0.989646
0.989470
0.989533
0.982601
0.976549
0.971255
0.987946
0.988914
0.988123
0.982190
0.986099
0.984434
0.985328
0.988364
0.988812
0.986996
0.988547
0.987132
0.988374
0.988414
0.989529
0.989034
0.987851
0.978988
0.957840
0.952248
0.945387
0.934003
0.928164
0.932281
0.908769
0.905671
0.886266
0.894292
0.867766
0.886171
0.861403
0.865501
0.869811
0.886928
0.876867
0.887426
0.864620
0.893394
0.881844
0.890801
0.879863
0.884252
0.900686
0.871659
0.912013
0.871573
0.897666
0.899912
0.907917
0.888066
0.915146
0.899770
0.917180
0.891118
0.917126
0.886507
0.924885
0.904066
0.909120
0.923800
0.909562
0.915720
0.916407
0.917867
0.932279
0.942549
0.963594
0.966504
0.976572
0.984615
0.984157
0.989294
0.987166
0.988558
0.989594
0.988791
0.989470
0.988803
0.986579
0.988872
0.989612
0.988574
0.989691
0.990068
0.989084
0.987527
0.987768
0.983774
0.977932
0.972797
0.959548
0.965660
0.950510
0.925420
0.920549
0.896937
0.882653
0.883138
0.856616
0.888058
0.891576
0.887001
0.887886
0.897527
0.897627
0.923973
0.923224
0.908374
0.889169
0.875577
0.926781
0.957761
0.982395
0.987974
0.989327
0.990736
0.989244
0.990652
0.990957
0.991143
0.991531
0.990697
0.985278
0.984676
0.979633
0.968990
0.963912
0.934239
0.900192
0.876200
0.887192
0.911636
0.928216
0.960943
0.983474
0.989316
0.991876
0.987875
0.979027
0.989634
0.986455
0.988547
0.988055
0.987096
0.988408
0.989892
0.992393
0.992494
0.992012
0.991478
0.992000
0.991859
0.990883
0.991727
0.991583
0.992500
0.990716
0.991684
0.991532
0.992391
0.992195
0.992477
0.992500
0.992461
0.991959
0.991400
0.988002
0.988865
0.989203
0.989804
0.987764
0.990863
0.990138
0.989754
0.988865
0.983790
0.983373
0.983329
0.982271
0.984875
0.986766
0.986920
0.989156
0.990722
0.991405
0.991545
0.990373
0.988188
0.987303
0.974383
0.970904
0.963940
0.961544
0.954462
0.950849
0.953084
0.949757
0.952672
0.956312
0.959564
0.966362
0.963803
0.979544
0.983815
0.981654
0.986825
0.955629
0.962661
0.964629
0.973454
0.963685
0.973936
0.976275
0.975900
0.972668
0.948709
0.960361
0.936218
0.824130
0.870323
0.798917
0.859505
0.839183
0.861405
0.867535
0.894480
0.899716
0.922003
0.936644
0.941934
0.939546
0.923853
0.882338
0.937560
0.860889
0.883792
0.886552
0.905450
0.915738
0.932311
0.960684
0.941222
0.956795
0.957577
0.954499
0.966683
0.971163
0.980075
0.979258
0.985126
0.987971
0.989744
0.990309
0.990805
0.988210
0.989399
0.990962
0.980474
0.989013
0.981644
0.981745
0.988204
0.984577
0.967448
0.968954
0.960597
0.955033
0.949327
0.939952
0.934486
0.938893
0.933789
0.943895
0.955351
0.953770
0.954956
0.938263
0.932336
0.915151
0.862266
0.904632
0.907527
0.912289
0.922020
0.920031
0.922289
0.922455
0.932878
0.934437
0.938294
0.938133
0.936203
0.932192
0.914912
0.914931
0.907626
0.906397
0.898422
0.897337
0.888136
0.865015
0.852256
0.878593
0.857635
0.861989
0.860486
0.852637
0.870508
0.848934
0.857465
0.858172
0.863633
0.859398
0.856074
0.857681
0.870699
0.847902
0.857478
0.861876
0.859240
0.888913
0.907102
0.931619
0.954957
0.966680
0.974447
0.987206
0.989652
0.989273
0.988617
0.989966
0.989934
0.989602
0.990411
0.988743
0.988989
0.977318
0.981350
0.986297
0.983808
0.988014
0.989779
0.988769
0.987868
0.989546
0.990789
0.989824
0.990875
0.990171
0.988069
0.990380
0.985751
0.990018
0.988431
0.986350
0.982135
0.967904
0.940539
0.929659
0.952842
0.965915
0.985972
0.966350
0.982568
0.990197
0.992342
0.940453
0.949989
0.911491
0.919357
0.925758
0.929474
0.932397
0.902888
0.901421
0.890723
0.890462
0.907446
0.891250
0.873383
0.867620
0.872745
0.874897
0.867905
0.861796
0.871008
0.884426
0.897929
0.912657
0.921621
0.962611
0.973263
0.984895
0.987350
0.979654
0.977837
0.975932
0.955928
0.916715
0.906933
0.903624
0.867691
0.852463
0.837446
0.851098
0.828182
0.850051
0.838735
0.863996
0.846872
0.862967
0.835962
0.842684
0.841167
0.862852
0.872223
0.894202
0.910218
0.879090
0.880833
0.886836
0.875256
0.869598
0.862426
0.862313
0.876736
0.869262
0.906857
0.897529
0.926708
0.916185
0.944746
0.957465
0.958802
0.975670
0.976134
0.982228
0.980307
0.980015
0.983598
0.964064
0.974832
0.977782
0.981140
0.983907
0.984004
0.986271
0.983957
0.983282
0.985547
0.987032
0.987368
0.985214
0.984276
0.981711
0.979886
0.977013
0.976256
0.979090
0.982492
0.979370
0.982391
0.982838
0.985139
0.984561
0.980959
0.989666
0.986139
0.986538
0.986851
0.985195
0.980237
0.968846
0.948220
0.923201
0.864768
0.911694
0.932067
0.945573
0.946682
0.973999
0.983938
0.992376
0.992490
0.987260
0.984081
0.978523
0.977712
0.976087
0.983826
0.977518
0.985310
0.980000
0.979267
0.973474
0.975174
0.971030
0.964914
0.960339
0.961610
0.965165
0.962157
0.957106
0.959443
0.968135
0.978685
0.982233
0.984909
0.990987
0.991077
0.991375
0.989014
0.978423
0.975551
0.987894
0.990317
0.991181
0.993184
0.992569
0.992347
0.990885
0.989465
0.960060
0.982328
0.953231
0.945259
0.910907
0.930434
0.930116
0.952853
0.974592
0.984945
0.987658
0.989557
0.987323
0.983652
0.983058
0.978518
0.981949
0.980668
0.986316
0.983374
0.982203
0.980673
0.981381
0.976079
0.983770
0.986089
0.985678
0.889453
0.899122
0.928040
0.880096
0.906733
0.939341
0.951039
0.955012
0.959374
0.938311
0.940778
0.913466
0.929401
0.937308
0.901255
0.838649
0.785993
0.824327
0.851758
0.860973
0.840911
0.783411
0.832198
0.907347
0.935046
0.966018
0.964013
0.928159
0.877785
0.830255
0.861522
0.842082
0.906679
0.922616
0.924905
0.914540
0.916414
0.947115
0.953785
0.964817
0.968269
0.974689
0.976571
0.985984
0.985576
0.980538
