0.011509
0.047037
0.041849
0.049727
0.045579
0.051538
0.026013
0.042530
0.035539
0.029021
0.045032
0.031023
0.045032
0.030517
0.038530
0.044028
0.034527
0.029031
0.046044
0.048274
0.044571
0.047036
0.031022
0.043543
0.030019
0.038027
0.045030
0.032021
0.038072
0.034022
0.043525
0.034042
0.043552
0.043544
0.045050
0.039542
0.029020
0.031038
0.037532
0.034527
0.041525
0.028525
0.028106
0.044526
0.041527
0.031027
0.037029
0.045527
0.033020
0.044529
0.042555
0.033035
0.045032
0.044528
0.030520
0.030540
0.044652
0.032620
0.045348
0.032022
0.045531
0.030017
0.030519
0.041540
0.043525
0.029521
0.043526
0.040411
0.033061
0.041528
0.046581
0.045042
0.044026
0.036524
0.045028
0.032529
0.044529
0.045027
0.039033
0.044042
0.041533
0.045528
0.045529
0.041032
0.031019
0.044529
0.042535
0.031022
0.043540
0.042553
0.054534
0.044525
0.029518
0.033517
0.047033
0.032541
0.029019
0.038248
0.029017
0.032023
0.029526
0.032527
0.028019
0.044529
0.042539
0.046534
0.032042
0.032635
0.045877
0.040551
0.031040
0.028533
0.030521
0.030020
0.033522
0.045026
0.044536
0.037538
0.045534
0.045030
0.029017
0.037053
0.029524
0.046535
0.047035
0.034034
0.046027
0.041526
0.033526
0.028517
0.042040
0.046542
0.042537
0.034525
0.045534
0.041032
0.046035
0.038525
0.035028
0.031548
0.030540
0.046533
0.031025
0.040537
0.052533
0.032542
0.038066
0.031018
0.029518
0.046029
0.042027
0.044528
0.030537
0.029521
0.044537
0.029020
0.028524
0.047550
0.045540
0.034027
0.048223
0.042028
0.048132
0.046546
0.032521
0.046245
0.045035
0.043532
0.047397
0.029517
0.046029
0.040602
0.043622
0.042525
0.044528
0.042033
0.045029
0.041530
0.042526
0.030528
0.045023
0.036528
0.042534
0.032043
0.032034
0.037762
0.043532
0.031518
0.028518
0.047537
0.045523
0.047535
0.031517
0.046536
0.045039
0.030525
0.045034
0.045055
0.046064
0.039526
0.044564
0.029529
0.028044
0.031019
0.046033
0.031036
0.045529
0.043531
0.047027
0.030518
0.046949
0.036896
0.043596
0.034023
0.046530
0.035019
0.035523
0.046034
0.035539
0.047534
0.035038
0.029022
0.046032
0.031518
0.038028
0.044525
0.034030
0.028521
0.035518
0.043032
0.031517
0.045526
0.042532
0.046536
0.039035
0.033046
0.044036
0.045033
0.047035
0.031027
0.046045
0.045526
0.034021
0.046533
0.034534
0.046031
0.045032
0.033022
0.045022
0.031527
0.045038
0.031035
0.046034
0.043028
0.044527
0.039028
0.031040
0.046062
0.044538
0.044531
0.029015
0.035023
0.032558
0.045539
0.033036
0.032526
0.048033
0.032022
0.027520
0.030518
0.046036
0.033528
0.045524
0.032021
0.046048
0.031031
0.038530
0.042526
0.032528
0.043707
0.045533
0.047531
0.037026
0.043534
0.044033
0.048049
0.045057
0.043047
0.050028
0.028519
0.043525
0.033553
0.038025
0.030020
0.038667
0.030523
0.044548
0.032036
0.027519
0.034521
0.035021
0.044532
0.031525
0.046764
0.044550
0.047032
0.036029
0.034526
0.034025
0.046032
0.042025
0.034526
0.046026
0.048534
0.047235
0.034574
0.046554
0.032019
0.030533
0.045533
0.042549
0.045541
0.041529
0.046037
0.038548
0.037525
0.031519
0.029517
0.030020
0.030019
0.035522
0.033542
0.044029
0.048530
0.033045
0.046035
0.039529
0.030020
0.046023
0.044027
0.046034
0.037026
0.031023
0.030549
0.044621
0.043542
0.045032
0.029019
0.044548
0.036539
0.029023
