1.000000
0.877222
0.854500
0.819473
0.804383
0.847273
0.866189
0.920317
0.972720
0.985987
0.973146
0.966822
0.943804
0.927581
0.901264
0.890574
0.853332
0.883974
0.908659
0.926383
0.940674
0.959816
0.965682
0.954426
0.941995
0.927933
0.915893
0.894969
0.869748
0.842671
0.832095
0.870328
0.882697
0.897394
0.919576
0.941376
0.952006
0.956882
0.957025
0.944311
0.933967
0.922772
0.899420
0.855350
0.839243
0.818001
0.820877
0.862907
0.891880
0.911998
0.948067
0.958786
0.969677
0.980552
0.973759
0.979348
0.977910
0.970664
0.958646
0.955335
0.950417
0.891781
0.891818
0.847349
0.864241
0.883879
0.892234
0.911076
0.933936
0.937999
0.949072
0.953101
0.966683
0.974581
0.974411
0.980009
0.982108
0.984592
0.989841
0.983677
0.970205
0.962570
0.961237
0.924974
0.878081
0.885115
0.901932
0.873252
0.856680
0.851444
0.878148
0.880605
0.874529
0.888738
0.901275
0.930503
0.926872
0.949591
0.957187
0.951456
0.952780
0.976975
0.980611
0.982244
0.982353
0.981424
0.982197
0.987200
0.985543
0.981988
0.984211
0.986222
0.986056
0.981051
0.982726
0.978765
0.975100
0.983094
0.988168
0.981304
0.986353
0.978397
0.970988
0.975880
0.968830
0.967944
0.964676
0.949544
0.950779
0.953808
0.969379
0.966371
0.961637
0.955711
0.934226
0.930468
0.930532
0.937985
0.940793
0.938382
0.931931
0.947415
0.935578
0.913983
0.920407
0.912761
0.913135
0.920836
0.923140
0.917419
0.881753
0.878808
0.897139
0.888534
0.895688
0.901797
0.921667
0.927159
0.935802
0.935640
0.933254
0.939368
0.939961
0.924157
0.915973
0.909052
0.904827
0.924611
0.918862
0.913844
0.888313
0.886023
0.875543
0.858965
0.875767
0.853679
0.859186
0.851091
0.858567
0.856516
0.854246
0.851768
0.875441
0.890653
0.878211
0.899197
0.873312
0.884728
0.887240
0.909095
0.910230
0.904163
0.885546
0.913038
0.922056
0.911227
0.913002
0.918513
0.916620
0.923590
0.917786
0.924014
0.920275
0.925249
0.919764
0.918284
0.922773
0.902931
0.907633
0.938311
0.913946
0.909953
0.924376
0.914717
0.941682
0.949568
0.951387
0.946772
0.946022
0.944527
0.954622
0.951184
0.951540
0.965526
0.960133
0.961747
0.968135
0.968315
0.973231
0.968918
0.972892
0.971507
0.982220
0.979363
0.979491
0.979403
0.979059
0.980375
0.983724
0.979733
0.976350
0.973029
0.975843
0.981506
0.979731
0.981977
0.982729
0.982530
0.979426
0.980516
0.978716
0.976018
0.978508
0.972202
0.973672
0.977606
0.976230
0.969230
0.965428
0.969610
0.967118
0.978235
0.983280
0.980066
0.984229
0.984962
0.981812
0.983811
0.983300
0.980878
0.979017
0.976462
0.981671
0.982785
0.980694
0.983172
0.980945
0.982367
0.973099
0.983515
0.985297
0.980667
0.976441
0.979504
0.983646
0.985020
0.981902
0.977497
0.981991
0.984123
0.982120
0.981420
0.984534
0.983754
0.984179
0.983631
0.980176
0.983373
0.984002
0.980291
0.982935
0.982597
0.984135
0.983805
0.982575
0.983983
0.983591
0.984041
0.983182
0.983292
0.984214
0.985143
0.980676
0.983531
0.981067
0.980172
0.979308
0.977388
0.979325
0.982523
0.981468
0.978232
0.978544
0.982536
0.982645
0.980139
0.981307
0.981373
0.984345
0.982821
0.980384
0.981067
0.982031
0.978894
0.982025
0.982293
0.982930
0.981898
0.983610
0.980630
0.983353
0.980895
0.981668
0.982807
0.983021
0.983206
0.984303
0.985003
0.983775
0.982336
0.982158
