1.000000
0.812058
0.768543
0.726427
0.753010
0.724991
0.647701
0.558405
0.732863
0.769465
0.769465
0.758654
0.718547
0.733353
0.661346
0.726598
0.583208
0.734361
0.571944
0.674196
0.565414
0.565414
0.575336
0.760388
0.687285
0.694777
0.711155
0.738612
0.622305
0.643922
0.643709
0.740023
0.740023
0.526719
0.637181
0.650710
0.698455
0.607889
0.652362
0.611159
0.665384
0.639101
0.652043
0.652043
0.812987
0.842029
0.807358
0.674773
0.659771
0.673933
0.633076
0.637933
0.673553
0.682252
0.682252
0.677053
0.751521
0.687810
0.692846
0.680823
0.654643
0.691923
0.551668
0.754376
0.635170
0.635170
0.703347
0.680394
0.578963
0.509637
0.497433
0.428125
0.410992
0.127330
0.075938
0.188587
0.188587
0.057750
0.109340
0.058017
0.167579
0.191945
0.276872
0.210523
0.412489
0.560306
0.688412
0.688412
0.486720
0.677032
0.510243
0.590906
0.698266
0.668922
0.737367
0.720817
0.749056
0.738327
0.738327
0.578548
0.737846
0.739263
0.741265
0.700683
0.646974
0.651054
0.701059
0.730073
0.722777
0.722777
0.711793
0.705446
0.686197
0.646025
0.698798
0.674184
0.684247
0.632473
0.637481
0.559379
0.559379
0.665344
0.673064
0.607259
0.647332
0.665424
0.678657
0.672122
0.630087
0.652229
0.644794
0.644794
0.638294
0.609416
0.614571
0.563446
0.673375
0.635196
0.651857
0.639573
0.657588
0.662855
