1.000000
0.833335
0.794963
0.798755
0.798011
0.765488
0.811934
0.720301
0.805837
0.781102
0.781102
0.585037
0.731982
0.761936
0.742534
0.797450
0.769282
0.804724
0.788109
0.754418
0.735207
0.735207
0.748428
0.787440
0.764823
0.730175
0.755304
0.751490
0.770278
0.652127
0.623521
0.712522
0.712522
0.616782
0.654347
0.694372
0.722010
0.763984
0.622808
0.530271
0.482930
0.615247
0.713849
0.713849
0.616432
0.781621
0.730714
0.747994
0.774068
0.737206
0.674495
0.705563
0.636849
0.744080
0.744080
0.696118
0.714681
0.690008
0.746970
0.730081
0.588600
0.680888
0.724166
0.744177
0.721030
0.721030
0.655213
0.682251
0.692693
0.606948
0.767586
0.755031
0.708415
0.615937
0.741611
0.761504
0.761504
0.561313
0.721621
0.698672
0.738044
0.642675
0.694433
0.675215
0.695705
0.612006
0.685648
0.685648
0.667814
0.637310
0.780156
0.765867
0.589555
0.595090
0.755606
0.763799
0.605121
0.741852
0.741852
0.634788
0.562596
0.682469
0.675480
0.599385
0.754608
0.680743
0.589961
0.603242
0.586936
0.586936
0.702519
0.633973
0.659493
0.584974
0.635969
0.596324
0.614737
0.642247
0.754702
0.607192
