0.012002
0.030512
0.046011
0.034506
0.046014
0.035000
0.032012
0.033508
0.044508
0.030508
0.000000
0.045508
0.029506
0.024511
0.043002
0.044014
0.022506
0.024501
0.046838
0.038468
0.031017
0.001000
0.033557
0.027099
0.044014
0.028502
0.019999
0.043728
0.020510
0.023000
0.036506
0.024073
0.000000
0.032002
0.032510
0.029335
0.037867
0.029513
0.034017
0.044506
0.045511
0.034506
0.046015
0.000998
0.033508
0.035504
0.044012
0.036002
0.052027
0.029505
0.045013
0.026506
0.025000
0.028511
0.000000
0.046011
0.020999
0.045544
0.048513
0.040015
0.041510
0.040508
0.028009
0.024505
0.031504
0.000000
0.046009
0.036502
0.031507
0.029514
0.038507
0.046025
0.022997
0.021509
0.031508
0.038507
0.000000
0.021505
0.045015
0.049503
0.045507
0.030005
0.034505
0.051881
0.036512
0.028520
0.023507
0.000000
0.025000
0.029116
0.041095
0.051023
0.041506
0.031013
0.039782
0.046508
0.025001
0.023512
0.000000
0.047509
0.029510
0.027033
0.043506
0.044013
0.025000
0.045617
0.030506
0.023999
0.045013
0.000000
0.028503
0.044509
0.032016
0.024840
0.046019
0.034506
0.034507
0.045016
0.040000
0.045523
0.000000
0.033547
0.045015
0.031511
0.043638
0.030508
0.036507
0.023504
0.025511
0.027507
0.035001
0.000000
0.033511
0.047508
0.019504
0.048022
0.039000
0.043013
0.044506
0.036009
0.040511
0.023000
0.000000
0.049017
0.029506
0.041507
0.048093
0.022966
0.028510
0.029011
0.038010
0.046148
0.021001
0.000000
0.044506
0.028011
0.044999
0.024510
0.038508
0.018999
0.043013
0.029513
0.019717
0.039022
0.000000
0.028508
0.043508
0.039511
0.045518
0.044012
0.029001
0.045508
0.037318
0.026039
0.021509
0.000000
0.044009
0.050511
0.025012
0.024002
0.027507
0.046276
0.025506
0.027508
0.029513
0.045508
0.000000
0.044016
0.044505
0.031518
0.045011
0.032001
0.045017
0.035505
0.022506
0.036507
0.044506
0.000000
0.045013
0.033507
0.044507
0.025124
0.030999
0.022511
0.029511
0.045503
0.024508
0.046013
0.000000
0.047025
0.042007
0.023358
0.028078
0.029514
0.042521
0.031017
0.030015
0.027000
0.045022
0.000000
0.044504
0.034510
0.044009
0.038505
0.044019
0.022000
0.044507
0.032404
0.045505
0.030512
0.001000
0.040506
0.045012
0.026511
0.028000
0.036012
0.034511
0.047358
0.027354
0.023999
0.048512
0.000000
0.025505
0.045505
0.044015
0.033000
0.045609
0.046505
0.022505
0.031507
0.027506
0.044506
0.001000
0.033018
0.028000
0.043849
0.043435
0.045510
0.036010
0.022999
0.022507
0.030507
0.044503
0.001001
0.043011
0.043506
0.027506
0.025018
0.035505
0.024518
0.044510
0.032002
0.022506
0.032045
0.000000
0.025000
0.044350
0.031015
0.043011
0.032012
0.044506
0.032511
0.043015
0.045503
0.036506
0.000000
0.045504
0.044015
0.028999
0.019509
0.043014
0.028001
0.044507
0.029511
0.044505
0.023023
0.000000
0.043504
0.027509
0.045016
0.035002
0.045017
0.029505
0.033510
0.025507
0.018508
0.032504
0.000000
0.025007
0.044013
0.032505
0.045012
0.030000
0.025509
0.025506
0.030508
0.044010
0.044011
0.000000
0.033509
0.046633
0.046504
0.024003
0.045505
0.027507
0.024012
0.035510
0.024015
0.044012
0.000000
0.034003
0.044508
0.029012
0.039001
0.044013
0.042506
0.029511
0.029015
0.047450
0.024152
0.000000
0.034510
0.045565
0.032014
0.023000
0.030507
0.024508
0.044000
0.029513
0.034010
0.031003
0.000000
0.045015
0.025512
0.045505
0.021009
0.035516
0.043514
0.038018
0.031000
0.034512
0.044504
0.000000
0.044509
0.045009
0.041508
0.044541
0.044503
0.022506
0.043504
0.024508
0.045878
0.034053
0.000000
0.046012
0.026000
0.035506
0.045691
0.047508
0.046014
0.032000
0.048655
0.046505
0.037510
0.001000
0.040507
0.040035
0.039015
0.045506
0.035012
0.044674
0.049012
0.044504
0.020511
0.021510
0.000000
0.034505
0.044506
0.046908
0.023998
0.045681
0.041003
0.023060
0.045158
0.033001
0.048020
0.000999
0.046505
0.023005
0.045516
0.025000
0.034019
0.024505
0.038505
0.045012
0.048508
0.026509
0.000000
0.025508
0.037000
0.032508
0.044505
0.033505
0.048008
0.027504
0.044508
0.044505
0.024510
0.000000
0.028010
0.044507
0.034508
0.044508
0.029505
0.045011
0.045505
0.046521
0.036508
0.031511
0.000000
0.037507
0.032506
0.029508
0.045508
0.038509
0.051015
0.043375
0.049013
0.043509
0.045012
0.000000
0.027505
0.042026
0.020000
0.021001
0.030508
0.045183
0.045140
0.028013
0.043509
0.024963
0.000000
0.043442
0.031019
0.022507
0.022581
0.026504
0.022505
0.024512
0.046509
0.051015
0.038510
0.000000
0.032510
0.045010
0.023000
0.035510
0.030012
0.029001
0.029507
0.038011
0.032504
0.044014
0.001000
0.028000
0.030505
0.044122
0.020001
0.043505
0.044010
0.038505
0.045011
0.048506
0.027508
0.000000
0.021508
0.039605
0.029507
0.024003
0.031504
0.043508
0.045506
0.024508
0.044010
0.045517
0.000000
0.045011
0.023502
0.044506
0.040506
0.025505
0.043712
0.035000
0.025507
0.045010
0.037512
0.001000
0.042010
0.029995
0.038508
0.041010
0.028506
0.028506
0.032855
0.023509
0.027513
0.033977
0.000000
0.032013
0.027017
0.032023
0.023024
0.040510
0.029013
0.043506
0.026507
0.034505
0.044503
0.000000
0.025505
0.035504
0.035513
0.030955
0.033000
0.044576
0.024507
0.028000
0.024512
0.044011
0.000000
0.026505
0.046023
0.039504
0.051516
0.046330
0.045033
0.038504
0.024509
0.023512
0.028502
0.000000
0.026998
0.044032
0.030507
0.035508
0.054585
0.026996
0.051538
0.027997
0.026509
0.034017
0.000000
0.046506
0.025003
0.030030
0.042507
0.046014
0.039509
0.038508
0.045505
0.031507
0.032010
0.000000
0.046012
0.026004
0.045015
0.023999
0.040510
0.044506
0.037014
0.027436
0.023005
0.042075
0.001000
0.045668
0.033508
0.044012
0.033511
0.045014
0.033000
0.043510
0.034506
0.040506
0.038018
0.000000
0.043505
0.044509
0.029506
0.037509
0.029013
0.041610
0.030004
0.023012
0.024004
0.045512
0.000000
0.022511
0.022998
0.035510
0.034012
0.035505
0.043506
0.034507
0.023505
0.031509
0.032505
0.001000
0.034506
0.027512
0.027504
0.023000
0.022506
0.044010
0.032001
0.023509
0.028015
0.048504
0.000000
0.024509
0.046510
0.045509
0.028019
0.047013
0.027071
0.033508
0.044517
0.025018
0.028001
0.000000
0.024504
0.046021
0.029002
0.048030
0.050508
0.047024
0.034843
0.031141
0.030866
0.039711
0.000000
0.048025
0.029514
0.021504
0.045589
0.031507
0.045509
0.031010
0.046660
0.022729
0.047013
0.000000
0.024507
0.046018
0.043185
0.028215
0.044506
0.045511
0.041047
0.050512
0.042015
0.021506
0.000000
0.039506
0.048514
0.043019
0.044381
0.043514
0.045014
0.034505
0.044014
0.020998
0.025506
0.000000
0.046017
0.049504
0.044015
0.050426
0.041018
0.048503
0.044012
0.043000
0.048025
0.047508
0.000000
0.031502
0.043507
0.043509
