0.007001
0.024507
0.020950
0.032187
0.043106
0.023002
0.047528
0.042506
0.044525
0.030392
0.000000
0.028506
0.030026
0.026000
0.045508
0.043592
0.043509
0.048013
0.044507
0.033002
0.041517
0.000000
0.022507
0.044013
0.045517
0.043003
0.042257
0.043509
0.028842
0.043504
0.037009
0.023002
0.000000
0.024507
0.024003
0.045074
0.025002
0.048012
0.024507
0.035505
0.034506
0.045015
0.048004
0.000000
0.044014
0.022509
0.042533
0.046509
0.024002
0.039459
0.043010
0.047011
0.042511
0.043498
0.000000
0.050014
0.038000
0.042013
0.033506
0.045394
0.034508
0.033000
0.029015
0.046504
0.037285
0.000000
0.045017
0.044117
0.027018
0.044507
0.045008
0.043000
0.022003
0.043019
0.023000
0.024508
0.000000
0.045013
0.025013
0.043999
0.049508
0.028506
0.041030
0.041506
0.043506
0.039513
0.044506
0.000000
0.044281
0.043512
0.047017
0.029511
0.042005
0.041017
0.044504
0.042011
0.043508
0.042008
0.000000
0.042517
0.043507
0.045011
0.032999
0.022012
0.044009
0.048007
0.045506
0.040504
0.043011
0.000000
0.032506
0.042012
0.047512
0.043020
0.022998
0.043511
0.033818
0.046509
0.044515
0.045505
0.000000
0.022505
0.039012
0.036000
0.034350
0.043827
0.038531
0.046520
0.021995
0.038510
0.043011
0.000000
0.021000
0.026681
0.021580
0.040220
0.043509
0.043012
0.037505
0.026999
0.037013
0.040507
0.000000
0.047020
0.025997
0.032506
0.029011
0.042505
0.042998
0.046025
0.034507
0.031011
0.043504
0.001000
0.048512
0.044014
0.043995
0.045021
0.025510
0.024003
0.031019
0.046515
0.022051
0.026016
0.000000
0.027533
0.019998
0.043015
0.029001
0.027508
0.037010
0.045520
0.041515
0.044034
0.043504
0.000000
0.040508
0.042506
0.033017
0.043504
0.044520
0.043011
0.035999
0.025011
0.025000
0.042507
0.001000
0.027011
0.023001
0.025510
0.047397
0.040095
0.045074
0.038020
0.025512
0.042506
0.043009
0.000000
0.035002
0.043020
0.042503
0.039276
0.044277
0.037504
0.026510
0.043506
0.044320
0.036506
0.000000
0.045497
0.044518
0.044303
0.041011
0.039510
0.044014
0.035161
0.044173
0.037506
0.026022
0.000000
0.037009
0.044733
0.044509
0.044019
0.029505
0.046030
0.042500
0.037001
0.022915
0.043522
0.000000
0.042026
0.044514
0.042506
0.047506
0.042506
0.031023
0.044508
0.036505
0.023004
0.030510
0.001000
0.040006
0.043015
0.043513
0.027018
0.030509
0.037511
0.031017
0.039509
0.027072
0.039313
0.000000
0.021508
0.022012
0.043639
0.042508
0.043017
0.028999
0.047509
0.037011
0.034509
0.040006
0.000000
0.043017
0.037513
0.043011
0.025508
0.038503
0.043504
0.045002
0.040022
0.026505
0.037999
0.001000
0.044020
0.048019
0.043028
0.043507
0.038035
0.043437
0.040509
0.021502
0.043509
0.034508
0.000000
0.036021
0.043000
0.035022
0.030509
0.042999
0.042519
0.045970
0.022010
0.043509
0.041000
0.000000
0.043698
0.042507
0.036013
0.041506
0.036003
0.048518
0.042515
0.025013
0.046509
0.043020
0.000000
0.035001
0.026508
0.044030
0.030510
0.026997
0.044912
0.045039
0.043734
0.041517
0.042506
0.000000
0.043012
0.045519
0.026508
0.033509
0.026002
0.044019
0.042506
0.049011
0.043506
0.031004
0.000000
0.047018
0.046021
0.027015
0.020000
0.024004
0.042011
0.043509
0.029999
0.040026
0.046512
0.000000
0.043326
0.027504
0.042005
0.046015
0.043506
0.043008
0.019509
0.044517
0.037506
0.023506
0.000000
0.046012
0.045519
0.042505
0.047031
0.029000
0.022001
0.027010
0.044021
0.022001
0.025022
0.000000
0.042504
0.042025
0.043502
0.041005
0.044013
0.043508
0.042867
0.028508
0.041508
0.046515
0.000000
0.048242
0.022669
0.028512
0.038051
0.045147
0.043506
0.043017
0.034511
0.034505
0.043506
0.000000
0.033506
0.025508
0.046026
0.026193
0.027510
0.022002
0.043507
0.038021
0.041517
0.043519
0.000000
0.043507
0.029506
0.037019
0.024004
0.045513
0.028014
0.042508
0.046510
0.023507
0.033510
0.000000
0.044010
0.047507
0.043506
0.031503
0.042505
0.044036
0.044513
0.037502
0.044509
0.037004
0.000000
0.043512
0.033508
0.043016
0.044518
0.019998
0.044013
0.039505
0.043021
0.038999
0.046508
0.000000
0.045520
0.034004
0.044017
0.038504
0.030512
0.043508
0.032509
0.028118
0.044167
0.029511
0.000000
0.043029
0.022999
0.042505
0.047022
0.047011
0.045014
0.043505
0.035012
0.043507
0.041518
0.000000
0.046024
0.046520
0.036507
0.042510
0.022505
0.023507
0.043509
0.046017
0.043508
0.044034
0.000000
0.045510
0.043503
0.039514
0.042512
0.021502
0.043010
0.028001
0.049030
0.037504
0.044531
0.000999
0.043508
0.043506
0.042024
0.036999
0.021507
0.025508
0.023508
0.032688
0.029794
0.045508
0.000000
0.044018
0.045507
0.046411
0.020996
0.043503
0.048024
0.045313
0.024619
0.036018
0.042506
0.000000
0.045029
0.047688
0.039437
0.029112
0.046526
