0.011000
0.026999
0.044012
0.040505
0.028513
0.045011
0.026999
0.043008
0.039506
0.051948
0.001000
0.024506
0.032503
0.039337
0.020638
0.043094
0.022004
0.027011
0.043505
0.038506
0.040000
0.000000
0.025002
0.028971
0.044214
0.025546
0.045217
0.025126
0.043682
0.030996
0.020506
0.034510
0.000000
0.031512
0.026506
0.038509
0.026000
0.029512
0.041531
0.031998
0.029007
0.023216
0.041649
0.000000
0.032511
0.037021
0.031506
0.019999
0.040017
0.031998
0.032512
0.027020
0.041511
0.028003
0.000000
0.033504
0.044512
0.045013
0.044518
0.042016
0.045506
0.038507
0.030506
0.044507
0.034014
0.000000
0.044503
0.029507
0.023505
0.022505
0.045012
0.024371
0.037504
0.045015
0.038999
0.022003
0.000000
0.027010
0.023000
0.021001
0.044016
