282	104	67	84
285	109	73	84
292	110	70	84
298	113	68	84
304	114	67	85
309	117	66	84
314	116	65	85
314	113	65	88
309	109	68	90
302	104	68	93
302	104	68	93
282	97	67	97
267	92	71	102
256	92	67	99
249	91	67	103
232	92	71	103
226	91	72	100
213	92	70	98
216	97	64	90
222	99	60	91
232	101	66	92
232	101	66	92
256	103	68	97
273	108	67	91
279	107	66	93
293	108	63	90
297	108	64	91
302	106	64	93
303	106	66	94
303	111	66	88
301	114	66	85
297	113	68	88
297	113	68	88
278	113	75	87
269	109	81	93
253	105	84	96
249	97	91	102
245	88	90	113
245	80	92	116
253	79	91	116
277	81	81	118
300	80	73	112
322	81	73	97
322	81	73	97
346	86	72	93
349	90	70	88
345	96	72	84
333	100	65	83
317	103	62	86
295	107	62	87
269	106	67	89
239	108	68	87
225	113	61	80
207	108	62	53
207	108	62	53
186	111	72	80
184	103	64	55
181	99	72	91
193	90	77	103
210	70	78	119
227	65	80	129
241	64	88	132
256	62	96	127
275	60	96	130
297	62	85	124
297	62	85	124
297	61	90	116
302	64	93	115
313	77	92	107
336	77	85	112
354	68	86	131
372	71	87	99
380	63	85	110
382	52	90	116
373	46	97	125
362	42	102	122
362	42	102	122
304	57	117	117
281	63	120	115
264	62	113	118
245	66	110	122
229	73	107	117
226	70	101	119
239	87	77	104
256	90	49	97
252	94	45	90
247	90	42	82
247	90	42	82
247	90	42	82
157	72	103	117
162	80	101	115
152	77	113	115
206	78	66	103
206	78	66	103
215	103	63	93
162	93	114	98
211	101	81	88
205	100	90	92
205	100	90	92
203	103	91	88
194	106	92	88
187	107	90	89
185	107	86	90
190	108	76	91
203	107	63	89
220	108	59	86
234	105	62	86
250	104	67	90
271	103	71	89
271	103	71	89
302	106	75	84
314	107	76	86
326	107	85	80
332	106	82	80
336	104	82	93
358	107	71	80
350	107	73	82
349	110	70	80
351	111	70	79
353	110	69	87
353	110	69	87
364	98	71	85
363	93	72	90
357	84	75	108
346	82	83	119
329	80	83	105
306	75	95	111
284	79	102	110
262	81	107	110
245	82	104	115
228	84	103	112
228	84	103	112
243	97	64	92
183	98	100	98
167	100	97	105
159	91	102	102
140	95	81	79
128	93	78	90
113	93	81	92
110	92	76	92
107	92	75	90
108	91	81	95
108	91	81	95
133	92	81	91
149	92	85	91
164	94	98	98
204	99	76	102
221	93	84	102
242	89	85	106
266	77	81	112
287	72	77	116
305	66	81	125
323	54	81	123
323	54	81	123
328	51	85	131
325	52	89	115
316	50	97	119
308	47	97	121
290	59	95	117
284	56	92	125
266	61	95	124
259	67	98	121
252	87	94	110
252	88	84	105
252	88	84	105
195	93	104	101
212	113	73	100
159	88	102	105
161	88	80	93
158	88	74	95
152	87	78	96
155	90	82	94
178	92	84	100
202	94	84	101
229	89	85	104
229	89	85	104
262	68	78	115
255	61	90	118
245	65	96	102
225	62	97	103
224	55	89	113
233	50	79	120
253	49	74	123
260	48	74	119
266	60	74	102
270	80	72	88
270	80	72	88
269	98	63	85
266	98	81	86
266	98	83	86
274	95	81	90
280	89	78	99
284	84	69	107
274	77	74	111
270	71	78	115
268	67	77	124
255	65	88	124
255	65	88	124
233	73	92	115
233	84	83	99
236	82	75	97
244	81	72	101
242	76	76	111
242	75	70	105
237	72	70	99
229	80	69	107
208	85	80	113
205	97	83	95
205	97	83	95
227	105	85	88
250	98	79	95
269	91	77	100
285	74	77	109
290	66	83	115
291	60	95	123
305	57	99	118
314	59	90	112
323	60	74	107
298	86	89	98
298	86	89	98
259	97	89	87
256	92	82	96
256	82	74	106
255	84	74	107
271	88	71	102
273	89	69	101
268	96	72	91
252	95	74	91
230	96	80	91
205	100	89	87
205	100	89	87
185	107	90	95
197	102	81	99
219	94	75	101
245	92	75	99
270	86	73	105
286	84	74	99
300	87	73	95
311	92	66	88
310	95	63	86
294	100	66	89
294	100	66	89
257	111	58	79
238	123	61	77
240	117	51	66
232	113	54	79
225	109	60	87
229	104	65	88
247	96	75	100
270	91	72	103
290	82	70	109
294	77	73	114
294	77	73	114
290	71	70	114
288	74	71	109
291	82	74	104
297	83	76	103
310	75	77	103
315	67	75	110
315	58	76	117
312	49	78	121
312	52	78	118
312	59	78	109
312	59	78	109
310	74	78	96
304	74	76	96
300	81	78	98
300	73	79	104
301	66	82	112
309	49	80	125
327	42	75	128
328	30	74	135
323	11	81	146
315	0	85	152
315	0	85	152
302	25	75	132
300	39	73	127
298	49	71	120
293	62	70	113
289	70	67	108
287	83	65	96
282	88	66	90
268	92	66	87
253	93	68	89
237	96	73	92
237	96	73	92
204	92	91	98
203	80	93	107
207	76	96	116
227	75	90	121
234	73	89	120
240	69	93	125
235	63	102	121
284	96	57	95
284	115	57	81
289	98	51	90
289	98	51	90
236	50	85	129
233	49	84	132
229	49	85	134
220	58	87	118
189	56	96	112
174	71	112	127
233	101	62	95
250	107	60	86
262	107	63	85
235	102	105	89
235	102	105	89
281	94	75	88
298	98	66	85
292	101	65	84
276	106	63	81
255	120	65	79
240	127	65	75
237	140	63	86
250	126	64	93
260	110	75	93
277	86	80	110
277	86	80	110
306	42	75	131
294	24	95	128
273	34	108	101
263	38	115	97
250	41	104	96
253	39	87	102
259	49	72	97
254	62	73	96
247	82	71	93
238	98	66	87
238	98	66	87
240	101	88	92
238	105	89	89
259	104	83	89
257	93	77	79
224	89	77	104
195	94	86	100
171	96	97	105
170	112	97	95
172	120	94	83
195	124	74	78
195	124	74	78
219	118	55	68
216	125	56	72
197	117	72	66
182	111	77	50
166	104	73	74
148	98	80	86
125	81	91	95
94	73	106	102
