57	156	198	173
63	156	198	173
63	156	198	173
63	156	198	173
63	156	198	173
63	156	198	173
63	156	198	173
63	156	198	173
63	156	198	173
63	156	198	173
63	156	198	173
63	156	198	173
110	156	198	173
109	156	198	173
109	156	198	173
109	156	198	173
109	156	198	173
109	156	198	173
109	156	198	173
109	156	198	173
156	156	198	173
155	156	198	173
155	156	198	173
155	156	198	173
155	156	198	173
155	156	198	173
155	156	198	173
202	156	198	173
201	156	198	173
201	156	198	173
201	156	198	173
201	156	198	173
201	156	198	173
201	156	198	173
248	109	198	173
247	156	198	173
247	109	198	173
247	156	198	173
247	109	198	173
247	110	198	173
247	110	198	173
247	110	198	173
247	110	198	173
247	110	198	173
247	110	198	173
247	110	198	173
247	110	198	173
247	110	198	173
247	110	198	173
247	110	198	173
247	110	198	173
247	110	198	173
247	110	198	173
294	110	198	173
247	110	198	173
294	110	198	173
293	110	198	173
293	110	198	173
293	110	198	173
293	110	198	173
293	110	198	173
293	110	198	173
293	110	198	173
293	110	198	173
293	110	198	173
293	110	198	173
293	110	198	173
293	110	198	173
340	110	198	173
332	110	198	173
332	110	198	173
379	110	198	173
425	110	198	173
379	110	198	173
425	110	198	173
425	110	198	173
425	110	198	173
425	110	198	173
425	110	198	173
425	110	198	173
425	110	198	173
425	110	198	173
425	110	198	173
425	110	198	173
425	110	198	173
425	110	198	173
425	110	198	173
425	110	198	173
425	110	198	173
425	110	198	173
425	110	198	173
425	110	198	173
425	110	198	173
425	110	198	173
425	110	198	173
425	110	198	173
425	110	198	173
425	110	198	173
425	110	198	173
425	110	198	173
425	110	198	173
425	110	198	173
425	110	198	173
425	110	198	173
425	110	198	173
425	110	198	173
471	110	168	173
449	110	168	173
449	110	168	173
492	110	148	173
506	111	134	173
478	112	134	173
478	112	134	173
478	112	134	173
516	112	124	173
523	149	117	173
492	149	117	173
492	149	117	173
492	149	117	173
492	149	117	173
492	149	117	173
492	149	117	173
492	149	117	173
492	114	117	173
492	149	117	173
492	149	117	173
492	149	117	173
492	114	117	173
492	113	117	173
492	113	117	173
492	113	117	173
492	113	117	173
492	113	117	173
492	113	117	173
492	113	117	173
492	113	117	173
492	113	117	173
492	113	117	173
528	113	111	173
532	114	108	173
535	114	105	173
537	114	103	173
538	115	101	173
539	115	100	173
540	148	99	173
541	115	99	173
509	148	99	173
509	148	99	173
509	115	99	173
509	149	99	173
509	149	99	173
509	149	99	173
509	116	99	173
476	150	99	173
476	150	99	173
443	150	99	173
443	150	99	173
443	117	99	173
443	151	99	173
443	118	99	173
411	119	99	173
411	119	99	173
411	119	99	173
411	119	99	173
411	119	99	173
411	119	99	173
411	119	99	173
411	119	99	173
411	119	99	173
411	119	99	173
411	119	99	173
411	119	99	173
411	119	99	173
411	119	99	173
411	119	99	173
411	119	99	173
378	119	99	173
379	119	99	173
379	119	99	173
379	119	99	173
379	119	99	173
379	119	99	173
379	119	99	173
346	119	99	173
347	119	99	173
347	119	99	173
347	119	99	173
347	119	99	173
347	119	99	173
347	119	99	173
347	119	99	173
347	119	99	173
347	119	99	173
347	119	99	173
347	119	99	173
347	119	99	173
347	119	99	173
347	119	99	173
347	119	99	173
347	119	99	173
347	119	99	173
347	119	99	173
347	119	99	173
347	119	99	173
347	119	99	173
347	119	99	173
347	119	99	173
347	119	99	173
347	152	99	173
347	152	99	173
347	119	99	173
347	120	99	173
347	120	99	173
347	120	99	173
347	120	99	173
347	120	99	173
347	120	99	173
347	120	99	173
347	120	99	173
347	120	99	173
347	120	99	173
347	120	99	173
347	120	99	173
347	120	99	173
347	120	99	173
347	120	99	173
347	120	99	173
347	120	99	173
347	120	99	173
347	87	99	173
347	88	99	173
380	88	99	173
380	88	99	173
380	55	99	173
380	56	99	173
380	56	99	173
380	56	99	173
347	56	99	173
348	56	99	173
348	23	99	173
348	28	99	173
348	28	99	173
348	28	99	173
348	28	99	173
315	28	99	173
316	28	99	173
316	28	99	173
316	28	99	173
316	28	99	173
283	28	99	173
284	28	99	173
284	28	99	173
284	28	99	173
284	28	99	173
251	28	99	173
252	28	99	173
252	28	99	173
252	28	99	173
252	28	99	173
252	28	99	173
252	28	99	173
285	28	99	173
252	28	99	173
286	28	99	173
253	28	99	173
287	28	99	173
287	28	99	173
287	28	99	173
287	28	99	173
287	28	99	173
287	28	99	173
287	28	99	173
287	28	99	173
287	28	99	173
287	28	99	173
287	28	99	173
287	28	99	173
287	28	99	173
287	28	99	173
287	28	99	173
287	28	99	173
287	28	99	173
287	28	99	173
287	28	99	173
287	28	99	173
287	28	99	173
287	28	99	173
287	28	99	173
287	28	99	173
287	28	99	173
287	28	99	173
287	28	99	173
287	28	99	173
320	28	99	173
320	28	99	173
320	28	99	173
320	28	99	173
320	28	99	173
320	28	99	173
320	28	99	173
320	28	99	173
385	28	99	173
353	61	99	173
354	61	99	173
354	61	99	173
354	61	99	173
354	61	99	173
354	61	99	173
419	28	99	173
354	62	99	173
420	29	99	173
355	63	99	173
356	63	99	173
356	96	99	173
356	96	99	173
356	96	99	173
356	96	99	173
356	96	99	173
356	96	99	173
356	129	99	173
356	129	99	173
356	129	99	173
356	129	99	173
356	129	99	173
356	129	99	173
356	129	99	173
356	129	99	173
356	129	99	173
356	129	99	173
356	129	99	173
356	162	99	173
356	162	99	173
356	162	99	173
356	162	99	173
356	162	99	173
356	162	99	173
421	97	99	173
422	97	99	173
422	97	99	173
422	130	99	173
422	130	99	173
422	130	99	173
422	130	99	173
422	130	99	173
389	163	99	173
357	163	99	173
358	163	99	173
358	130	99	173
391	131	99	173
391	131	99	173
391	131	99	173
456	66	99	173
411	131	99	173
509	67	99	173
443	132	99	173
509	68	99	173
443	101	99	173
541	36	98	173
444	101	98	173
476	69	98	173
476	70	98	173
476	70	98	173
476	70	98	173
476	70	98	173
476	70	98	173
476	70	98	173
476	70	98	173
476	70	98	173
444	70	98	173
444	70	98	173
444	70	98	173
444	70	98	173
444	70	98	173
444	103	98	173
444	70	98	173
444	104	98	173
444	104	98	173
476	39	98	173
411	104	98	173
411	105	98	173
411	105	98	173
411	105	98	173
411	105	98	173
411	105	98	173
411	105	98	173
378	105	98	173
379	138	98	173
379	138	98	173
379	138	98	173
346	138	98	173
347	138	98	173
314	138	98	173
315	138	98	173
282	138	98	173
250	138	98	173
251	171	98	173
218	171	98	173
219	171	98	173
154	73	98	173
121	73	98	173
155	106	98	173
155	139	98	173
122	41	98	173
123	106	98	173
123	140	98	173
123	140	98	173
123	140	98	173
123	140	98	173
123	140	98	173
123	140	98	173
123	140	98	173
123	140	98	173
123	140	98	173
123	140	98	173
123	140	98	173
123	140	98	173
123	140	98	173
123	140	98	173
123	140	98	173
123	140	98	173
123	140	98	173
123	140	98	173
123	140	98	173
123	140	98	173
123	140	98	173
123	140	98	173
123	140	98	173
123	140	98	173
156	107	98	173
156	141	98	173
123	43	98	173
124	43	98	173
124	43	98	173
124	43	98	173
124	76	98	173
124	76	98	173
124	76	98	173
124	76	98	173
124	76	98	173
157	76	98	173
157	76	98	173
157	76	98	173
157	109	98	173
124	109	98	173
158	109	98	173
158	76	98	173
158	77	98	173
158	77	98	173
158	77	98	173
125	77	98	173
159	77	98	173
159	77	98	173
126	77	98	173
160	77	98	173
160	77	98	173
160	77	98	173
160	77	98	173
160	77	98	173
160	77	98	173
160	77	98	173
160	77	98	173
160	77	98	173
160	77	98	173
160	77	98	173
160	77	98	173
160	77	98	173
160	77	98	173
160	77	98	173
160	77	98	173
160	77	98	173
160	77	98	173
160	77	98	173
160	77	98	173
160	77	98	173
160	77	98	173
160	77	98	173
160	77	98	173
160	77	98	173
160	77	98	173
160	77	98	173
160	77	98	173
160	77	98	173
160	77	98	173
160	77	98	173
160	110	98	173
160	77	98	173
160	78	98	173
160	78	98	173
160	78	98	173
160	78	98	173
160	78	98	173
160	78	98	173
160	78	98	173
160	78	98	173
160	78	98	173
160	78	98	173
160	78	98	173
160	78	98	173
160	78	98	173
160	78	98	173
160	78	98	173
160	78	98	173
193	78	98	173
160	45	98	173
194	111	98	173
129	79	98	173
162	80	98	173
195	80	98	173
162	47	98	173
196	113	98	173
163	81	98	173
164	82	98	173
197	115	98	173
164	82	98	173
165	83	98	173
165	83	98	173
165	83	98	173
165	83	98	173
165	83	98	173
165	83	98	173
165	83	98	173
165	83	98	173
165	83	98	173
165	83	98	173
165	83	98	173
165	83	98	173
165	83	98	173
165	83	98	173
165	83	98	173
165	83	98	173
165	83	98	173
165	83	98	173
165	83	98	173
165	83	98	173
165	83	98	173
165	83	98	173
165	83	98	173
165	83	98	173
165	83	98	173
165	83	98	173
165	83	98	173
165	83	98	173
165	83	98	173
165	83	98	173
165	83	98	173
165	83	98	173
165	83	98	173
165	83	98	173
165	83	98	173
165	83	98	173
165	83	98	173
165	83	98	173
165	83	98	173
165	83	98	173
165	83	98	173
165	83	98	173
165	83	98	173
165	83	98	173
165	83	98	173
165	83	98	173
165	83	98	173
165	83	98	173
165	83	98	173
165	83	98	173
165	83	98	173
165	83	98	173
165	83	98	173
165	83	98	173
165	83	98	173
165	83	98	173
165	83	98	173
165	83	98	173
165	83	98	173
165	83	98	173
165	83	98	173
165	83	98	173
165	83	98	173
165	83	98	173
165	83	98	173
165	83	98	173
165	83	98	173
165	83	98	173
165	83	98	173
198	83	98	173
165	83	98	173
166	83	98	173
166	83	98	173
166	83	98	173
166	83	98	173
166	83	98	173
166	83	98	173
166	83	98	173
166	83	98	173
166	83	98	173
166	83	98	173
166	83	98	173
166	83	98	173
166	83	98	173
166	83	98	173
166	83	98	173
166	83	98	173
166	83	98	173
166	83	98	173
166	83	98	173
166	83	98	173
166	83	98	173
166	83	98	173
166	83	98	173
133	83	98	173
167	83	98	173
134	83	98	173
135	83	98	173
135	83	98	173
135	83	98	173
135	50	98	173
168	84	98	173
168	51	98	173
201	85	98	173
136	118	98	173
136	85	98	173
136	86	98	173
136	86	98	173
136	86	98	173
136	86	98	173
136	86	98	173
136	86	98	173
136	86	98	173
136	86	98	173
136	86	98	173
136	86	98	173
136	86	98	173
136	86	98	173
136	86	98	173
136	86	98	173
136	86	98	173
136	86	98	173
136	86	98	173
136	86	98	173
136	86	98	173
136	86	98	173
136	86	98	173
136	86	98	173
136	86	98	173
136	86	98	173
136	86	98	173
136	86	98	173
136	86	98	173
136	86	98	173
136	86	98	173
136	86	98	173
136	86	98	173
136	86	98	173
136	86	98	173
136	86	98	173
136	86	98	173
136	86	98	173
136	86	98	173
136	86	98	173
136	86	98	173
169	86	98	173
136	86	98	173
137	86	98	173
137	86	98	173
137	86	98	173
137	86	98	173
137	151	98	173
137	185	98	173
137	185	98	173
170	120	98	173
105	185	98	173
170	121	98	173
138	154	98	173
172	89	98	173
172	56	98	173
139	122	98	173
107	156	98	173
108	156	98	173
141	123	98	173
108	189	98	173
142	125	98	173
109	158	98	173
143	125	98	173
110	159	98	173
144	94	98	173
111	159	98	173
145	95	98	173
80	160	98	173
145	96	98	173
113	161	98	173
147	97	98	173
114	162	98	173
148	98	98	173
115	163	98	173
116	197	98	173
181	132	98	173
149	165	98	173
150	100	98	173
117	165	98	173
