0.008000
0.031503
0.030508
0.037505
0.021511
0.020114
0.024580
0.038010
0.025997
0.026507
0.021460
0.026063
0.019000
0.035016
0.018503
0.019985
0.020087
0.022504
0.037510
0.033504
0.018298
0.018095
0.019999
0.037503
0.037508
0.019879
0.019001
0.038012
0.029506
0.037503
0.037011
0.039001
0.039016
0.017999
0.020504
0.034954
0.035548
0.039039
0.031282
0.021506
0.028998
0.037507
0.022002
0.018505
0.019000
0.039010
0.037504
0.032505
0.019075
0.030505
0.038505
0.036067
0.038505
0.023514
0.041007
0.025000
0.039016
0.032504
0.019000
0.022504
0.039006
0.031001
0.037009
0.020504
0.019001
0.019504
0.020002
0.031610
0.027000
0.020000
0.018503
0.036506
0.020000
0.025506
0.038009
0.025002
0.018507
0.018507
0.034505
0.037502
0.026511
0.019504
0.034000
0.038010
0.019505
0.019000
0.019504
0.028510
0.037503
0.027502
0.018002
0.020000
0.037002
0.031506
0.018000
0.020000
0.035505
0.020087
0.023504
0.038000
0.032548
0.017000
0.015999
0.019000
0.018506
0.018503
0.020505
0.019999
0.019933
0.019966
0.031010
0.022036
0.025507
0.025011
0.019504
0.038504
0.031510
0.021508
0.035000
0.038012
0.024502
0.023000
0.018506
0.017503
0.021504
0.037504
0.031506
0.018506
0.019000
0.033506
0.037012
0.021000
0.024505
0.034506
0.037000
0.017504
0.018512
0.023000
0.037506
0.018508
0.017506
0.018503
0.038000
0.019508
0.018504
0.034506
0.037507
0.018514
0.017509
0.021000
0.038505
0.034506
0.022002
0.030508
0.033010
0.033504
0.037506
0.019504
0.016002
0.023502
0.038116
0.038505
0.036013
0.037503
0.038504
0.027504
0.016504
0.016000
0.024502
0.037507
0.021505
0.020753
0.038508
0.018505
0.020001
0.037509
0.021508
0.019506
0.026999
0.038508
0.019511
0.022871
0.037933
0.024511
0.023510
0.019517
0.020002
0.020000
0.020002
0.037505
0.038010
0.031000
0.038010
0.024504
0.020614
0.024504
0.037509
0.030000
0.018505
0.018002
0.036010
0.026000
0.037013
0.036504
0.025506
0.017756
0.035007
0.037508
0.036029
0.021507
0.037504
0.020511
0.019503
0.023000
0.037506
0.038006
0.043507
0.028505
0.032504
0.019001
0.033011
0.038502
0.022519
0.037506
0.035407
0.020999
0.038009
0.027504
0.019000
0.038010
0.038508
0.019504
0.042507
0.032000
0.029504
0.038510
0.019000
0.020999
0.019509
0.038009
0.022999
0.037505
0.028505
0.019000
0.036505
0.029508
0.023003
0.036507
0.023504
0.022508
0.026559
0.036145
0.022007
0.030001
0.038012
0.021505
0.028000
0.037505
0.025501
0.019000
0.020000
0.038509
0.037505
0.017514
0.019002
0.037507
0.032000
0.018511
0.019504
0.028505
0.019000
0.020505
0.037007
0.036504
0.018002
0.017504
0.027508
0.038509
0.039008
0.042503
0.022002
0.033509
0.038505
0.024510
0.038503
0.028507
0.020003
0.028502
0.033001
0.021511
0.027008
0.037000
0.028005
0.020504
0.020504
0.025000
0.022506
0.028506
0.037999
0.022506
0.018507
0.019503
0.037508
0.018005
0.018508
0.021506
0.018000
0.019505
0.019002
0.026508
0.024000
0.035507
0.023009
0.016999
0.032001
0.029021
0.043507
0.038506
0.026011
0.019999
0.027508
0.038009
0.022397
0.020247
0.022347
0.032009
0.037567
0.021195
0.020504
0.017503
0.019000
0.037504
0.037009
0.028589
0.020497
0.029069
0.039000
0.020506
0.020423
0.019510
0.019000
0.038506
0.037009
0.020920
0.018430
0.032238
0.019506
0.029504
0.039173
0.024504
0.020000
0.038509
0.038589
0.033504
0.023507
0.037507
0.026999
0.018001
0.018508
0.036506
0.030507
0.019504
0.016002
0.016002
0.019507
0.032505
0.037504
0.027503
0.022507
0.032504
0.035503
0.019004
0.018510
0.022000
0.037505
0.031502
0.017504
0.016999
0.032509
0.038013
0.022000
0.022506
0.034010
0.039000
0.017505
0.019504
0.023503
0.038504
0.025507
0.018504
0.019001
0.034505
0.037009
0.018000
0.020004
0.019505
0.019505
0.024510
0.019786
0.025301
0.019685
0.019706
0.031008
0.038507
0.025507
0.020998
0.019503
0.018503
0.020504
0.019001
0.019508
0.038007
0.017999
0.026505
0.037507
0.032507
0.021999
0.031011
0.038504
0.023504
0.018002
0.017505
0.017507
0.036000
0.038012
0.023504
0.016001
0.019503
0.026506
0.019504
0.019002
0.021502
0.039507
0.030506
0.038507
0.038011
0.030000
0.018002
0.019505
0.022508
0.020000
0.023507
0.018505
0.018501
0.022001
0.037507
0.019506
0.029505
0.037508
0.026008
0.020000
0.019507
0.028002
0.039014
0.018001
0.019503
0.025511
0.038503
0.034508
0.019505
0.028506
0.020507
0.019003
0.038011
0.038000
0.020507
0.036010
0.036510
0.019001
0.017504
0.018003
0.020999
0.017504
0.019003
0.038487
0.032126
0.018505
0.017046
0.025509
0.038507
0.027014
0.020001
0.017001
0.016999
0.018002
0.017508
0.036506
0.037505
0.018510
0.019999
0.023504
0.020002
0.019503
0.019001
0.020000
0.023504
0.018512
0.018162
0.027849
0.018504
0.020002
0.022506
0.019001
0.028503
0.027508
0.030511
0.017998
0.018507
0.025506
0.037504
0.027613
0.019506
0.025504
0.037507
0.024509
0.019000
0.037000
0.033008
0.018503
0.018000
0.022000
0.037508
0.031507
0.018505
0.018999
0.018505
0.017505
0.036000
0.038009
0.021508
0.019001
0.019504
0.038016
0.033063
0.026507
0.022506
0.037504
0.030499
0.044011
0.034504
0.018001
0.018504
0.037003
0.038291
0.042007
0.020000
0.038095
0.032504
0.019001
0.030517
0.030710
0.019809
0.020001
0.038378
0.033010
0.018504
0.017003
0.017505
0.020505
0.019999
0.020504
0.023507
0.023509
0.020000
0.033506
0.038010
0.029915
0.018999
0.020507
0.027505
0.037506
0.029513
0.019503
0.017999
0.018504
0.038014
0.016997
0.018999
0.021503
0.037507
0.018005
0.019998
0.035012
0.018504
0.018000
0.017000
0.037506
0.031511
0.020998
0.017502
0.024506
0.037503
0.028505
0.017505
0.018506
0.017999
0.017501
0.037420
0.037505
0.016999
0.019508
0.032007
