0.004720
0.018369
0.033730
0.036031
0.031840
0.022506
0.020505
0.032000
0.038507
0.038010
0.037213
0.027002
0.019509
0.026999
0.036504
0.032011
0.015000
0.017000
0.027505
0.037010
0.031000
0.017503
0.017000
0.032081
0.036002
0.025508
0.019002
0.019012
0.036999
0.036508
0.028006
0.018000
0.023504
0.036503
0.033008
0.018554
0.018504
0.024001
0.020015
0.028000
0.039507
0.033009
0.038509
0.031002
0.019506
0.018504
0.022000
0.019595
0.019002
0.021205
0.038000
0.030505
0.017193
0.026009
0.016001
0.018999
0.024504
0.037533
0.035999
0.018505
0.018002
0.030220
0.019000
0.040505
0.029010
0.019000
0.018001
0.020504
0.036009
0.036999
0.023504
0.018003
0.030007
0.036505
0.037301
0.039505
0.040505
0.037008
0.030205
0.027914
0.034011
0.037053
0.037015
0.036007
0.029000
0.018504
0.016002
0.019008
0.037000
0.021505
0.018001
0.017015
0.018000
0.024000
0.038507
0.033009
0.019000
0.017001
0.017505
0.025506
0.036505
0.033504
0.019001
0.018506
0.037000
0.037507
0.017505
0.019504
0.020000
0.036504
0.036011
0.021001
0.017505
0.022000
0.037010
0.037504
0.017001
0.019002
0.027008
0.023000
0.034504
0.019506
0.016505
0.016999
0.017000
0.018005
0.018001
0.021014
0.036501
0.037003
0.025005
0.018004
0.025999
0.036506
0.030009
0.034505
0.017001
0.020001
0.022507
0.019000
0.020999
0.018504
0.019504
0.018508
0.020000
0.037504
0.036011
0.035000
0.036505
0.026506
0.018000
0.017000
0.015502
0.022004
0.036009
0.036504
0.019000
0.019510
0.034508
0.029503
0.018002
0.019008
0.038368
0.036505
0.019603
0.019504
0.022506
0.037503
0.037010
0.038504
0.038005
0.037506
0.021000
0.019505
0.018003
0.019009
0.019000
0.018000
0.018504
0.018002
0.034010
0.038505
0.036507
0.019002
0.028000
0.037506
0.038010
0.036504
0.037506
0.022506
0.019000
0.019505
0.020001
0.019510
0.029000
0.020000
0.020077
0.019245
0.019008
0.019000
0.036503
0.021349
0.017752
0.017561
0.037503
0.037509
0.018999
0.020339
0.022299
0.038508
0.024504
0.019000
0.018505
0.018833
0.033580
0.020000
0.019504
0.017000
0.027506
0.032821
0.017000
0.026506
0.037535
0.036508
0.037001
0.020507
0.020000
0.019504
0.019000
0.018504
0.019506
0.025999
0.037505
0.033010
0.019000
0.018503
0.032719
0.037008
0.021503
0.018001
0.019002
0.036010
0.041504
0.022002
0.029198
0.036938
0.026509
0.019047
0.019002
0.037008
0.020000
0.018507
0.019505
0.034506
0.037003
0.026008
0.018000
0.021505
0.037506
0.037000
0.036506
0.035017
0.037000
0.018506
0.036010
0.024000
0.018001
0.019002
0.035507
0.019000
0.019000
0.018504
0.018001
0.028007
0.039000
0.033507
0.019009
0.021001
0.019000
0.018504
0.020003
0.037105
0.036502
0.017999
0.018505
0.020503
0.021000
0.018504
0.019000
0.033014
0.036999
0.036505
0.017507
0.018998
0.018001
0.030504
0.038010
0.018001
0.026503
0.037002
0.027008
0.019000
0.019505
0.020000
0.019012
0.019000
0.017999
0.018505
0.018000
0.019001
0.020010
0.019999
0.019501
0.019000
0.033010
0.025999
0.018504
0.019000
0.018002
0.018008
0.029000
0.037505
0.030011
0.018000
0.020000
0.037505
0.037009
0.021000
0.018504
0.020002
0.036536
0.019097
0.018508
0.020034
0.019502
0.019506
0.020505
0.019505
0.020003
0.020014
0.027000
0.037505
0.036019
0.016999
0.018000
0.017505
0.036002
0.037012
0.028504
0.019000
0.040014
0.022000
0.018505
0.019000
0.030508
0.030001
0.020505
0.017001
0.032008
0.037001
0.023504
0.019002
0.019009
0.032002
0.019507
0.021002
0.037010
0.036505
0.020001
0.020010
0.021998
0.037504
0.037512
0.017504
0.020999
0.028505
0.029506
0.019504
0.019000
0.029504
0.036026
0.018521
0.027999
0.034508
0.022007
0.021000
0.037505
0.030003
0.018012
0.026000
0.037067
0.031011
0.031002
0.019503
0.032003
0.038011
0.021507
0.037004
0.037007
0.019506
0.018999
0.023006
0.016506
0.017504
0.020001
0.036510
0.036008
0.020000
0.018503
0.027002
0.036007
0.030503
0.019001
0.017439
0.027722
0.017614
0.018504
0.034154
0.036271
0.028505
0.017000
0.023507
0.037000
0.021504
0.017000
0.015002
0.018009
0.028999
0.020275
0.019003
0.033009
0.036507
0.029000
0.026112
0.037504
0.027000
0.018002
0.019168
0.028000
0.036505
0.038013
0.036505
0.036001
0.021009
0.019000
0.036503
0.037010
0.022001
0.019000
0.026505
0.024508
0.019000
0.033504
0.032003
0.017361
0.018504
0.036502
0.036506
0.029504
0.017000
0.025504
0.036508
0.036503
0.019001
0.020002
0.024015
0.015999
0.019000
0.034506
0.036011
0.035506
0.017999
0.022543
0.037002
0.036507
0.017003
0.018006
0.026999
0.036503
0.031018
0.021000
0.022001
0.037508
0.036509
0.020999
0.016505
0.017999
0.037009
0.033003
0.031507
0.037010
0.027999
0.017504
0.017537
0.019768
0.025079
0.037551
0.036506
0.020009
0.017999
0.022504
0.018004
0.016577
0.021999
0.016000
0.015504
0.025003
0.036505
0.033510
0.016997
0.036007
0.037000
0.022506
0.018003
0.019007
0.037001
0.037508
0.017018
0.016999
0.018998
0.036504
0.036011
0.021000
0.036505
0.038013
0.017000
0.019000
0.022504
0.038509
0.037002
0.031507
0.017002
0.019008
0.016001
0.032506
0.015999
0.019505
0.036507
0.033504
0.030507
0.018001
0.015999
0.018508
0.032002
0.018507
0.024505
0.036506
0.022002
0.019008
0.022999
0.017503
0.018001
0.021002
0.018507
0.018000
0.021503
0.019000
0.019002
0.017504
0.030003
0.020504
0.026002
0.037007
0.029506
0.020998
0.020004
0.018506
0.017000
0.022504
0.020001
0.019003
0.018010
0.018999
0.036503
0.036010
0.025000
0.021505
0.031002
0.037507
0.022506
0.020849
0.024975
0.037507
0.036758
0.022797
0.017741
0.035504
0.028999
0.018061
0.018003
0.034005
0.037123
0.024010
0.018000
0.020001
0.020279
0.018887
0.019006
0.035502
0.037003
0.022008
0.035616
0.036505
0.037009
0.024000
0.021505
0.033508
0.037002
0.025504
0.018000
0.018005
0.032999
0.017505
0.023001
0.037014
0.034000
0.018505
0.019768
0.031008
0.036504
0.029002
0.019007
0.016000
0.033504
0.020999
0.019004
0.018506
0.036000
0.036507
0.022008
0.019000
0.020504
0.037003
0.037016
0.032504
0.017000
0.018506
0.027385
0.037504
0.034001
0.019008
0.018000
0.035505
0.037010
0.023999
0.017506
0.016999
0.037505
0.031503
0.016000
0.018506
0.018003
0.035626
0.036504
0.022002
0.019011
0.022997
0.037505
0.035009
0.031996
0.038730
0.027011
0.019002
0.036010
0.022506
0.018055
0.019000
0.032503
0.017001
0.023506
0.037509
0.026504
0.017999
0.022507
0.036505
0.036505
0.021635
0.018999
0.034504
0.036004
0.038508
0.019000
0.023504
0.021002
0.020009
0.019000
0.033507
0.036508
0.029001
0.019505
0.022999
0.022012
0.035999
0.036504
0.032521
0.017999
0.031503
0.016000
0.018003
0.035027
0.036504
0.025505
0.014504
0.020000
0.019000
0.018505
0.019002
0.019008
0.017001
0.022999
0.036507
0.033505
0.016000
0.016504
0.017000
0.016001
0.037706
0.037503
0.022000
0.018504
0.026999
0.031505
0.022003
0.017571
0.021999
0.019506
0.019000
0.027002
0.036008
0.029505
0.018000
0.018001
0.022959
0.017000
0.016504
0.029004
0.019507
0.018999
0.019000
0.028505
0.022505
0.017505
0.022999
0.018504
0.018000
0.032010
0.020001
0.019036
0.019367
0.032593
0.036156
0.027506
0.019507
0.023008
0.037000
0.036506
0.029008
0.019000
0.019505
0.030001
0.038033
0.030508
0.019000
0.024006
0.037001
0.036504
0.029507
0.019000
0.021205
0.018258
0.018000
0.020013
0.021001
0.017000
0.027505
0.037008
0.034999
0.027505
0.018002
0.035007
0.036504
0.021505
0.033025
0.036505
0.027000
0.034010
0.038000
0.029504
0.017507
0.027504
0.036505
0.037011
0.025507
0.017131
0.017999
0.023002
0.015505
0.016504
0.017999
0.036505
0.035009
0.036000
0.037004
0.018010
0.019000
0.018001
0.018506
0.019034
0.020507
0.016507
0.017999
0.018505
0.016999
0.019003
0.037270
0.036505
0.027002
0.018008
0.029000
0.020504
0.016999
0.033010
0.037000
0.022504
0.018002
0.018009
0.035000
0.036509
0.018011
0.017000
0.020021
0.030513
0.037009
0.026052
0.018503
0.020089
0.035597
0.031000
0.019504
0.027002
0.037008
0.031506
0.034997
0.037008
0.027507
0.019000
0.018002
0.038504
0.029504
0.022001
0.037009
0.035506
0.019999
0.029529
0.037503
0.030002
0.031504
0.037503
0.029000
0.030009
0.037000
0.031506
0.017099
0.022182
0.019000
0.017503
0.027002
0.037009
0.036502
0.016000
0.019009
0.024000
0.036505
0.035504
0.021506
0.017996
0.019504
0.017000
0.015001
0.021019
0.033504
0.036001
0.026541
0.037504
0.023002
0.028505
0.036504
0.030508
0.019001
0.019013
0.019000
0.029505
0.036506
0.028085
0.016505
0.018000
0.032002
0.037010
0.028506
0.018998
0.021003
0.036002
0.036505
0.023510
0.019509
0.032505
0.037002
0.022008
0.019435
0.019297
0.035634
0.035711
0.041011
