143	125	30	54
143	125	30	54
143	125	30	54
143	125	30	54
143	125	30	54
143	125	30	54
143	125	30	54
143	125	30	54
143	125	30	54
143	125	30	54
143	125	30	54
143	125	30	54
143	125	30	54
143	125	30	54
143	125	30	54
143	125	30	54
143	125	30	54
143	125	30	54
143	125	30	54
143	125	30	54
143	125	30	54
143	125	30	54
143	135	30	54
153	135	30	54
153	125	30	54
143	135	30	54
153	135	30	54
153	135	30	54
153	135	30	54
153	135	30	54
153	135	30	54
153	135	30	54
153	135	30	54
153	135	30	54
153	135	30	54
153	135	30	54
153	135	30	54
153	135	30	54
153	135	30	54
143	135	30	54
143	135	30	54
143	135	30	54
133	135	30	54
133	135	30	54
133	125	30	54
133	125	30	54
133	125	30	54
133	125	30	54
143	125	30	54
143	125	30	54
143	125	30	54
143	125	30	54
153	125	30	54
153	135	30	54
153	125	30	54
143	135	30	54
143	135	30	54
143	135	30	54
143	135	30	54
143	135	30	54
143	145	30	54
143	135	30	54
143	145	30	54
143	135	30	54
143	145	30	54
143	145	30	54
153	145	30	54
143	145	30	54
153	145	30	54
133	135	30	54
103	105	30	54
103	95	30	54
103	95	30	54
103	95	30	54
103	95	30	54
103	95	30	54
93	65	30	54
93	65	30	54
83	65	30	54
73	65	30	54
73	65	30	54
73	65	30	54
103	85	30	54
103	85	30	54
103	85	30	54
103	85	30	54
113	95	30	54
123	95	30	54
133	95	30	54
133	95	30	54
133	95	30	54
133	95	30	54
133	95	30	54
133	95	30	54
133	95	30	54
123	85	30	54
133	95	30	54
133	95	30	54
123	95	30	54
123	105	30	54
113	125	30	54
113	135	30	54
123	135	30	54
123	135	30	54
133	135	30	54
143	135	30	54
113	105	30	54
123	95	30	54
133	95	30	54
153	105	30	54
153	125	30	54
153	115	30	54
153	115	30	54
153	115	30	54
153	115	30	54
163	95	30	54
163	95	30	54
143	95	30	54
133	115	30	54
133	125	30	54
133	135	30	54
133	135	30	54
133	125	30	54
143	125	30	54
143	125	30	54
133	125	30	54
133	125	30	54
133	115	30	54
133	115	30	54
133	115	30	54
133	115	30	54
133	115	30	54
143	115	30	54
133	115	30	54
133	115	30	54
133	115	30	54
133	105	30	54
133	105	30	54
133	105	30	54
133	115	30	54
123	115	30	54
113	95	30	54
133	105	30	54
133	115	30	54
143	115	30	54
143	105	30	54
143	105	30	54
133	115	30	54
133	105	30	54
133	105	30	54
133	95	30	54
133	95	30	54
123	105	30	54
113	105	30	54
113	85	30	54
113	95	30	54
113	95	30	54
93	65	30	54
93	65	30	54
93	105	30	54
83	105	30	54
83	105	30	54
103	105	30	54
103	95	30	54
103	95	30	54
113	85	30	54
133	95	30	54
133	105	30	54
133	115	30	54
133	125	30	54
133	125	30	54
133	135	30	54
133	135	30	54
123	135	30	54
123	135	30	54
123	145	30	54
133	145	30	54
123	145	30	54
133	135	30	54
133	135	30	54
143	135	30	54
143	145	30	54
153	145	30	54
153	135	30	54
153	145	30	54
143	115	30	54
143	125	30	54
133	95	30	54
133	95	30	54
133	95	30	54
133	95	30	54
153	115	30	54
163	125	30	54
173	135	30	54
203	105	30	54
183	115	30	54
183	115	30	54
183	125	30	54
193	125	30	54
193	125	30	54
203	125	30	54
213	135	30	54
203	135	30	54
203	145	30	54
193	135	30	54
193	135	30	54
193	125	30	54
213	135	30	54
213	135	30	54
243	105	30	54
223	105	30	54
213	105	30	54
213	85	30	54
203	85	30	54
203	75	30	54
203	75	30	54
203	65	30	54
183	45	30	54
173	15	30	54
153	5	30	54
143	0	30	52
143	0	30	50
143	9	30	50
172	39	30	50
173	30	30	50
183	29	30	50
163	29	30	50
174	29	30	50
184	29	30	50
164	39	30	50
175	39	30	50
175	39	30	50
175	39	30	50
175	39	30	50
175	39	30	50
175	39	30	50
175	39	30	50
175	39	30	50
175	39	30	50
175	39	30	50
175	39	30	50
175	39	30	50
175	39	30	50
214	79	30	50
233	78	30	50
234	69	30	50
234	68	30	50
234	68	30	50
234	68	30	50
234	68	30	50
234	68	30	50
234	68	30	50
234	68	30	50
234	68	30	50
234	68	30	50
234	68	30	50
234	68	30	50
234	68	30	50
234	68	30	50
234	68	30	50
234	68	30	50
234	68	30	50
234	68	30	50
234	68	30	50
234	68	30	50
234	68	30	50
234	68	30	50
234	68	30	50
234	68	30	50
234	68	30	50
234	68	30	50
234	68	30	50
234	68	30	50
234	68	30	50
234	68	30	50
234	68	30	50
234	68	30	50
234	68	30	50
234	68	30	50
234	68	30	50
234	68	30	50
234	68	30	50
234	68	30	50
234	68	30	50
234	68	30	50
234	68	30	50
234	68	30	50
234	68	30	50
234	68	30	50
234	68	30	50
234	68	30	50
234	68	30	50
234	68	30	50
234	68	30	50
234	68	30	50
234	68	30	50
234	68	30	50
234	68	30	50
234	68	30	50
234	68	30	50
234	68	30	50
234	68	30	50
234	68	30	50
234	68	30	50
234	68	30	50
234	68	30	50
234	68	30	50
234	68	30	50
234	68	30	50
234	68	30	50
234	68	30	50
234	68	30	50
234	68	30	50
234	68	30	50
234	68	30	50
234	68	30	50
234	68	30	50
234	68	30	50
234	68	30	50
234	68	30	50
234	78	30	50
234	78	30	50
234	78	30	50
234	78	30	50
234	78	30	50
234	78	30	50
234	78	30	50
234	78	30	50
234	78	30	50
234	69	30	50
234	68	30	50
234	68	30	50
234	68	30	50
234	68	30	50
234	68	30	50
234	68	30	50
234	68	30	50
234	68	30	50
234	68	30	50
234	68	30	50
234	68	30	50
234	68	30	50
234	68	30	50
234	68	30	50
234	68	30	50
234	68	30	50
234	68	30	50
234	68	30	50
234	68	30	50
234	68	30	50
234	68	30	50
234	68	30	50
234	68	30	50
234	68	30	50
234	68	30	50
234	68	30	50
234	68	30	50
234	68	30	50
234	68	30	50
234	68	30	50
234	68	30	50
234	68	30	50
234	68	30	50
234	68	30	50
234	68	30	50
234	68	30	50
234	68	30	50
234	68	30	50
234	68	30	50
234	68	30	50
234	68	30	50
234	68	30	50
234	68	30	50
234	68	30	50
234	68	30	50
234	68	30	50
234	68	30	50
234	68	30	50
234	68	30	50
234	68	30	50
234	68	30	50
234	68	30	50
234	68	30	50
234	68	30	50
234	68	30	50
234	68	30	50
234	68	30	50
234	68	30	50
234	68	30	50
234	68	30	50
234	68	30	50
234	68	30	50
234	68	30	50
234	68	30	50
234	68	30	50
234	68	30	50
234	68	30	50
234	68	30	50
234	68	30	50
234	68	30	50
234	68	30	50
234	68	30	50
234	68	30	50
234	68	30	50
234	68	30	50
234	68	30	50
234	68	30	50
234	68	30	50
234	68	30	50
234	68	30	50
234	68	30	50
234	68	30	50
234	68	30	50
234	68	30	50
234	68	30	50
234	68	30	50
234	68	30	50
234	68	30	50
234	68	30	50
234	68	30	50
234	68	30	50
234	68	30	50
234	68	30	50
234	68	30	50
234	68	30	50
234	68	30	50
234	68	30	50
234	68	30	50
234	68	30	50
234	68	30	50
234	68	30	50
234	68	30	50
234	68	30	50
234	68	30	50
234	68	30	50
234	68	30	50
234	68	30	50
234	68	30	50
234	68	30	50
234	68	30	50
234	68	30	50
234	68	30	50
234	68	30	50
234	68	30	50
234	68	30	50
234	68	30	50
234	68	30	50
234	68	30	50
234	68	30	50
234	68	30	50
234	68	30	50
234	68	30	50
234	68	30	50
234	68	30	50
234	68	30	50
234	68	30	50
234	68	30	50
234	68	30	50
234	68	30	50
234	68	30	50
234	68	30	50
234	68	30	50
234	68	30	50
234	68	30	50
234	68	30	50
234	68	30	50
234	68	30	50
234	68	30	50
234	68	30	50
234	68	30	50
234	68	30	50
234	68	30	50
