144	63	57	89
143	62	57	89
143	62	57	89
143	62	57	89
143	62	57	89
143	62	57	89
143	62	57	89
143	62	57	89
143	62	57	89
143	62	57	89
143	62	57	89
143	62	57	89
143	62	57	89
143	62	57	89
143	62	57	89
143	62	57	89
143	62	57	89
143	62	57	89
143	62	57	89
143	62	57	89
143	62	57	89
143	62	57	89
143	62	57	89
143	62	57	89
143	62	57	89
143	62	57	89
143	62	57	89
143	62	57	89
143	62	57	89
143	62	57	89
143	62	57	89
143	62	57	89
143	62	57	89
143	62	57	89
143	62	57	89
143	62	57	89
143	62	57	89
143	62	57	89
143	62	57	89
126	62	57	89
143	62	57	89
143	62	57	89
143	62	57	89
143	62	57	89
143	62	57	89
143	62	57	89
143	62	57	89
143	62	57	89
143	62	57	89
143	98	57	89
143	81	57	89
143	63	57	89
143	62	57	89
143	62	57	89
143	62	57	89
143	62	57	89
143	62	57	89
143	62	57	89
143	62	57	89
143	62	57	89
143	62	57	89
143	62	57	89
143	62	57	89
143	62	57	89
143	62	57	89
143	62	57	89
143	62	57	89
143	62	57	89
143	62	57	89
143	62	57	89
143	62	57	89
143	62	57	89
143	62	57	89
143	62	57	89
143	62	57	89
143	62	57	89
143	62	57	89
143	62	57	89
143	62	57	89
143	62	57	89
143	62	57	89
143	62	57	89
143	62	57	89
143	62	57	89
143	62	57	89
143	62	57	89
143	62	57	89
143	62	57	89
143	62	57	89
143	62	57	89
143	62	57	89
143	62	57	89
143	62	57	89
143	62	57	89
143	62	57	89
143	62	57	89
143	62	57	89
143	62	57	89
143	62	57	89
143	62	57	89
143	62	57	89
143	62	57	89
143	62	57	89
143	62	57	89
143	62	57	89
143	62	57	89
143	62	57	89
143	62	57	89
143	62	57	89
143	62	57	89
143	62	57	89
143	62	57	89
143	62	57	89
143	62	57	89
143	62	57	89
143	62	57	89
143	62	57	89
143	62	57	89
143	62	57	89
143	62	57	89
143	62	57	89
143	62	57	89
143	62	57	89
143	62	57	89
143	62	57	89
143	62	57	89
143	62	57	89
143	62	57	89
143	62	57	89
126	62	57	89
125	80	57	89
108	98	57	89
125	63	57	89
125	63	57	89
161	81	57	89
144	81	57	89
126	64	57	89
161	81	57	89
126	81	57	89
126	64	57	89
162	81	57	89
145	81	57	89
127	81	57	89
126	81	57	89
162	81	57	89
145	81	57	89
127	81	57	89
162	81	57	89
145	81	57	89
144	81	57	89
144	81	57	89
144	81	57	89
144	81	57	89
144	81	57	89
144	81	57	89
144	81	57	89
144	81	57	89
144	81	57	89
127	81	57	89
162	81	57	89
145	81	57	89
127	81	57	89
144	81	57	89
127	81	57	89
126	81	57	89
144	81	57	89
127	81	57	89
144	81	57	89
127	81	57	89
162	81	57	89
145	81	57	89
127	81	57	89
162	81	57	89
145	81	57	89
144	81	57	89
127	81	57	89
162	81	57	89
145	81	57	89
162	81	57	89
145	81	57	89
144	81	57	89
127	81	57	89
162	81	57	89
145	81	57	89
144	81	57	89
144	81	57	89
144	81	57	89
162	81	57	89
162	81	57	89
180	81	57	89
180	81	57	89
180	81	57	89
180	81	57	89
180	81	57	89
180	81	57	89
180	81	57	89
180	81	57	89
180	81	57	89
180	81	57	89
180	81	57	89
180	81	57	89
180	81	57	89
180	81	57	89
180	81	57	89
180	81	57	89
180	81	57	89
180	81	57	89
180	81	57	89
198	81	57	89
198	81	57	89
198	81	57	89
198	81	57	89
198	81	57	89
198	81	57	89
216	81	57	89
211	81	57	89
211	81	57	89
211	81	57	89
211	81	57	89
211	81	57	89
211	81	57	89
211	81	57	89
211	81	57	89
211	99	57	89
211	99	57	89
211	99	57	89
211	82	57	89
211	81	57	89
211	81	57	89
229	81	57	89
229	81	57	89
229	81	57	89
229	81	57	89
229	81	57	89
211	81	57	89
211	81	57	89
211	81	57	89
211	81	57	89
211	81	57	89
194	81	57	89
193	81	57	89
193	81	57	89
193	81	57	89
176	81	57	89
175	81	57	89
175	81	57	89
175	81	57	89
158	81	57	89
175	81	57	89
158	81	57	89
140	81	57	89
157	81	57	89
140	81	57	89
157	81	57	89
140	81	57	89
157	81	57	89
140	81	57	89
157	81	57	89
140	81	57	89
175	81	57	89
175	81	57	89
175	81	57	89
193	81	57	89
193	81	57	89
193	81	57	89
193	81	57	89
193	81	57	89
211	81	57	89
211	81	57	89
211	81	57	89
211	81	57	89
211	81	57	89
211	81	57	89
211	81	57	89
211	81	57	89
194	81	57	89
193	81	57	89
193	81	57	89
193	81	57	89
176	81	57	89
175	81	57	89
175	81	57	89
158	81	57	89
175	81	57	89
158	81	57	89
175	81	57	89
158	81	57	89
175	81	57	89
175	81	57	89
175	81	57	89
175	81	57	89
175	81	57	89
175	81	57	89
175	81	57	89
175	81	57	89
193	81	57	89
193	81	57	89
193	81	57	89
193	81	57	89
193	81	57	89
211	81	57	89
211	81	57	89
211	81	57	89
211	81	57	89
211	81	57	89
211	81	57	89
211	81	57	89
211	81	57	89
211	81	57	89
211	81	57	89
211	81	57	89
211	81	57	89
211	81	57	89
211	81	57	89
211	81	57	89
211	81	57	89
211	81	57	89
211	81	57	89
211	81	57	89
211	81	57	89
211	81	57	89
211	81	57	89
211	81	57	89
211	81	57	89
211	81	57	89
211	81	57	89
211	81	57	89
