1.000000
0.343941
0.306404
0.336761
0.228316
0.166951
0.240762
0.237069
0.177553
0.121258
0.261459
0.129992
0.198907
0.247370
0.216601
0.219121
0.227503
0.249674
0.267589
0.193440
0.115706
0.237953
0.198023
0.230280
0.240360
0.299998
0.276123
0.321193
0.271597
0.210801
0.272310
0.241343
0.276316
0.192648
0.304086
0.247532
0.221072
0.246030
0.223615
0.346565
0.254107
0.292516
0.378662
0.360243
0.338459
0.281132
0.187079
0.219871
0.217010
0.224876
0.243662
0.308492
0.318842
0.386876
0.303449
0.327841
0.246149
0.196853
0.262671
0.389180
0.297359
0.301258
0.157140
0.434364
0.497419
0.506260
0.543773
0.491390
0.419860
0.194121
0.248321
0.325188
0.295470
0.246758
0.323594
0.303198
0.220096
0.265330
0.390805
0.291373
0.189800
0.202502
0.476264
0.385163
0.336755
0.233142
0.302289
0.337852
0.178157
0.216396
0.196420
0.207978
0.236351
0.285405
0.281758
0.272462
0.313723
0.317924
0.204634
0.251660
0.276696
0.289393
0.346841
0.233233
0.180081
0.285621
0.354779
0.269638
0.318947
0.304091
0.342302
0.346037
0.241342
0.223193
0.143132
0.169656
0.194974
0.249727
0.288362
0.190765
0.249575
0.221281
0.287643
0.225559
0.209798
0.265544
0.226250
