1.000000
0.354598
0.391369
0.328832
0.461228
0.296969
0.230946
0.354962
0.398788
0.333470
0.262598
0.295954
0.407313
0.452007
0.434621
0.432239
0.418761
0.431048
0.393374
0.316951
0.337879
0.400788
0.392520
0.356385
0.324247
0.291227
0.229846
0.462833
0.344822
0.350351
0.427169
0.396975
0.436349
0.338365
0.202722
0.285366
0.386798
0.415586
0.242624
0.364692
0.295094
0.305710
0.424853
0.288530
0.515638
0.333586
0.393988
0.416111
0.270277
0.325171
0.362941
0.308419
0.305042
0.281797
0.387354
0.382077
0.313435
0.220062
0.448546
0.509481
0.422143
0.238844
0.411671
0.438640
0.404954
0.287649
0.355006
0.440838
0.390711
0.335326
0.282066
0.259335
0.312145
0.351122
0.509383
0.330336
0.427094
0.456787
0.426016
0.407834
0.234348
0.455236
0.394575
0.363792
0.504146
0.401406
0.379179
0.356780
0.354708
0.271439
0.243617
0.298408
0.439630
0.421741
0.357431
0.334795
0.444745
0.487928
0.355677
0.402772
0.374911
0.375419
0.279958
0.279988
0.209239
0.366890
0.306066
0.295209
0.314449
0.279350
0.294158
0.283723
0.395697
0.314946
0.333439
0.348756
0.415593
0.322619
0.322288
0.281560
0.376717
0.351175
0.273827
0.228132
0.307371
0.473510
0.327828
0.433868
0.354684
0.413197
0.387050
0.437260
0.349030
0.312691
0.310235
0.405793
0.461611
0.452438
0.449361
0.405653
0.305824
0.290476
0.299604
0.238173
0.242726
0.366776
0.405728
0.401450
0.401755
0.287608
0.292205
0.456566
0.481571
0.180475
0.446799
0.218509
0.392655
0.433990
0.309911
0.320345
0.247164
0.325783
0.262801
0.258073
0.307012
0.293713
0.345202
0.396723
0.239420
0.457054
0.368020
0.355778
0.318560
0.288473
0.248742
0.300987
0.351208
0.338915
0.174237
0.212525
0.389153
0.329474
0.250113
0.229809
0.310522
0.297399
0.212156
0.271444
0.377435
0.277838
0.336632
0.314888
0.420525
0.349946
0.319554
0.322764
0.348475
0.372490
0.348154
0.242404
0.283298
0.348533
0.243975
0.263040
0.304836
0.284560
0.391340
0.420665
0.492662
0.290121
0.181250
0.261863
0.464202
0.421488
0.373197
0.187732
0.368553
0.433340
0.388271
0.450793
0.292511
0.308271
0.230864
0.281788
0.406154
0.325204
0.276305
0.294844
0.255292
0.280583
0.257591
0.300036
0.344451
0.218717
0.454150
0.294188
0.332674
0.405586
0.168969
0.303127
0.349372
0.427457
0.393576
0.363531
0.371457
0.340683
0.325014
0.354775
0.244188
0.190617
0.223414
0.218646
0.200349
0.248511
0.244928
0.178676
0.144058
0.235298
0.284660
0.340639
0.206037
0.244143
0.212248
0.176715
0.200821
0.203943
0.298018
0.199021
0.195948
0.228403
0.230248
0.282356
0.222558
0.175114
0.201029
0.166767
0.196846
0.218416
0.219108
0.193883
0.235420
0.282939
0.222597
0.203967
0.167581
0.150575
0.154584
0.138173
0.244152
0.306072
0.267527
0.150253
0.115913
0.324379
0.278228
0.156968
0.138326
0.165190
0.161190
0.107311
0.278451
0.204093
0.303457
0.196989
0.191161
0.135954
0.184524
0.157149
0.231657
0.197780
0.169197
0.251461
0.186331
0.158532
0.179382
0.235661
0.191266
0.194836
0.096106
0.234511
0.247399
0.185274
0.185769
0.270357
0.155248
0.176928
0.267085
0.255021
0.125004
0.129549
0.075860
0.077217
0.160783
0.121733
0.101534
0.078089
0.086628
0.086420
0.237126
0.198086
0.069821
0.202973
0.246289
0.089259
0.130888
0.177810
0.197147
0.094477
0.105670
0.114356
0.170729
0.165803
0.189665
0.097633
0.116928
0.052425
0.152542
0.080382
0.211011
0.137759
0.151007
0.235444
0.351954
0.341798
0.315435
0.314204
0.175896
0.169743
0.197325
0.237714
0.209343
0.183409
0.306277
0.259445
0.208644
0.186339
0.179147
0.196340
0.210461
0.216946
0.151480
0.208355
0.231651
0.182782
0.106064
0.076035
0.187784
0.106378
0.113500
0.068421
0.243336
0.159249
0.092739
0.146139
0.186133
0.103754
0.058871
0.068168
0.157813
0.043786
0.052827
0.049312
0.075609
0.066951
0.064129
0.080468
0.089734
0.250853
0.296146
0.194926
0.103499
0.185022
0.220013
0.209703
0.186287
0.255655
0.188802
0.176936
0.124602
0.079610
0.131963
0.105513
0.122926
0.193678
0.096678
0.082646
0.160485
0.184965
0.136303
0.175068
0.109522
0.281344
0.164781
0.193805
0.068537
0.100823
0.145860
0.100359
0.126973
0.101913
0.084774
0.112852
0.107905
0.298711
0.093439
0.130759
0.104769
0.146545
0.061045
0.158896
0.129824
0.038486
0.091554
0.120552
0.102325
0.134984
0.054402
0.055653
0.141845
0.160248
0.064959
0.169795
0.072603
0.177616
0.053148
0.087165
0.075504
0.079252
0.119008
0.102550
0.273064
0.121464
0.199153
0.093210
0.159756
0.133542
0.170636
0.242687
0.113331
0.150036
0.217953
0.151081
0.124494
0.196310
0.080390
0.191667
0.065314
0.075618
0.145639
0.116051
0.320227
0.059280
0.133881
0.093835
0.235114
0.135120
0.150478
0.138557
0.163197
0.305350
0.151859
0.057283
0.080020
0.134855
0.081679
0.075717
0.069663
0.069389
0.070755
0.086623
0.113556
0.059569
0.152977
0.252744
0.074852
0.182074
0.157498
0.146091
0.227074
0.137249
0.180135
0.394078
0.402276
0.222440
0.281728
0.260407
0.182403
0.184904
0.192244
0.146141
0.153974
0.191836
0.094839
0.284962
0.129104
0.305383
0.169863
0.136364
0.109182
0.090769
0.286480
0.124576
0.131684
0.142891
0.138561
0.085733
0.204482
0.218509
0.115947
0.189131
0.216015
0.078638
0.060467
0.162423
0.150714
0.244513
0.223786
0.234885
0.218357
0.185813
0.130166
0.172347
0.125270
0.195936
0.093180
0.265661
0.103735
0.232190
0.116309
0.251587
0.127509
0.121187
0.168217
0.189990
0.158225
0.118574
0.236969
0.185624
0.199018
0.302320
0.200118
0.227062
0.168178
0.180992
0.256298
0.223936
0.113553
0.141758
0.163298
0.138620
0.273909
0.069475
0.087137
0.102369
0.122695
0.207032
0.049222
0.063855
0.071982
0.084776
0.134891
0.124520
0.202700
0.127347
0.057991
0.102043
0.036047
0.153013
0.184455
0.149083
0.151198
0.150193
0.216564
0.225300
0.087556
0.137891
0.105349
0.085208
0.139335
0.111779
0.090534
0.071114
0.140724
0.149379
0.129834
0.150423
0.081774
0.120021
0.135246
0.067747
0.105152
0.082271
0.133287
0.059396
0.109270
0.144010
0.078790
0.165424
0.227559
0.192590
0.140830
0.239489
0.148440
0.088697
0.177928
0.119775
0.171394
0.180058
0.226172
0.227595
0.121090
0.133270
0.127508
0.114210
0.203781
0.109079
0.210389
0.181985
0.092661
0.146937
0.101393
0.092655
0.170353
0.162773
0.069959
0.172397
0.173056
0.199455
0.122776
0.182679
0.118877
0.124130
0.145746
0.117783
0.150039
0.114743
0.120958
0.067064
0.180508
0.160876
0.159881
0.138553
0.142434
0.119421
0.084352
0.127058
0.106233
0.151834
0.163883
0.153772
0.131791
0.198979
0.151784
0.105822
0.104666
0.148047
0.120383
0.078964
0.075819
0.209768
0.136080
0.189610
0.077610
0.118045
0.159683
0.088489
0.113944
0.144335
0.075882
0.106903
0.166258
0.190591
0.093698
