256	152	73	210
256	151	73	210
256	151	73	210
256	151	73	210
256	151	73	210
256	151	73	210
256	151	73	210
256	151	73	210
256	151	73	210
256	151	73	210
256	151	73	210
256	151	73	210
256	151	73	210
256	151	73	210
256	151	73	210
256	151	73	210
256	151	73	210
256	151	73	210
256	151	73	210
256	151	73	210
256	151	73	210
256	151	73	210
256	151	73	210
256	151	73	210
256	151	73	210
256	151	73	210
256	151	73	210
256	151	73	210
256	151	73	210
256	151	73	210
256	151	73	210
256	151	73	210
256	151	73	210
256	151	73	210
256	151	73	210
256	151	73	210
256	151	73	210
256	151	73	210
256	151	73	210
256	151	73	210
256	151	73	210
256	151	73	210
256	151	73	210
256	151	73	210
256	151	73	210
256	151	73	210
256	151	73	210
256	151	73	210
256	151	73	210
256	151	73	210
256	151	73	210
256	151	73	210
256	151	73	210
256	151	73	210
256	151	73	210
256	151	73	210
256	151	73	210
256	151	73	210
256	151	73	210
256	151	73	210
256	151	73	210
256	151	73	210
256	151	73	210
256	151	73	210
256	151	73	210
256	151	73	210
256	151	73	210
256	151	73	210
256	151	73	210
256	151	73	210
256	151	73	210
256	151	73	210
256	151	73	210
256	151	73	210
256	151	73	210
256	151	73	210
256	151	73	210
256	151	73	210
256	151	73	210
256	151	73	210
256	151	73	210
256	151	73	210
256	151	73	210
256	151	73	210
256	151	73	210
256	151	73	210
256	151	73	210
256	151	73	210
256	151	73	210
256	151	73	210
256	151	73	210
256	151	73	210
256	151	73	210
256	151	73	210
256	151	73	210
256	151	73	210
256	151	73	210
256	151	73	210
256	151	73	210
256	151	73	210
256	151	73	210
256	151	73	210
256	151	73	210
256	151	73	210
256	151	73	210
256	151	73	210
256	151	73	210
256	151	73	210
256	151	73	210
256	151	73	210
256	151	73	210
256	151	73	210
256	151	73	210
256	151	73	210
256	151	73	210
256	151	73	210
256	151	73	210
256	151	73	210
256	151	73	210
256	151	73	210
256	151	73	210
256	151	73	210
256	151	73	210
256	151	73	210
256	151	73	210
256	151	73	210
256	151	73	210
256	151	73	210
256	151	73	210
256	151	73	210
256	151	73	210
256	151	73	210
256	151	73	210
256	151	73	210
256	151	73	210
256	151	73	210
256	151	73	210
256	151	73	210
256	151	73	210
256	151	73	210
256	151	73	210
256	151	73	210
256	151	73	210
256	151	73	210
256	151	73	210
256	151	73	210
256	151	73	210
256	151	73	210
256	151	73	210
256	151	73	210
256	151	73	210
256	151	73	210
256	151	73	210
256	151	73	210
256	151	73	210
256	151	73	210
256	151	73	210
256	151	73	210
256	151	73	210
256	151	73	210
256	151	73	210
256	151	73	210
256	151	73	210
256	151	73	210
256	151	73	210
256	151	73	210
256	151	73	210
256	151	73	210
256	151	73	210
256	151	73	210
256	151	73	210
256	151	73	210
256	151	73	210
256	151	73	210
256	151	73	210
256	151	73	210
256	151	73	210
256	151	73	210
256	151	73	210
256	151	73	210
256	151	73	210
256	151	73	210
256	151	73	210
256	151	73	210
256	151	73	210
256	151	73	210
256	151	73	210
256	151	73	210
256	151	73	210
256	151	73	210
256	151	73	210
256	151	73	210
256	151	73	210
256	151	73	210
256	151	73	210
256	151	73	210
256	151	73	210
256	151	73	210
256	151	73	210
256	151	73	210
256	151	73	210
256	151	73	210
256	151	73	210
256	151	73	210
256	151	73	210
256	151	73	210
256	151	73	210
256	151	73	210
256	151	73	210
256	151	73	210
256	151	73	210
256	151	73	210
256	151	73	210
256	151	73	210
256	151	73	210
256	151	73	210
256	151	73	210
256	151	73	210
256	151	73	210
256	151	73	210
256	151	73	210
256	151	73	210
256	151	73	210
256	151	73	210
256	151	73	210
256	151	73	210
256	151	73	210
256	151	73	210
256	151	73	210
256	151	73	210
256	151	73	210
256	151	73	210
256	151	73	210
256	151	73	210
256	151	73	210
256	151	73	210
256	151	73	210
256	151	73	210
256	151	73	210
256	151	73	210
256	151	73	210
256	151	73	210
256	151	73	210
256	151	73	210
256	151	73	210
256	151	73	210
256	151	73	210
256	151	73	210
256	151	73	210
256	151	73	210
256	151	73	210
256	151	73	210
256	151	73	210
256	151	73	210
256	151	73	210
256	151	73	210
256	151	73	210
256	151	73	210
256	151	73	210
256	151	73	210
256	151	73	210
256	151	73	210
256	151	73	210
256	151	73	210
256	151	73	210
256	151	73	210
256	151	73	210
256	151	73	210
256	151	73	210
256	151	73	210
256	151	73	210
256	151	73	210
256	151	73	210
256	151	73	210
256	151	73	210
256	151	73	210
256	151	73	210
256	151	73	210
256	151	73	210
256	151	73	210
256	151	73	210
256	151	73	210
256	151	73	210
256	151	73	210
256	151	73	210
256	151	73	210
256	151	73	210
256	151	73	210
256	151	73	210
256	151	73	210
256	151	73	210
256	151	73	210
256	151	73	210
256	151	73	210
256	151	73	210
256	151	73	210
256	151	73	210
256	151	73	210
256	151	73	210
256	151	73	210
256	151	73	210
256	151	73	210
256	151	73	210
256	151	73	210
256	151	73	210
256	151	73	210
256	151	73	210
256	151	73	210
256	151	73	210
256	151	73	210
256	151	73	210
256	151	73	210
256	151	73	210
256	151	73	210
256	151	73	210
256	151	73	210
256	151	73	210
256	151	73	210
256	151	73	210
256	151	73	210
256	151	73	210
256	151	73	210
256	151	73	210
256	151	73	210
256	151	73	210
256	151	73	210
256	120	73	210
256	120	73	210
256	120	73	210
256	120	73	210
256	120	73	210
256	120	73	210
256	89	73	210
225	89	73	210
225	89	73	210
225	89	73	210
225	89	73	210
225	89	73	210
225	89	73	210
225	89	73	210
194	89	73	210
194	89	73	210
194	89	73	210
132	151	73	210
132	182	73	210
132	182	73	210
132	182	73	210
132	182	73	210
132	182	73	210
132	182	73	210
132	182	73	210
132	182	73	210
132	182	73	210
132	182	73	210
132	182	73	210
132	182	73	210
132	182	73	210
132	182	73	210
132	182	73	210
132	182	73	210
132	151	73	210
132	151	73	210
132	151	73	210
132	182	73	210
132	182	73	210
132	182	73	210
132	182	73	210
132	182	73	210
132	182	73	210
132	182	73	210
132	182	73	210
132	182	73	210
132	182	73	210
132	182	73	210
132	182	73	210
132	182	73	210
132	182	73	210
132	182	73	210
132	182	73	210
132	182	73	210
132	182	73	210
132	182	73	210
132	182	73	210
132	182	73	210
132	182	73	210
132	182	73	210
132	182	73	210
132	182	73	210
132	182	73	210
132	182	73	210
132	182	73	210
132	182	73	210
132	182	73	210
132	182	73	210
132	182	73	210
132	182	73	210
132	182	73	210
132	182	73	210
132	182	73	210
132	182	73	210
132	182	73	210
132	182	73	210
132	182	73	210
132	182	73	210
132	182	73	210
132	182	73	210
132	182	73	210
132	182	73	210
132	182	73	210
132	182	73	210
132	182	73	210
132	182	73	210
132	182	73	210
132	182	73	210
132	182	73	210
70	182	73	210
72	182	73	210
72	182	73	210
103	182	73	210
103	182	73	210
103	182	73	210
103	182	73	210
103	182	73	210
134	182	73	210
134	182	73	210
134	182	73	210
165	182	73	210
165	182	73	210
165	182	73	210
165	182	73	210
165	182	73	210
196	151	73	210
196	151	73	210
227	151	73	210
227	151	73	210
227	151	73	210
227	151	73	210
227	151	73	210
227	151	73	210
258	151	73	210
258	151	73	210
258	151	73	210
258	151	73	210
258	151	73	210
258	151	73	210
258	151	73	210
258	151	73	210
258	151	73	210
258	151	73	210
258	151	73	210
258	151	73	210
258	151	73	210
258	151	73	210
258	151	73	210
258	151	73	210
258	151	73	210
258	151	73	210
258	151	73	210
258	151	73	210
258	151	73	210
258	151	73	210
258	151	73	210
258	151	73	210
258	151	73	210
258	151	73	210
258	151	73	210
258	151	73	210
258	151	73	210
258	151	73	210
258	151	73	210
258	151	73	210
258	151	73	210
258	151	73	210
258	151	73	210
258	151	73	210
258	151	73	210
258	151	73	210
258	151	73	210
258	151	73	210
258	151	73	210
258	151	73	210
258	151	73	210
258	151	73	210
258	151	73	210
258	151	73	210
258	151	73	210
258	151	73	210
258	151	73	210
258	151	73	210
258	151	73	210
258	151	73	210
258	151	73	210
258	151	73	210
258	151	73	210
258	151	73	210
258	151	73	210
258	151	73	210
258	151	73	210
258	151	73	210
258	151	73	210
258	151	73	210
258	151	73	210
227	151	73	210
227	151	73	210
227	151	73	210
258	151	73	210
258	151	73	210
289	151	73	210
289	151	73	210
258	151	73	210
258	151	73	210
258	151	73	210
258	151	73	210
258	151	73	210
258	151	73	210
258	151	73	210
258	151	73	210
258	151	73	210
258	151	73	210
258	151	73	210
258	151	73	210
258	151	73	210
258	151	73	210
258	151	73	210
258	151	73	210
258	151	73	210
258	151	73	210
258	151	73	210
258	151	73	210
258	151	73	210
258	151	73	210
258	151	73	210
258	151	73	210
258	151	73	210
258	151	73	210
258	151	73	210
258	151	73	210
258	151	73	210
258	151	73	210
258	151	73	210
258	151	73	210
258	151	73	210
258	151	73	210
258	151	73	210
258	151	73	210
258	151	73	210
258	151	73	210
258	151	73	210
258	151	73	210
258	151	73	210
258	151	73	210
258	151	73	210
258	151	73	210
258	151	73	210
258	151	73	210
258	151	73	210
258	151	73	210
258	151	73	210
258	151	73	210
258	151	73	210
258	151	73	210
258	151	73	210
258	151	73	210
258	151	73	210
258	151	73	210
258	151	73	210
258	151	73	210
258	151	73	210
258	151	73	210
258	151	73	210
258	151	73	210
258	151	73	210
258	151	73	210
258	151	73	210
258	151	73	210
258	151	73	210
258	151	73	210
258	151	73	210
258	151	73	210
258	151	73	210
258	151	73	210
258	151	73	210
258	151	73	210
258	151	73	210
258	151	73	210
258	151	73	210
258	151	73	210
258	151	73	210
258	151	73	210
258	151	73	210
258	151	73	210
258	151	73	210
258	151	73	210
258	151	73	210
258	151	73	210
258	151	73	210
258	151	73	210
258	151	73	210
258	151	73	210
258	151	73	210
258	151	73	210
258	151	73	210
258	151	73	210
258	151	73	210
258	151	73	210
258	151	73	210
258	151	73	210
258	151	73	210
258	151	73	210
258	151	73	210
258	151	73	210
258	151	73	210
258	151	73	210
258	151	73	210
258	151	73	210
258	151	73	210
258	151	73	210
258	151	73	210
258	151	73	210
258	151	73	210
258	151	73	210
258	151	73	210
258	151	73	210
258	151	73	210
258	151	73	210
258	151	73	210
258	151	73	210
258	151	73	210
258	151	73	210
258	151	73	210
258	151	73	210
258	151	73	210
258	151	73	210
258	151	73	210
258	151	73	210
258	151	73	210
258	151	73	210
258	151	73	210
258	151	73	210
258	151	73	210
258	151	73	210
258	151	73	210
258	151	73	210
258	151	73	210
258	151	73	210
258	151	73	210
258	151	73	210
258	151	73	210
258	151	73	210
258	151	73	210
258	151	73	210
258	151	73	210
258	151	73	210
258	151	73	210
258	151	73	210
258	151	73	210
258	151	73	210
258	151	73	210
258	151	73	210
258	151	73	210
258	151	73	210
258	151	73	210
258	151	73	210
258	151	73	210
258	151	73	210
258	151	73	210
258	151	73	210
258	151	73	210
258	151	73	210
258	151	73	210
258	151	73	210
258	151	73	210
258	151	73	210
258	151	73	210
258	151	73	210
258	151	73	210
258	151	73	210
258	151	73	210
258	151	73	210
258	151	73	210
258	151	73	210
258	151	73	210
258	151	73	210
258	151	73	210
258	151	73	210
258	151	73	210
258	151	73	210
258	151	73	210
258	151	73	210
258	151	73	210
258	151	73	210
258	151	73	210
258	151	73	210
258	151	73	210
258	151	73	210
258	151	73	210
258	151	73	210
258	151	73	210
258	151	73	210
258	151	73	210
258	151	73	210
258	151	73	210
258	151	73	210
258	151	73	210
258	151	73	210
258	151	73	210
258	151	73	210
258	151	73	210
258	151	73	210
258	151	73	210
258	151	73	210
258	151	73	210
258	151	73	210
258	151	73	210
258	151	73	210
258	151	73	210
258	151	73	210
258	151	73	210
258	151	73	210
258	151	73	210
258	151	73	210
258	151	73	210
258	151	73	210
289	182	73	210
289	213	73	210
258	213	73	210
258	182	73	210
258	213	73	210
258	182	73	210
227	182	73	210
227	182	73	210
227	182	73	210
227	182	73	210
258	151	73	210
258	151	73	210
258	151	73	210
258	151	73	210
258	151	73	210
258	151	73	210
258	151	73	210
258	151	73	210
258	151	73	210
258	151	73	210
258	151	73	210
258	151	73	210
258	151	73	210
258	151	73	210
258	151	73	210
258	151	73	210
258	151	73	210
258	151	73	210
258	151	73	210
258	151	73	210
258	151	73	210
258	151	73	210
258	151	73	210
258	151	73	210
258	151	73	210
258	151	73	210
258	151	73	210
258	151	73	210
258	151	73	210
258	151	73	210
258	151	73	210
258	151	73	210
258	151	73	210
258	151	73	210
258	151	73	210
258	151	73	210
258	151	73	210
227	151	73	210
227	151	73	210
258	182	73	210
258	182	73	210
258	182	73	210
258	182	73	210
289	182	73	210
320	182	73	210
258	151	73	210
258	151	73	210
258	151	73	210
258	151	73	210
258	151	73	210
258	151	73	210
258	151	73	210
258	151	73	210
258	151	73	210
258	151	73	210
258	151	73	210
258	151	73	210
258	151	73	210
258	151	73	210
258	151	73	210
258	151	73	210
258	151	73	210
258	151	73	210
258	151	73	210
258	151	73	210
258	151	73	210
258	151	73	210
258	151	73	210
258	151	73	210
258	151	73	210
258	151	73	210
258	151	73	210
258	151	73	210
258	151	73	210
258	151	73	210
258	151	73	210
258	151	73	210
258	151	73	210
258	151	73	210
258	151	73	210
258	151	73	210
258	151	73	210
258	151	73	210
258	151	73	210
258	151	73	210
258	151	73	210
258	151	73	210
258	151	73	210
258	151	73	210
258	151	73	210
258	151	73	210
258	151	73	210
258	151	73	210
258	151	73	210
258	151	73	210
258	151	73	210
258	151	73	210
258	151	73	210
258	151	73	210
258	151	73	210
258	151	73	210
258	151	73	210
258	151	73	210
258	151	73	210
258	151	73	210
258	151	73	210
258	151	73	210
258	151	73	210
258	151	73	210
258	151	73	210
258	151	73	210
258	151	73	210
258	151	73	210
258	151	73	210
258	151	73	210
258	151	73	210
258	151	73	210
258	151	73	210
258	151	73	210
258	151	73	210
258	151	73	210
258	151	73	210
258	151	73	210
258	151	73	210
258	151	73	210
258	151	73	210
258	151	73	210
258	151	73	210
258	151	73	210
258	151	73	210
258	151	73	210
258	182	73	210
289	182	73	210
289	182	73	210
320	182	73	210
320	182	73	210
351	182	73	210
351	182	73	210
382	182	73	210
413	182	73	210
413	182	73	210
444	182	73	210
444	182	73	210
444	213	73	210
444	213	73	210
475	213	73	210
464	213	73	210
464	213	73	210
464	213	73	210
464	213	73	210
464	213	73	210
464	213	73	210
464	213	73	210
464	213	73	210
464	213	73	210
464	213	73	210
464	213	73	210
464	213	73	210
464	213	73	210
464	213	73	210
464	213	73	210
464	213	73	210
464	213	73	210
464	213	73	210
464	213	73	210
464	213	73	210
464	213	73	210
464	213	73	210
464	213	73	210
464	213	73	210
464	213	73	210
464	213	73	210
464	213	73	210
464	213	73	210
464	213	73	210
464	213	73	210
464	213	73	210
464	213	73	210
464	213	73	210
464	213	73	210
464	213	73	210
464	213	73	210
464	213	73	210
464	213	73	210
464	213	73	210
464	213	73	210
464	213	73	210
464	213	73	210
464	213	73	210
464	213	73	210
464	213	73	210
464	213	73	210
464	213	73	210
464	213	73	210
464	213	73	210
464	213	73	210
464	213	73	210
464	213	73	210
464	213	73	210
464	213	73	210
464	213	73	210
464	213	73	210
464	213	73	210
464	213	73	210
464	213	73	210
464	213	73	210
464	213	73	210
464	213	73	210
464	213	73	210
464	213	73	210
464	213	73	210
464	213	73	210
464	213	73	210
464	213	73	210
464	213	73	210
464	213	73	210
464	213	73	210
464	213	73	210
464	213	73	210
464	213	73	210
464	213	73	210
464	213	73	210
464	213	73	210
464	213	73	210
464	213	73	210
464	213	73	210
464	213	73	210
464	213	73	210
464	213	73	210
464	213	73	210
464	213	73	210
464	213	73	210
464	213	73	210
464	213	73	210
464	213	73	210
464	213	73	210
464	213	73	210
464	213	73	210
464	213	73	210
464	213	73	210
464	213	73	210
464	213	73	210
464	213	73	210
464	213	73	210
464	213	73	210
464	213	73	210
464	213	73	210
464	213	73	210
464	213	73	210
464	213	73	210
464	213	73	210
464	213	73	210
464	213	73	210
464	213	73	210
464	213	73	210
464	213	73	210
464	213	73	210
464	213	73	210
464	213	73	210
464	213	73	210
464	213	73	210
464	213	73	210
464	213	73	210
464	213	73	210
464	213	73	210
464	213	73	210
464	213	73	210
464	213	73	210
464	213	73	210
464	213	73	210
464	213	73	210
464	213	73	210
464	213	73	210
464	213	73	210
464	213	73	210
464	213	73	210
464	213	73	210
464	213	73	210
464	213	73	210
464	213	73	210
464	213	73	210
464	213	73	210
464	213	73	210
464	213	73	210
464	213	73	210
464	213	73	210
464	213	73	210
464	213	73	210
464	213	73	210
464	213	73	210
464	213	73	210
464	213	73	210
464	213	73	210
464	213	73	210
464	213	73	210
464	213	73	210
464	213	73	210
464	213	73	210
464	213	73	210
464	213	73	210
464	213	73	210
464	213	73	210
464	213	73	210
464	213	73	210
464	213	73	210
464	213	73	210
464	213	73	210
464	213	73	210
464	213	73	210
464	213	73	210
464	213	73	210
464	213	73	210
464	213	73	210
464	213	73	210
464	213	73	210
464	213	73	210
464	213	73	210
464	213	73	210
464	213	73	210
464	213	73	210
464	213	73	210
464	213	73	210
464	213	73	210
464	213	73	210
464	213	73	210
464	213	73	210
464	213	73	210
464	213	73	210
464	213	73	210
464	213	73	210
464	213	73	210
464	213	73	210
464	213	73	210
464	213	73	210
464	213	73	210
464	213	73	210
464	213	73	210
464	213	73	210
464	213	73	210
464	213	73	210
464	213	73	210
464	213	73	210
464	213	73	210
464	213	73	210
464	213	73	210
464	213	73	210
464	213	73	210
464	213	73	210
464	213	73	210
464	213	73	210
464	213	73	210
464	213	73	210
464	213	73	210
464	213	73	210
464	213	73	210
433	244	73	210
434	236	73	210
403	236	73	210
372	236	73	210
372	236	73	210
341	236	73	210
372	205	73	210
403	112	73	210
403	143	73	210
372	174	73	210
372	205	73	210
372	112	73	210
372	143	73	210
372	174	73	210
372	205	73	210
372	112	73	210
372	143	73	210
372	174	73	210
372	205	73	210
372	174	73	210
372	205	73	210
372	174	73	210
372	205	73	210
372	174	73	210
372	174	73	210
372	174	73	210
372	174	73	210
372	174	73	210
372	205	73	210
372	174	73	210
372	205	73	210
372	174	73	210
372	205	73	210
372	174	73	210
372	205	73	210
372	174	73	210
372	205	73	210
372	174	73	210
372	205	73	210
372	174	73	210
372	205	73	210
372	174	73	210
372	174	73	210
372	174	73	210
372	205	73	210
372	174	73	210
372	205	73	210
372	174	73	210
372	205	73	210
372	174	73	210
372	205	73	210
372	174	73	210
372	205	73	210
372	174	73	210
372	205	73	210
372	174	73	210
372	174	73	210
372	205	73	210
372	205	73	210
372	205	73	210
372	205	73	210
372	205	73	210
372	205	73	210
372	205	73	210
372	205	73	210
372	205	73	210
372	205	73	210
372	205	73	210
372	205	73	210
372	205	73	210
372	205	73	210
372	205	73	210
372	174	73	210
372	205	73	210
372	205	73	210
372	205	73	210
372	205	73	210
372	205	73	210
372	205	73	210
372	205	73	210
372	174	73	210
372	205	73	210
372	174	73	210
372	205	73	210
372	205	73	210
372	205	73	210
372	205	73	210
372	205	73	210
372	174	73	210
341	205	73	210
341	205	73	210
310	205	73	210
248	143	73	210
217	143	73	210
124	205	73	210
93	205	73	210
93	205	73	210
93	205	73	210
93	205	73	210
93	205	73	210
93	205	73	210
93	205	73	210
93	205	73	210
93	205	73	210
93	205	73	210
93	205	73	210
93	205	73	210
93	205	73	210
93	205	73	210
93	205	73	210
93	205	73	210
93	205	73	210
93	205	73	210
93	205	73	210
93	205	73	210
93	205	73	210
93	205	73	210
93	205	73	210
93	205	73	210
93	205	73	210
93	205	73	210
93	205	73	210
93	205	73	210
93	205	73	210
93	205	73	210
93	205	73	210
93	205	73	210
93	205	73	210
62	205	73	210
72	174	73	210
165	143	73	210
258	112	73	210
258	112	73	210
258	112	73	210
258	112	73	210
258	112	73	210
258	112	73	210
258	112	73	210
258	112	73	210
258	112	73	210
258	112	73	210
258	112	73	210
258	112	73	210
258	112	73	210
258	112	73	210
258	112	73	210
258	112	73	210
227	143	73	210
165	143	73	210
165	143	73	210
258	112	73	210
258	112	73	210
258	112	73	210
258	112	73	210
258	143	73	210
258	112	73	210
258	112	73	210
258	112	73	210
258	112	73	210
258	112	73	210
258	112	73	210
258	112	73	210
258	143	73	210
258	112	73	210
258	112	73	210
258	143	73	210
258	143	73	210
258	143	73	210
258	143	73	210
258	143	73	210
258	143	73	210
258	143	73	210
258	143	73	210
258	143	73	210
258	143	73	210
258	143	73	210
258	112	73	210
258	112	73	210
258	112	73	210
258	112	73	210
258	112	73	210
258	112	73	210
258	112	73	210
258	112	73	210
258	112	73	210
258	112	73	210
258	112	73	210
258	112	73	210
258	112	73	210
258	112	73	210
258	112	73	210
258	112	73	210
258	112	73	210
258	112	73	210
258	112	73	210
258	112	73	210
258	143	73	210
289	143	73	210
320	112	73	210
320	143	73	210
258	143	73	210
258	143	73	210
258	112	73	210
258	112	73	210
258	112	73	210
258	112	73	210
258	112	73	210
258	112	73	210
258	112	73	210
258	112	73	210
258	112	73	210
258	112	73	210
258	112	73	210
258	112	73	210
258	112	73	210
258	112	73	210
258	112	73	210
258	112	73	210
258	112	73	210
258	112	73	210
258	112	73	210
258	112	73	210
258	112	73	210
258	112	73	210
258	112	73	210
258	112	73	210
258	112	73	210
258	112	73	210
258	112	73	210
258	143	73	210
227	143	73	210
258	143	73	210
227	143	73	210
227	143	73	210
258	112	73	210
227	143	73	210
258	143	73	210
227	143	73	210
258	112	73	210
227	112	73	210
227	112	73	210
227	112	73	210
258	112	73	210
227	112	73	210
227	143	73	210
258	143	73	210
227	143	73	210
258	143	73	210
227	143	73	210
258	143	73	210
227	143	73	210
258	143	73	210
227	143	73	210
227	143	73	210
227	143	73	210
258	143	73	210
227	143	73	210
258	143	73	210
227	143	73	210
258	143	73	210
227	143	73	210
258	143	73	210
227	143	73	210
227	143	73	210
258	143	73	210
258	143	73	210
258	174	73	210
227	174	73	210
258	143	73	210
258	143	73	210
258	143	73	210
258	143	73	210
258	143	73	210
258	143	73	210
258	143	73	210
258	143	73	210
258	112	73	210
258	112	73	210
258	112	73	210
258	112	73	210
258	112	73	210
258	143	73	210
258	143	73	210
258	143	73	210
258	143	73	210
258	112	73	210
258	112	73	210
258	112	73	210
258	112	73	210
258	143	73	210
258	143	73	210
258	143	73	210
258	143	73	210
258	143	73	210
258	143	73	210
258	143	73	210
258	143	73	210
258	143	73	210
258	143	73	210
258	143	73	210
258	143	73	210
258	143	73	210
258	143	73	210
289	112	73	210
289	112	73	210
289	112	73	210
289	112	73	210
289	112	73	210
289	112	73	210
289	112	73	210
289	112	73	210
289	112	73	210
289	112	73	210
289	143	73	210
289	143	73	210
382	112	73	210
475	143	73	210
464	143	73	210
464	143	73	210
464	143	73	210
464	143	73	210
464	143	73	210
464	143	73	210
464	143	73	210
464	143	73	210
464	143	73	210
464	143	73	210
464	143	73	210
402	50	73	210
465	81	73	210
464	112	73	210
464	143	73	210
464	143	73	210
464	143	73	210
464	143	73	210
464	143	73	210
464	143	73	210
464	143	73	210
464	143	73	210
464	143	73	210
464	143	73	210
464	143	73	210
464	143	73	210
464	143	73	210
464	143	73	210
402	50	73	210
465	81	73	210
464	112	73	210
464	143	73	210
464	143	73	210
464	143	73	210
464	143	73	210
464	143	73	210
464	143	73	210
464	143	73	210
464	143	73	210
464	143	73	210
464	143	73	210
464	143	73	210
464	143	73	210
464	143	73	210
464	143	73	210
464	143	73	210
464	143	73	210
464	143	73	210
464	143	73	210
464	143	73	210
464	143	73	210
464	143	73	210
464	143	73	210
464	143	73	210
464	143	73	210
464	143	73	210
464	143	73	210
464	143	73	210
464	143	73	210
464	143	73	210
464	143	73	210
464	143	73	210
464	143	73	210
464	143	73	210
464	143	73	210
464	143	73	210
464	143	73	210
464	143	73	210
464	143	73	210
464	143	73	210
464	143	73	210
464	143	73	210
464	143	73	210
464	143	73	210
464	143	73	210
464	143	73	210
371	50	73	210
465	81	73	210
464	112	73	210
464	143	73	210
464	143	73	210
464	143	73	210
464	143	73	210
464	143	73	210
464	143	73	210
464	143	73	210
464	143	73	210
464	143	73	210
464	143	73	210
464	143	73	210
464	143	73	210
464	143	73	210
371	50	73	210
372	143	73	210
403	112	73	210
465	143	73	210
464	143	73	210
464	143	73	210
464	143	73	210
464	143	73	210
464	143	73	210
464	143	73	210
464	143	73	210
464	143	73	210
464	143	73	210
464	143	73	210
464	143	73	210
464	143	73	210
464	143	73	210
464	143	73	210
464	143	73	210
464	143	73	210
464	143	73	210
464	143	73	210
464	143	73	210
464	143	73	210
464	143	73	210
464	143	73	210
464	143	73	210
464	143	73	210
464	143	73	210
464	143	73	210
464	143	73	210
464	143	73	210
464	143	73	210
464	143	73	210
464	143	73	210
464	143	73	210
371	81	73	210
279	112	73	210
279	143	73	210
279	143	73	210
279	143	73	210
279	143	73	210
279	143	73	210
279	143	73	210
279	143	73	210
279	143	73	210
279	143	73	210
279	143	73	210
279	143	73	210
279	143	73	210
310	143	73	210
310	143	73	210
310	143	73	210
310	143	73	210
310	143	73	210
310	174	73	210
310	174	73	210
279	174	73	210
279	205	73	210
279	205	73	210
248	205	73	210
248	205	73	210
217	205	73	210
217	205	73	210
186	174	73	210
186	174	73	210
186	143	73	210
186	143	73	210
155	143	73	210
155	143	73	210
155	143	73	210
217	143	73	210
217	112	73	210
155	143	73	210
217	143	73	210
310	112	73	210
372	143	73	210
372	143	73	210
372	143	73	210
372	143	73	210
372	143	73	210
372	143	73	210
372	143	73	210
372	143	73	210
372	143	73	210
372	143	73	210
372	143	73	210
372	143	73	210
372	143	73	210
372	143	73	210
372	143	73	210
372	143	73	210
372	143	73	210
372	143	73	210
372	143	73	210
403	143	73	210
403	143	73	210
465	143	73	210
464	143	73	210
464	143	73	210
464	143	73	210
464	143	73	210
464	143	73	210
464	143	73	210
464	143	73	210
464	143	73	210
464	143	73	210
464	143	73	210
464	143	73	210
464	143	73	210
464	143	73	210
464	143	73	210
464	143	73	210
464	143	73	210
464	143	73	210
464	143	73	210
464	143	73	210
464	143	73	210
464	143	73	210
464	143	73	210
464	143	73	210
464	143	73	210
464	143	73	210
464	143	73	210
464	143	73	210
464	143	73	210
464	143	73	210
464	143	73	210
464	143	73	210
464	143	73	210
464	143	73	210
464	143	73	210
464	143	73	210
464	143	73	210
464	143	73	210
464	143	73	210
464	143	73	210
464	143	73	210
464	143	73	210
464	143	73	210
464	143	73	210
464	143	73	210
464	143	73	210
464	143	73	210
464	143	73	210
464	143	73	210
464	143	73	210
464	143	73	210
464	143	73	210
464	143	73	210
464	143	73	210
464	143	73	210
464	143	73	210
464	143	73	210
464	143	73	210
464	143	73	210
464	143	73	210
464	143	73	210
464	143	73	210
464	143	73	210
464	143	73	210
464	143	73	210
464	143	73	210
464	143	73	210
464	143	73	210
402	50	73	210
465	81	73	210
464	112	73	210
464	143	73	210
464	143	73	210
464	143	73	210
464	143	73	210
464	143	73	210
464	143	73	210
464	143	73	210
464	143	73	210
464	143	73	210
464	143	73	210
464	143	73	210
402	50	73	210
465	81	73	210
464	112	73	210
464	143	73	210
402	50	73	210
465	81	73	210
464	112	73	210
464	143	73	210
464	143	73	210
464	143	73	210
464	143	73	210
464	143	73	210
464	143	73	210
464	143	73	210
464	143	73	210
464	143	73	210
464	143	73	210
464	143	73	210
402	50	73	210
465	81	73	210
464	112	73	210
464	143	73	210
402	50	73	210
465	81	73	210
464	112	73	210
464	143	73	210
464	143	73	210
464	143	73	210
464	143	73	210
464	143	73	210
464	143	73	210
464	143	73	210
464	143	73	210
464	143	73	210
464	143	73	210
464	143	73	210
464	143	73	210
402	50	73	210
465	81	73	210
464	112	73	210
464	143	73	210
464	143	73	210
464	143	73	210
464	143	73	210
464	143	73	210
464	143	73	210
464	143	73	210
464	143	73	210
464	143	73	210
464	143	73	210
464	143	73	210
464	143	73	210
464	143	73	210
464	143	73	210
402	50	73	210
465	112	73	210
464	143	73	210
402	50	73	210
465	112	73	210
464	143	73	210
464	143	73	210
464	143	73	210
464	143	73	210
464	143	73	210
464	143	73	210
