0.008999
0.020007
0.021012
0.019999
0.021504
0.035000
0.020012
0.033002
0.033505
0.019001
0.022505
0.020001
0.018506
0.018000
0.020000
0.018007
0.018001
0.020503
0.018000
0.018000
0.018009
0.029000
0.018504
0.020000
0.036505
0.033000
0.016504
0.018000
0.018009
0.025000
0.018503
0.016001
0.020000
0.020556
0.019999
0.018505
0.018999
0.019000
0.019013
0.017999
0.016999
0.023505
0.022001
0.018008
0.026000
0.037505
0.033008
0.016000
0.020506
0.027999
0.036011
0.038002
0.020508
0.019998
0.018527
0.032999
0.037504
0.020504
0.018506
0.018000
0.034507
0.036506
0.026999
0.018504
0.016001
0.018002
0.020008
0.026004
0.019501
0.024001
0.037522
0.019001
0.019509
0.019000
0.021271
0.021598
0.018999
0.019506
0.024080
0.036511
0.031505
0.019000
0.026007
0.037000
0.018505
0.015999
0.021002
0.018503
0.018000
0.024506
0.034002
0.020513
0.017999
0.026507
0.032510
0.019504
0.019001
0.018502
0.018000
0.019002
0.034506
0.034504
0.025000
0.026008
0.042506
0.036504
0.030506
0.019000
0.019504
0.032001
0.020008
0.017000
0.016501
0.034000
0.036010
0.024509
0.023999
0.037007
0.036510
0.016000
0.017999
0.018002
0.019506
0.025000
0.022507
0.016999
0.019016
0.017000
0.018998
0.021506
0.019001
0.019525
0.031999
0.037504
