0.008001
0.038515
0.019506
0.038505
0.036506
0.017504
0.018503
0.024000
0.038507
0.023503
0.015998
0.024000
0.034010
0.028504
0.019998
0.019184
0.026648
0.026503
0.019000
0.018503
0.029851
0.026292
0.018001
0.018000
0.034015
0.020503
0.020013
0.032060
0.021503
0.019504
0.019000
0.019506
0.018835
0.018657
0.035503
0.033507
0.018506
0.027852
0.022071
0.018505
0.035077
0.033507
0.019998
0.027010
0.038505
0.019997
0.019514
0.020506
0.037502
0.036506
0.019505
0.018000
0.027001
0.037313
0.024919
0.018999
0.018000
0.032009
0.038506
0.022999
0.019505
0.020502
0.037503
0.037509
0.019502
0.019504
0.035000
0.037011
0.026504
0.019000
0.020000
0.023009
0.037504
0.032504
0.019002
0.032007
0.025000
0.037505
0.037009
0.016999
0.029504
0.037508
0.021000
0.018001
0.020505
0.037504
0.036505
0.015505
0.017505
0.022000
0.030504
0.018504
0.035506
0.038504
0.019507
0.019002
0.022504
0.034503
0.024504
0.019145
0.024506
0.036999
0.022508
0.018505
0.037503
0.017000
0.019506
0.020504
0.037505
0.036507
0.018503
0.018503
0.032001
0.022509
0.019502
0.038769
0.030503
0.018008
0.019000
0.020013
0.034503
0.035507
0.019505
0.029000
0.037010
0.026505
0.018000
0.019502
0.037506
0.036002
0.025502
0.016504
0.025000
0.019002
0.019000
0.029009
0.036504
0.039506
0.037010
0.038000
0.037006
0.035505
0.019000
0.018504
0.035506
0.036505
0.025504
0.037506
0.036504
0.018000
0.018004
0.019002
0.019503
0.019000
0.019504
0.023506
0.036505
0.036505
0.018504
0.018999
0.018504
0.032504
0.019506
0.018999
0.019506
0.032504
0.037506
0.029506
0.027503
0.037505
0.033504
0.019000
0.019506
0.024504
0.036503
0.034507
0.019505
0.019506
0.036999
0.037010
0.031504
0.035506
0.018506
0.018494
0.037000
0.036016
0.022999
0.030504
0.032507
0.037332
0.020999
0.030203
0.037543
0.040505
0.019504
0.019501
0.018503
0.033000
0.038010
0.019503
0.018000
0.017001
0.037010
0.037505
0.017000
0.018503
0.035506
0.019505
0.020999
0.037008
0.029504
0.018000
0.017503
0.024504
0.037504
0.030000
0.019537
0.019201
0.034503
0.018000
0.027506
0.022504
0.019001
0.036504
0.027077
0.018505
0.023000
0.018503
0.018870
0.027010
0.028000
0.033507
0.038007
0.016000
0.019001
0.037010
0.016000
0.019505
0.018000
0.031008
0.018999
0.027504
0.038506
0.042012
0.018999
0.021000
0.037227
0.037504
0.019503
0.020504
0.037504
0.037504
0.021505
0.019001
0.020503
0.037504
0.036505
0.017002
0.019000
0.030505
0.036008
0.017000
0.020999
0.037009
0.031504
0.019000
0.019558
0.030552
0.036508
0.018512
0.016002
0.018267
0.029000
0.038507
0.021505
0.016504
0.018000
0.032504
0.015503
0.017000
0.020003
0.018000
0.017503
0.029506
0.037505
0.024000
0.019003
0.017999
0.018504
0.036504
0.038505
0.018002
0.019003
0.018505
0.021513
0.017870
0.017503
0.031999
0.037010
0.018503
0.019000
0.020504
0.037507
0.035505
0.037506
0.032504
0.020002
0.034505
0.025507
0.018503
0.023000
0.036504
0.036506
0.019001
0.019000
0.020008
0.033505
0.036999
0.020005
0.015504
0.019504
0.036504
0.036702
0.017504
0.017000
0.027000
0.037505
0.034504
0.018501
0.022002
0.018002
0.016503
0.019000
0.037505
0.028505
0.017507
0.018996
0.017505
0.019504
0.028504
0.019000
0.018504
0.018002
0.017505
0.018505
0.036504
0.037505
0.036505
0.021386
0.038385
0.024507
0.018547
0.016506
0.021792
0.019504
0.019000
0.021000
0.017506
0.016504
0.018000
0.035504
0.018505
0.018507
0.019501
0.034000
0.037506
0.020007
0.028000
0.021001
0.022507
0.016504
0.020503
0.037000
0.037508
0.038505
0.031165
0.027474
0.038505
0.024503
0.019002
0.018799
0.019094
0.019001
0.025507
0.019504
0.019504
0.019844
0.019520
0.019506
0.030504
0.030000
0.020505
0.018910
0.036271
0.037503
0.032506
0.019506
0.018021
0.025505
0.037506
0.038505
0.019505
0.030505
0.036504
0.025501
0.018001
0.018000
0.025504
0.036506
0.029504
0.019505
0.019000
0.036253
0.027002
0.018002
0.027000
0.028507
0.019505
0.018999
0.029503
0.036506
0.027000
0.018504
0.018002
0.037503
0.035000
0.037009
0.028505
0.019327
0.019100
0.034506
0.037064
0.019002
0.019506
0.018504
0.033505
0.037506
0.037006
0.026001
0.019502
0.037505
0.037503
0.016000
0.018507
0.022503
0.022504
0.020000
0.025507
0.038007
0.022000
0.037506
0.031505
0.038000
0.024505
0.017503
0.017503
0.037503
0.035506
0.018504
0.036000
0.037010
0.029504
0.019000
0.018503
0.018003
0.025009
0.036999
0.032507
0.037009
0.032000
0.038010
0.036505
0.026505
