138	57	39	137
138	57	39	137
120	57	39	137
138	57	39	137
121	57	39	137
139	57	39	137
140	57	39	137
140	57	39	137
140	75	39	137
140	76	39	137
140	76	39	137
140	76	39	137
140	76	39	137
140	94	39	137
140	89	39	137
140	89	39	137
140	89	39	137
140	89	39	137
140	89	39	137
140	89	39	137
140	89	39	137
140	89	39	137
140	89	39	137
140	89	39	137
140	89	39	137
140	89	39	137
140	89	39	137
140	89	39	137
140	89	39	137
140	89	39	137
140	89	39	137
140	89	39	137
140	89	39	137
140	89	39	137
140	89	39	137
140	89	39	137
158	89	39	137
159	89	39	137
159	71	39	137
159	71	39	137
159	71	39	137
159	71	39	137
159	71	39	137
159	71	39	137
159	71	39	137
159	71	39	137
141	71	39	137
141	71	39	137
141	71	39	137
141	71	39	137
141	71	39	137
141	71	39	137
141	71	39	137
123	71	39	137
123	71	39	137
123	71	39	137
123	71	39	137
123	71	39	137
123	71	39	137
123	71	39	137
123	71	39	137
105	71	39	137
105	71	39	137
105	71	39	137
105	71	39	137
105	71	39	137
105	71	39	137
105	71	39	137
105	71	39	137
123	71	39	137
124	71	39	137
124	71	39	137
124	71	39	137
124	71	39	137
142	71	39	137
143	89	39	137
143	89	39	137
143	89	39	137
143	71	39	137
143	71	39	137
143	71	39	137
143	71	39	137
143	71	39	137
143	71	39	137
143	71	39	137
143	71	39	137
143	71	39	137
125	71	39	137
125	71	39	137
107	53	39	137
107	53	39	137
107	53	39	137
125	71	39	137
108	72	39	137
108	72	39	137
108	72	39	137
108	72	39	137
108	72	39	137
90	72	39	137
90	54	39	137
90	54	39	137
90	54	39	137
90	54	39	137
90	54	39	137
90	54	39	137
90	54	39	137
90	54	39	137
90	54	39	137
90	54	39	137
90	54	39	137
90	54	39	137
90	54	39	137
90	54	39	137
90	54	39	137
90	54	39	137
108	54	39	137
109	54	39	137
109	54	39	137
109	54	39	137
127	54	39	137
110	54	39	137
128	54	39	137
129	54	39	137
129	54	39	137
129	54	39	137
129	54	39	137
129	54	39	137
129	54	39	137
129	54	39	137
129	54	39	137
129	54	39	137
129	54	39	137
129	54	39	137
129	54	39	137
129	54	39	137
129	54	39	137
129	54	39	137
129	54	39	137
129	54	39	137
129	54	39	137
129	54	39	137
147	54	39	137
130	54	39	137
130	54	39	137
130	54	39	137
130	54	39	137
148	54	39	137
149	54	39	137
149	54	39	137
149	54	39	137
149	54	39	137
149	54	39	137
167	54	39	137
168	54	39	137
168	54	39	137
168	54	39	137
168	54	39	137
150	54	39	137
150	54	39	137
168	72	39	137
