1.000000
0.366539
0.202029
0.388822
0.229007
0.353799
0.167998
0.300612
0.193109
0.313212
0.288568
0.412083
0.261077
0.358379
0.379829
0.343095
0.334374
0.326099
0.312470
0.331710
0.357534
0.301422
0.286905
0.293842
0.190175
0.281398
0.350921
0.189023
0.202352
0.167710
0.259985
0.141981
0.209387
0.293043
0.272911
0.149605
0.196254
0.296393
0.371319
0.290387
0.255626
0.133367
0.274451
0.241243
0.330836
0.377748
0.402061
0.302993
0.341633
0.338970
0.319801
0.339732
0.320700
0.212829
0.245368
0.240017
0.326373
0.315311
0.235351
0.281297
0.196481
0.246796
0.271450
0.130107
0.174381
0.177030
0.169795
0.278133
0.271812
0.249661
0.332312
0.293631
0.233274
0.209124
0.258951
0.328175
0.280204
0.293941
0.260964
0.400166
0.313752
0.218793
0.215793
0.182418
0.148699
0.092863
0.124837
0.244239
0.198885
0.184106
0.181959
0.123924
0.149841
0.164522
0.246575
0.173813
0.135111
0.209984
0.153819
0.241228
0.271491
0.264352
0.245980
0.370465
0.215611
0.282951
0.208926
0.088124
0.181991
0.257069
0.165191
0.255822
0.233393
0.195535
0.264480
0.207445
0.367526
0.364033
0.266825
0.282682
0.266375
0.232040
0.159378
0.161770
0.172385
0.261983
0.224964
0.304992
0.150771
0.143581
0.096034
0.038669
0.209188
0.192879
0.237811
0.241366
0.196108
0.213751
0.223944
0.229151
0.287209
0.193110
0.204261
0.253793
0.223070
0.194911
0.240244
0.138588
0.129311
0.164178
0.266094
0.252962
0.193410
0.311709
0.308162
0.327838
0.214421
0.188129
0.259513
0.288385
0.223329
0.179823
0.266095
0.146635
0.347550
0.225281
0.330623
0.396028
0.208636
0.172084
0.312029
0.255781
0.191046
0.220350
0.211392
0.199593
0.121157
0.118255
0.129814
0.160912
0.085625
0.058048
0.137034
0.100956
0.116682
0.196787
0.367416
0.378739
0.365508
0.204230
0.232506
0.324102
0.343173
0.370700
0.331511
0.349311
0.281212
0.243998
0.232056
0.218673
0.187772
0.292547
0.308740
0.346496
0.356979
0.229612
0.253439
0.145673
0.131877
0.134835
0.301682
0.121926
0.098112
0.095742
0.235831
0.252883
0.233616
0.131017
0.197647
0.307487
0.306863
0.309681
0.186972
0.376182
0.224868
0.350124
0.236301
0.340843
0.199578
0.197671
0.295368
0.187330
0.252808
0.210493
0.236284
0.238740
0.160198
0.113666
0.133493
0.168410
0.155034
0.195811
0.263645
0.213219
0.223699
0.216697
0.123157
0.157517
0.156079
0.187004
0.193148
0.177007
0.285994
0.224017
0.173817
0.207529
0.205385
0.178345
0.174727
0.116231
0.218241
0.149474
0.124299
0.146100
0.192999
0.160020
0.260864
0.212000
0.084040
0.266265
0.207255
0.114920
0.156783
0.182491
0.160843
0.097483
0.141870
0.136917
0.174990
0.214759
0.145745
0.090433
0.124652
0.147792
0.149423
0.065676
0.207105
0.251802
0.304099
0.264996
0.163518
0.206903
0.230888
0.247709
0.181356
0.179185
0.145337
0.203038
0.260589
0.293510
0.212026
0.268520
0.247570
0.119506
0.107530
0.141367
0.175429
0.227185
0.234203
0.117607
0.185695
0.190947
0.074522
0.183698
0.132792
0.117942
0.044125
0.101885
0.068758
0.137370
0.057194
0.191477
0.221964
0.220274
0.108964
0.115689
0.158325
0.172090
0.211282
0.189094
0.174653
0.079806
0.131615
0.245896
0.146494
0.235771
0.345568
0.073952
0.295458
0.241537
0.180182
0.199620
0.195612
0.206818
0.200785
0.228427
0.148782
0.093026
0.083751
0.047928
0.082096
0.187288
0.167508
0.202202
0.241916
0.170357
0.109370
0.159597
0.225568
0.198909
0.274208
0.306343
0.242605
0.312125
0.255608
