347.500000,135.000000,19.000000,18.000000
347.500000,135.000000,19.000000,18.000000
347.500000,135.000000,19.000000,18.000000
347.500000,135.000000,19.000000,18.000000
348.080392,133.403922,19.000000,18.000000
349.241176,135.000000,19.000000,18.000000
349.966667,139.933333,19.000000,18.000000
349.241176,147.478431,19.000000,18.000000
343.872549,150.090196,19.000000,18.000000
343.147059,150.090196,19.000000,18.000000
342.566667,152.701961,19.000000,18.000000
342.421569,156.184314,19.000000,18.000000
343.872549,160.101961,19.000000,18.000000
343.872549,159.811765,19.000000,18.000000
344.307843,160.101961,19.000000,18.000000
339.519608,146.898039,19.000000,18.000000
337.198039,151.686275,19.000000,18.000000
343.582353,160.392157,19.000000,18.000000
343.582353,160.392157,19.000000,18.000000
343.872549,161.262745,19.000000,18.000000
344.017647,161.843137,19.000000,18.000000
344.162745,162.713725,19.000000,18.000000
344.017647,163.149020,19.000000,18.000000
343.727451,162.858824,19.000000,18.000000
343.292157,163.874510,19.000000,18.000000
343.582353,164.019608,19.000000,18.000000
342.711765,163.729412,19.000000,18.000000
342.711765,165.180392,19.000000,18.000000
342.421569,165.760784,19.000000,18.000000
341.986275,167.792157,19.000000,18.000000
339.954902,168.082353,19.000000,18.000000
339.954902,167.647059,19.000000,18.000000
338.939216,168.517647,19.000000,18.000000
338.358824,167.937255,19.000000,18.000000
338.068627,165.760784,19.000000,18.000000
336.617647,160.682353,19.000000,18.000000
337.052941,154.443137,19.000000,18.000000
337.488235,153.572549,19.000000,18.000000
344.017647,145.447059,19.000000,18.000000
343.872549,134.854902,19.000000,18.000000
341.841176,125.858824,19.000000,18.000000
339.519608,123.101961,19.000000,18.000000
337.633333,121.796078,19.000000,18.000000
337.778431,122.231373,19.000000,18.000000
337.343137,124.552941,19.000000,18.000000
337.052941,129.341176,19.000000,18.000000
336.037255,135.725490,19.000000,18.000000
335.892157,142.835294,19.000000,18.000000
335.311765,149.364706,19.000000,18.000000
335.456863,149.074510,19.000000,18.000000
335.456863,151.250980,19.000000,18.000000
335.311765,151.831373,19.000000,18.000000
335.166667,151.686275,19.000000,18.000000
334.586275,149.945098,19.000000,18.000000
333.135294,148.349020,19.000000,18.000000
333.570588,147.768627,19.000000,18.000000
332.264706,146.898039,19.000000,18.000000
332.264706,146.027451,19.000000,18.000000
331.829412,144.721569,19.000000,18.000000
330.668627,145.301961,19.000000,18.000000
330.233333,145.011765,19.000000,18.000000
330.668627,144.721569,19.000000,18.000000
329.507843,145.301961,19.000000,18.000000
329.072549,145.156863,19.000000,18.000000
329.072549,145.301961,19.000000,18.000000
329.217647,146.607843,19.000000,18.000000
329.217647,148.203922,19.000000,18.000000
329.217647,147.913725,19.000000,18.000000
329.217647,150.670588,19.000000,18.000000
329.362745,152.121569,19.000000,18.000000
329.652941,152.411765,19.000000,18.000000
329.507843,152.121569,19.000000,18.000000
329.798039,149.074510,19.000000,18.000000
330.088235,148.929412,19.000000,18.000000
331.394118,146.462745,19.000000,18.000000
332.554902,143.560784,19.000000,18.000000
333.570588,144.431373,19.000000,18.000000
335.892157,148.929412,19.000000,18.000000
335.456863,155.458824,19.000000,18.000000
340.245098,161.843137,19.000000,18.000000
328.492157,156.329412,19.000000,18.000000
327.476471,156.619608,19.000000,18.000000
327.476471,157.200000,19.000000,18.000000
329.943137,166.196078,19.000000,18.000000
330.088235,170.258824,19.000000,18.000000
330.233333,170.839216,19.000000,18.000000
329.943137,168.807843,19.000000,18.000000
329.798039,168.952941,19.000000,18.000000
329.652941,171.564706,19.000000,18.000000
328.637255,172.000000,19.000000,18.000000
327.621569,171.274510,19.000000,18.000000
327.621569,171.274510,19.000000,18.000000
326.750980,171.564706,19.000000,18.000000
326.605882,171.274510,19.000000,18.000000
325.300000,170.549020,19.000000,18.000000
325.445098,170.258824,19.000000,18.000000
325.009804,169.243137,19.000000,18.000000
324.429412,169.243137,19.000000,18.000000
324.719608,169.388235,19.000000,18.000000
324.139216,170.984314,19.000000,18.000000
324.284314,172.725490,19.000000,18.000000
324.574510,173.596078,19.000000,18.000000
324.139216,174.321569,19.000000,18.000000
324.429412,174.176471,19.000000,18.000000
324.719608,175.337255,19.000000,18.000000
324.139216,176.788235,19.000000,18.000000
324.284314,178.529412,19.000000,18.000000
324.429412,179.400000,19.000000,18.000000
324.139216,180.415686,19.000000,18.000000
323.703922,180.705882,19.000000,18.000000
322.833333,179.980392,19.000000,18.000000
322.978431,176.933333,19.000000,18.000000
320.801961,180.560784,19.000000,18.000000
323.994118,164.309804,19.000000,18.000000
326.025490,160.101961,19.000000,18.000000
326.605882,159.956863,19.000000,18.000000
330.233333,154.443137,19.000000,18.000000
330.233333,145.011765,19.000000,18.000000
329.072549,139.498039,19.000000,18.000000
327.766667,137.901961,19.000000,18.000000
326.896078,139.352941,19.000000,18.000000
326.896078,138.917647,19.000000,18.000000
326.170588,143.125490,19.000000,18.000000
325.735294,149.219608,19.000000,18.000000
325.009804,156.619608,19.000000,18.000000
325.154902,162.858824,19.000000,18.000000
325.300000,164.164706,19.000000,18.000000
325.445098,163.584314,19.000000,18.000000
325.445098,163.294118,19.000000,18.000000
324.864706,161.262745,19.000000,18.000000
323.703922,159.811765,19.000000,18.000000
322.688235,159.231373,19.000000,18.000000
322.543137,157.635294,19.000000,18.000000
322.398039,157.925490,19.000000,18.000000
322.978431,157.635294,19.000000,18.000000
322.833333,156.474510,19.000000,18.000000
322.543137,155.603922,19.000000,18.000000
322.252941,155.603922,19.000000,18.000000
322.543137,155.749020,19.000000,18.000000
322.107843,155.749020,19.000000,18.000000
322.398039,156.039216,19.000000,18.000000
323.413725,155.894118,19.000000,18.000000
323.703922,156.909804,19.000000,18.000000
323.413725,158.360784,19.000000,18.000000
323.849020,160.392157,19.000000,18.000000
323.558824,160.392157,19.000000,18.000000
323.413725,162.133333,19.000000,18.000000
325.300000,162.713725,19.000000,18.000000
325.009804,162.858824,19.000000,18.000000
325.154902,160.827451,19.000000,18.000000
325.445098,156.764706,19.000000,18.000000
325.735294,156.619608,19.000000,18.000000
326.750980,152.266667,19.000000,18.000000
328.637255,149.800000,19.000000,18.000000
329.652941,150.525490,19.000000,18.000000
330.668627,153.862745,19.000000,18.000000
332.409804,158.505882,19.000000,18.000000
333.570588,158.941176,19.000000,18.000000
337.488235,175.627451,19.000000,18.000000
338.503922,184.623529,19.000000,18.000000
358.237255,169.533333,19.000000,18.000000
357.656863,169.243137,19.000000,18.000000
357.366667,168.517647,19.000000,18.000000
357.656863,168.517647,19.000000,18.000000
356.931373,168.372549,19.000000,18.000000
356.060784,167.356863,19.000000,18.000000
356.496078,167.356863,19.000000,18.000000
355.770588,167.356863,19.000000,18.000000
355.335294,167.211765,19.000000,18.000000
355.625490,167.066667,19.000000,18.000000
355.915686,166.776471,19.000000,18.000000
356.496078,167.356863,19.000000,18.000000
357.801961,167.211765,19.000000,18.000000
357.511765,167.066667,19.000000,18.000000
357.221569,166.921569,19.000000,18.000000
357.511765,167.501961,19.000000,18.000000
356.931373,167.501961,19.000000,18.000000
356.641176,167.356863,19.000000,18.000000
356.350980,167.211765,19.000000,18.000000
356.786275,166.921569,19.000000,18.000000
356.205882,167.356863,19.000000,18.000000
356.641176,167.066667,19.000000,18.000000
356.205882,166.776471,19.000000,18.000000
356.350980,167.066667,19.000000,18.000000
356.496078,166.631373,19.000000,18.000000
357.221569,167.211765,19.000000,18.000000
357.221569,167.066667,19.000000,18.000000
357.221569,166.921569,19.000000,18.000000
356.931373,167.356863,19.000000,18.000000
356.931373,167.211765,19.000000,18.000000
356.931373,167.066667,19.000000,18.000000
356.060784,166.776471,19.000000,18.000000
356.205882,167.066667,19.000000,18.000000
356.350980,166.631373,19.000000,18.000000
356.496078,167.211765,19.000000,18.000000
356.641176,167.066667,19.000000,18.000000
355.770588,166.776471,19.000000,18.000000
355.770588,167.211765,19.000000,18.000000
355.625490,166.921569,19.000000,18.000000
355.480392,167.356863,19.000000,18.000000
356.205882,167.066667,19.000000,18.000000
356.350980,166.776471,19.000000,18.000000
356.205882,167.211765,19.000000,18.000000
356.931373,166.631373,19.000000,18.000000
357.801961,167.356863,19.000000,18.000000
357.947059,167.211765,19.000000,18.000000
357.221569,167.356863,19.000000,18.000000
356.786275,167.356863,19.000000,18.000000
356.931373,167.356863,19.000000,18.000000
357.511765,167.211765,19.000000,18.000000
357.801961,167.066667,19.000000,18.000000
358.092157,166.921569,19.000000,18.000000
358.817647,167.501961,19.000000,18.000000
357.801961,167.211765,19.000000,18.000000
357.801961,166.921569,19.000000,18.000000
357.511765,166.921569,19.000000,18.000000
357.221569,166.776471,19.000000,18.000000
357.366667,166.631373,19.000000,18.000000
356.931373,166.486275,19.000000,18.000000
356.931373,166.341176,19.000000,18.000000
356.496078,166.196078,19.000000,18.000000
357.656863,166.196078,19.000000,18.000000
357.511765,166.196078,19.000000,18.000000
357.366667,166.196078,19.000000,18.000000
357.947059,166.196078,19.000000,18.000000
357.221569,166.196078,19.000000,18.000000
357.221569,166.050980,19.000000,18.000000
357.076471,165.760784,19.000000,18.000000
356.931373,166.341176,19.000000,18.000000
356.786275,166.050980,19.000000,18.000000
356.641176,165.760784,19.000000,18.000000
356.350980,167.066667,19.000000,18.000000
356.931373,166.486275,19.000000,18.000000
356.786275,166.631373,19.000000,18.000000
356.496078,166.776471,19.000000,18.000000
356.931373,166.921569,19.000000,18.000000
357.511765,167.211765,19.000000,18.000000
357.511765,166.776471,19.000000,18.000000
356.931373,167.211765,19.000000,18.000000
357.366667,167.066667,19.000000,18.000000
357.511765,166.776471,19.000000,18.000000
357.221569,167.211765,19.000000,18.000000
358.527451,167.211765,19.000000,18.000000
358.527451,167.211765,19.000000,18.000000
374.923529,171.419608,19.000000,18.000000
375.503922,171.274510,19.000000,18.000000
375.503922,171.129412,19.000000,18.000000
375.503922,170.984314,19.000000,18.000000
375.649020,171.854902,19.000000,18.000000
375.794118,171.854902,19.000000,18.000000
375.939216,171.564706,19.000000,18.000000
376.229412,171.129412,19.000000,18.000000
376.664706,170.549020,19.000000,18.000000
376.229412,170.839216,19.000000,18.000000
376.809804,170.984314,19.000000,18.000000
376.664706,171.274510,19.000000,18.000000
376.664706,170.839216,19.000000,18.000000
376.664706,171.274510,19.000000,18.000000
376.664706,170.984314,19.000000,18.000000
376.664706,171.274510,19.000000,18.000000
376.809804,170.549020,19.000000,18.000000
376.954902,170.694118,19.000000,18.000000
377.390196,170.694118,19.000000,18.000000
377.825490,170.984314,19.000000,18.000000
377.680392,171.274510,19.000000,18.000000
377.535294,170.694118,19.000000,18.000000
377.535294,170.839216,19.000000,18.000000
377.680392,170.984314,19.000000,18.000000
377.825490,171.274510,19.000000,18.000000
378.550980,170.694118,19.000000,18.000000
378.696078,170.694118,19.000000,18.000000
378.841176,170.694118,19.000000,18.000000
379.131373,170.839216,19.000000,18.000000
379.421569,170.984314,19.000000,18.000000
379.711765,171.129412,19.000000,18.000000
379.711765,170.403922,19.000000,18.000000
379.711765,170.403922,19.000000,18.000000
379.711765,170.403922,19.000000,18.000000
379.856863,170.694118,19.000000,18.000000
380.001961,170.984314,19.000000,18.000000
380.147059,171.129412,19.000000,18.000000
380.582353,170.549020,19.000000,18.000000
380.582353,170.694118,19.000000,18.000000
380.582353,170.839216,19.000000,18.000000
380.437255,170.984314,19.000000,18.000000
381.307843,170.984314,19.000000,18.000000
381.452941,170.984314,19.000000,18.000000
381.598039,170.984314,19.000000,18.000000
380.872549,170.839216,19.000000,18.000000
380.872549,170.839216,19.000000,18.000000
380.872549,170.839216,19.000000,18.000000
380.872549,170.839216,19.000000,18.000000
380.872549,170.839216,19.000000,18.000000
380.872549,170.839216,19.000000,18.000000
380.872549,170.839216,19.000000,18.000000
380.872549,170.839216,19.000000,18.000000
381.162745,170.984314,19.000000,18.000000
381.307843,170.984314,19.000000,18.000000
381.452941,170.984314,19.000000,18.000000
381.452941,170.984314,19.000000,18.000000
381.452941,170.984314,19.000000,18.000000
381.452941,170.984314,19.000000,18.000000
381.452941,170.839216,19.000000,18.000000
381.452941,170.694118,19.000000,18.000000
381.452941,170.694118,19.000000,18.000000
381.452941,170.694118,19.000000,18.000000
381.452941,170.694118,19.000000,18.000000
381.452941,170.694118,19.000000,18.000000
381.452941,170.694118,19.000000,18.000000
381.452941,170.694118,19.000000,18.000000
381.598039,170.694118,19.000000,18.000000
381.017647,170.549020,19.000000,18.000000
381.017647,170.549020,19.000000,18.000000
381.017647,170.549020,19.000000,18.000000
381.162745,170.549020,19.000000,18.000000
381.307843,170.694118,19.000000,18.000000
381.307843,170.694118,19.000000,18.000000
381.307843,170.694118,19.000000,18.000000
381.452941,170.694118,19.000000,18.000000
381.598039,170.694118,19.000000,18.000000
381.162745,170.694118,19.000000,18.000000
381.307843,170.984314,19.000000,18.000000
381.598039,171.274510,19.000000,18.000000
381.598039,170.694118,19.000000,18.000000
382.033333,170.984314,19.000000,18.000000
382.468627,171.274510,19.000000,18.000000
383.339216,170.694118,19.000000,18.000000
383.774510,170.839216,19.000000,18.000000
383.919608,170.984314,19.000000,18.000000
384.064706,171.129412,19.000000,18.000000
384.354902,170.403922,19.000000,18.000000
384.645098,170.549020,19.000000,18.000000
384.209804,170.403922,19.000000,18.000000
384.500000,170.403922,19.000000,18.000000
384.790196,170.403922,19.000000,18.000000
384.064706,170.258824,19.000000,18.000000
384.209804,170.258824,19.000000,18.000000
384.354902,170.258824,19.000000,18.000000
384.500000,170.258824,19.000000,18.000000
384.645098,170.258824,19.000000,18.000000
383.919608,170.258824,19.000000,18.000000
384.064706,170.258824,19.000000,18.000000
384.209804,170.258824,19.000000,18.000000
384.354902,170.258824,19.000000,18.000000
384.500000,170.258824,19.000000,18.000000
384.500000,170.258824,19.000000,18.000000
384.500000,170.403922,19.000000,18.000000
384.500000,170.403922,19.000000,18.000000
384.500000,170.403922,19.000000,18.000000
384.500000,170.403922,19.000000,18.000000
384.354902,170.403922,19.000000,18.000000
384.209804,170.403922,19.000000,18.000000
384.064706,170.403922,19.000000,18.000000
383.919608,170.403922,19.000000,18.000000
383.774510,170.403922,19.000000,18.000000
383.629412,170.403922,19.000000,18.000000
383.484314,170.403922,19.000000,18.000000
383.919608,170.549020,19.000000,18.000000
383.919608,170.839216,19.000000,18.000000
383.919608,170.984314,19.000000,18.000000
383.919608,171.129412,19.000000,18.000000
383.919608,170.549020,19.000000,18.000000
383.919608,170.694118,19.000000,18.000000
383.919608,170.839216,19.000000,18.000000
383.919608,170.984314,19.000000,18.000000
383.919608,171.129412,19.000000,18.000000
383.774510,170.549020,19.000000,18.000000
383.629412,170.694118,19.000000,18.000000
383.629412,170.839216,19.000000,18.000000
383.484314,170.984314,19.000000,18.000000
383.919608,171.129412,19.000000,18.000000
383.919608,170.549020,19.000000,18.000000
383.919608,170.694118,19.000000,18.000000
383.919608,170.839216,19.000000,18.000000
383.919608,170.984314,19.000000,18.000000
384.064706,171.274510,19.000000,18.000000
384.209804,170.694118,19.000000,18.000000
384.354902,170.839216,19.000000,18.000000
384.500000,170.984314,19.000000,18.000000
384.645098,171.129412,19.000000,18.000000
383.629412,170.549020,19.000000,18.000000
383.774510,170.694118,19.000000,18.000000
383.919608,170.839216,19.000000,18.000000
384.064706,171.129412,19.000000,18.000000
384.209804,170.694118,19.000000,18.000000
384.354902,170.984314,19.000000,18.000000
384.500000,171.274510,19.000000,18.000000
384.645098,170.839216,19.000000,18.000000
383.919608,170.984314,19.000000,18.000000
384.064706,171.129412,19.000000,18.000000
384.209804,170.694118,19.000000,18.000000
384.354902,170.839216,19.000000,18.000000
384.645098,170.984314,19.000000,18.000000
384.064706,171.129412,19.000000,18.000000
384.354902,170.694118,19.000000,18.000000
384.645098,170.839216,19.000000,18.000000
383.629412,170.694118,19.000000,18.000000
383.774510,170.549020,19.000000,18.000000
383.919608,170.403922,19.000000,18.000000
384.064706,170.258824,19.000000,18.000000
384.064706,170.113725,19.000000,18.000000
384.064706,169.968627,19.000000,18.000000
384.064706,170.403922,19.000000,18.000000
384.064706,170.113725,19.000000,18.000000
384.064706,169.823529,19.000000,18.000000
383.919608,170.258824,19.000000,18.000000
383.774510,169.823529,19.000000,18.000000
383.774510,170.113725,19.000000,18.000000
383.629412,169.823529,19.000000,18.000000
383.484314,170.258824,19.000000,18.000000
383.774510,169.968627,19.000000,18.000000
383.629412,170.403922,19.000000,18.000000
383.339216,170.113725,19.000000,18.000000
383.774510,169.823529,19.000000,18.000000
383.629412,170.113725,19.000000,18.000000
383.484314,169.823529,19.000000,18.000000
383.919608,170.258824,19.000000,18.000000
383.629412,169.968627,19.000000,18.000000
383.484314,170.403922,19.000000,18.000000
383.919608,170.113725,19.000000,18.000000
383.629412,169.678431,19.000000,18.000000
383.339216,169.968627,19.000000,18.000000
383.919608,170.258824,19.000000,18.000000
383.919608,169.823529,19.000000,18.000000
383.774510,170.113725,19.000000,18.000000
383.774510,169.823529,19.000000,18.000000
383.629412,170.258824,19.000000,18.000000
383.484314,169.968627,19.000000,18.000000
384.064706,170.403922,19.000000,18.000000
384.209804,170.258824,19.000000,18.000000
384.209804,169.968627,19.000000,18.000000
384.209804,170.403922,19.000000,18.000000
384.209804,170.113725,19.000000,18.000000
384.209804,169.823529,19.000000,18.000000
384.209804,170.113725,19.000000,18.000000
384.354902,169.823529,19.000000,18.000000
384.209804,170.113725,19.000000,18.000000
384.064706,169.678431,19.000000,18.000000
383.919608,169.968627,19.000000,18.000000
383.774510,170.258824,19.000000,18.000000
383.629412,169.823529,19.000000,18.000000
383.629412,170.113725,19.000000,18.000000
383.629412,169.823529,19.000000,18.000000
383.484314,170.113725,19.000000,18.000000
384.064706,169.678431,19.000000,18.000000
383.919608,170.113725,19.000000,18.000000
383.774510,169.968627,19.000000,18.000000
383.484314,170.403922,19.000000,18.000000
383.919608,170.113725,19.000000,18.000000
383.629412,169.678431,19.000000,18.000000
383.339216,169.968627,19.000000,18.000000
383.629412,170.258824,19.000000,18.000000
383.339216,169.968627,19.000000,18.000000
383.484314,170.403922,19.000000,18.000000
383.774510,170.113725,19.000000,18.000000
383.629412,169.823529,19.000000,18.000000
383.339216,170.113725,19.000000,18.000000
383.629412,169.678431,19.000000,18.000000
383.194118,170.258824,19.000000,18.000000
383.484314,170.113725,19.000000,18.000000
383.774510,169.968627,19.000000,18.000000
383.484314,170.403922,19.000000,18.000000
383.774510,170.258824,19.000000,18.000000
383.484314,170.113725,19.000000,18.000000
383.774510,169.968627,19.000000,18.000000
383.484314,170.403922,19.000000,18.000000
383.774510,170.258824,19.000000,18.000000
383.049020,169.968627,19.000000,18.000000
383.194118,170.258824,19.000000,18.000000
383.339216,169.823529,19.000000,18.000000
383.484314,170.113725,19.000000,18.000000
383.484314,169.678431,19.000000,18.000000
383.629412,169.968627,19.000000,18.000000
383.049020,170.258824,19.000000,18.000000
383.194118,169.823529,19.000000,18.000000
383.339216,170.113725,19.000000,18.000000
383.484314,169.678431,19.000000,18.000000
383.629412,169.968627,19.000000,18.000000
382.903922,170.258824,19.000000,18.000000
382.903922,169.968627,19.000000,18.000000
382.903922,170.258824,19.000000,18.000000
382.903922,169.823529,19.000000,18.000000
382.903922,169.968627,19.000000,18.000000
382.758824,170.258824,19.000000,18.000000
382.468627,169.823529,19.000000,18.000000
382.903922,169.823529,19.000000,18.000000
382.903922,170.403922,19.000000,18.000000
382.903922,170.258824,19.000000,18.000000
382.903922,170.403922,19.000000,18.000000
383.049020,170.549020,19.000000,18.000000
383.339216,170.984314,19.000000,18.000000
383.484314,170.694118,19.000000,18.000000
384.064706,169.533333,19.000000,18.000000
383.919608,169.243137,19.000000,18.000000
383.629412,168.517647,19.000000,18.000000
382.758824,168.227451,19.000000,18.000000
382.758824,168.372549,19.000000,18.000000
382.903922,168.517647,19.000000,18.000000
383.049020,168.517647,19.000000,18.000000
383.049020,168.517647,19.000000,18.000000
382.323529,169.243137,19.000000,18.000000
382.323529,169.388235,19.000000,18.000000
382.903922,169.678431,19.000000,18.000000
382.758824,170.258824,19.000000,18.000000
382.323529,169.968627,19.000000,18.000000
382.468627,170.258824,19.000000,18.000000
382.178431,169.243137,19.000000,18.000000
381.743137,168.952941,19.000000,18.000000
382.178431,169.243137,19.000000,18.000000
382.758824,168.952941,19.000000,18.000000
382.468627,169.388235,19.000000,18.000000
382.758824,168.952941,19.000000,18.000000
382.323529,169.388235,19.000000,18.000000
382.468627,168.952941,19.000000,18.000000
382.758824,169.243137,19.000000,18.000000
382.613725,169.098039,19.000000,18.000000
382.178431,169.098039,19.000000,18.000000
382.323529,169.098039,19.000000,18.000000
382.613725,169.243137,19.000000,18.000000
382.323529,169.388235,19.000000,18.000000
382.468627,169.388235,19.000000,18.000000
382.178431,169.388235,19.000000,18.000000
382.033333,169.243137,19.000000,18.000000
381.888235,169.098039,19.000000,18.000000
381.307843,168.807843,19.000000,18.000000
381.888235,168.952941,19.000000,18.000000
382.033333,168.952941,19.000000,18.000000
381.743137,168.952941,19.000000,18.000000
381.598039,169.098039,19.000000,18.000000
381.452941,168.517647,19.000000,18.000000
381.452941,168.517647,19.000000,18.000000
382.178431,168.517647,19.000000,18.000000
382.323529,169.388235,19.000000,18.000000
382.903922,169.243137,19.000000,18.000000
382.613725,169.243137,19.000000,18.000000
382.323529,169.243137,19.000000,18.000000
382.468627,168.807843,19.000000,18.000000
382.468627,168.952941,19.000000,18.000000
381.743137,168.807843,19.000000,18.000000
381.452941,168.227451,19.000000,18.000000
382.468627,167.356863,19.000000,18.000000
382.758824,167.356863,19.000000,18.000000
382.033333,167.211765,19.000000,18.000000
382.033333,167.211765,19.000000,18.000000
382.033333,167.211765,19.000000,18.000000
382.178431,167.066667,19.000000,18.000000
382.468627,166.776471,19.000000,18.000000
382.758824,167.356863,19.000000,18.000000
381.017647,167.792157,19.000000,18.000000
380.872549,168.227451,19.000000,18.000000
380.872549,167.937255,19.000000,18.000000
381.017647,168.227451,19.000000,18.000000
381.017647,167.501961,19.000000,18.000000
380.872549,167.501961,19.000000,18.000000
381.017647,167.356863,19.000000,18.000000
381.017647,167.211765,19.000000,18.000000
381.162745,167.066667,19.000000,18.000000
381.452941,166.921569,19.000000,18.000000
381.452941,167.501961,19.000000,18.000000
381.452941,167.211765,19.000000,18.000000
381.452941,166.921569,19.000000,18.000000
381.598039,167.356863,19.000000,18.000000
381.017647,167.647059,19.000000,18.000000
381.452941,167.792157,19.000000,18.000000
381.888235,167.501961,19.000000,18.000000
381.743137,167.211765,19.000000,18.000000
381.743137,166.486275,19.000000,18.000000
381.743137,166.196078,19.000000,18.000000
381.162745,165.905882,19.000000,18.000000
381.452941,166.631373,19.000000,18.000000
382.033333,166.486275,19.000000,18.000000
381.888235,166.196078,19.000000,18.000000
381.743137,165.760784,19.000000,18.000000
381.743137,165.760784,19.000000,18.000000
381.307843,165.760784,19.000000,18.000000
381.743137,165.760784,19.000000,18.000000
381.017647,165.905882,19.000000,18.000000
381.017647,166.050980,19.000000,18.000000
381.017647,165.905882,19.000000,18.000000
381.162745,166.486275,19.000000,18.000000
381.307843,166.050980,19.000000,18.000000
382.178431,164.454902,19.000000,18.000000
381.598039,164.019608,19.000000,18.000000
381.017647,163.584314,19.000000,18.000000
382.903922,163.584314,19.000000,18.000000
383.049020,162.713725,19.000000,18.000000
383.194118,161.843137,19.000000,18.000000
383.194118,161.262745,19.000000,18.000000
383.049020,160.392157,19.000000,18.000000
382.758824,160.247059,19.000000,18.000000
382.758824,159.811765,19.000000,18.000000
382.758824,160.247059,19.000000,18.000000
382.468627,159.811765,19.000000,18.000000
383.049020,159.666667,19.000000,18.000000
382.903922,158.505882,19.000000,18.000000
382.758824,158.215686,19.000000,18.000000
383.049020,157.054902,19.000000,18.000000
383.194118,156.039216,19.000000,18.000000
383.484314,155.458824,19.000000,18.000000
383.774510,154.588235,19.000000,18.000000
383.484314,154.298039,19.000000,18.000000
383.774510,154.007843,19.000000,18.000000
383.919608,153.282353,19.000000,18.000000
383.919608,152.556863,19.000000,18.000000
384.500000,152.411765,19.000000,18.000000
384.790196,152.411765,19.000000,18.000000
384.064706,151.976471,19.000000,18.000000
384.209804,152.411765,19.000000,18.000000
384.209804,151.831373,19.000000,18.000000
384.209804,151.250980,19.000000,18.000000
383.919608,150.380392,19.000000,18.000000
384.354902,149.654902,19.000000,18.000000
385.660784,148.784314,19.000000,18.000000
385.660784,148.639216,19.000000,18.000000
386.096078,148.058824,19.000000,18.000000
386.096078,146.752941,19.000000,18.000000
386.096078,146.752941,19.000000,18.000000
386.386275,146.317647,19.000000,18.000000
386.531373,145.592157,19.000000,18.000000
386.241176,145.592157,19.000000,18.000000
386.386275,145.592157,19.000000,18.000000
386.241176,145.882353,19.000000,18.000000
386.676471,146.027451,19.000000,18.000000
386.676471,144.866667,19.000000,18.000000
387.111765,144.866667,19.000000,18.000000
387.401961,145.011765,19.000000,18.000000
387.837255,143.560784,19.000000,18.000000
388.562745,143.125490,19.000000,18.000000
388.272549,141.674510,19.000000,18.000000
388.707843,140.949020,19.000000,18.000000
387.837255,140.949020,19.000000,18.000000
387.837255,140.949020,19.000000,18.000000
387.401961,140.368627,19.000000,18.000000
385.950980,139.352941,19.000000,18.000000
388.707843,140.368627,19.000000,18.000000
388.562745,138.482353,19.000000,18.000000
388.272549,138.192157,19.000000,18.000000
388.562745,137.901961,19.000000,18.000000
388.417647,138.192157,19.000000,18.000000
388.852941,136.741176,19.000000,18.000000
388.707843,137.031373,19.000000,18.000000
388.852941,136.015686,19.000000,18.000000
389.433333,135.725490,19.000000,18.000000
390.013725,136.160784,19.000000,18.000000
390.158824,135.145098,19.000000,18.000000
390.594118,134.709804,19.000000,18.000000
390.303922,134.854902,19.000000,18.000000
390.739216,134.709804,19.000000,18.000000
390.739216,133.694118,19.000000,18.000000
390.739216,133.549020,19.000000,18.000000
390.739216,133.403922,19.000000,18.000000
390.739216,132.533333,19.000000,18.000000
391.029412,132.388235,19.000000,18.000000
391.174510,131.952941,19.000000,18.000000
391.319608,131.807843,19.000000,18.000000
391.609804,131.662745,19.000000,18.000000
391.464706,131.372549,19.000000,18.000000
391.900000,131.082353,19.000000,18.000000
391.464706,129.921569,19.000000,18.000000
391.754902,130.066667,19.000000,18.000000
391.609804,129.196078,19.000000,18.000000
391.464706,129.196078,19.000000,18.000000
392.045098,128.905882,19.000000,18.000000
392.190196,129.050980,19.000000,18.000000
392.480392,128.325490,19.000000,18.000000
392.915686,128.035294,19.000000,18.000000
392.915686,127.309804,19.000000,18.000000
392.915686,127.454902,19.000000,18.000000
392.915686,127.454902,19.000000,18.000000
393.496078,127.164706,19.000000,18.000000
394.076471,126.874510,19.000000,18.000000
394.076471,127.019608,19.000000,18.000000
394.221569,126.003922,19.000000,18.000000
394.366667,125.858824,19.000000,18.000000
394.511765,126.003922,19.000000,18.000000
394.076471,125.423529,19.000000,18.000000
394.656863,125.278431,19.000000,18.000000
394.511765,124.843137,19.000000,18.000000
394.366667,124.552941,19.000000,18.000000
394.801961,124.262745,19.000000,18.000000
394.801961,123.972549,19.000000,18.000000
394.511765,124.117647,19.000000,18.000000
394.366667,123.537255,19.000000,18.000000
395.092157,123.101961,19.000000,18.000000
395.237255,122.521569,19.000000,18.000000
395.382353,122.666667,19.000000,18.000000
395.817647,122.521569,19.000000,18.000000
395.672549,121.796078,19.000000,18.000000
395.672549,121.650980,19.000000,18.000000
395.672549,121.070588,19.000000,18.000000
395.817647,120.345098,19.000000,18.000000
395.962745,120.490196,19.000000,18.000000
396.107843,120.345098,19.000000,18.000000
396.398039,119.764706,19.000000,18.000000
396.688235,119.764706,19.000000,18.000000
396.252941,119.764706,19.000000,18.000000
396.543137,119.329412,19.000000,18.000000
396.252941,119.039216,19.000000,18.000000
396.688235,118.458824,19.000000,18.000000
396.543137,118.313725,19.000000,18.000000
396.398039,118.168627,19.000000,18.000000
396.833333,117.298039,19.000000,18.000000
396.688235,117.152941,19.000000,18.000000
396.543137,117.007843,19.000000,18.000000
396.252941,116.862745,19.000000,18.000000
396.543137,117.007843,19.000000,18.000000
396.398039,116.572549,19.000000,18.000000
396.833333,116.572549,19.000000,18.000000
396.688235,116.717647,19.000000,18.000000
396.543137,116.862745,19.000000,18.000000
396.398039,117.007843,19.000000,18.000000
396.688235,115.992157,19.000000,18.000000
396.398039,116.862745,19.000000,18.000000
396.398039,116.717647,19.000000,18.000000
396.398039,116.572549,19.000000,18.000000
396.398039,116.427451,19.000000,18.000000
396.398039,116.427451,19.000000,18.000000
396.252941,116.427451,19.000000,18.000000
395.962745,116.282353,19.000000,18.000000
395.527451,116.137255,19.000000,18.000000
395.092157,115.992157,19.000000,18.000000
395.237255,116.427451,19.000000,18.000000
395.382353,116.282353,19.000000,18.000000
395.382353,115.992157,19.000000,18.000000
395.382353,116.427451,19.000000,18.000000
394.947059,116.282353,19.000000,18.000000
394.366667,115.992157,19.000000,18.000000
394.656863,116.427451,19.000000,18.000000
393.931373,116.137255,19.000000,18.000000
393.931373,115.701961,19.000000,18.000000
393.786275,115.847059,19.000000,18.000000
393.496078,115.992157,19.000000,18.000000
393.496078,116.282353,19.000000,18.000000
393.496078,115.847059,19.000000,18.000000
393.496078,115.992157,19.000000,18.000000
392.915686,116.427451,19.000000,18.000000
392.190196,116.137255,19.000000,18.000000
392.045098,115.992157,19.000000,18.000000
392.045098,116.282353,19.000000,18.000000
392.045098,115.847059,19.000000,18.000000
391.319608,116.427451,19.000000,18.000000
391.319608,116.137255,19.000000,18.000000
391.029412,115.847059,19.000000,18.000000
391.029412,116.282353,19.000000,18.000000
391.029412,116.137255,19.000000,18.000000
391.029412,115.992157,19.000000,18.000000
390.594118,116.427451,19.000000,18.000000
389.578431,116.137255,19.000000,18.000000
388.998039,115.847059,19.000000,18.000000
388.998039,116.137255,19.000000,18.000000
388.707843,115.847059,19.000000,18.000000
388.417647,116.137255,19.000000,18.000000
388.417647,116.137255,19.000000,18.000000
388.127451,116.282353,19.000000,18.000000
388.127451,116.282353,19.000000,18.000000
388.127451,116.282353,19.000000,18.000000
388.127451,116.427451,19.000000,18.000000
388.127451,116.427451,19.000000,18.000000
387.837255,116.572549,19.000000,18.000000
387.547059,116.862745,19.000000,18.000000
387.111765,117.007843,19.000000,18.000000
387.256863,115.992157,19.000000,18.000000
387.256863,116.717647,19.000000,18.000000
387.256863,116.717647,19.000000,18.000000
387.256863,116.862745,19.000000,18.000000
387.256863,117.007843,19.000000,18.000000
387.256863,116.282353,19.000000,18.000000
387.256863,116.427451,19.000000,18.000000
387.256863,116.572549,19.000000,18.000000
387.256863,116.717647,19.000000,18.000000
387.256863,116.717647,19.000000,18.000000
387.111765,116.717647,19.000000,18.000000
386.531373,116.862745,19.000000,18.000000
385.950980,116.572549,19.000000,18.000000
386.241176,115.992157,19.000000,18.000000
386.531373,116.137255,19.000000,18.000000
386.241176,115.847059,19.000000,18.000000
386.531373,116.282353,19.000000,18.000000
386.096078,116.427451,19.000000,18.000000
386.241176,116.862745,19.000000,18.000000
386.386275,117.298039,19.000000,18.000000
386.676471,117.007843,19.000000,18.000000
386.241176,116.717647,19.000000,18.000000
386.386275,117.298039,19.000000,18.000000
386.531373,117.152941,19.000000,18.000000
386.096078,116.862745,19.000000,18.000000
386.241176,117.298039,19.000000,18.000000
386.386275,117.152941,19.000000,18.000000
386.676471,116.862745,19.000000,18.000000
386.241176,117.298039,19.000000,18.000000
386.531373,117.007843,19.000000,18.000000
386.241176,116.717647,19.000000,18.000000
386.386275,117.152941,19.000000,18.000000
386.676471,116.862745,19.000000,18.000000
386.241176,117.443137,19.000000,18.000000
386.386275,117.298039,19.000000,18.000000
386.676471,117.152941,19.000000,18.000000
386.241176,117.007843,19.000000,18.000000
386.386275,116.862745,19.000000,18.000000
386.531373,117.443137,19.000000,18.000000
385.950980,117.298039,19.000000,18.000000
386.096078,117.152941,19.000000,18.000000
386.096078,117.007843,19.000000,18.000000
386.096078,116.862745,19.000000,18.000000
386.096078,117.298039,19.000000,18.000000
386.096078,117.152941,19.000000,18.000000
386.096078,116.862745,19.000000,18.000000
386.096078,117.443137,19.000000,18.000000
385.950980,117.298039,19.000000,18.000000
385.805882,117.298039,19.000000,18.000000
385.660784,117.152941,19.000000,18.000000
385.515686,117.007843,19.000000,18.000000
385.370588,116.862745,19.000000,18.000000
385.805882,117.443137,19.000000,18.000000
385.370588,117.443137,19.000000,18.000000
385.515686,117.443137,19.000000,18.000000
385.080392,117.443137,19.000000,18.000000
385.225490,117.443137,19.000000,18.000000
385.370588,117.588235,19.000000,18.000000
385.515686,117.733333,19.000000,18.000000
385.225490,117.878431,19.000000,18.000000
385.370588,118.168627,19.000000,18.000000
385.370588,117.733333,19.000000,18.000000
385.370588,117.878431,19.000000,18.000000
385.370588,117.878431,19.000000,18.000000
385.370588,118.023529,19.000000,18.000000
385.370588,117.588235,19.000000,18.000000
385.225490,117.733333,19.000000,18.000000
385.080392,118.023529,19.000000,18.000000
384.935294,117.588235,19.000000,18.000000
384.500000,117.733333,19.000000,18.000000
384.645098,117.878431,19.000000,18.000000
384.209804,118.023529,19.000000,18.000000
384.354902,117.443137,19.000000,18.000000
384.500000,117.588235,19.000000,18.000000
384.500000,117.588235,19.000000,18.000000
384.500000,117.733333,19.000000,18.000000
384.500000,117.878431,19.000000,18.000000
384.500000,118.023529,19.000000,18.000000
384.354902,117.443137,19.000000,18.000000
384.064706,117.588235,19.000000,18.000000
383.774510,117.733333,19.000000,18.000000
383.484314,118.023529,19.000000,18.000000
383.774510,117.588235,19.000000,18.000000
383.484314,117.878431,19.000000,18.000000
383.629412,118.168627,19.000000,18.000000
383.194118,118.023529,19.000000,18.000000
383.339216,118.023529,19.000000,18.000000
383.484314,118.023529,19.000000,18.000000
383.484314,117.878431,19.000000,18.000000
383.194118,118.313725,19.000000,18.000000
382.758824,118.168627,19.000000,18.000000
382.178431,118.023529,19.000000,18.000000
382.178431,117.878431,19.000000,18.000000
382.178431,118.313725,19.000000,18.000000
382.178431,118.168627,19.000000,18.000000
382.178431,118.023529,19.000000,18.000000
382.033333,118.023529,19.000000,18.000000
381.743137,118.168627,19.000000,18.000000
381.452941,118.458824,19.000000,18.000000
381.743137,118.603922,19.000000,18.000000
381.452941,118.749020,19.000000,18.000000
381.743137,118.603922,19.000000,18.000000
381.598039,118.749020,19.000000,18.000000
381.452941,118.894118,19.000000,18.000000
381.743137,118.894118,19.000000,18.000000
381.452941,119.039216,19.000000,18.000000
381.743137,118.458824,19.000000,18.000000
381.452941,118.458824,19.000000,18.000000
381.452941,118.603922,19.000000,18.000000
381.452941,118.749020,19.000000,18.000000
381.452941,118.894118,19.000000,18.000000
381.452941,119.184314,19.000000,18.000000
381.452941,118.749020,19.000000,18.000000
381.162745,119.039216,19.000000,18.000000
380.727451,118.603922,19.000000,18.000000
380.147059,118.894118,19.000000,18.000000
380.292157,119.184314,19.000000,18.000000
380.292157,118.894118,19.000000,18.000000
380.292157,119.039216,19.000000,18.000000
380.292157,118.749020,19.000000,18.000000
380.437255,118.894118,19.000000,18.000000
380.582353,119.184314,19.000000,18.000000
380.147059,118.749020,19.000000,18.000000
380.292157,118.894118,19.000000,18.000000
380.727451,119.184314,19.000000,18.000000
380.582353,118.894118,19.000000,18.000000
380.437255,119.184314,19.000000,18.000000
380.872549,118.749020,19.000000,18.000000
380.727451,119.039216,19.000000,18.000000
380.582353,118.749020,19.000000,18.000000
380.582353,119.039216,19.000000,18.000000
380.582353,118.749020,19.000000,18.000000
380.582353,119.039216,19.000000,18.000000
380.582353,118.749020,19.000000,18.000000
380.582353,119.039216,19.000000,18.000000
380.582353,118.749020,19.000000,18.000000
380.437255,119.039216,19.000000,18.000000
380.872549,118.603922,19.000000,18.000000
380.872549,118.894118,19.000000,18.000000
380.872549,119.184314,19.000000,18.000000
380.872549,118.894118,19.000000,18.000000
380.872549,119.329412,19.000000,18.000000
380.872549,119.039216,19.000000,18.000000
380.872549,118.749020,19.000000,18.000000
380.872549,119.184314,19.000000,18.000000
380.872549,118.894118,19.000000,18.000000
380.727451,119.184314,19.000000,18.000000
380.727451,118.894118,19.000000,18.000000
380.727451,119.184314,19.000000,18.000000
380.727451,118.894118,19.000000,18.000000
380.727451,119.039216,19.000000,18.000000
380.437255,118.603922,19.000000,18.000000
380.727451,118.603922,19.000000,18.000000
380.147059,118.458824,19.000000,18.000000
380.001961,118.458824,19.000000,18.000000
380.292157,118.603922,19.000000,18.000000
380.582353,118.894118,19.000000,18.000000
380.582353,118.894118,19.000000,18.000000
380.582353,118.894118,19.000000,18.000000
380.582353,118.894118,19.000000,18.000000
380.582353,118.894118,19.000000,18.000000
380.582353,118.894118,19.000000,18.000000
380.582353,118.894118,19.000000,18.000000
380.582353,118.894118,19.000000,18.000000
380.582353,118.894118,19.000000,18.000000
380.582353,118.894118,19.000000,18.000000
380.582353,118.894118,19.000000,18.000000
380.582353,118.894118,19.000000,18.000000
380.582353,118.894118,19.000000,18.000000
380.582353,118.894118,19.000000,18.000000
380.582353,118.894118,19.000000,18.000000
380.582353,118.894118,19.000000,18.000000
380.582353,118.894118,19.000000,18.000000
380.582353,118.894118,19.000000,18.000000
380.582353,119.039216,19.000000,18.000000
380.582353,118.313725,19.000000,18.000000
380.582353,118.458824,19.000000,18.000000
380.582353,118.458824,19.000000,18.000000
380.582353,118.458824,19.000000,18.000000
380.582353,118.458824,19.000000,18.000000
380.582353,118.603922,19.000000,18.000000
380.582353,118.603922,19.000000,18.000000
380.582353,118.603922,19.000000,18.000000
380.582353,118.603922,19.000000,18.000000
380.582353,118.603922,19.000000,18.000000
380.582353,118.603922,19.000000,18.000000
380.582353,118.603922,19.000000,18.000000
380.727451,118.603922,19.000000,18.000000
380.872549,118.603922,19.000000,18.000000
381.017647,118.458824,19.000000,18.000000
381.017647,118.313725,19.000000,18.000000
381.017647,117.878431,19.000000,18.000000
381.162745,117.878431,19.000000,18.000000
381.307843,118.313725,19.000000,18.000000
381.452941,118.023529,19.000000,18.000000
381.452941,117.588235,19.000000,18.000000
381.017647,117.878431,19.000000,18.000000
380.727451,118.458824,19.000000,18.000000
380.437255,118.458824,19.000000,18.000000
380.727451,118.168627,19.000000,18.000000
380.437255,118.023529,19.000000,18.000000
380.727451,117.733333,19.000000,18.000000
380.437255,118.313725,19.000000,18.000000
380.727451,118.023529,19.000000,18.000000
380.437255,118.023529,19.000000,18.000000
380.727451,117.878431,19.000000,18.000000
380.437255,118.749020,19.000000,18.000000
380.582353,118.603922,19.000000,18.000000
380.292157,118.603922,19.000000,18.000000
380.582353,118.603922,19.000000,18.000000
380.292157,118.603922,19.000000,18.000000
380.437255,118.603922,19.000000,18.000000
380.582353,118.603922,19.000000,18.000000
380.292157,118.894118,19.000000,18.000000
380.437255,119.039216,19.000000,18.000000
380.727451,118.603922,19.000000,18.000000
380.582353,119.184314,19.000000,18.000000
380.437255,119.039216,19.000000,18.000000
380.727451,118.749020,19.000000,18.000000
380.582353,119.329412,19.000000,18.000000
380.437255,119.474510,19.000000,18.000000
380.727451,119.474510,19.000000,18.000000
380.437255,119.619608,19.000000,18.000000
380.872549,119.764706,19.000000,18.000000
380.727451,119.909804,19.000000,18.000000
380.582353,120.054902,19.000000,18.000000
380.437255,119.474510,19.000000,18.000000
380.872549,119.474510,19.000000,18.000000
380.727451,119.619608,19.000000,18.000000
380.437255,119.764706,19.000000,18.000000
380.727451,119.909804,19.000000,18.000000
380.437255,120.054902,19.000000,18.000000
380.727451,119.474510,19.000000,18.000000
380.582353,119.619608,19.000000,18.000000
380.437255,119.764706,19.000000,18.000000
380.872549,119.909804,19.000000,18.000000
380.727451,120.054902,19.000000,18.000000
380.437255,119.764706,19.000000,18.000000
380.727451,120.200000,19.000000,18.000000
380.582353,120.054902,19.000000,18.000000
380.437255,119.909804,19.000000,18.000000
380.872549,120.925490,19.000000,18.000000
380.727451,121.070588,19.000000,18.000000
380.582353,120.490196,19.000000,18.000000
380.437255,121.070588,19.000000,18.000000
380.872549,120.925490,19.000000,18.000000
380.727451,121.505882,19.000000,18.000000
380.582353,121.215686,19.000000,18.000000
380.437255,120.925490,19.000000,18.000000
380.727451,121.360784,19.000000,18.000000
380.437255,121.070588,19.000000,18.000000
380.582353,121.070588,19.000000,18.000000
380.437255,121.505882,19.000000,18.000000
380.872549,121.941176,19.000000,18.000000
380.727451,122.376471,19.000000,18.000000
380.727451,122.376471,19.000000,18.000000
380.582353,122.376471,19.000000,18.000000
380.437255,122.376471,19.000000,18.000000
380.872549,122.376471,19.000000,18.000000
380.872549,122.376471,19.000000,18.000000
380.872549,122.376471,19.000000,18.000000
380.872549,122.521569,19.000000,18.000000
380.872549,122.666667,19.000000,18.000000
380.872549,122.666667,19.000000,18.000000
380.727451,122.666667,19.000000,18.000000
380.437255,122.811765,19.000000,18.000000
380.727451,122.956863,19.000000,18.000000
380.582353,123.101961,19.000000,18.000000
380.437255,122.811765,19.000000,18.000000
380.872549,123.247059,19.000000,18.000000
380.727451,123.101961,19.000000,18.000000
380.582353,122.811765,19.000000,18.000000
380.437255,123.247059,19.000000,18.000000
380.872549,122.956863,19.000000,18.000000
380.727451,123.392157,19.000000,18.000000
380.872549,123.101961,19.000000,18.000000
381.017647,122.666667,19.000000,18.000000
381.017647,123.537255,19.000000,18.000000
381.017647,123.537255,19.000000,18.000000
381.017647,123.682353,19.000000,18.000000
381.017647,123.827451,19.000000,18.000000
381.017647,123.972549,19.000000,18.000000
381.017647,124.117647,19.000000,18.000000
381.017647,123.537255,19.000000,18.000000
381.017647,123.682353,19.000000,18.000000
381.162745,123.827451,19.000000,18.000000
381.598039,123.827451,19.000000,18.000000
381.307843,123.827451,19.000000,18.000000
381.598039,123.537255,19.000000,18.000000
381.162745,123.247059,19.000000,18.000000
381.307843,122.956863,19.000000,18.000000
382.033333,123.247059,19.000000,18.000000
382.178431,122.811765,19.000000,18.000000
382.468627,123.537255,19.000000,18.000000
382.903922,123.537255,19.000000,18.000000
382.758824,123.247059,19.000000,18.000000
382.613725,122.956863,19.000000,18.000000
382.323529,122.956863,19.000000,18.000000
382.323529,122.956863,19.000000,18.000000
382.468627,122.811765,19.000000,18.000000
382.758824,122.666667,19.000000,18.000000
382.613725,122.811765,19.000000,18.000000
382.468627,122.956863,19.000000,18.000000
382.903922,123.101961,19.000000,18.000000
382.758824,122.231373,19.000000,18.000000
382.613725,121.505882,19.000000,18.000000
382.323529,121.505882,19.000000,18.000000
382.468627,121.070588,19.000000,18.000000
382.613725,120.635294,19.000000,18.000000
382.178431,121.070588,19.000000,18.000000
382.613725,120.200000,19.000000,18.000000
382.468627,120.200000,19.000000,18.000000
383.339216,119.764706,19.000000,18.000000
383.339216,120.200000,19.000000,18.000000
383.339216,119.764706,19.000000,18.000000
383.339216,120.200000,19.000000,18.000000
383.339216,119.909804,19.000000,18.000000
383.484314,120.200000,19.000000,18.000000
383.629412,119.909804,19.000000,18.000000
382.903922,120.345098,19.000000,18.000000
382.903922,120.054902,19.000000,18.000000
383.049020,119.474510,19.000000,18.000000
383.194118,119.619608,19.000000,18.000000
383.194118,119.619608,19.000000,18.000000
383.194118,119.619608,19.000000,18.000000
383.194118,119.619608,19.000000,18.000000
383.194118,119.619608,19.000000,18.000000
