0.009002
0.036784
0.038498
0.038009
0.027504
0.020002
0.032383
0.037000
0.027506
0.019005
0.026669
0.037504
0.026000
0.017504
0.016999
0.023504
0.018000
0.020002
0.037512
0.025506
0.033505
0.037000
0.025004
0.019002
0.030504
0.028502
0.018755
0.022002
0.030000
0.037504
0.032010
0.027000
0.030505
0.019503
0.018506
0.020000
0.019510
0.039000
0.038505
0.026505
0.031017
0.020000
0.020504
0.020000
0.039008
0.037502
0.019000
0.019003
0.018009
0.037505
0.035502
0.019505
0.019997
0.020004
0.021269
0.019430
0.029002
0.020045
0.026002
0.021517
0.020000
0.037505
0.037008
0.027504
0.029001
0.027507
0.020000
0.037504
0.038008
0.038504
0.023003
0.020014
0.029000
0.037505
0.026023
0.018000
0.021000
0.036000
0.026008
0.036504
0.035504
0.017505
0.017000
0.020505
0.020000
0.019506
0.019000
0.020000
0.019000
0.039009
0.027999
0.019002
0.016998
0.022008
0.038000
0.032507
0.018506
0.020000
0.019000
0.018002
0.019000
0.026009
0.019000
0.019505
0.035504
0.037504
0.031504
0.039011
0.027505
0.019000
0.018000
0.019011
0.036504
0.036504
0.026504
0.019000
0.028504
0.037009
0.027000
0.018505
0.020002
0.018018
0.020000
0.025504
0.037001
0.030506
0.034504
0.028514
0.020003
0.024505
0.020853
0.019956
0.026504
0.037549
0.021002
0.019506
0.021000
0.028504
0.019005
0.019016
0.026999
0.037505
