0.009000
0.035506
0.037503
0.035518
0.016512
0.035509
0.020504
0.017002
0.018008
0.037000
0.037002
0.017016
0.018002
0.036505
0.038009
0.019000
0.019000
0.034507
0.038008
0.038503
0.025010
0.020000
0.024000
0.019504
0.026507
0.022504
0.029090
0.019565
0.020007
0.025508
0.019067
0.021511
0.023566
0.029002
0.020002
0.019003
0.020180
0.019061
0.019002
0.039508
0.019524
0.019000
0.039505
0.020026
0.018005
0.017000
0.027505
0.019002
0.019502
0.018998
0.026508
0.022000
0.019538
0.019999
0.019504
0.038012
0.038002
0.019518
0.019002
0.026007
0.019000
0.040505
0.038008
0.043505
0.038505
0.022000
0.038505
0.037011
0.025000
0.020506
0.025002
0.029776
0.019506
0.019999
0.031509
0.024999
0.020503
0.020002
0.039008
0.033504
0.020002
0.038008
0.036505
0.021001
0.019007
0.019000
0.023503
0.036400
0.019504
0.020001
0.037506
0.031008
0.020000
0.021510
0.030503
0.027000
0.019000
0.023504
0.038009
0.031000
0.019504
0.020003
0.018504
0.019001
0.020402
0.029846
0.018506
0.038043
0.037010
0.021504
0.016000
0.018504
0.020000
0.037009
0.034504
0.020003
0.019506
0.037000
0.037505
0.032008
0.037504
0.038011
0.037999
0.037005
0.024019
0.038000
0.022002
0.024008
0.038000
0.037508
0.020012
0.018003
0.036503
0.038010
0.024999
0.019505
0.026002
0.018016
0.018001
0.037504
0.030013
0.029999
0.037005
0.025013
0.023000
0.037504
0.031007
0.019000
0.020508
0.038010
0.031000
0.020505
0.022005
0.038812
0.033504
0.038507
0.037000
0.020504
0.020002
0.020008
0.037503
0.037002
0.021009
0.019998
0.038504
0.038008
0.024000
0.020506
0.037009
0.037504
0.037002
0.038009
0.037074
0.037038
0.036504
0.019000
0.018009
0.019001
0.036504
0.036505
0.019506
0.019001
0.027506
0.019506
0.019506
0.034505
0.037506
0.024999
0.038505
0.037989
0.022000
0.019504
0.026001
0.020008
0.027000
0.037504
0.027009
0.018000
0.020000
0.038570
0.021323
0.020002
0.016503
0.020002
0.038008
0.025171
0.019114
0.032009
0.039000
0.023172
0.021154
0.038002
0.032503
0.038008
0.033670
0.018000
0.039634
0.033502
0.020496
0.018506
0.029506
0.038996
0.024010
0.017000
0.027503
0.037002
0.028504
0.020000
0.020505
0.038010
0.033001
0.019508
0.020000
0.036850
0.036504
0.019003
0.018504
0.025000
0.019504
0.019002
0.033007
0.019002
0.021506
0.038012
0.018211
0.022363
0.019000
0.019507
0.030003
0.038008
0.042010
0.037503
0.020002
0.019007
0.037000
0.037508
0.020504
0.019000
0.030504
0.037506
0.037507
0.019503
0.019002
0.019007
0.027000
0.037504
0.027505
0.037505
0.037004
0.018018
0.018002
0.023502
0.037506
0.030003
0.019504
0.016999
0.037009
0.037505
0.031001
0.037009
0.030504
0.018003
0.018008
0.035000
0.017504
0.016002
0.017009
0.036000
0.028505
0.020004
0.031506
0.020000
0.021000
0.024010
0.018000
0.029504
0.037506
0.036000
0.018504
0.017001
0.019506
0.037503
0.034503
0.020504
0.019000
0.037504
0.037508
0.034000
0.020504
0.036020
0.037507
0.018504
0.020003
0.032008
0.037504
0.021002
0.020760
0.019955
0.030506
0.037548
0.029506
0.021504
0.031506
0.030505
0.018503
0.019000
0.019504
0.019002
0.025504
0.020000
0.017002
0.019007
0.037000
0.037507
0.022009
0.037504
0.037506
0.027001
0.025503
0.018000
0.033010
0.035000
0.020504
0.038010
0.036505
0.017000
0.019507
0.036504
0.036505
0.019503
0.019000
0.020504
0.020000
0.019002
0.019007
0.020000
0.029505
0.019002
0.021007
0.020001
0.018504
0.021003
0.019007
0.019000
0.024000
0.038005
0.020504
0.021000
0.038507
0.033195
0.020000
0.029002
0.022506
0.023503
0.037503
0.028506
0.029003
0.019504
0.020999
0.038008
0.031999
0.023506
0.038007
0.033504
0.038010
0.029999
0.018570
0.029001
0.037018
0.027504
0.031005
0.038793
0.029510
0.019059
0.036515
0.037504
0.020002
0.020507
0.037504
0.036504
0.037253
0.025504
0.018002
0.019504
0.020000
0.019504
0.019001
0.021513
0.021509
0.036505
0.020002
0.038009
0.037507
0.022004
0.022513
0.037000
0.036504
0.018507
0.020000
0.015504
0.022000
0.037008
0.032504
0.025005
0.025012
0.025508
0.024000
0.030506
0.037002
0.037505
0.017008
0.018000
0.027504
0.038002
0.037000
0.019505
0.028002
0.036505
0.024503
0.020001
0.020505
0.038000
0.037508
0.017020
0.017000
0.016000
0.038004
0.023008
0.037000
0.030507
0.021009
0.022000
0.037504
0.017004
0.037504
0.034503
0.024003
0.019504
0.019000
0.029504
0.037588
0.018000
0.019504
0.020000
0.041484
0.022000
0.037539
0.025007
0.037508
0.035506
0.038000
0.037507
0.029010
0.022001
0.028503
0.037011
0.036000
0.017504
0.020001
0.021009
0.038505
0.034002
0.019007
0.019485
0.037503
0.036010
0.023000
0.019505
0.020002
0.020009
0.038000
0.037002
0.021504
0.037504
0.038006
0.022000
0.037504
0.035506
0.025000
0.029505
0.020002
0.042505
0.038504
0.037010
0.022999
0.022512
0.019002
0.020008
0.036000
0.036507
0.040506
0.037504
0.042010
0.020000
0.016505
0.021002
0.017503
0.019505
0.038503
0.034011
0.020000
0.019000
0.034002
0.038007
0.032504
0.037505
0.038505
0.037506
0.022998
0.017589
0.018504
0.020999
0.020146
0.023713
0.038226
0.038543
0.020144
0.028504
0.039711
0.033000
0.031002
0.036762
0.020057
0.024504
0.020002
0.019140
0.038504
0.036878
0.020007
0.035504
0.019000
0.040011
0.036502
0.030002
0.036012
0.037504
0.031012
0.025000
0.038504
0.037016
0.019003
0.032505
0.037010
0.037002
0.032000
0.023035
0.028000
0.037504
0.038008
0.037504
0.031003
0.019019
0.023001
0.018513
0.038009
0.037504
0.021000
0.018002
0.038008
0.037504
0.037010
0.039505
0.029001
0.019011
0.020000
0.023504
0.037507
0.033509
0.038503
0.038010
0.019000
0.034505
0.017514
0.022002
0.018504
0.020000
0.031506
0.038504
0.019504
0.019546
0.022759
0.022000
0.018504
0.027505
0.019513
0.022000
0.036505
0.035011
0.019000
0.019504
0.020000
0.019008
0.022000
0.031505
0.019002
0.026010
0.038503
0.042008
0.038000
0.034504
0.017506
0.019002
0.036504
0.037011
0.028000
0.019503
0.038002
0.033504
0.021504
0.023000
0.038009
