0.003999
0.017000
0.017000
0.023510
0.036999
0.031504
0.019122
0.018000
0.024000
0.036002
0.035007
0.016000
0.017504
0.029000
0.023008
0.018000
0.018000
0.022503
0.022002
0.019506
0.017000
0.016000
0.024002
0.037008
0.031507
0.027004
0.036010
0.036000
0.025504
0.025002
0.029505
0.042504
0.036011
0.036504
0.019000
0.019000
0.024008
0.037000
0.036504
0.022508
0.033999
0.024508
0.039011
0.035000
0.019003
0.021000
0.036008
0.036504
0.024000
0.036011
0.042507
0.026002
0.018565
0.037855
0.036463
0.021009
0.019028
0.026506
0.037163
0.033504
0.016000
0.018505
0.033506
0.037504
0.023504
0.036002
0.031008
0.018000
0.019504
0.036012
0.036000
0.039505
0.037008
0.028504
0.019000
0.037831
0.032999
0.023504
0.037009
0.023000
0.018504
0.031000
0.037009
0.029999
0.017504
0.029504
0.036504
0.031507
0.021003
0.017025
0.018001
0.025500
0.037000
0.034009
0.022507
0.036003
0.036008
0.021000
0.018504
0.030002
0.036507
0.030508
0.020000
0.024010
0.038504
0.037003
0.023010
0.020998
0.024504
0.018002
0.018659
0.023558
0.024504
0.017999
0.027504
0.037503
0.026504
0.015000
0.019002
0.030008
0.038504
0.018000
0.019010
0.037000
0.024504
0.024000
0.039009
0.026501
0.019000
0.031010
0.037255
0.028352
0.017543
0.016510
0.036007
0.036504
0.036008
0.037503
0.032002
0.017504
0.018000
0.029504
0.036504
0.027006
0.017510
0.018998
0.021000
0.018853
0.023999
0.036505
0.037011
0.040504
0.020001
0.037010
0.036503
0.037002
0.017511
0.029505
0.019000
0.016003
0.030503
0.018003
0.018000
0.036504
0.037009
0.038506
0.019000
0.028005
0.018000
0.016000
0.016000
0.017004
0.036516
0.033001
0.016504
0.016000
0.019505
0.037505
0.036503
0.032008
0.032501
0.038000
0.037514
0.037504
0.025003
0.021026
0.025000
0.017504
0.021000
0.035007
0.018000
0.033504
0.036001
0.024008
0.018000
0.016505
0.018000
0.022007
0.037000
0.035504
0.019503
0.018504
0.028503
0.022002
0.021000
0.021017
0.036998
0.036504
0.026504
0.018625
0.025232
0.037503
0.037009
0.023007
0.018000
0.020001
0.019010
0.037506
0.026999
0.032012
0.029000
0.018504
0.018000
0.033008
0.036504
0.018000
0.019002
0.037009
0.029506
0.018000
0.037009
0.035504
0.028000
0.036008
0.030503
0.015000
0.016000
0.027009
0.037000
0.035004
0.030011
0.036505
0.034000
0.033008
0.036504
0.036504
0.023505
0.017000
0.015504
0.015000
0.018002
0.028504
0.035504
0.027000
0.018008
0.019000
0.021504
0.018000
0.018001
0.028007
0.036504
0.033002
0.018038
0.016001
0.023502
0.032000
0.036012
0.035506
0.020998
0.021504
0.036003
0.030508
0.019000
0.019507
0.023000
0.037504
0.035666
0.016999
0.018503
0.032000
0.021005
0.019016
0.019000
0.018504
0.018000
0.021002
0.021012
0.018000
0.018503
0.019000
0.018507
0.019381
0.018707
0.021819
0.038409
0.022938
0.019002
0.019507
0.022000
0.019010
0.018000
0.026680
0.037002
0.037009
0.020000
