1.000000
0.549191
0.531126
0.359417
0.351228
0.320695
0.234160
0.245126
0.231224
0.215780
0.376550
0.349232
0.335294
0.361216
0.219816
0.327270
0.272921
0.366386
0.311397
0.264971
0.237475
0.300732
0.249849
0.156058
0.148009
0.259760
0.225616
0.139780
0.189081
0.145305
0.141016
0.382846
0.293706
0.196779
0.279845
0.366367
0.273369
0.255322
0.426440
0.369543
0.463132
0.310071
0.335186
0.336393
0.243039
0.286642
0.208699
0.122539
0.235093
0.166346
0.177803
0.299830
0.217361
0.278730
0.238495
0.331829
0.282991
0.362724
0.202574
0.228970
0.347338
0.382339
0.351007
0.314922
0.316792
0.311251
0.314343
0.284371
0.270180
0.299901
0.364742
0.393465
0.401185
0.448897
0.423821
0.451054
0.412008
0.421961
0.435814
0.340160
0.323535
0.402829
0.425152
0.487852
0.449207
0.457015
0.452096
0.335323
0.407480
0.376454
0.394290
0.401035
0.328293
0.372996
0.374634
0.382758
0.376356
0.353935
0.454607
0.396534
0.362025
0.359216
0.310203
0.191393
0.359126
0.381466
0.339021
0.303253
0.322082
0.384209
0.407595
0.230763
0.330292
0.422533
0.420103
0.431898
0.346266
0.412926
0.438020
0.441794
0.410041
0.371811
0.365500
0.328941
0.427584
0.381839
0.327885
0.351022
0.351942
0.414523
0.310964
0.344557
0.334509
0.367192
0.448749
0.446241
0.459238
0.417468
0.394043
0.411364
0.426130
0.444950
0.444939
0.472228
0.391849
0.398670
0.456907
0.489036
0.496511
0.467425
0.476585
0.478381
0.457139
0.472182
0.465389
0.492722
0.321662
0.359787
0.386070
0.455674
0.419148
0.385421
0.411042
0.307100
0.317319
0.338329
0.412646
0.301505
0.318150
0.463297
0.519369
0.517913
0.527370
0.541811
0.476518
0.516613
0.520811
0.460201
0.426411
0.389402
0.392369
0.354915
0.331008
0.401042
0.331693
0.247245
0.320603
0.302601
0.342451
0.384685
0.329102
0.350762
0.253392
0.379465
0.270592
0.284091
0.196879
0.138276
0.200639
0.241331
0.341878
0.310164
0.310151
0.313338
0.330944
0.420796
0.365148
0.384391
0.408348
0.369683
0.342834
0.380189
0.304299
0.308424
0.270106
0.261330
0.245745
0.279950
0.384667
0.464126
0.468205
0.472360
0.455965
0.462948
0.465118
0.439430
0.423838
0.411757
