347	58	103	251
348	58	103	251
348	58	103	251
348	58	103	251
348	58	103	251
348	58	103	251
348	58	103	251
307	58	103	251
308	58	103	251
308	58	103	251
267	58	103	251
268	99	103	251
268	82	103	251
268	82	103	251
268	82	103	251
268	82	103	251
268	82	103	251
268	82	103	251
268	82	103	251
185	123	103	228
226	99	103	228
226	99	103	228
226	99	103	228
226	99	103	228
226	99	103	228
226	99	103	228
226	139	103	213
226	150	103	202
226	121	103	202
226	121	103	202
226	83	103	202
226	85	103	202
263	85	103	202
301	85	103	202
302	85	103	202
302	85	103	202
302	85	103	202
302	85	103	202
302	85	103	202
302	85	103	202
227	85	103	202
228	85	103	202
228	85	103	202
228	85	103	202
228	85	103	202
265	85	103	202
303	85	103	202
304	85	103	202
304	85	103	202
304	85	103	202
341	85	103	202
342	85	103	202
342	85	103	202
342	85	103	202
342	85	103	202
342	85	103	202
342	85	103	202
342	85	103	202
342	85	103	202
342	85	103	202
379	85	103	202
380	85	103	202
380	85	103	202
380	85	103	202
343	85	103	202
344	85	103	202
344	85	103	202
344	85	103	202
344	85	103	202
307	85	103	202
308	85	103	202
308	85	103	202
308	85	103	202
271	85	103	202
272	85	103	202
272	85	103	202
272	85	103	202
272	85	103	202
272	85	103	202
272	85	103	202
272	85	103	202
272	85	103	202
272	85	103	202
272	85	103	202
272	85	103	202
272	85	103	202
272	85	103	202
272	85	103	202
272	85	103	202
309	85	103	202
347	159	103	192
276	93	103	192
312	93	103	192
276	129	103	192
348	129	103	192
348	129	103	192
348	129	103	192
276	129	103	192
348	165	103	186
348	134	103	186
312	99	103	186
312	98	103	186
312	98	103	186
312	98	103	186
276	98	103	186
276	98	103	186
276	98	103	186
276	98	103	186
276	98	103	186
276	98	103	186
240	98	103	186
240	98	103	186
276	98	103	186
276	63	103	186
276	98	103	186
276	98	103	186
276	98	103	186
276	98	103	186
276	98	103	186
276	98	103	186
312	98	103	186
276	98	103	186
312	98	103	186
312	63	103	186
312	62	103	186
312	62	103	186
312	62	103	186
312	98	103	186
312	98	103	186
312	98	103	186
312	98	103	186
312	98	103	186
348	98	103	186
348	98	103	186
348	98	103	186
348	98	103	186
348	98	103	186
348	63	103	186
312	62	103	186
312	62	103	186
312	62	103	186
312	62	103	186
312	98	103	186
312	98	103	186
312	98	103	186
312	98	103	186
276	98	103	186
276	98	103	186
276	98	103	186
276	98	103	186
276	98	103	186
276	98	103	186
276	98	103	186
276	98	103	186
240	63	103	186
276	62	103	186
276	98	103	186
276	98	103	186
276	98	103	186
276	98	103	186
276	98	103	186
276	63	103	186
276	62	103	186
276	62	103	186
276	62	103	186
347	62	103	186
312	98	103	186
312	63	103	186
312	62	103	186
312	62	103	186
312	62	103	186
348	98	103	186
312	98	103	186
312	63	103	186
348	62	103	186
348	62	103	186
312	62	103	186
312	62	103	186
348	62	103	186
348	62	103	186
348	62	103	186
348	62	103	186
348	62	103	186
384	62	103	186
348	62	103	186
348	62	103	186
348	62	103	186
348	62	103	186
348	62	103	186
348	62	103	186
348	62	103	186
348	62	103	186
348	62	103	186
348	62	103	186
348	62	103	186
348	62	103	186
348	62	103	186
348	62	103	186
348	62	103	186
348	62	103	186
348	62	103	186
348	62	103	186
348	62	103	186
348	62	103	186
312	62	103	186
348	62	103	186
312	62	103	186
348	62	103	186
348	62	103	186
348	62	103	186
348	62	103	186
348	62	103	186
348	62	103	186
348	62	103	186
348	62	103	186
348	62	103	186
348	62	103	186
312	62	103	186
312	62	103	186
312	62	103	186
312	62	103	186
312	62	103	186
312	98	103	186
312	63	103	186
312	62	103	186
241	98	103	186
313	63	103	186
243	62	103	186
280	62	103	186
244	62	103	186
244	62	103	186
280	62	103	186
280	62	103	186
351	62	103	186
352	62	103	186
352	62	103	186
352	62	103	186
352	62	103	186
352	62	103	186
352	62	103	186
352	62	103	186
352	62	103	186
316	62	103	186
316	62	103	186
316	62	103	186
316	62	103	186
316	62	103	186
280	62	103	186
280	62	103	186
316	62	103	186
316	62	103	186
316	62	103	186
316	62	103	186
245	98	103	186
282	63	103	186
282	62	103	186
318	62	103	186
282	62	103	186
282	62	103	186
282	62	103	186
282	62	103	186
282	98	103	186
282	98	103	186
282	63	103	186
282	98	103	186
282	98	103	186
282	98	103	186
246	98	103	186
246	98	103	186
246	98	103	186
246	98	103	186
246	98	103	186
210	98	103	186
246	98	103	186
210	98	103	186
210	98	103	186
210	98	103	186
210	98	103	186
210	98	103	186
210	98	103	186
210	63	103	186
210	98	103	186
210	98	103	186
246	98	103	186
246	98	103	186
246	98	103	186
246	98	103	186
246	98	103	186
246	98	103	186
282	98	103	186
282	98	103	186
282	98	103	186
318	98	103	186
282	63	103	186
318	62	103	186
318	62	103	186
282	62	103	186
282	62	103	186
282	62	103	186
282	98	103	186
282	98	103	186
282	98	103	186
282	98	103	186
282	98	103	186
282	98	103	186
282	98	103	186
282	98	103	186
282	98	103	186
282	98	103	186
282	98	103	186
246	98	103	186
246	98	103	186
246	98	103	186
246	98	103	186
246	98	103	186
246	98	103	186
246	98	103	186
246	98	103	186
282	63	103	186
211	133	103	186
248	99	103	186
248	98	103	186
248	98	103	186
248	98	103	186
248	98	103	186
248	98	103	186
248	98	103	186
284	98	103	186
284	98	103	186
284	98	103	186
284	98	103	186
284	98	103	186
284	63	103	186
284	62	103	186
284	62	103	186
284	98	103	186
320	98	103	186
320	98	103	186
320	98	103	186
320	98	103	186
284	134	103	186
284	99	103	186
320	134	103	186
284	99	103	186
284	98	103	186
284	98	103	186
284	98	103	186
284	98	103	186
213	134	103	186
214	99	103	186
214	98	103	186
214	98	103	186
214	98	103	186
214	98	103	186
214	98	103	186
214	98	103	186
214	134	103	186
214	134	103	186
214	99	103	186
214	134	103	186
214	99	103	186
214	98	103	186
214	98	103	186
214	98	103	186
214	98	103	186
214	98	103	186
214	98	103	186
250	98	103	186
250	98	103	186
250	98	103	186
250	98	103	186
250	98	103	186
250	98	103	186
286	98	103	186
286	98	103	186
286	98	103	186
286	98	103	186
286	98	103	186
286	98	103	186
322	98	103	186
322	98	103	186
322	98	103	186
322	98	103	186
322	98	103	186
322	98	103	186
322	98	103	186
286	98	103	186
286	98	103	186
286	98	103	186
286	98	103	186
286	98	103	186
286	98	103	186
322	98	103	186
322	98	103	186
286	134	103	186
286	99	103	186
286	98	103	186
250	63	103	186
286	62	103	186
286	62	103	186
250	62	103	186
250	62	103	186
250	62	103	186
250	62	103	186
250	62	103	186
250	62	103	186
250	62	103	186
250	62	103	186
250	62	103	186
250	62	103	186
250	62	103	186
250	62	103	186
250	98	103	186
250	98	103	186
250	98	103	186
250	98	103	186
214	98	103	186
214	63	103	186
214	62	103	186
214	62	103	186
214	62	103	186
214	62	103	186
214	98	103	186
214	98	103	186
214	98	103	186
214	98	103	186
178	63	103	186
178	62	103	186
178	62	103	186
178	62	103	186
178	98	103	186
178	98	103	186
178	98	103	186
178	98	103	186
178	98	103	186
178	98	103	186
178	98	103	186
178	98	103	186
178	98	103	186
178	98	103	186
214	98	103	186
214	98	103	186
214	98	103	186
214	98	103	186
214	98	103	186
214	98	103	186
214	98	103	186
214	98	103	186
214	98	103	186
214	98	103	186
214	98	103	186
214	98	103	186
214	98	103	186
214	98	103	186
214	98	103	186
214	98	103	186
214	134	103	186
214	134	103	186
214	134	103	186
214	134	103	186
214	134	103	186
178	99	103	186
214	98	103	186
214	98	103	186
214	98	103	186
214	98	103	186
214	98	103	186
250	98	103	186
250	98	103	186
250	98	103	186
250	98	103	186
250	98	103	186
250	134	103	186
