0.004006
0.032505
0.017150
0.022568
0.020505
0.022003
0.037009
0.019002
0.018361
0.037822
0.038204
0.038010
0.034416
0.019682
0.019036
0.017502
0.019002
0.041008
0.036589
0.038504
0.029504
0.020000
0.020504
0.037493
0.024002
0.019003
0.029510
0.030008
0.022001
0.036667
0.023509
0.018504
0.031000
0.037010
0.021519
0.015996
0.018999
0.022507
0.023510
0.017774
0.017504
0.017000
0.018507
0.018002
0.028008
0.035001
0.039009
0.024503
0.030001
0.037504
0.022505
0.020505
0.018000
0.017504
0.026506
0.036505
0.032511
0.022998
0.037008
0.035002
0.026509
0.029009
0.018000
0.023504
0.037506
0.023503
0.018001
0.029504
0.037506
0.028504
0.018000
0.016505
0.034506
0.035504
0.026504
0.016002
0.017506
0.020000
0.037504
0.036506
0.021504
0.019000
0.018504
0.035505
0.036505
0.020503
0.018002
0.021504
0.020504
0.018782
0.022000
0.037893
0.036505
0.021011
0.018578
0.024512
0.036000
0.035506
0.016503
0.018503
0.027000
0.037506
0.033008
0.041001
0.039513
0.020504
0.020000
0.016504
0.019002
0.023503
0.036502
0.034145
0.033508
0.022506
0.022000
0.037505
0.036008
0.020000
0.037505
0.036008
0.020000
0.017999
0.019506
0.039008
0.024000
0.018504
0.022002
0.020008
0.019000
0.021000
0.036505
0.034008
0.030001
0.033509
0.018506
0.017511
0.026997
0.035507
0.030005
0.018002
0.030504
0.028507
0.018504
0.018000
0.029504
0.037507
0.026504
0.018000
0.018000
0.035010
0.037504
0.023502
0.018002
0.020504
0.027503
0.036503
0.022002
0.042010
0.037504
0.034506
0.026504
0.020000
0.023504
0.036007
0.036999
0.022504
0.019506
0.035505
0.038503
0.027502
0.028224
0.037010
0.030036
0.032007
0.017002
0.023503
0.037507
0.036504
0.034504
0.018506
0.018504
0.019000
0.018000
0.024505
0.037833
0.031520
0.017002
0.018006
0.029008
0.029002
0.019506
0.018007
0.026005
0.016999
0.018000
0.027504
0.037010
0.025000
0.019000
0.017503
0.029506
0.037503
0.026504
0.018002
0.016504
0.029002
0.037504
0.026508
0.031091
0.036504
0.018001
0.018504
0.016504
0.019000
0.020504
0.029506
0.036504
0.036504
0.029506
0.019504
0.024000
0.029504
0.018506
0.018506
0.020746
0.021001
0.031510
0.036008
0.033504
0.032003
0.036010
0.030000
0.018507
0.018504
0.018504
0.019000
0.018000
0.029506
0.037008
0.031000
0.017503
0.018002
0.017504
0.017504
0.036504
0.037506
0.019503
0.031000
0.036506
0.028025
0.014999
0.018996
0.038250
0.030359
0.016002
0.017504
0.018038
0.036513
0.023005
0.025498
0.036506
0.034505
0.035506
0.019003
0.023010
0.028000
0.036506
0.035007
0.031000
0.018002
0.021515
