1.000000
0.373824
0.359928
0.442270
0.464350
0.490284
0.407510
0.406811
0.248150
0.205936
0.167338
0.295092
0.405433
0.388399
0.410988
0.358380
0.429923
0.424607
0.412506
0.341677
0.252102
0.271340
0.216009
0.141302
0.155189
0.118440
0.159452
0.152236
0.184431
0.176834
0.177270
0.187383
0.218477
0.285510
0.245591
0.243855
0.275192
0.216896
0.173253
0.229026
0.151461
0.173581
0.229697
0.173748
0.222528
0.249616
0.161479
0.211999
0.200509
0.197147
0.173526
0.195172
0.162435
0.174671
0.152945
0.161949
0.222254
0.177926
0.215412
0.170800
0.172786
0.122959
0.160524
0.146695
0.180357
0.214396
0.159943
0.143304
0.204333
0.218036
0.216259
0.127559
0.198151
0.150448
0.181266
0.158193
0.197071
0.152416
0.200953
0.214095
0.154017
0.256982
0.108943
0.146105
0.238059
0.143901
0.173807
0.157183
0.191231
0.143545
0.161122
0.197517
0.250026
0.157506
0.155437
0.142333
0.139572
0.147984
0.171902
0.157547
0.152176
0.132198
0.144324
0.190700
0.178707
0.173010
0.175753
0.191993
0.204458
0.155671
0.167895
0.178629
0.124610
0.133172
0.161321
0.173005
0.136135
0.188058
0.117552
0.110795
0.230521
0.247130
0.095170
0.201485
0.416052
0.205193
0.408019
0.230220
0.087327
0.186971
0.410868
0.343575
0.210332
0.291144
0.271870
0.390392
0.395140
0.374327
0.183352
0.295829
0.344374
0.421543
0.331243
0.349132
0.213028
0.288787
0.378130
0.249817
0.317731
0.222201
0.297058
0.312672
0.287745
0.222459
0.191663
0.149737
0.191585
0.141646
0.155724
0.150141
0.175100
0.203922
0.205775
0.157927
0.235629
0.184682
0.185276
0.104509
0.192191
0.111901
0.158746
0.175336
0.075855
0.270429
0.142343
0.261714
0.146125
0.175063
0.234200
0.181508
0.185698
0.193087
0.203401
0.258581
0.206517
0.202409
0.237736
0.215613
0.231025
0.263269
0.259753
0.160552
0.296848
0.193585
0.231854
0.227342
0.271920
0.251173
0.173375
0.242674
0.303739
0.211398
0.132515
0.184412
0.202416
0.142358
0.246665
0.194180
0.147175
0.125500
0.162973
0.182916
0.215221
0.176247
0.199121
0.250393
0.256089
0.301148
0.282260
0.139684
0.184825
0.180146
0.220962
0.156502
0.225073
0.235170
0.253175
0.243171
0.193629
0.193705
0.228197
0.220274
0.199597
0.213884
0.259310
0.155947
0.264892
0.250171
0.255117
0.219454
0.190977
0.175051
0.187651
0.169381
0.206657
0.206940
0.191137
0.196614
0.257142
0.241904
0.361825
0.305110
0.224461
0.270396
0.285484
0.379263
0.254340
0.287152
0.328996
0.319588
0.309285
0.318819
0.133980
0.319413
0.167694
0.149712
0.459033
0.148378
0.137086
0.163297
0.334728
0.200249
0.295812
0.117972
0.089671
0.184928
0.156593
0.142977
0.189369
0.254254
0.252755
0.351579
0.196665
0.216563
0.254923
0.182470
0.161204
0.414038
0.268531
0.263790
0.317504
0.337913
0.234310
0.216494
0.175655
0.160064
0.382576
0.219504
0.314037
0.214042
0.329358
0.176089
0.408455
0.212579
0.385153
0.189480
0.137739
0.227319
0.202720
0.187844
0.336120
0.145853
0.285122
0.144166
0.239033
0.522490
0.154661
0.380166
0.240327
0.267877
0.267430
0.322661
0.195587
0.307804
0.215618
0.234421
0.264833
0.214394
0.365287
0.172251
0.301990
0.270514
0.214866
0.247738
0.253581
0.318378
0.204878
0.236404
0.137672
0.299833
0.264406
0.228493
0.173367
0.194832
0.184780
0.189856
0.189997
0.154898
0.324687
0.212166
0.277698
0.237576
0.288069
0.272529
0.270438
0.207402
0.297768
0.188292
0.276666
0.247108
0.236378
0.302220
0.252842
0.247658
0.293890
0.235516
0.240815
0.257756
0.188599
0.299969
0.292269
0.260108
0.352850
0.286059
0.367296
0.196296
0.254215
0.206371
0.163129
0.234279
0.247618
0.247869
0.297701
0.188271
0.186128
0.239852
0.183797
0.273637
0.319842
0.248802
0.259323
0.251290
0.278959
0.220498
0.187735
0.152839
0.184696
0.183400
0.266846
0.233838
0.327178
0.355997
0.208039
0.214675
0.436084
0.303820
0.177170
0.168638
0.258552
0.227044
0.210577
0.166184
0.145408
0.132475
0.181503
0.251103
0.167654
0.191493
0.236130
0.179546
0.226014
0.203353
0.191794
0.127244
0.334391
0.231046
0.326898
0.159758
0.230736
0.223936
0.268881
0.186947
0.291526
0.269199
0.312020
0.264909
0.284679
0.297184
0.182586
0.267855
0.146234
0.306181
0.220632
0.275335
0.256726
0.266675
0.242865
0.215175
0.227790
0.231470
0.144877
0.237627
0.231632
0.286349
0.360403
0.275132
0.151031
0.160229
0.275552
0.305439
0.253855
0.218566
0.234512
0.275119
0.273948
0.105308
0.284748
0.282274
0.279004
0.271412
0.215773
0.201066
0.335054
0.333902
0.165247
0.219683
0.203558
0.193016
0.288690
0.284999
0.291744
0.284229
0.306340
0.302709
0.293579
0.309018
0.303630
0.288739
0.290709
0.210389
0.293156
0.211402
0.296194
0.337377
0.180307
0.190130
0.213230
0.188828
0.216744
0.232154
0.206755
0.212140
0.182665
0.214396
0.405896
0.293397
0.285383
0.223417
0.297580
0.263785
0.268451
0.370836
0.313929
0.271308
0.319215
0.400057
0.369144
0.256650
0.319651
0.206938
0.307848
0.186545
0.214505
0.283273
0.279167
0.375992
0.309987
0.210852
0.254523
0.265802
0.259806
0.304449
0.263312
0.256005
0.290529
0.336588
0.167120
0.169277
0.170891
0.137289
0.156356
0.223478
0.272257
0.338030
0.278842
0.279585
0.355172
0.225708
0.270750
0.220004
0.236841
0.213778
0.344422
0.406961
0.340238
0.198651
0.279371
0.243738
0.142557
0.210087
0.198081
0.209052
0.266341
0.127772
0.248491
0.181882
0.180220
0.213498
0.246968
0.222943
0.100120
0.166727
0.175214
0.176705
0.175968
0.289878
0.162961
0.153550
0.134033
0.159156
0.180111
0.135219
0.152615
0.159100
0.139668
0.169511
0.165969
0.145996
0.170189
0.121529
0.177758
0.206501
0.213807
0.155125
0.161076
0.155572
0.168125
