206.000000,213.000000,73.000000,117.000000
207.000000,213.000000,73.000000,117.000000
207.000000,213.000000,73.000000,117.000000
208.000000,211.000000,73.000000,117.000000
208.000000,211.000000,73.000000,117.000000
208.000000,209.000000,73.000000,117.000000
208.275576,208.441676,72.448849,116.116648
208.549071,206.880017,71.901859,115.239965
209.820501,205.315049,71.358998,114.369901
211.089882,203.746797,70.820237,113.506407
213.357229,202.175284,70.285543,112.649431
216.622557,200.600537,69.754885,111.798926
219.885883,199.022579,69.228235,110.954842
221.888256,197.026383,69.223488,110.947234
222.890629,196.030187,69.218741,110.939627
223.893002,195.033990,69.213995,110.932019
225.895375,193.037794,69.209249,110.924413
227.897748,192.041596,69.204504,110.916807
228.900121,191.045399,69.199758,110.909202
224.902493,190.049202,69.195013,110.901597
227.469812,187.958465,68.060377,109.083070
230.027827,186.852819,66.944346,107.294363
231.576692,185.732507,65.846615,105.534986
234.116557,183.597770,64.766885,103.804460
235.647570,182.448845,63.704860,102.102309
237.169875,182.285965,62.660249,100.428070
238.683616,182.109358,61.632768,98.781285
239.924298,181.495107,61.151405,98.009785
241.163099,180.877844,60.673801,97.244311
241.400036,181.257592,60.199928,96.484816
242.635122,180.634374,59.729756,95.731252
242.868372,181.008213,59.263256,94.983574
243.099801,182.379132,58.800399,94.241735
243.329421,181.747155,58.341157,93.505690
244.668043,182.289877,57.663914,92.420246
247.002734,181.826299,56.994533,91.347402
248.333539,181.356494,56.332922,90.287012
249.660504,180.880535,55.678991,89.238931
250.983674,180.398492,55.032651,88.203016
251.303093,179.910436,54.393814,87.179127
252.618803,179.416438,53.762393,86.167124
253.651353,177.468606,53.697295,86.062788
255.683862,176.520711,53.632275,85.958578
256.716333,174.572753,53.567334,85.854495
257.748764,172.624731,53.502472,85.750537
259.781156,170.676647,53.437688,85.646706
260.813509,168.728500,53.372983,85.543000
261.845822,166.780290,53.308356,85.439419
260.788278,165.688062,53.423444,85.623877
259.730609,163.595634,53.538781,85.808732
259.672816,162.503007,53.654368,85.993986
260.614898,161.410180,53.770203,86.179641
261.556856,160.317152,53.886289,86.365696
262.498687,158.223924,54.002625,86.552153
264.440394,156.130494,54.119213,86.739012
265.765484,155.651529,53.469032,85.696941
267.086669,155.166305,52.826662,84.667390
268.403995,154.674896,52.192010,83.650207
270.717509,154.177378,51.564982,82.645245
273.027256,154.673822,50.945487,81.652356
275.333283,154.164302,50.333435,80.671395
277.635632,153.648890,49.728736,79.702220
280.785729,152.889457,49.428541,79.221087
283.934920,153.128571,49.130159,78.742858
287.083211,152.366242,48.833579,78.267516
291.230606,151.602478,48.538788,77.795044
295.377111,151.837288,48.245777,77.325424
299.522732,150.070681,47.954535,76.858639
301.667474,149.302664,47.665051,76.394671
303.824951,148.555058,47.350098,75.889884
304.981387,147.805784,47.037227,75.388432
305.136789,148.054854,46.726422,74.890293
297.291164,151.302277,46.417671,74.395446
289.444520,155.548066,46.110961,73.903868
285.596862,159.792230,45.806277,73.415539
295.748197,160.034782,45.503606,72.930437
298.175176,165.719118,44.649648,71.561764
300.594142,168.390612,43.811715,70.218777
302.005246,170.049503,42.989509,68.900993
304.408634,170.696030,42.182732,67.607940
306.804452,172.330423,41.391096,66.339154
308.192842,172.952911,40.614316,65.094178
310.573943,173.563716,39.852115,63.872567
311.618532,172.635181,39.762936,63.729637
313.663021,171.706486,39.673957,63.587027
335.707411,162.777632,39.585177,63.444736
336.751702,190.848618,39.496596,63.302764
339.795893,184.919446,39.408213,63.161109
342.839986,181.990115,39.320028,63.019771
344.883980,184.060625,39.232040,62.878749
347.779770,188.893603,39.440461,63.212793
350.675006,192.725694,39.649989,63.548612
353.569685,194.556893,39.860630,63.886215
358.463805,198.387195,40.072390,64.225611
367.357363,202.216595,40.285275,64.566810
378.250355,203.045089,40.499291,64.909822
387.142778,202.872672,40.714444,65.254656
396.916768,202.510436,41.166464,65.979128
410.688248,203.144179,41.623504,66.711643
420.457192,204.773855,42.085617,67.452290
426.223570,207.399420,42.552861,68.201160
429.987354,208.020828,43.025292,68.958345
434.748516,207.638032,43.502968,69.723936
437.507026,206.250987,43.985948,70.498026
437.377536,206.043448,44.244928,70.913103
437.247284,205.834688,44.505432,71.330624
438.116265,205.624698,44.767471,71.750604
441.984474,204.413472,45.031052,72.173056
446.851908,203.201002,45.296185,72.597995
450.718560,200.987282,45.562879,73.025436
449.584428,198.772303,45.831143,73.455394
447.638005,196.858173,45.723989,73.283654
443.691457,195.943842,45.617086,73.112315
438.744784,193.029311,45.510432,72.941377
432.797986,191.114581,45.404027,72.770839
427.851064,188.199651,45.297872,72.600699
422.904018,186.284522,45.191964,72.430957
418.956848,184.369194,45.086305,72.261612
414.922070,182.313455,45.155859,72.373090
410.887239,180.257630,45.225521,72.484740
405.852355,180.201719,45.295291,72.596562
401.817416,180.145722,45.365168,72.708557
396.782424,180.089638,45.435153,72.820725
391.747377,180.033467,45.505246,72.933065
388.712277,179.977210,45.575447,73.045579
388.537943,178.697800,45.924113,73.604400
388.362277,178.416252,46.275447,74.167497
388.185266,177.132550,46.629468,74.734901
388.006901,175.846677,46.986198,75.306646
387.827172,174.558618,47.345657,75.882765
386.646067,173.268355,47.707865,76.463291
386.463577,171.975871,48.072845,77.048259
385.191623,171.539999,48.616753,77.920002
384.916592,170.099196,49.166815,78.801608
383.638450,169.653405,49.723101,79.693189
382.357160,169.202571,50.285680,80.594858
382.072687,168.746636,50.854625,81.506728
382.784997,168.285542,51.430007,82.428915
382.494051,168.819232,52.011899,83.361537
382.198537,168.345600,52.602926,84.308799
381.899666,167.866587,53.200669,85.266826
382.597398,167.382131,53.805204,86.235739
383.291695,166.892169,54.416609,87.215661
382.982519,166.396640,55.034962,88.206720
383.669830,164.895480,55.660341,89.209039
383.353587,164.388626,56.292826,90.222749
383.206950,164.153605,56.586100,90.692791
383.059549,162.917360,56.880902,91.165281
382.911380,162.679883,57.177239,91.640233
382.762440,162.441170,57.475121,92.117659
382.612723,162.201213,57.774554,92.597573
382.462226,160.960006,58.075548,93.079987
382.310945,160.717543,58.378109,93.564914
383.155149,159.467841,58.689702,94.064317
383.998521,159.216807,59.002959,94.566386
383.841056,158.964433,59.317887,95.071134
384.682752,157.710712,59.634496,95.578576
385.523602,157.455636,59.952796,96.088727
386.363603,157.199199,60.272794,96.601601
387.202750,155.941394,60.594500,97.117212
389.055384,155.705204,60.889232,97.589591
389.907301,155.467866,61.185398,98.064267
392.758498,154.229374,61.483004,98.541253
395.608971,153.989721,61.782057,99.020558
399.458717,152.748903,62.082566,99.502194
403.307732,152.506913,62.384536,99.986174
408.156013,151.263746,62.687974,100.472507
413.177199,151.297703,62.645601,100.404594
417.198371,151.331636,62.603257,100.336727
422.219529,150.365547,62.560941,100.268906
427.240673,150.399435,62.518654,100.201131
432.261802,149.433299,62.476396,100.133401
438.282917,148.467141,62.434165,100.065717
445.304018,147.500960,62.391964,99.998079
452.468575,146.764702,62.062851,99.470597
459.632263,146.027052,61.735474,98.945897
466.795088,145.288018,61.409824,98.423964
474.957054,144.547607,61.085892,97.904785
483.118166,143.805828,60.763668,97.388345
489.278428,143.062686,60.443144,96.874628
494.437845,142.318189,60.124311,96.363622
497.715933,140.763892,59.568134,95.472215
497.991449,140.205473,59.017103,94.589055
496.264416,139.642968,58.471168,93.714064
493.534858,141.076416,57.930284,92.847167
493.802799,143.505855,57.394403,91.988289
497.068260,143.931322,56.863479,91.137357
503.331267,141.352852,56.337467,90.294296
508.520009,139.655357,55.959981,89.689285
515.707487,136.955836,55.585025,89.088328
524.893709,133.254301,55.212582,88.491398
536.078683,129.550766,54.842634,87.898468
546.262418,125.845245,54.475164,87.309510
557.444921,123.137751,54.110157,86.724499
569.626202,119.428296,53.747596,86.143407
583.814431,116.729979,53.371137,85.540042
601.001342,113.029548,52.997316,84.940903
617.186944,108.327020,52.626112,84.345961
629.371246,99.622407,52.257509,83.755185
641.554257,92.915726,51.891487,83.168548
654.735986,84.206990,51.528029,82.586019
656.916442,83.496215,51.167117,82.007571
662.251844,81.033777,50.496312,80.932446
663.582849,74.564292,49.834302,79.871416
659.909514,71.087852,49.180971,78.824296
663.231897,65.604548,48.536205,77.790904
661.550054,64.114470,47.899892,76.771060
662.864039,64.617707,47.271922,75.764587
667.173908,66.114346,46.652183,74.771308
665.252478,71.240273,46.495044,74.519454
667.330783,71.365776,46.338434,74.268448
665.408825,78.490856,46.182351,74.018288
666.486603,83.615515,46.026794,73.768971
667.564120,95.739754,45.871761,73.520493
667.641375,106.863574,45.717250,73.272852
668.718370,124.986977,45.563259,73.026045
678.785606,239.094739,45.428787,72.810522
678.852644,273.202183,45.294712,72.595634
678.919484,298.309310,45.161032,72.381380
679.986126,315.416120,45.027747,72.167759
680.052572,346.522616,44.894856,71.954768
680.118822,336.628797,44.762356,71.742406
680.184876,320.734665,44.630248,71.530671
679.912223,356.297672,45.175554,72.404655
684.636238,355.855341,45.727523,73.289318
685.356882,354.407605,46.286236,74.184790
686.074112,349.954399,46.851776,75.091203
685.787887,335.495655,47.424226,76.008691
685.498165,316.031306,48.003670,76.937389
685.204903,310.561283,48.590194,77.877434
684.631414,302.642129,49.737172,79.715742
684.044387,295.701278,50.911225,81.597443
683.443504,290.738219,52.112992,83.523562
682.828437,295.752426,53.343126,85.495148
682.198851,276.743364,54.602298,87.513273
681.554403,287.710482,55.891193,89.579036
680.894744,263.653219,57.210513,91.693562
679.978744,261.185111,59.042511,94.629778
679.033413,264.669991,60.933174,97.660018
678.057810,245.106353,62.884379,100.787293
677.050967,226.492645,64.898067,104.014710
676.011882,211.827263,66.976236,107.345475
674.939523,200.108551,69.120953,110.782897
673.832826,195.334803,71.334348,114.330394
670.745140,195.386047,77.509719,124.227906
667.390156,184.008880,84.219688,134.982240
663.744732,190.166215,91.510535,146.667570
658.783727,96.817754,99.432546,159.364492
655.479820,63.919711,108.040361,173.160578
650.803326,49.424508,117.393349,188.150984
645.721990,-19.719550,127.556019,204.439099
640.543315,-47.019619,137.913371,221.039238
634.944138,-58.993641,149.111723,238.987283
628.890318,-70.696340,161.219365,258.392681
622.344936,-86.186883,174.310128,279.373767
616.268079,-96.529243,188.463841,302.058485
608.616593,-108.792584,203.766814,326.585167
600.343818,-122.051689,220.312364,353.103378
595.562253,-129.715293,229.875493,368.430585
590.573135,-138.711551,239.853730,384.423102
585.367453,-147.054904,250.265094,401.109809
582.750000,-152.250000,255.500000,409.500000
582.750000,-152.250000,255.500000,409.500000
582.750000,-152.250000,255.500000,409.500000
582.750000,-151.250000,255.500000,409.500000
582.750000,-150.250000,255.500000,409.500000
582.750000,-150.250000,255.500000,409.500000
582.750000,-150.250000,255.500000,409.500000
582.750000,-149.250000,255.500000,409.500000
582.750000,-149.250000,255.500000,409.500000
582.750000,-149.250000,255.500000,409.500000
582.750000,-149.250000,255.500000,409.500000
582.750000,-150.250000,255.500000,409.500000
582.750000,-150.250000,255.500000,409.500000
582.750000,-150.250000,255.500000,409.500000
582.750000,-150.250000,255.500000,409.500000
582.750000,-149.250000,255.500000,409.500000
582.750000,-148.250000,255.500000,409.500000
582.750000,-148.250000,255.500000,409.500000
583.304392,-147.361454,254.391216,407.722908
583.856378,-146.476764,253.287243,405.953527
584.405969,-145.595913,252.188062,404.191825
584.953175,-144.718884,251.093650,402.437768
585.498006,-143.845662,250.003988,400.691323
586.040473,-142.976229,248.919055,398.952458
586.580585,-142.110569,247.838830,397.221138
587.343599,-140.887656,246.312801,394.775311
588.101916,-139.672272,244.796169,392.344544
588.855563,-139.464372,243.288875,389.928745
589.604569,-178.263910,241.790862,387.527820
590.348964,-177.070839,240.302073,385.141678
591.088775,-175.885114,238.822450,382.770229
591.824031,-174.706691,237.351939,380.413381
591.015462,-176.002616,238.969077,383.005233
590.201384,-177.307371,240.597233,385.614743
589.381759,-182.621016,242.236482,388.242032
588.556550,-183.943611,243.886899,390.887222
587.725719,-187.275217,245.548561,393.550434
586.889228,-188.615896,247.221545,396.231791
586.047037,-198.465709,248.905927,398.931417
587.484891,-196.161202,246.030217,394.322403
588.906134,-193.883320,243.187732,389.766639
610.310956,-175.631755,240.378087,385.263510
631.699548,-174.406203,237.600903,380.812407
653.072097,-173.206364,234.855805,376.412729
674.428789,-172.031941,232.142422,372.063882
695.769806,-170.882640,229.460388,367.765280
717.739607,-168.725561,225.520785,361.451121
739.675590,-166.622685,221.648821,355.245370
761.578333,-164.573083,217.843334,349.146166
783.448408,-161.575839,214.103184,343.151679
785.286376,-160.630055,210.427249,337.260111
791.092787,-157.734847,206.814425,331.469695
792.868185,-124.889347,203.263630,325.778695
807.803420,-136.006847,213.393159,342.013694
822.486256,-155.528878,224.027488,359.057755
836.904114,-177.475599,235.191773,376.951198
851.043788,-172.868175,246.912423,395.736350
866.750000,-188.750000,255.500000,409.500000
886.750000,-201.750000,255.500000,409.500000
906.750000,-203.750000,255.500000,409.500000
926.750000,-203.750000,255.500000,409.500000
946.750000,-203.750000,255.500000,409.500000
966.750000,-203.750000,255.500000,409.500000
986.750000,-203.750000,255.500000,409.500000
1006.750000,-203.750000,255.500000,409.500000
1026.750000,-203.750000,255.500000,409.500000
1046.750000,-203.750000,255.500000,409.500000
1066.750000,-203.750000,255.500000,409.500000
1086.750000,-203.750000,255.500000,409.500000
1086.750000,-203.750000,255.500000,409.500000
1087.750000,-203.750000,255.500000,409.500000
1107.750000,-203.750000,255.500000,409.500000
1127.750000,-203.750000,255.500000,409.500000
1147.750000,-203.750000,255.500000,409.500000
1149.750000,-203.750000,255.500000,409.500000
1153.750000,-168.750000,255.500000,409.500000
1154.750000,-203.750000,255.500000,409.500000
1158.750000,-165.750000,255.500000,409.500000
1158.750000,-165.750000,255.500000,409.500000
1158.750000,-164.750000,255.500000,409.500000
1158.750000,-203.750000,255.500000,409.500000
1158.750000,-203.750000,255.500000,409.500000
1158.750000,-203.750000,255.500000,409.500000
1178.750000,-203.750000,255.500000,409.500000
1198.750000,-203.750000,255.500000,409.500000
1218.750000,-203.750000,255.500000,409.500000
1218.750000,-203.750000,255.500000,409.500000
1218.750000,-203.750000,255.500000,409.500000
1218.750000,-203.750000,255.500000,409.500000
1218.750000,-203.750000,255.500000,409.500000
1218.750000,-203.750000,255.500000,409.500000
1218.750000,-201.750000,255.500000,409.500000
1218.750000,-201.750000,255.500000,409.500000
1218.750000,-201.750000,255.500000,409.500000
1218.750000,-202.750000,255.500000,409.500000
1218.750000,-203.750000,255.500000,409.500000
1218.750000,-204.750000,255.500000,409.500000
1218.750000,-204.750000,255.500000,409.500000
1218.750000,-204.750000,255.500000,409.500000
1218.750000,-204.750000,255.500000,409.500000
1218.750000,-203.750000,255.500000,409.500000
1218.750000,-203.750000,255.500000,409.500000
1218.750000,-202.750000,255.500000,409.500000
1218.750000,-201.750000,255.500000,409.500000
1218.750000,-202.750000,255.500000,409.500000
1218.750000,-203.750000,255.500000,409.500000
1218.750000,-203.750000,255.500000,409.500000
1218.750000,-203.750000,255.500000,409.500000
1218.750000,-203.750000,255.500000,409.500000
1218.750000,-203.750000,255.500000,409.500000
1218.750000,-203.750000,255.500000,409.500000
1218.750000,-203.750000,255.500000,409.500000
1218.750000,-203.750000,255.500000,409.500000
1218.750000,-203.750000,255.500000,409.500000
1218.750000,-203.750000,255.500000,409.500000
1218.750000,-203.750000,255.500000,409.500000
1218.750000,-203.750000,255.500000,409.500000
1218.750000,-203.750000,255.500000,409.500000
1218.750000,-203.750000,255.500000,409.500000
1218.750000,-203.750000,255.500000,409.500000
1218.750000,-203.750000,255.500000,409.500000
1218.750000,-203.750000,255.500000,409.500000
1218.750000,-203.750000,255.500000,409.500000
1218.750000,-203.750000,255.500000,409.500000
1218.750000,-203.750000,255.500000,409.500000
1218.750000,-203.750000,255.500000,409.500000
1218.750000,-203.750000,255.500000,409.500000
1218.750000,-203.750000,255.500000,409.500000
1218.750000,-203.750000,255.500000,409.500000
1218.750000,-203.750000,255.500000,409.500000
1218.750000,-203.750000,255.500000,409.500000
1218.750000,-203.750000,255.500000,409.500000
1218.750000,-203.750000,255.500000,409.500000
1218.750000,-203.750000,255.500000,409.500000
1218.750000,-203.750000,255.500000,409.500000
1218.750000,-203.750000,255.500000,409.500000
1218.750000,-203.750000,255.500000,409.500000
1218.750000,-203.750000,255.500000,409.500000
1218.750000,-203.750000,255.500000,409.500000
1218.750000,-203.750000,255.500000,409.500000
1218.750000,-203.750000,255.500000,409.500000
1218.750000,-203.750000,255.500000,409.500000
1218.750000,-203.750000,255.500000,409.500000
1218.750000,-203.750000,255.500000,409.500000
1218.750000,-203.750000,255.500000,409.500000
1218.750000,-203.750000,255.500000,409.500000
1218.750000,-203.750000,255.500000,409.500000
1218.750000,-203.750000,255.500000,409.500000
1218.750000,-203.750000,255.500000,409.500000
1218.750000,-203.750000,255.500000,409.500000
1218.750000,-203.750000,255.500000,409.500000
1218.750000,-203.750000,255.500000,409.500000
1218.750000,-203.750000,255.500000,409.500000
1218.750000,-203.750000,255.500000,409.500000
1218.750000,-203.750000,255.500000,409.500000
1218.750000,-203.750000,255.500000,409.500000
1218.750000,-203.750000,255.500000,409.500000
1218.750000,-203.750000,255.500000,409.500000
1218.750000,-203.750000,255.500000,409.500000
1218.750000,-203.750000,255.500000,409.500000
1218.750000,-203.750000,255.500000,409.500000
1218.750000,-203.750000,255.500000,409.500000
1218.750000,-203.750000,255.500000,409.500000
1218.750000,-203.750000,255.500000,409.500000
1218.750000,-203.750000,255.500000,409.500000
1218.750000,-203.750000,255.500000,409.500000
1218.750000,-203.750000,255.500000,409.500000
1218.750000,-203.750000,255.500000,409.500000
1218.750000,-203.750000,255.500000,409.500000
1218.750000,-203.750000,255.500000,409.500000
1218.750000,-203.750000,255.500000,409.500000
1218.750000,-203.750000,255.500000,409.500000
1218.750000,-203.750000,255.500000,409.500000
1218.750000,-203.750000,255.500000,409.500000
1218.750000,-203.750000,255.500000,409.500000
1218.750000,-203.750000,255.500000,409.500000
1218.750000,-203.750000,255.500000,409.500000
1218.750000,-203.750000,255.500000,409.500000
1218.750000,-203.750000,255.500000,409.500000
1218.750000,-203.750000,255.500000,409.500000
1218.750000,-203.750000,255.500000,409.500000
1218.750000,-203.750000,255.500000,409.500000
1218.750000,-203.750000,255.500000,409.500000
1218.750000,-203.750000,255.500000,409.500000
1218.750000,-203.750000,255.500000,409.500000
1218.750000,-203.750000,255.500000,409.500000
1219.651903,-202.304484,253.696193,406.608968
1220.547439,-200.869173,251.905122,403.738346
1221.436653,-199.443995,250.126694,400.887990
1222.319589,-198.028879,248.360823,398.057757
1223.196291,-196.623753,246.607418,395.247506
1224.066804,-195.228547,244.866393,392.457095
1224.931171,-193.843192,243.137658,389.686384
1226.968211,-190.578347,239.063578,383.156694
1228.971118,-187.368209,235.057765,376.736418
1230.940463,-184.211860,231.119074,370.423721
1232.876810,-181.108401,227.246380,364.216801
1234.780711,-178.056943,223.438579,358.113887
1236.652709,-175.056617,219.694582,352.113234
1238.493340,-172.106565,216.013321,346.213130
1240.943412,-168.179737,211.113176,338.359474
1243.337905,-164.341987,206.324189,330.683974
1245.678081,-160.591294,201.643837,323.182589
1247.965172,-156.925684,197.069657,315.851368
1250.200380,-153.343226,192.599239,308.686452
1252.384885,-149.842034,188.230231,301.684068
1254.519835,-146.420265,183.960331,294.840530
1254.546141,-146.378104,183.907719,294.756207
1254.572439,-146.335954,183.855122,294.671909
1254.598730,-146.293817,183.802541,294.587634
1254.625013,-146.251692,183.749974,294.503384
1254.651288,-146.209579,183.697423,294.419157
1254.677557,-146.167478,183.644887,294.334955
1254.703817,-146.125389,183.592365,294.250777
1254.316484,-146.746183,184.367032,295.492366
1253.927517,-147.369596,185.144967,296.739193
1253.536908,-147.995641,185.926184,297.991281
1253.144651,-148.624326,186.710698,299.248653
1252.750739,-149.255665,187.498522,300.511329
1252.355165,-149.889667,188.289670,301.779334
1251.957922,-150.526345,189.084157,303.052689
1252.745927,-149.263378,187.508146,300.526755
1253.527364,-148.010937,185.945272,298.021875
1254.302288,-146.768936,184.395425,295.537873
1255.070752,-145.537287,182.858495,293.074574
1255.832812,-144.315904,181.334376,290.631808
1256.588520,-143.104701,179.822960,288.209401
1257.337929,-141.903593,178.324141,285.807186
1258.072775,-140.725826,176.854449,283.451651
1258.801565,-139.557765,175.396870,281.115531
1259.524349,-138.399332,173.951303,278.798664
1260.241175,-137.250446,172.517650,276.500891
1260.952093,-136.111028,171.095813,274.222057
1261.657153,-134.981002,169.685694,271.962003
1262.356401,-133.860288,168.287198,269.720577
1262.293443,-133.961195,168.413115,269.922389
1262.230437,-134.062176,168.539126,270.124352
1262.167384,-134.163233,168.665231,270.326466
1262.104285,-134.264366,168.791431,270.528732
1262.041137,-134.365574,168.917725,270.731149
1261.977943,-134.466858,169.044114,270.933717
1261.914701,-134.568218,169.170597,271.136437
1259.759995,-138.021652,173.480011,278.043305
1257.550400,-141.563058,177.899201,285.126116
1255.284518,-145.194677,182.430964,292.389354
1252.960915,-148.918807,187.078169,299.837614
1250.578122,-152.737804,191.843756,307.475609
1248.134630,-156.654086,196.730740,315.308172
1245.628893,-160.670130,201.742214,323.340261
1242.441544,-165.778621,208.116912,333.557243
1239.153480,-171.048532,214.693040,344.097064
1235.761519,-176.484962,221.476961,354.969924
1232.262379,-182.093174,228.475242,366.186348
1228.652671,-187.878595,235.694657,377.757190
1224.928904,-193.846826,243.142193,389.693651
1221.087471,-200.003642,250.825057,402.007284
1220.928682,-200.258140,251.142636,402.516279
1220.769692,-179.512960,251.460617,403.025920
1220.610500,-200.768103,251.779000,403.536205
1220.451107,-201.023569,252.097786,404.047137
1220.291512,-201.279358,252.416976,404.558716
1220.131715,-201.535471,252.736571,405.070942
1219.971715,-201.791908,253.056570,405.583817
1218.750000,-203.750000,255.500000,409.500000
1218.750000,-203.750000,255.500000,409.500000
1218.750000,-203.750000,255.500000,409.500000
1218.750000,-203.750000,255.500000,409.500000
1218.750000,-203.750000,255.500000,409.500000
1218.750000,-203.750000,255.500000,409.500000
1218.750000,-203.750000,255.500000,409.500000
1218.750000,-203.750000,255.500000,409.500000
1218.750000,-203.750000,255.500000,409.500000
1218.750000,-203.750000,255.500000,409.500000
1218.750000,-203.750000,255.500000,409.500000
1218.750000,-203.750000,255.500000,409.500000
1218.750000,-203.750000,255.500000,409.500000
1218.750000,-203.750000,255.500000,409.500000
1218.750000,-203.750000,255.500000,409.500000
1218.750000,-203.750000,255.500000,409.500000
1218.750000,-203.750000,255.500000,409.500000
1218.750000,-203.750000,255.500000,409.500000
1218.750000,-203.750000,255.500000,409.500000
1218.750000,-203.750000,255.500000,409.500000
1218.750000,-203.750000,255.500000,409.500000
1218.750000,-203.750000,255.500000,409.500000
1218.750000,-203.750000,255.500000,409.500000
1218.750000,-203.750000,255.500000,409.500000
1218.750000,-203.750000,255.500000,409.500000
1218.750000,-203.750000,255.500000,409.500000
1218.750000,-203.750000,255.500000,409.500000
1218.750000,-203.750000,255.500000,409.500000
1218.750000,-203.750000,255.500000,409.500000
1218.750000,-203.750000,255.500000,409.500000
1218.750000,-203.750000,255.500000,409.500000
1218.750000,-203.750000,255.500000,409.500000
1218.750000,-203.750000,255.500000,409.500000
1218.750000,-203.750000,255.500000,409.500000
1218.750000,-203.750000,255.500000,409.500000
1218.750000,-203.750000,255.500000,409.500000
1218.750000,-203.750000,255.500000,409.500000
1218.750000,-203.750000,255.500000,409.500000
1218.750000,-203.750000,255.500000,409.500000
1218.750000,-203.750000,255.500000,409.500000
1218.750000,-203.750000,255.500000,409.500000
1218.750000,-203.750000,255.500000,409.500000
1219.447230,-202.632522,254.105541,407.265044
1220.140654,-201.521143,252.718692,405.042287
1220.830294,-200.415830,251.339412,402.831660
1221.516170,-199.316550,249.967660,400.633099
1222.198303,-198.223268,248.603395,398.446537
1222.876712,-197.135954,247.246575,396.271909
1223.551419,-196.054574,245.897161,394.109149
1223.425524,-196.256352,246.148952,394.512704
1223.299499,-196.458337,246.401001,394.916673
1223.173346,-196.660528,246.653308,395.321056
1223.047063,-196.862926,246.905873,395.725852
1222.920651,-197.065532,247.158697,396.131063
1222.794110,-197.268344,247.411780,396.536689
1222.667439,-197.471365,247.665122,396.942730
1222.370366,-197.947495,248.259268,397.894991
1222.072581,-198.424768,248.854839,398.849536
1221.774081,-198.903186,249.451838,399.806371
1221.474865,-199.382751,250.050270,400.765502
1221.174931,-199.863467,250.650138,401.726933
1220.874278,-200.345336,251.251445,402.690671
1220.572903,-200.828361,251.854194,403.656721
1220.799468,-200.465237,251.401065,402.930474
1221.025624,-200.102766,250.948751,402.205533
1221.251374,-199.740948,250.497251,401.481896
1221.476718,-199.379781,250.046564,400.759561
1221.701656,-199.019263,249.596687,400.038526
1221.926190,-198.659394,249.147620,399.318788
1222.150320,-198.300172,248.699360,398.600345
1221.995988,-198.547527,249.008025,399.095054
1221.841464,-198.795188,249.317072,399.590376
1221.686748,-199.043157,249.626503,400.086314
1221.531841,-199.291433,249.936319,400.582867
1221.376741,-199.540018,250.246518,401.080036
1221.221449,-199.788911,250.557103,401.577822
1221.065964,-200.038113,250.868073,402.076226
1222.078942,-198.414573,248.842116,398.829145
1223.083740,-188.804144,246.832521,395.608287
1224.080423,-187.206720,244.839155,392.413440
1225.069057,-185.622197,242.861886,389.244393
1226.049707,-193.050470,240.900586,386.100939
1227.022438,-191.491436,238.955125,382.982871
1227.987313,-189.944992,237.025375,379.889984
1228.506740,-188.112485,235.986520,378.224970
1229.023891,-187.283627,234.952219,376.567254
1229.538775,-186.458402,233.922450,374.916804
1230.051402,-185.636794,232.897196,373.273587
1230.561783,-184.818786,231.876434,371.637573
1231.069927,-184.004364,230.860147,370.008729
1231.575843,-183.193512,229.848314,368.387023
1232.031446,-182.463298,228.937107,366.926597
1232.485243,-181.735980,228.029513,365.471959
1232.937241,-181.011544,227.125517,364.023089
1233.387448,-180.289981,226.225105,362.579962
1233.835869,-179.571278,225.328262,361.142557
1234.282513,-178.855425,224.434975,359.710850
1234.727386,-178.142409,223.545229,358.284819
1234.071495,-179.193631,224.857010,360.387263
1233.411756,-173.251022,226.176489,362.502044
1232.748145,-178.314617,227.503711,364.629235
1232.080640,-183.384454,228.838721,366.768909
1231.409218,-184.460569,230.181565,368.921138
1230.733856,-184.542998,231.532289,371.085997
1230.054531,-185.631780,232.890939,373.263559
1236.952543,-174.576061,219.094913,351.152121
1243.441931,-164.175262,206.116138,330.350523
1249.546899,-155.390587,193.906202,310.781174
1255.290220,-146.185538,182.419560,292.371076
1260.693317,-137.525779,171.613365,275.051558
1265.776346,-129.379008,161.447309,258.758016
1270.558265,-121.714836,151.883471,243.429673
1272.825106,-118.081679,147.349787,236.163358
1275.024283,-114.556970,142.951433,229.113941
1277.157816,-110.137474,138.684369,222.274947
1279.227662,-106.820048,134.544675,215.640096
1281.235725,-102.601646,130.528550,209.203293
1283.183847,-98.479313,126.632306,202.958627
1285.073818,-95.450181,122.852363,196.900363
1286.166892,-92.698269,120.666216,193.396538
1287.240514,-90.977532,118.518971,189.955064
1288.295032,-89.287415,116.409937,186.574830
1289.330784,-88.627374,114.338432,183.254748
1290.348105,-86.996873,112.303790,179.993746
1291.347323,-84.395387,110.305354,176.790773
1292.328760,-82.822398,108.342480,173.644797
1292.893880,-81.916658,107.212240,171.833315
1293.453105,-81.020366,106.093790,170.040731
1294.006496,-79.133424,104.987008,168.266848
1294.554114,-78.255735,103.891772,166.511470
1295.096019,-78.387202,102.807962,164.774404
1295.632271,-78.527730,101.735458,163.055460
1296.162929,-78.677224,100.674142,161.354447
1296.816229,-78.630154,99.367542,159.260307
1297.461050,-77.596673,98.077900,157.193346
1298.097502,-76.576606,96.804995,155.153211
1298.725695,-75.569777,95.548611,153.139554
1299.345734,-74.576016,94.308532,151.152031
1299.957726,-73.595152,93.084548,149.190304
1300.561775,-72.627018,91.876450,147.254036
1300.973049,-71.967852,91.053901,145.935705
1301.380642,-71.314588,90.238717,144.629176
1301.784585,-69.667172,89.430830,143.334345
1302.184912,-69.025553,88.630177,142.051105
1302.581654,-67.389677,87.836691,140.779355
1302.974845,-63.759495,87.050310,139.518990
1303.364516,-61.134954,86.270969,138.269908
1303.695596,-59.604318,85.608808,137.208637
1304.024135,-59.077756,84.951729,136.155511
1304.350153,-59.555234,84.299694,135.110468
1304.673668,-59.036723,83.652663,134.073447
1304.994701,-58.522192,83.010599,133.044384
1305.313269,-57.011610,82.373462,132.023221
1305.629392,-57.504947,81.741216,131.009895
1306.015130,-57.886710,80.969741,129.773421
1306.397227,-57.274308,80.205547,128.548616
1306.775717,-57.667686,79.448565,127.335372
1307.150636,-58.066789,78.698728,126.133578
1307.522016,-57.471563,77.955968,124.943126
1307.889891,-56.881955,77.220218,123.763911
1308.254294,-57.297912,76.491412,122.595824
1308.454327,-57.977311,76.091345,121.954622
1308.653314,-58.658387,75.693371,121.316773
1308.851261,-60.341130,75.297479,120.682261
1309.048172,-59.025533,74.903657,120.051067
1309.244053,-58.711587,74.511895,119.423174
1309.438909,-58.399283,74.122182,118.798565
1309.632746,-58.088612,73.734507,118.177224
1309.554747,-58.213625,73.890507,118.427250
1309.476582,-58.338903,74.046836,118.677806
1309.398252,-58.464446,74.203497,118.928892
1309.319756,-58.590255,74.360489,119.180509
1309.241094,-58.716329,74.517813,119.432659
1309.162265,-58.842671,74.675470,119.685342
1309.083270,-58.969280,74.833460,119.938560
1308.983720,-59.128832,75.032559,120.257664
1308.883906,-59.288809,75.232188,120.577617
1308.783826,-59.449211,75.432349,120.898422
1308.683479,-59.610040,75.633041,121.220080
1308.582866,-59.771297,75.834268,121.542594
1308.481985,-59.932983,76.036030,121.865965
1308.380836,-60.095099,76.238328,122.190198
1308.302103,-60.221286,76.395793,122.442572
1308.223209,-60.347734,76.553583,122.695468
1308.144151,-60.474443,76.711699,122.948887
1308.064930,-60.601414,76.870141,123.202829
1307.985545,-60.728647,77.028910,123.457295
1307.905996,-60.856143,77.188008,123.712287
1307.826283,-60.983903,77.347434,123.967805
1307.773778,-61.068054,77.452444,124.136108
1307.721202,-61.152320,77.557596,124.304640
1307.668555,-61.236700,77.662891,124.473400
1307.615836,-61.321195,77.768329,124.642390
1307.563045,-61.405804,77.873910,124.811609
1307.510183,-61.490529,77.979634,124.981057
1307.457249,-61.575368,78.085502,125.150736
1307.453930,-61.580688,78.092141,125.161376
1307.450610,-61.586008,78.098780,125.172017
1307.447290,-61.591329,78.105420,125.182659
1307.443970,-61.596651,78.112060,125.193301
1307.440650,-61.601973,78.118701,125.203945
1307.437329,-61.607295,78.125342,125.214590
1307.434008,-61.612618,78.131984,125.225235
1307.574119,-61.388056,77.851762,124.776111
1307.713728,-61.164299,77.572544,124.328598
1307.852836,-60.941345,77.294328,123.882690
1307.991445,-60.719191,77.017110,123.438382
1308.129557,-60.497833,76.740886,122.995667
1308.267174,-60.277270,76.465653,122.554539
1308.404297,-60.057497,76.191406,122.114994
1308.352864,-60.139930,76.294272,122.279861
1308.301362,-60.222475,76.397277,122.444950
1308.249790,-60.305131,76.500420,122.610263
1308.198148,-60.387899,76.603703,122.775798
1308.146437,-60.470779,76.707125,122.941557
1308.094656,-60.553770,76.810687,123.107540
1308.042806,-60.636873,76.914389,123.273747
1308.068860,-60.595114,76.862279,123.190228
1308.094898,-60.553383,76.810205,123.106766
1308.120917,-60.511680,76.758165,123.023361
1308.146919,-60.470006,76.706161,122.940012
1308.172904,-60.428360,76.654192,122.856719
1308.198871,-60.386742,76.602259,122.773483
1308.224820,-60.345152,76.550360,122.690304
1308.571382,-59.789703,75.857236,121.579406
1308.914806,-59.239283,75.170387,120.478566
1309.255121,-58.693847,74.489758,119.387694
1309.592354,-58.153350,73.815291,118.306700
1309.926534,-58.617746,73.146931,117.235493
1310.257688,-58.086993,72.484623,116.173985
1310.585844,-57.561045,71.828312,115.122089
1310.860159,-57.121388,71.279681,114.242777
1311.132380,-56.685090,70.735241,113.370180
1311.402521,-56.252125,70.194959,112.504249
1311.670598,-55.822466,69.658804,111.644932
1311.936628,-55.396089,69.126744,110.792179
1312.200626,-54.972969,68.598748,109.945938
1312.462608,-54.553081,68.074785,109.106162
1312.490743,-54.507987,68.018513,109.015973
1312.518856,-54.462930,67.962288,108.925860
1312.546945,-54.417910,67.906110,108.835820
1312.575011,-54.372928,67.849978,108.745855
1312.603054,-53.327982,67.793893,108.655965
1312.631073,-53.283074,67.737853,108.566149
1312.659070,-53.238203,67.681861,108.476407
1312.572091,-53.377608,67.855819,108.755216
1312.484888,-53.517371,68.030224,109.034743
1312.397461,-53.657494,68.205078,109.314987
1312.309810,-53.797976,68.380381,109.595952
1312.221933,-53.938820,68.556134,109.877640
1312.133830,-54.080025,68.732339,110.160051
1312.045501,-54.221594,68.908997,110.443188
1311.858049,-54.522031,69.283902,111.044062
1311.669577,-54.824103,69.660846,111.648206
1311.480079,-55.127818,70.039841,112.255636
1311.289551,-55.433186,70.420898,112.866371
1311.097986,-55.740214,70.804028,113.480429
1310.905379,-56.048914,71.189243,114.097828
1310.711723,-56.359293,71.576553,114.718585
1310.598548,-56.540683,71.802904,115.081366
1310.485015,-55.722647,72.029970,115.445295
1310.371123,-55.905187,72.257755,115.810374
1310.256870,-56.088304,72.486259,116.176607
1310.142257,-56.272000,72.715487,116.543999
1310.027281,-56.456276,72.945439,116.912553
1309.911941,-56.641136,73.176118,117.282272
1309.776982,-56.857439,73.446036,117.714879
1309.641526,-57.074541,73.716948,118.149082
1309.505570,-57.292443,73.988860,118.584886
1309.369112,-57.511149,74.261775,119.022298
1309.232151,-57.730661,74.535697,119.461323
1309.094685,-55.950984,74.810629,119.901967
1308.956712,-55.172119,75.086575,120.344237
1309.361809,-54.522855,74.276383,119.045709
1309.762534,-57.880596,73.474932,117.761192
1310.158935,-57.245268,72.682129,116.490536
1310.551060,-56.616795,71.897881,115.233589
1310.938953,-55.995103,71.122094,113.990206
1311.322661,-55.380119,70.354679,112.760238
1311.702228,-54.771771,69.595544,111.543543
1311.622711,-54.899217,69.754579,111.798435
1311.543011,-55.026955,69.913978,112.053909
1311.463130,-55.154984,70.073741,112.309968
1311.383066,-55.283306,70.233869,112.566611
1311.302819,-55.411921,70.394363,112.823841
1311.222388,-55.540830,70.555223,113.081659
1311.141774,-55.670033,70.716452,113.340066
1311.118590,-55.707191,70.762820,113.414382
1311.095391,-55.744374,70.809219,113.488748
1311.072176,-55.781581,70.855648,113.563161
1311.048946,-55.818812,70.902107,113.637624
1311.025701,-55.856068,70.948597,113.712135
1311.002441,-55.893348,70.995118,113.786696
1310.979166,-55.930652,71.041669,113.861305
1310.399020,-19.860475,72.201960,115.720950
1309.809399,-10.805483,73.381202,117.610967
1309.210148,-7.765926,74.579703,119.531853
1308.601110,-1.742056,75.797779,121.484112
1307.982125,5.265872,77.035750,123.468256
1307.353030,5.257597,78.293939,125.484807
1306.713661,7.232854,79.572678,127.534293
1306.315528,10.594751,80.368943,128.810498
1305.913412,14.950263,81.173176,130.099474
1305.507272,30.299326,81.985456,131.401348
1305.097067,37.641875,82.805865,132.716250
1304.682758,44.977845,83.634484,134.044310
1304.264303,19.307171,84.471394,135.385659
1303.841661,19.629785,85.316679,136.740431
1303.641911,17.309639,85.716178,137.380723
1303.441227,22.987993,86.117547,138.024013
1303.239602,24.664842,86.520796,138.670316
1303.037034,19.340177,86.925932,139.319645
1302.833517,18.013993,87.332966,139.972015
1302.629047,17.686280,87.741906,140.627439
1302.423619,18.357034,88.152761,141.285932
1302.452367,17.403108,88.095267,141.193783
1302.481095,18.449153,88.037809,141.101694
1302.509805,6.495167,87.980390,141.009665
1302.538496,6.541152,87.923007,140.917697
1302.567169,6.587106,87.865662,140.825788
1302.595823,29.633031,87.808355,140.733939
1302.624458,29.678925,87.751085,140.642150
1301.909305,45.532722,89.181390,142.934557
1301.182496,43.367836,90.635009,145.264329
1300.443840,43.183962,92.112321,147.632076
1299.693144,41.980792,93.613712,150.038415
1298.930212,34.758011,95.139576,152.483978
1298.154845,32.515299,96.690310,154.969401
1297.366839,31.252332,98.266321,157.495336
1296.547437,29.939043,99.905125,160.121913
1295.714370,28.603853,101.571260,162.792294
1294.867409,26.246395,103.265182,165.507209
1294.006323,23.866299,104.987353,168.267401
1293.130877,22.463187,106.738245,171.073626
1292.240831,21.036675,108.518337,173.926650
1291.335942,19.586373,110.328116,176.827255
1290.184644,17.741142,112.630711,180.517715
1289.009319,15.857401,114.981363,184.285198
1287.809464,13.934346,117.381073,188.131309
1286.584567,11.971155,119.830866,192.057689
1285.334106,9.966992,122.331788,196.066016
1284.057548,7.921001,124.884904,200.157997
1282.754347,4.832310,127.491306,204.335381
1281.907739,3.475418,129.184521,207.049164
1281.049888,2.100505,130.900224,209.798989
1280.180643,0.707333,132.638713,212.585335
1279.299854,-0.704343,134.400291,215.408686
1278.407367,-1.134767,136.185265,218.269534
1277.503028,0.415811,137.993945,221.168378
1276.586677,0.947140,139.826646,224.105720
1276.683354,11.102088,139.633292,223.795824
1276.779898,14.256822,139.440204,223.486355
1276.876308,12.411343,139.247384,223.177315
1276.972585,11.565649,139.054831,222.868702
1277.068728,10.719742,138.862544,222.560515
1277.164739,10.873622,138.670522,222.252755
1277.260617,13.027290,138.478767,221.945420
1277.286173,16.068249,138.427655,221.863502
1277.311719,17.109194,138.376562,221.781613
1277.337256,18.150123,138.325488,221.699754
1277.362784,22.191037,138.274433,221.617926
1277.388302,26.231936,138.223396,221.536128
1277.413811,29.272820,138.172379,221.454360
1277.439310,31.313689,138.121380,221.372623
1277.523702,37.448948,137.952595,221.102104
1277.607992,40.584042,137.784017,220.831917
1277.692178,39.718970,137.615644,220.562060
1277.776261,38.853734,137.447477,220.292532
1277.860242,37.988333,137.279516,220.023334
1277.944120,36.122768,137.111760,219.754465
1278.027896,36.257038,136.944209,219.485924
1278.191169,35.518723,136.617661,218.962553
1278.354054,35.779785,136.291893,218.440431
1278.516550,36.040223,135.966901,217.919553
1278.678658,35.300041,135.642684,217.399918
1278.840380,35.559239,135.319240,216.881521
1279.001716,35.817819,134.996567,216.364361
1279.162668,37.075783,134.674664,215.848434
1279.329794,37.343642,134.340412,215.312715
1279.496505,37.610837,134.006990,214.778326
1279.662803,38.877368,133.674395,214.245263
1279.828687,41.143238,133.342626,213.713523
1279.994160,42.408449,133.011680,213.183103
1280.159222,43.673000,132.681555,212.653999
1280.323875,45.936896,132.352250,212.126209
1277.444298,42.321684,138.111403,221.356633
1274.439420,38.505646,144.121160,230.988708
1271.303788,34.480044,150.392424,241.039912
1268.031713,31.235759,156.936574,251.528482
1264.617257,25.763275,163.765486,262.473450
1261.054225,21.052662,170.891550,273.894676
1257.336152,15.093559,178.327696,285.812883
1255.445094,18.062684,182.109813,291.874631
1253.513928,14.967529,185.972143,298.064942
1251.541805,11.806729,189.916390,304.386542
1249.527856,14.578892,193.944288,310.842216
1247.471193,25.282597,198.057614,317.434806
1245.370911,21.916391,202.258179,324.167218
1243.226084,12.478792,206.547832,331.042416
1240.495354,8.102143,212.009292,339.795715
1237.692419,4.609768,217.615162,348.780465
1234.815370,-1.001393,223.369260,358.002786
1231.862247,-1.734480,229.275505,367.468961
1228.831039,-3.592718,235.337922,377.185436
1225.719681,-5.579416,241.560638,387.158831
1222.526053,-5.697969,247.947893,397.395939
1220.991043,0.841808,251.017915,402.316384
1219.437026,1.351124,254.125948,407.297753
1218.750000,0.250000,255.500000,409.500000
1218.750000,7.250000,255.500000,409.500000
1218.750000,7.250000,255.500000,409.500000
1218.750000,11.250000,255.500000,409.500000
1218.750000,18.250000,255.500000,409.500000
1218.750000,28.250000,255.500000,409.500000
1218.750000,34.250000,255.500000,409.500000
1218.750000,32.250000,255.500000,409.500000
1218.750000,33.250000,255.500000,409.500000
1218.750000,35.250000,255.500000,409.500000
1218.750000,41.250000,255.500000,409.500000
1218.750000,46.250000,255.500000,409.500000
1219.461156,57.389798,254.077689,407.220405
1220.168353,65.523250,252.663295,404.953500
1220.871613,66.650393,251.256775,402.699214
1221.570958,67.771261,249.858084,400.457478
1222.266410,68.885890,248.467180,398.228220
1222.957991,69.994314,247.084019,396.011373
1223.645721,71.096567,245.708557,393.806866
NaN,NaN,NaN,NaN
NaN,NaN,NaN,NaN
NaN,NaN,NaN,NaN
NaN,NaN,NaN,NaN
NaN,NaN,NaN,NaN
NaN,NaN,NaN,NaN
NaN,NaN,NaN,NaN
NaN,NaN,NaN,NaN
NaN,NaN,NaN,NaN
NaN,NaN,NaN,NaN
NaN,NaN,NaN,NaN
NaN,NaN,NaN,NaN
NaN,NaN,NaN,NaN
NaN,NaN,NaN,NaN
NaN,NaN,NaN,NaN
NaN,NaN,NaN,NaN
NaN,NaN,NaN,NaN
NaN,NaN,NaN,NaN
NaN,NaN,NaN,NaN
NaN,NaN,NaN,NaN
NaN,NaN,NaN,NaN
NaN,NaN,NaN,NaN
NaN,NaN,NaN,NaN
NaN,NaN,NaN,NaN
NaN,NaN,NaN,NaN
NaN,NaN,NaN,NaN
NaN,NaN,NaN,NaN
NaN,NaN,NaN,NaN
NaN,NaN,NaN,NaN
NaN,NaN,NaN,NaN
NaN,NaN,NaN,NaN
NaN,NaN,NaN,NaN
NaN,NaN,NaN,NaN
NaN,NaN,NaN,NaN
NaN,NaN,NaN,NaN
NaN,NaN,NaN,NaN
NaN,NaN,NaN,NaN
NaN,NaN,NaN,NaN
NaN,NaN,NaN,NaN
NaN,NaN,NaN,NaN
NaN,NaN,NaN,NaN
NaN,NaN,NaN,NaN
NaN,NaN,NaN,NaN
NaN,NaN,NaN,NaN
NaN,NaN,NaN,NaN
NaN,NaN,NaN,NaN
NaN,NaN,NaN,NaN
NaN,NaN,NaN,NaN
NaN,NaN,NaN,NaN
NaN,NaN,NaN,NaN
NaN,NaN,NaN,NaN
NaN,NaN,NaN,NaN
NaN,NaN,NaN,NaN
NaN,NaN,NaN,NaN
NaN,NaN,NaN,NaN
NaN,NaN,NaN,NaN
NaN,NaN,NaN,NaN
NaN,NaN,NaN,NaN
NaN,NaN,NaN,NaN
NaN,NaN,NaN,NaN
NaN,NaN,NaN,NaN
NaN,NaN,NaN,NaN
NaN,NaN,NaN,NaN
NaN,NaN,NaN,NaN
NaN,NaN,NaN,NaN
NaN,NaN,NaN,NaN
NaN,NaN,NaN,NaN
NaN,NaN,NaN,NaN
NaN,NaN,NaN,NaN
NaN,NaN,NaN,NaN
NaN,NaN,NaN,NaN
NaN,NaN,NaN,NaN
NaN,NaN,NaN,NaN
NaN,NaN,NaN,NaN
NaN,NaN,NaN,NaN
NaN,NaN,NaN,NaN
NaN,NaN,NaN,NaN
NaN,NaN,NaN,NaN
NaN,NaN,NaN,NaN
NaN,NaN,NaN,NaN
NaN,NaN,NaN,NaN
NaN,NaN,NaN,NaN
NaN,NaN,NaN,NaN
NaN,NaN,NaN,NaN
NaN,NaN,NaN,NaN
NaN,NaN,NaN,NaN
NaN,NaN,NaN,NaN
NaN,NaN,NaN,NaN
NaN,NaN,NaN,NaN
NaN,NaN,NaN,NaN
NaN,NaN,NaN,NaN
NaN,NaN,NaN,NaN
NaN,NaN,NaN,NaN
NaN,NaN,NaN,NaN
NaN,NaN,NaN,NaN
NaN,NaN,NaN,NaN
NaN,NaN,NaN,NaN
NaN,NaN,NaN,NaN
NaN,NaN,NaN,NaN
NaN,NaN,NaN,NaN
NaN,NaN,NaN,NaN
NaN,NaN,NaN,NaN
NaN,NaN,NaN,NaN
NaN,NaN,NaN,NaN
NaN,NaN,NaN,NaN
NaN,NaN,NaN,NaN
NaN,NaN,NaN,NaN
NaN,NaN,NaN,NaN
NaN,NaN,NaN,NaN
NaN,NaN,NaN,NaN
NaN,NaN,NaN,NaN
NaN,NaN,NaN,NaN
NaN,NaN,NaN,NaN
NaN,NaN,NaN,NaN
NaN,NaN,NaN,NaN
NaN,NaN,NaN,NaN
NaN,NaN,NaN,NaN
NaN,NaN,NaN,NaN
NaN,NaN,NaN,NaN
NaN,NaN,NaN,NaN
NaN,NaN,NaN,NaN
NaN,NaN,NaN,NaN
NaN,NaN,NaN,NaN
NaN,NaN,NaN,NaN
NaN,NaN,NaN,NaN
NaN,NaN,NaN,NaN
NaN,NaN,NaN,NaN
NaN,NaN,NaN,NaN
NaN,NaN,NaN,NaN
NaN,NaN,NaN,NaN
NaN,NaN,NaN,NaN
NaN,NaN,NaN,NaN
NaN,NaN,NaN,NaN
NaN,NaN,NaN,NaN
NaN,NaN,NaN,NaN
NaN,NaN,NaN,NaN
NaN,NaN,NaN,NaN
NaN,NaN,NaN,NaN
NaN,NaN,NaN,NaN
NaN,NaN,NaN,NaN
NaN,NaN,NaN,NaN
NaN,NaN,NaN,NaN
NaN,NaN,NaN,NaN
NaN,NaN,NaN,NaN
NaN,NaN,NaN,NaN
NaN,NaN,NaN,NaN
NaN,NaN,NaN,NaN
NaN,NaN,NaN,NaN
NaN,NaN,NaN,NaN
NaN,NaN,NaN,NaN
NaN,NaN,NaN,NaN
NaN,NaN,NaN,NaN
NaN,NaN,NaN,NaN
NaN,NaN,NaN,NaN
NaN,NaN,NaN,NaN
NaN,NaN,NaN,NaN
NaN,NaN,NaN,NaN
NaN,NaN,NaN,NaN
NaN,NaN,NaN,NaN
NaN,NaN,NaN,NaN
NaN,NaN,NaN,NaN
NaN,NaN,NaN,NaN
NaN,NaN,NaN,NaN
NaN,NaN,NaN,NaN
NaN,NaN,NaN,NaN
NaN,NaN,NaN,NaN
NaN,NaN,NaN,NaN
NaN,NaN,NaN,NaN
NaN,NaN,NaN,NaN
NaN,NaN,NaN,NaN
NaN,NaN,NaN,NaN
NaN,NaN,NaN,NaN
NaN,NaN,NaN,NaN
NaN,NaN,NaN,NaN
NaN,NaN,NaN,NaN
NaN,NaN,NaN,NaN
NaN,NaN,NaN,NaN
NaN,NaN,NaN,NaN
NaN,NaN,NaN,NaN
NaN,NaN,NaN,NaN
NaN,NaN,NaN,NaN
NaN,NaN,NaN,NaN
NaN,NaN,NaN,NaN
NaN,NaN,NaN,NaN
NaN,NaN,NaN,NaN
NaN,NaN,NaN,NaN
NaN,NaN,NaN,NaN
NaN,NaN,NaN,NaN
NaN,NaN,NaN,NaN
NaN,NaN,NaN,NaN
NaN,NaN,NaN,NaN
NaN,NaN,NaN,NaN
NaN,NaN,NaN,NaN
NaN,NaN,NaN,NaN
NaN,NaN,NaN,NaN
NaN,NaN,NaN,NaN
NaN,NaN,NaN,NaN
NaN,NaN,NaN,NaN
NaN,NaN,NaN,NaN
NaN,NaN,NaN,NaN
NaN,NaN,NaN,NaN
NaN,NaN,NaN,NaN
NaN,NaN,NaN,NaN
NaN,NaN,NaN,NaN
NaN,NaN,NaN,NaN
NaN,NaN,NaN,NaN
NaN,NaN,NaN,NaN
NaN,NaN,NaN,NaN
NaN,NaN,NaN,NaN
NaN,NaN,NaN,NaN
NaN,NaN,NaN,NaN
NaN,NaN,NaN,NaN
NaN,NaN,NaN,NaN
NaN,NaN,NaN,NaN
NaN,NaN,NaN,NaN
NaN,NaN,NaN,NaN
NaN,NaN,NaN,NaN
NaN,NaN,NaN,NaN
NaN,NaN,NaN,NaN
NaN,NaN,NaN,NaN
NaN,NaN,NaN,NaN
NaN,NaN,NaN,NaN
NaN,NaN,NaN,NaN
NaN,NaN,NaN,NaN
NaN,NaN,NaN,NaN
NaN,NaN,NaN,NaN
NaN,NaN,NaN,NaN
NaN,NaN,NaN,NaN
NaN,NaN,NaN,NaN
NaN,NaN,NaN,NaN
NaN,NaN,NaN,NaN
NaN,NaN,NaN,NaN
NaN,NaN,NaN,NaN
NaN,NaN,NaN,NaN
NaN,NaN,NaN,NaN
NaN,NaN,NaN,NaN
NaN,NaN,NaN,NaN
NaN,NaN,NaN,NaN
NaN,NaN,NaN,NaN
NaN,NaN,NaN,NaN
NaN,NaN,NaN,NaN
NaN,NaN,NaN,NaN
NaN,NaN,NaN,NaN
NaN,NaN,NaN,NaN
NaN,NaN,NaN,NaN
NaN,NaN,NaN,NaN
NaN,NaN,NaN,NaN
NaN,NaN,NaN,NaN
NaN,NaN,NaN,NaN
NaN,NaN,NaN,NaN
NaN,NaN,NaN,NaN
NaN,NaN,NaN,NaN
NaN,NaN,NaN,NaN
NaN,NaN,NaN,NaN
