1.175340
0.010933
0.009644
0.012754
0.006007
0.007373
0.013460
0.011550
0.008553
0.010021
0.007007
0.007071
0.009652
0.008516
0.009043
0.050472
0.007579
0.007048
0.011568
0.009868
0.011813
0.013704
0.009038
0.012022
0.012556
0.011603
0.012559
0.040598
0.013035
0.007626
0.017086
0.009087
0.007232
0.011547
0.007533
0.007594
0.010520
0.006043
0.007694
0.031699
0.008022
0.007001
0.015018
0.016076
0.012034
0.011019
0.007010
0.011010
0.013811
0.012042
0.011003
0.051761
0.011966
0.012036
0.013129
0.009577
0.006019
0.010130
0.006708
0.007040
0.010038
0.006551
0.010596
0.049117
0.008020
0.007515
0.015588
0.012046
0.018071
0.018444
0.011038
0.011022
0.013048
0.011072
0.011022
0.031412
0.008021
0.007041
0.012572
0.007030
0.007036
0.010021
0.006613
0.011036
0.016112
0.010795
0.012016
0.012212
0.008036
0.009622
0.053066
0.008157
0.007521
0.016064
0.014538
0.012633
0.011028
0.007445
0.008021
0.015008
0.012086
0.010141
0.050648
0.010029
0.011539
0.015114
0.011061
0.012022
0.014124
0.011922
0.009109
0.010648
0.006900
0.007513
0.015328
0.010561
0.006998
0.050629
0.013040
0.009018
0.018511
0.008546
0.008028
0.011039
0.007599
0.006822
0.015281
0.011559
0.012552
0.039900
0.008026
0.006493
0.013984
0.006999
0.007007
0.014047
0.012041
0.011698
0.013781
0.012082
0.011044
0.045897
0.008361
0.007006
0.025588
0.008526
0.007414
0.010036
0.007504
0.006578
0.013456
0.011548
0.012029
0.047368
0.008320
0.007094
0.012515
0.008034
0.008057
0.009922
0.006999
0.006473
0.011028
0.007514
0.011614
0.030787
0.008007
0.009982
0.015523
0.007000
0.008007
0.010209
0.008024
0.008024
0.016919
0.006997
0.007531
0.010022
0.007544
0.006748
0.051740
0.010469
0.012086
0.012512
0.012132
0.010548
0.013594
0.006535
0.007514
0.012012
0.007565
0.006557
0.034696
0.013017
0.012015
0.015537
0.006000
0.011313
0.014077
0.015090
0.017547
0.013070
0.011012
0.011521
0.014336
0.011189
0.011516
0.040320
0.008337
0.006507
0.015037
0.015528
0.014085
0.015576
0.012011
0.012064
0.013515
0.007030
0.007105
0.033394
0.008505
0.007092
0.011007
0.007201
0.007015
0.011300
0.007566
0.006622
0.010653
0.007521
0.017675
0.034832
0.011550
0.011130
0.012541
0.006389
0.007025
0.011619
0.007365
0.006998
0.010348
0.006505
0.006321
0.051886
0.013025
0.010540
0.015053
0.007024
0.006001
0.010547
0.007601
0.011380
0.011536
0.007507
0.007000
0.038696
0.010760
0.008543
0.018597
0.011581
0.008513
0.013033
0.007077
0.007716
0.011025
0.007089
0.012075
0.046152
0.007514
0.007025
0.015079
0.011503
0.011470
0.010040
0.006996
0.006001
0.014126
0.011462
0.013028
0.053164
0.008079
0.012031
0.021610
0.009968
0.007528
0.010963
0.007014
0.006685
0.011683
0.008118
0.006377
0.013620
0.010541
0.013538
0.029585
0.013103
0.007020
0.011028
0.006514
0.010074
0.010023
0.006502
0.005999
0.012516
0.010581
0.010024
0.050317
0.013213
0.007019
0.011031
0.007046
0.007295
0.010551
0.006519
0.006542
0.020055
0.014617
0.008573
0.049951
0.013208
0.009809
0.013537
0.007023
0.012037
0.014100
0.012022
0.007519
0.010025
0.010080
0.011482
0.052732
0.010017
0.007087
0.010926
0.006046
0.009404
0.015368
0.007734
0.006463
0.010030
0.017550
0.018051
0.049348
0.011520
0.006544
0.009552
0.006020
0.006023
0.009225
0.006216
0.006561
0.008929
0.007065
0.006512
0.009641
0.006518
0.006000
0.015111
0.010043
0.008526
0.050792
0.011019
0.010029
0.015053
0.011550
0.011538
0.010014
0.006011
0.006557
0.017036
0.007033
0.006511
0.050344
0.013826
0.012550
0.014863
0.011125
0.012268
0.011173
0.007018
0.012163
0.014030
0.012637
0.012024
0.052292
0.008039
0.007030
0.012498
0.012604
0.013457
0.023606
0.006647
0.006566
0.013298
0.009004
0.007006
0.050436
0.011625
0.010017
0.015517
0.012447
0.009316
0.013966
0.012110
0.008023
0.015125
0.007376
0.007030
0.050613
0.013757
0.011471
0.017036
0.013057
0.014508
0.015538
0.011784
0.012537
0.011612
0.007641
0.007607
0.037052
0.010523
0.008029
0.014721
0.011519
0.011210
0.015550
0.012567
0.011073
0.013516
0.011902
0.010695
0.033641
0.012841
0.011506
0.014321
0.010022
0.011529
0.028608
0.011127
0.012128
0.013061
0.008492
0.012294
0.043280
0.008008
0.013023
0.016098
0.010391
0.010027
0.010550
0.007020
0.011316
0.011124
0.012033
0.012062
0.052108
0.008042
0.008047
0.014570
0.006550
0.007023
0.013026
0.008480
0.010020
0.011018
0.007023
0.007456
0.038492
0.007846
0.007729
0.014362
0.012029
0.012436
0.012903
0.006983
0.008024
0.018057
0.008028
0.007030
0.032593
0.007128
0.006526
0.018022
0.011701
0.012107
0.012562
0.007023
0.007100
0.010583
0.008029
0.011535
0.059492
0.014008
0.012970
0.014046
0.006630
0.008020
0.011021
0.007000
0.011114
0.014626
0.012040
0.008029
0.031605
0.012221
0.011040
0.016150
0.012355
0.012019
0.010455
0.007026
0.006512
0.015658
0.010023
0.006664
0.030069
0.008440
0.007901
0.014836
0.011512
0.010033
0.018339
0.011513
0.012062
0.015554
0.012534
0.012030
0.051758
0.012062
0.012041
0.017041
0.012036
0.011636
0.015089
0.011536
0.011275
0.011507
0.013550
0.012546
0.055968
0.015019
0.008011
0.016509
0.012511
0.012636
0.016140
0.012078
0.011534
0.022146
0.010550
0.012531
0.031561
0.013066
0.007058
0.013018
0.012119
0.011590
0.012584
0.007114
0.006609
0.011580
0.008003
0.007513
0.030141
0.008040
0.007099
0.012013
0.007003
0.007508
0.010532
0.008027
0.007027
0.012088
0.011438
0.007041
0.035094
0.011510
0.011039
0.012066
0.007085
0.006215
0.010492
0.007545
0.007035
0.010521
0.006560
0.007204
0.031010
0.007503
0.008514
0.014028
0.012180
0.006516
0.015544
0.007008
0.008000
0.011034
0.006444
0.011513
0.038250
0.007513
0.007171
0.011307
0.009030
0.014549
0.018602
0.013531
0.012566
0.015100
0.013025
0.011030
0.030588
0.008541
0.006854
0.014028
0.011607
0.011345
0.013168
0.007512
0.007030
0.011231
0.007287
0.007071
0.030800
0.008023
0.006521
0.011322
0.005613
0.006099
0.014179
0.008023
0.006545
0.010032
0.006520
0.007027
0.059203
0.013014
0.008019
0.014522
0.010569
0.012052
0.014466
0.012024
0.011544
0.015965
0.008049
0.006913
0.030412
0.012041
0.010074
0.015546
0.010967
0.011538
0.015570
0.012785
0.013742
0.011180
0.007093
0.007331
0.041871
0.011435
0.012158
0.022142
0.012017
0.012021
0.013410
0.011545
0.011988
0.014690
0.011044
0.012049
0.038515
0.008028
0.007029
0.014479
0.010509
0.011585
0.010028
0.007039
0.007014
0.010540
0.006899
0.007522
0.052674
0.011679
0.007562
0.012043
0.010057
0.009107
0.016447
0.012872
0.011090
0.012512
0.007531
0.007023
0.050148
0.010023
0.007025
0.015434
0.011536
0.012530
0.012583
0.007025
0.008036
0.011132
0.007026
0.007006
0.049816
0.012032
0.011029
0.012539
0.006050
0.006128
0.009326
0.006559
0.006006
0.011739
0.012075
0.007561
0.029399
0.008015
0.007521
0.015538
0.012073
0.017081
0.018033
0.012021
0.012070
0.013021
0.007325
0.006989
0.037199
0.009024
0.006538
0.015129
0.012038
0.012078
0.012029
0.006518
0.008028
0.011652
0.006534
0.007520
0.038688
0.012020
0.009520
0.011181
0.007149
0.007016
0.011025
0.008016
0.008017
0.018056
0.008020
0.007514
0.031665
0.008520
0.007047
0.014066
0.011026
0.019053
0.014072
0.007698
0.007518
0.014069
0.008545
0.009028
0.030620
0.010396
0.008513
0.015386
0.012257
0.012041
0.012333
0.007541
0.006791
0.014410
0.013042
0.012638
0.037255
0.013541
0.011520
0.016037
0.010557
0.012028
0.015505
0.011537
0.012717
0.023585
0.007020
0.007513
0.030259
0.009086
0.012582
0.015028
0.012060
0.010025
0.012038
0.008704
0.007054
0.017076
0.011533
0.011772
0.040925
0.009144
0.010034
0.014781
0.007034
0.006021
0.011026
0.007050
0.007509
0.014043
0.008512
0.007088
0.030180
0.011029
0.018043
0.016156
0.011459
0.012053
0.014185
0.013750
0.011600
0.014042
0.006006
0.006520
0.035886
0.008019
0.007022
0.014756
0.012867
0.007480
0.015052
0.013533
0.012130
0.012561
0.012395
0.007510
0.029346
0.007523
0.006419
0.015517
0.008032
0.012136
0.014544
0.011087
0.011511
0.014614
0.007798
0.009639
0.050007
0.012498
0.010567
0.015209
0.008526
0.006077
0.010523
0.007110
0.006395
0.011029
0.007001
0.007007
0.030932
0.008018
0.007030
0.015027
0.011103
0.009060
0.013135
0.008672
0.006185
0.011034
0.012027
0.011126
0.044384
0.011529
0.008033
0.014050
0.007506
0.005998
0.013614
0.010511
0.011453
0.013586
0.011492
0.012486
0.033707
0.012524
0.012041
0.012154
0.007014
0.007457
0.017052
0.012536
0.012022
0.010539
0.008016
0.012164
0.030607
0.008578
0.006721
0.015119
0.007069
0.007712
0.014033
0.011045
0.011560
0.012536
0.011309
0.016589
0.044280
0.012731
0.010041
0.011233
0.012054
0.009029
0.014123
0.012145
0.011274
0.014521
0.012634
0.012595
0.052598
0.008951
0.006021
0.010699
0.011514
0.011034
0.012040
0.011042
0.008259
0.010833
0.006000
0.006520
0.037396
0.013492
0.012035
0.014396
0.012075
0.011475
0.014202
0.007041
0.006012
0.014010
0.011519
0.007566
0.050488
0.012561
0.012072
0.014558
0.011024
0.008025
0.015071
0.007533
0.007112
0.015069
0.011797
0.011517
0.063761
0.012595
0.011533
0.016061
0.010495
0.008513
0.014032
0.012045
0.008025
0.009539
0.006596
0.008027
0.046951
0.007512
0.012031
0.016333
0.011634
0.012358
0.010478
0.006516
0.006439
0.012695
0.007525
0.008035
0.033711
0.011038
0.010162
0.014547
0.011705
0.007558
0.015082
0.012032
0.007991
0.009006
0.007508
0.004998
0.049264
0.012199
0.012150
0.013021
0.008548
0.012096
0.014510
0.011008
0.010035
0.014134
0.011036
0.010871
0.040606
0.013350
0.016030
0.018538
0.011065
0.011513
0.018077
0.012023
0.010023
0.015059
0.007544
0.006553
0.031210
0.007574
0.011324
0.015083
0.009531
0.006512
0.010036
0.006000
0.008007
0.010452
0.006515
0.006506
0.052577
0.013058
0.011557
0.015138
0.013020
0.009033
0.016657
0.014021
0.012052
0.015569
0.011222
0.011029
0.030671
0.008014
0.006505
0.015328
0.012043
0.008070
0.014162
0.009045
0.006606
0.010533
0.006986
0.006512
0.011030
0.007037
0.007610
0.053272
0.011517
0.011458
0.012862
0.007495
0.012073
0.020599
0.011037
0.009073
0.014557
0.013043
0.011029
0.033869
0.008026
0.007027
0.012030
0.011722
0.011731
0.015130
0.007058
0.007020
0.016789
0.010032
0.007026
0.030683
0.010029
0.007512
0.014084
0.012046
0.011542
0.018628
0.011630
0.007463
0.013994
0.010000
0.012471
0.039314
0.009022
0.010122
0.011456
0.006505
0.005999
0.015524
0.008709
0.010669
0.015900
0.012728
0.011218
0.011420
0.007008
0.007017
0.030085
0.007048
0.006515
0.012836
0.007027
0.007025
0.011556
0.006533
0.007520
0.013344
0.007363
0.010491
0.055825
0.009530
0.008040
0.011366
0.012028
0.009029
0.013111
0.005513
0.006829
0.010580
0.006249
0.006072
0.030358
0.012124
0.009092
0.013016
0.007013
0.006512
0.012592
0.012508
0.012044
0.014177
0.006570
0.011492
0.054563
0.008014
0.010552
0.011880
0.007027
0.007536
0.010020
0.013051
0.008030
0.013048
0.006561
0.011509
0.031170
0.006632
0.006909
0.014541
0.010578
0.012558
0.013022
0.006485
0.009993
0.012017
0.009512
0.011040
0.052140
0.007039
0.006274
0.011510
0.007105
0.006203
0.014054
0.009501
0.011039
0.014774
0.012540
0.010027
0.014545
0.012039
0.013065
0.044641
0.008319
0.008006
0.012472
0.012029
0.012026
0.010544
0.006038
0.007574
0.011284
0.007006
0.010033
0.049161
0.010016
0.011021
0.013902
0.010012
0.007597
0.011070
0.006000
0.006007
0.015044
0.012019
0.011604
0.037829
0.008050
0.007509
0.012033
0.008546
0.010544
0.012322
0.006516
0.007018
0.011552
0.006521
0.006029
0.027929
0.008146
0.010097
0.015039
0.012038
0.007603
0.010045
0.011226
0.011047
0.011210
0.007050
0.007054
0.050732
0.012571
0.009260
0.015991
0.011039
0.009490
0.014774
0.010647
0.017149
0.019473
0.011511
0.007619
0.010634
0.006059
0.008560
0.031641
0.011019
0.011536
0.015028
0.011021
0.011564
0.015318
0.010510
0.012046
0.010545
0.006573
0.007017
0.034137
0.011051
0.007512
0.010552
0.006514
0.012771
0.015837
0.010983
0.011029
0.019603
0.013743
0.011602
0.056430
0.009511
0.008066
0.016028
0.007536
0.006731
0.014457
0.011024
0.007029
0.014376
0.012032
0.011683
0.044514
0.012553
0.011561
0.017086
0.012529
0.012577
0.015184
0.007126
0.008023
0.015037
0.009230
0.006507
0.052977
0.013431
0.012259
0.013001
0.007019
0.007534
0.010064
0.007243
0.011509
0.010559
0.007001
0.005999
0.041672
0.008019
0.008064
0.015682
0.012011
0.010657
0.015018
0.007013
0.007031
0.013399
0.011538
0.010967
0.046175
0.010082
0.011024
0.013437
0.010331
0.011223
0.012476
0.011552
0.012969
0.009618
0.006024
0.005077
0.034576
0.008520
0.010546
0.012544
