0.007386200
0.008196500
0.008300500
0.008208900
0.008170100
0.008280800
0.010494600
0.010347500
0.008603800
0.008151300
0.008235200
0.008709900
0.008322000
0.008771100
0.009453700
0.008374500
0.008557100
0.008164700
0.008353300
0.008552900
0.008221900
0.008438500
0.008308500
0.008289300
0.008579500
0.008427800
0.008449900
0.009538700
0.009332300
0.009567600
0.008751800
0.008371400
0.008509800
0.008555300
0.008367100
0.008224200
0.011973900
0.008607900
0.008994400
0.009001600
0.009137600
0.008604800
0.008668100
0.010080000
0.009188100
0.009184700
0.009763800
0.009454600
0.009105500
0.008763900
0.011164900
0.009574700
0.009229400
0.009768300
0.008925200
0.009014400
0.009945000
0.008768000
0.009412500
0.008983700
0.008762800
0.009035700
0.008825800
0.008527200
0.008848300
0.008909400
0.008456700
0.008936900
0.009318700
0.008734700
0.012489400
0.011315300
0.008866400
0.011147700
0.009136600
0.009577500
0.008805700
0.008947300
0.008640600
0.008565000
0.008450800
0.011173700
0.008592600
0.008611900
0.008875700
0.008868600
0.008785800
0.008669300
0.008445900
0.011411300
0.010924800
0.011603200
0.008299300
0.008546200
0.008345700
0.008313800
0.008591100
0.008221100
0.008260500
0.008790300
0.008434400
0.006495600
0.006322400
0.006042900
0.008818200
0.008751900
0.006120300
0.008863500
0.007088500
0.006786400
0.006010200
0.008437900
0.005810400
0.005817600
0.006382300
0.009955800
0.007334600
0.010056800
0.006242600
0.008621800
0.008621600
0.008572600
0.006300400
0.008667200
0.008896800
0.006323100
0.008448300
0.009099800
0.008826100
0.008817000
0.009017900
0.009474100
0.008707900
0.008837800
0.008841800
0.008998100
0.008714800
0.010450100
0.010807300
0.009233300
0.009662000
0.009433000
0.011592300
0.009016900
0.009039400
0.008891000
0.006421700
0.008378500
0.008460500
0.008284500
0.008757300
0.008830400
0.009346000
0.009094200
0.006617500
0.009306000
0.009278900
0.009271200
0.009943500
0.007203700
0.006805200
0.008354000
0.009343800
0.006987200
0.006925900
0.006838700
0.006949200
0.007692200
0.008573200
0.007668600
0.008263200
0.006976100
0.008704100
0.010508000
0.013143100
0.011139500
0.008821200
0.010914000
0.009273800
0.007008400
0.007664400
0.007092700
0.009823900
0.009566900
0.008913900
0.008946900
0.009947800
0.009859700
0.011560900
0.007865900
0.009392100
0.007341500
0.009170600
0.009348900
0.007347800
0.011717400
0.011307500
0.009357100
0.012192600
0.007437100
0.010448000
0.011003800
0.009707100
0.009621000
0.012790700
0.007099500
0.009535500
0.009078800
0.009514100
0.007663100
0.010379700
0.007306200
0.007611000
0.008377000
0.010169100
0.011852000
0.011414400
0.008167700
0.010038000
0.011442800
0.010215200
0.010678800
0.010386500
0.010904300
0.010203900
0.010388400
0.010950100
0.009804900
0.010494800
0.010184500
0.007953000
0.010126000
0.010703000
0.010411200
0.010926900
0.012415100
0.010777800
0.010382500
0.012999900
0.012511300
0.009867000
0.010019500
0.011583100
0.009808100
0.010108900
0.010090600
0.010311800
0.010512500
0.010210800
0.010306000
0.010570700
0.010563500
