0.012883100
0.015933200
0.016167500
0.019993300
0.016810500
0.017648000
0.016823700
0.017099700
0.018386700
0.022408200
0.019286700
0.017989600
0.017702400
0.019039300
0.018258000
0.017884000
0.017575000
0.019581800
0.018692000
0.019658200
0.019984800
0.022270900
0.017718400
0.017297100
0.019399900
0.018712600
0.018441400
0.017031200
0.017491700
0.016430900
0.016412000
0.016991400
0.019012800
0.018283100
0.016814100
0.017704300
0.016876900
0.015821300
0.017484100
0.019822500
0.016292900
0.016079600
0.017220500
0.016486900
0.020075200
0.017723400
0.018699100
0.016364500
0.015537800
0.015557200
0.015925700
0.016402400
0.016332200
0.015566300
0.015034800
0.015616000
0.018135100
0.018241900
0.016282600
0.016635600
0.018714900
0.020105700
0.016738600
0.017260800
0.016674800
0.016749600
0.016024600
0.015783500
0.017469600
0.016667000
0.019635500
0.015757400
0.016095900
0.015818400
0.016119100
0.016140800
0.016040900
0.016133600
0.017085200
0.016114500
0.017790500
0.020433500
0.017025500
0.016336100
0.016326900
0.017444000
0.015638300
0.015883900
0.015417400
0.016023200
0.015313700
0.016009100
0.015761600
0.020013400
0.017954300
0.017445000
0.018126000
0.016955900
0.020198300
0.019807300
0.018595200
0.016576200
0.017689500
0.017405100
0.017277900
0.017188600
0.017093200
0.021063000
0.019392300
0.018019700
0.020700300
0.020570100
0.020703100
0.018704900
0.018878700
0.017862200
0.018136600
0.017957100
0.019407900
0.017951800
0.018695400
0.017803100
0.019608200
0.018609000
0.021336000
0.019306500
0.018288800
0.018426400
0.019397500
0.018362600
0.018710800
0.018118400
0.019378200
0.018677900
0.018947400
0.018161300
0.018174700
0.020735300
0.019696300
0.020100500
0.021546300
0.020945600
0.020594200
0.018919100
0.019081000
0.019355900
0.019138600
0.020879700
0.021541100
0.018803400
0.019484400
0.022006500
0.018532600
0.018478800
0.020276400
0.019302500
0.019461400
0.022016200
0.021633600
0.017916800
0.018021100
0.019239200
0.020731800
0.019895000
0.017768200
0.018913200
0.018533400
0.018610000
0.020889800
0.017742300
0.017581400
0.016859200
0.016588700
0.016079800
0.016136600
0.016332500
0.016246500
0.016408500
0.018918000
0.017324700
0.019321100
0.018269700
0.016133000
0.015000100
0.015337100
0.016013500
0.015343300
0.014936100
0.014747500
0.014709100
0.014614400
0.014433200
0.015338300
0.017809200
0.014862500
0.015167300
0.014428500
0.014500500
0.015442700
0.015044800
0.013666800
0.013542800
0.013819300
0.013989400
0.013811200
0.015442400
0.015548900
0.013596600
0.014135900
0.013992600
0.013594600
0.015795000
0.014038200
0.013477300
0.014901700
0.013677000
0.015760800
0.013993100
0.013814000
0.014555200
0.014633000
0.015949800
0.013350100
0.013131500
0.014130800
0.013846400
0.013842800
0.013756100
0.015238000
0.014172400
0.017893100
0.014719700
0.015220700
0.015653600
0.016673500
0.015983700
0.014598300
0.015713600
0.015397700
0.015816300
0.014820300
0.016716600
0.015400800
0.014763600
0.015810800
0.015310500
0.014757000
0.015662800
0.016148100
0.018513100
0.017197500
0.016697800
0.016698000
0.017428100
0.016214400
0.017151500
0.017257000
0.016572800
0.017058400
0.018519800
0.016287300
0.017837000
0.019776600
0.019007400
0.018472600
0.017315100
0.018215000
0.018408200
0.017988200
0.018966300
0.017907300
0.018806000
0.018968100
0.019152500
0.018881200
0.020064300
0.020214300
0.019062700
0.022959200
0.019554600
0.018454600
0.020150200
0.021005000
0.018356100
0.020092800
0.017864900
0.018221000
0.018897900
0.017641000
0.017371000
0.019571500
0.019535800
0.020592200
0.017439800
0.017172100
0.018429600
0.017553000
0.017499800
0.017743000
0.022030000
0.017480000
0.019763600
0.020489000
0.021494200
0.018818400
0.019223700
0.018908300
0.018977500
0.019569300
0.020115100
0.019851400
0.020190200
0.023506100
0.021291300
0.022787600
0.019954900
0.020694100
0.020862800
0.023317300
0.021377200
0.025639200
0.026394900
0.022419500
0.022407000
0.024834800
0.024227100
0.025678400
0.023951600
0.023820000
0.023200700
0.024520300
0.023863700
0.025470700
0.024773000
0.025110600
0.023943200
0.022264500
0.021944700
0.023427200
0.022539800
0.021784000
0.027939300
0.022898900
0.020613200
0.023540400
0.020587900
0.020251200
0.019470200
0.019486800
0.019816800
0.019602400
0.021761100
0.020659200
0.019792800
0.021373400
0.021809000
0.023717400
0.018923800
0.018595800
0.018399500
0.018733900
0.018628900
0.018565800
0.018691200
0.019329800
0.021089000
0.022072800
0.019028700
0.018751100
0.021461000
0.018486800
0.019249800
0.019571500
0.017982600
0.017522400
0.018348400
0.021287200
0.017463900
0.017011200
0.017397900
0.018910600
0.017005600
0.015861200
0.015488900
0.016680700
0.015408700
0.016079000
0.015900700
0.018344200
0.016627000
0.016533900
0.014657900
0.014495300
0.014761900
0.015914900
0.015147400
0.014773500
0.015345600
0.016889400
0.018063200
0.014602800
0.015182800
0.016078400
0.015949800
0.014321900
0.014438400
0.015019700
0.015677000
0.015935500
0.018679000
0.014086600
0.014277300
0.014756000
0.014560000
0.014176800
0.015125400
0.020246700
0.016452300
0.014523000
0.014563000
0.015524500
0.014452500
0.014365800
0.015584500
0.014514700
0.013851800
0.014880100
0.015802100
0.017637800
0.014952600
0.015444600
0.014253200
0.017188600
0.014876600
0.017920500
0.013907800
0.014172900
0.015294600
0.013930500
0.013801800
0.015406400
0.014992000
0.013648600
0.013371300
0.014660100
0.014750600
0.017510500
0.014049100
0.015870800
0.017010300
0.016287900
0.017481200
0.014981700
0.015765200
0.014644800
0.015584300
0.016344500
0.014930900
0.014908000
0.015264700
0.016151500
0.014912000
0.015708500
0.015482500
0.016178100
0.020204900
0.018755800
0.015930800
0.015088800
0.015459500
0.015563600
0.015262300
0.016181200
0.017467000
0.016338500
0.014845700
0.016943600
0.017780300
0.019667400
0.018420800
0.015676200
0.016112900
0.020072300
0.016692300
0.016489400
0.017019900
0.016048800
0.016073600
0.015027900
0.014532600
0.018430100
0.017291600
0.015216500
0.015341400
0.016343800
0.015395400
0.015422000
0.015179700
0.015939300
0.015453200
0.015030800
0.015157700
0.016236500
0.019288700
0.015975100
0.016471700
0.015568300
0.017750600
0.015228000
0.016044900
0.016501800
0.014717900
0.015497200
0.015882800
0.015125900
0.015418300
0.016504500
0.018145900
0.014973600
0.016689000
0.016461800
0.016543500
0.014860600
0.016704200
0.016648200
0.014927300
0.015151400
0.016220100
0.016241100
0.015983100
0.017125400
0.017447800
0.015848500
0.015083100
0.015647900
0.014952400
0.014535600
0.015500900
0.016195200
0.015103100
0.014641900
0.015882700
0.016261000
0.015926800
0.016672800
0.015494500
0.015136000
0.015064800
0.019232400
0.017902100
0.015854100
0.014587100
0.015866500
0.015470200
0.015096000
0.016229200
0.017655800
0.015564700
0.014688800
0.016377700
0.015541300
0.014323800
0.017952000
0.016052100
0.015095300
0.014561200
0.015507500
0.017409800
0.015411900
0.015663000
0.017608500
0.014860400
0.016419000
0.014249000
0.018840000
0.017777100
0.014704400
0.015955900
0.017573100
0.014451600
0.014705400
0.014417100
0.015659300
0.014133300
0.015645700
0.015513300
0.014714400
0.014920500
0.016775200
0.014866400
0.016742600
0.014427600
0.013855900
0.015123900
0.017340300
0.014773800
0.014320400
0.013940600
0.014626700
0.015139000
0.015720300
0.014040000
0.015674500
0.015795900
0.015706400
0.014954000
0.017452500
0.014492000
0.014098000
0.014301000
0.014572100
0.015199200
0.013624000
0.014595800
0.016720100
0.015729200
0.014411700
0.015444400
0.017218400
0.015482500
0.013564200
0.013498200
0.013581200
0.015660600
0.016006000
0.013788500
0.014168500
0.013818800
0.016052900
0.015793200
0.014738200
0.015671300
0.015247500
0.015440200
0.014160300
0.014136900
0.013783300
0.013745100
0.014429100
0.013097400
0.014770200
0.013617800
0.014281200
0.015225700
0.016226400
0.016213100
0.014705000
0.016438100
0.014137200
0.016529800
0.015380600
0.017641700
0.014454900
0.017035500
0.014921600
0.016382300
0.015935100
0.017820400
0.015121300
0.014592200
0.014393200
0.016917700
0.014942000
0.014707100
0.016313100
0.014427800
0.014561100
0.015865100
0.014644700
0.013939200
0.013897500
0.015762100
0.014891700
0.014038100
0.015801700
0.014556400
0.014164500
0.015005100
0.018995500
0.015633800
0.014208000
0.015263400
0.017611500
0.014781700
0.018583200
0.015984400
0.014688500
0.015275700
0.018437000
0.018208900
0.015495200
0.014434300
0.016051900
0.017636200
0.014456500
0.015658000
0.015951100
0.015435800
0.014420800
0.017631700
0.014966000
0.014671600
0.014429800
0.015002500
0.014189200
0.014400600
0.016265000
