1.032139
0.010510
0.012164
0.014508
0.011021
0.009510
0.008514
0.010022
0.009069
0.010506
0.029032
0.011513
0.009514
0.009018
0.010088
0.009506
0.013007
0.010598
0.009506
0.009480
0.029528
0.015512
0.010555
0.011016
0.012509
0.013016
0.012513
0.011508
0.009547
0.009511
0.047188
0.013522
0.010201
0.011517
0.012513
0.013085
0.016545
0.012018
0.009486
0.010514
0.048324
0.015520
0.012228
0.010513
0.012117
0.012509
0.014511
0.011024
0.010299
0.009517
0.054092
0.013096
0.011019
0.012521
0.011514
0.010517
0.010515
0.013623
0.014512
0.013616
0.042556
0.015519
0.014047
0.011519
0.013535
0.018034
0.012518
0.014537
0.010513
0.009331
0.044073
0.015885
0.013047
0.009503
0.013508
0.011018
0.013582
0.013513
0.009772
0.009509
0.047968
0.018034
0.015033
0.014030
0.013515
0.014016
0.010521
0.011024
0.010517
0.013093
0.030666
0.011515
0.009508
0.010017
0.010018
0.012520
0.012512
0.012030
0.018033
0.010509
0.030043
0.012515
0.014028
0.015019
0.010394
0.013559
0.011313
0.014030
0.010016
0.010515
0.029525
0.012007
0.009023
0.011508
0.018032
0.015031
0.013020
0.012571
0.009513
0.013590
0.038573
0.011808
0.009779
0.009925
0.009612
0.010509
0.010014
0.009504
0.010066
0.009517
0.043751
0.014523
0.011513
0.009506
0.010509
0.009720
0.009513
0.010509
0.009008
0.010018
0.046081
0.010508
0.009509
0.010040
0.010621
0.010508
0.013508
0.013152
0.011512
0.014510
0.028538
0.012515
0.009102
0.009515
0.010220
0.009514
0.012529
0.014143
0.013511
0.015621
0.048551
0.015509
0.013023
0.013532
0.010938
0.012906
0.014517
0.010514
0.010515
0.009023
0.048568
0.016517
0.011514
0.017548
0.014021
0.013016
0.010507
0.012506
0.010506
0.009511
0.036595
0.011522
0.009505
0.012516
0.010506
0.010102
0.011874
0.010508
0.009929
0.010113
0.050009
0.015260
0.010511
0.012134
0.013016
0.012507
0.010509
0.009509
0.010276
0.010020
0.030548
0.013022
0.011041
0.010516
0.011020
0.013537
0.014018
0.009511
0.015730
0.010519
0.029587
0.011511
0.009513
0.009506
0.009510
0.011507
0.011247
0.009515
0.010512
0.009514
0.031156
0.013025
0.010386
0.010022
0.010512
0.010022
0.010514
0.020698
0.014028
0.013011
0.047581
0.015209
0.013885
0.010510
0.009506
0.010508
0.011510
0.011049
0.011518
0.011021
0.048233
0.011513
0.012525
0.014797
0.014588
0.011508
0.009513
0.012844
0.014037
0.013544
0.029684
0.011510
0.012707
0.013014
0.012562
0.015039
0.009509
0.010111
0.009509
0.010014
0.030569
0.012035
0.009400
0.009512
0.010201
0.010514
0.010401
0.009519
0.011518
0.015541
0.043555
0.011510
0.009518
0.013050
0.014020
0.010517
0.010018
0.013517
0.011024
0.013513
0.032071
0.016030
0.012519
0.013089
0.010017
0.009523
0.013997
0.017016
0.010022
0.009507
0.048076
0.016037
0.013531
0.013020
0.013514
0.014023
0.011015
0.013021
0.009953
0.009508
0.045229
0.016020
0.016553
0.011513
0.013515
0.014527
0.010510
0.010515
0.012512
0.011509
0.029520
0.011023
0.010509
0.009510
0.010028
0.013516
0.014519
0.013034
0.014029
0.011519
0.037565
0.020540
0.010023
0.010233
0.013054
0.013043
0.013509
0.012014
0.014019
0.012074
0.039030
0.015516
0.009014
0.009772
0.009517
0.013203
0.016550
0.014019
0.010509
0.009560
0.032528
0.016306
0.012547
0.012078
0.009015
0.010011
0.010299
0.013016
0.013574
0.009508
0.050698
0.015023
0.010521
0.009513
0.009512
0.010346
0.010512
0.010515
0.010019
0.009521
0.046083
0.011853
0.009502
0.009088
0.009520
0.010505
0.009507
0.009506
0.009566
0.013551
0.045088
0.013195
0.013871
0.012310
0.010343
0.009506
0.009511
0.009012
0.009082
0.010103
0.039069
0.011510
0.009511
0.009516
0.010515
0.010009
0.013510
0.013077
0.012531
0.010846
0.049555
0.013518
0.018586
0.013524
0.013147
0.014009
0.013063
0.013814
0.009031
0.013514
0.044930
0.016290
0.016021
0.015557
0.012518
0.014111
0.015013
0.009511
0.010011
0.008509
0.029043
0.013517
0.013511
0.013015
0.013511
0.010505
0.009507
0.009017
0.013512
0.013532
0.032341
0.014516
0.009516
0.009505
0.010503
0.010024
0.010490
0.017016
0.012105
0.010516
0.036120
0.015018
0.013025
0.013556
0.009656
0.009509
0.014285
0.010026
0.010000
0.014043
0.047541
0.015099
0.014540
0.010912
0.010513
0.009994
0.013041
0.013567
0.013238
0.013020
0.030552
0.016015
0.013082
0.013756
0.012510
0.013011
0.011508
0.009504
0.009508
0.010510
0.040056
0.010870
0.009518
0.013976
0.014155
0.012564
0.010508
0.010508
0.010024
0.013574
0.030028
0.013520
0.009503
0.013523
0.010502
0.009519
0.012020
0.010521
0.010018
0.010507
0.030568
0.013602
0.014011
0.013017
0.011018
0.013512
0.013019
0.011028
0.010512
0.009646
0.046076
0.015013
0.012967
0.013520
0.015537
0.014521
0.011511
0.012025
0.013450
0.013298
0.039570
0.014574
0.012515
0.013542
0.010524
0.009509
0.009002
0.009403
0.010044
0.010512
0.029530
0.012020
0.010512
0.010013
0.010507
0.013189
0.012879
0.013511
0.014535
0.014513
0.039948
0.011507
0.010020
0.009018
0.010019
0.009513
0.009515
0.009511
0.009502
0.009017
0.033056
0.016875
0.013906
0.010245
0.009511
0.011020
0.014511
0.018612
0.012509
0.014105
0.045065
0.014351
0.013756
0.013318
0.012021
0.010514
0.009487
0.010022
0.010250
0.010029
0.030255
0.012028
0.020062
0.014262
0.011095
0.009621
0.009510
0.010018
0.012524
0.009516
0.030037
0.012032
0.010509
0.010069
0.009511
0.010032
0.010741
0.009503
0.009511
0.009525
0.031556
0.012504
0.010510
0.011750
0.012522
0.010015
0.008509
0.009514
0.011948
0.012513
0.047684
0.015028
0.013161
0.013021
0.010510
0.009511
0.009975
0.011007
0.015027
0.014421
0.029529
0.013017
0.010049
0.010141
0.010015
0.010505
0.011518
0.013056
0.014022
0.011829
0.031426
0.014508
0.012515
0.013521
0.014524
0.016511
0.014505
0.010504
0.009509
0.009512
0.028526
0.012008
0.009515
0.009082
0.009509
0.009016
0.011513
0.012991
0.013028
0.011027
0.049065
0.018547
0.009510
0.009507
0.010508
0.013517
0.013963
0.013655
0.010371
0.008648
0.029014
