0.967693
0.010511
0.009512
0.009513
0.009034
0.010519
0.009509
0.009505
0.010012
0.012511
0.029050
0.010507
0.008508
0.013019
0.010505
0.012013
0.013022
0.012647
0.012505
0.009085
0.047290
0.010319
0.013024
0.010517
0.010515
0.013033
0.015031
0.011514
0.010030
0.012526
0.029531
0.013516
0.012516
0.008507
0.010509
0.009014
0.009011
0.008511
0.009508
0.012024
0.047582
0.012515
0.009520
0.010063
0.013019
0.013030
0.013044
0.013593
0.016564
0.011639
0.028599
0.011020
0.013017
0.012557
0.012538
0.013538
0.013037
0.010859
0.009509
0.008533
0.043056
0.012514
0.011031
0.013583
0.010580
0.009051
0.009512
0.009512
0.012518
0.011024
0.029557
0.010514
0.009516
0.009517
0.010518
0.010511
0.010024
0.009516
0.011583
0.012844
0.030431
0.011520
0.012014
0.013012
0.011508
0.011010
0.008508
0.011511
0.012589
0.010509
0.029541
0.015113
0.016949
0.015980
0.009516
0.012638
0.009508
0.009503
0.009418
0.010040
0.038701
0.015513
0.013021
0.011509
0.013510
0.014512
0.013349
0.013061
0.009131
0.009512
0.047360
0.011511
0.010514
0.012542
0.009510
0.009511
0.009513
0.011754
0.013520
0.012516
0.030544
0.017135
0.013516
0.014061
0.012094
0.010515
0.010025
0.010515
0.013023
0.012554
0.038064
0.013891
0.012508
0.009516
0.014022
0.015024
0.012521
0.009502
0.011518
0.012509
0.037204
0.015006
0.012022
0.012507
0.012506
0.012021
0.009010
0.009511
0.009513
0.009504
0.047568
0.014523
0.009509
0.008191
0.015018
0.014020
0.011509
0.012017
0.014062
0.010507
0.048119
0.015013
0.010020
0.012511
0.011506
0.009511
0.008485
0.008508
0.009511
0.009514
0.029039
0.011070
0.009515
0.016033
0.011515
0.009006
0.008516
0.013021
0.010513
0.010514
0.047531
0.012016
0.010518
0.009013
0.009517
0.010516
0.009120
0.008669
0.007511
0.009516
0.033978
0.015517
0.010516
0.009517
0.010026
0.009508
0.009511
0.017539
0.013016
0.013094
0.034733
0.011015
0.008508
0.008008
0.011402
0.012013
0.013013
0.012579
0.013512
0.012012
0.047052
0.014513
0.009506
0.008538
0.010507
0.014977
0.013125
0.013024
0.012023
0.011508
0.034536
0.012510
0.012522
0.012013
0.010515
0.009507
0.009511
0.013012
0.012949
0.012511
0.038566
0.015103
0.010018
0.008499
0.009503
0.011520
0.010512
0.012509
0.014084
0.012066
0.034581
0.013505
0.009520
0.008512
0.012021
0.010017
0.009508
0.009012
0.009519
0.008510
0.029256
0.015522
0.012507
0.013519
0.013518
0.014230
0.016038
0.012550
0.011518
0.008511
0.040052
0.010520
0.008507
0.009066
0.012013
0.013017
0.012018
0.010511
0.009017
0.009513
0.037040
0.013014
0.008546
0.008508
0.009015
0.010513
0.012664
0.013019
0.017025
0.010516
0.028045
0.010683
0.010509
0.008938
0.009013
0.009509
0.008513
0.008509
0.010329
0.012014
0.033589
0.016020
0.009515
0.009026
0.008505
0.012230
0.012515
0.014023
0.013521
0.016025
0.040061
0.010509
0.008505
0.008502
0.008506
0.010504
0.009516
0.009202
0.010017
0.009506
0.028020
0.011508
0.009272
0.009509
0.009504
0.010509
0.012518
0.013014
0.009514
0.009004
0.041249
0.014029
0.008513
0.008517
0.009507
0.009509
0.009919
0.011509
0.009515
0.009041
0.028523
0.010018
0.012072
0.012516
0.013023
0.011513
0.010017
0.011512
0.010601
0.010511
0.029556
0.011518
0.010511
0.009551
0.011010
0.013749
0.012512
0.012513
0.013094
0.013085
0.030038
0.012020
0.009515
0.009513
0.009373
0.010519
0.013125
0.012884
0.012957
0.012530
0.033507
0.011022
0.010512
0.014035
0.014580
0.012632
0.012006
0.011019
0.009386
0.008513
0.028920
0.010199
0.008508
0.009616
0.009509
0.009506
0.010511
0.013017
0.012517
0.012507
0.044082
0.010509
0.012503
0.012825
0.013524
0.011017
0.010511
0.012534
0.010511
0.008410
0.028824
0.013710
0.013019
0.013607
0.013061
0.012509
0.010514
0.012568
0.013022
0.012513
0.045120
0.012071
0.008512
0.009506
0.009515
0.016534
0.009516
0.009766
0.013056
0.013308
0.047049
0.012010
0.012048
0.012507
0.013079
0.013041
0.013513
0.013026
0.012648
0.012510
0.035551
0.015022
0.008009
0.009011
0.013240
0.012511
0.012536
0.013018
0.012509
0.013506
0.036046
0.010511
0.009041
0.009519
0.009504
0.009517
0.009510
0.010015
0.009019
0.008514
0.030190
0.011513
0.008514
0.010509
0.009615
0.013025
0.014513
0.009507
0.009509
0.008510
0.042922
0.015014
0.013558
0.012514
0.008709
0.010124
0.009510
0.012510
0.012011
0.013517
0.044184
0.011515
0.009512
0.009513
0.009504
0.014523
0.015532
0.010508
0.009019
0.014028
0.037140
0.010514
0.008518
0.013184
0.009022
0.009017
0.009511
0.012046
0.013107
0.013018
0.041709
0.010513
0.014020
0.011512
0.012013
0.014020
0.015121
0.010058
0.009015
0.012038
0.046593
0.014510
0.013015
0.010576
0.008507
0.011157
0.010152
0.009512
0.009514
0.010508
0.046313
0.014013
0.009512
0.013554
0.013515
0.016489
0.014735
0.009948
0.008511
0.009092
0.029087
0.012933
0.013021
0.012019
0.013541
0.012507
0.011509
0.012518
0.009533
0.008509
0.028588
0.011512
0.009513
0.008511
0.012519
0.017540
0.009623
0.008014
0.009508
0.009658
0.040567
0.014528
0.009503
0.008507
0.008867
0.009084
0.009008
0.011198
0.013511
0.009254
0.044077
0.011025
0.008506
0.010064
0.012358
0.015540
0.011512
0.008507
0.010011
0.013019
0.045550
0.014516
0.010506
0.012607
0.009514
0.008673
0.009507
0.009512
0.009510
0.009614
0.042419
0.013516
0.012037
0.012513
0.012515
0.011013
0.010508
0.009508
0.009019
0.010133
0.037066
0.010518
0.010735
0.013017
0.013012
0.011547
0.013018
0.010509
0.009505
0.009022
0.033878
0.013518
0.009508
0.009015
0.011516
0.014516
0.014930
0.012465
0.012059
0.012012
0.030024
0.010872
0.008152
0.009548
0.008516
0.012510
0.011518
0.009004
0.012048
0.012510
0.049358
0.014536
0.012009
0.009510
0.009516
0.009515
0.010033
0.008510
0.008024
0.009020
0.028054
0.011511
0.008510
0.008507
0.012508
0.008562
0.009516
0.009472
0.009103
0.009510
0.047651
0.011020
0.012020
0.014017
0.010517
0.009512
0.012487
0.013524
0.014025
0.010008
0.034302
0.014715
0.012512
0.012510
0.013013
0.013025
0.010504
0.012600
0.013014
0.011051
0.040434
0.010511
0.010464
0.013518
0.011033
0.012031
0.009506
0.009510
0.008073
0.008506
0.040109
0.014543
0.011507
0.008662
0.009006
0.009063
0.008775
0.009224
0.009521
0.009021
0.029976
0.015410
0.012270
0.012015
0.011515
0.008503
0.012027
0.012015
0.015526
0.013021
0.047089
0.012018
0.008505
0.008999
0.009513
0.009005
0.010264
0.010026
0.009505
0.009512
0.029039
0.012511
0.013509
0.012507
0.012018
0.012190
0.011713
0.009511
0.008508
0.009509
0.048072
0.014044
0.011019
0.010011
0.009063
0.009087
0.008513
0.013019
0.013010
0.013513
0.045769
0.015034
0.011510
0.012557
0.011509
0.011899
0.012181
0.016513
0.013512
0.013710
0.038554
0.013743
0.013510
0.010226
0.009510
0.009512
0.010016
0.010512
0.009038
0.009025
0.047806
0.015104
0.009506
0.008503
0.008510
0.009011
0.009005
0.008507
0.010010
0.013520
0.029038
0.012511
0.008517
0.008507
0.008513
0.012520
0.013020
0.013508
0.011526
0.012512
0.052212
0.011020
0.014435
0.010514
0.009189
0.010309
0.009512
0.009508
0.018530
0.015958
0.043213
0.011012
0.010018
0.009508
0.012521
0.014513
0.014538
0.013512
0.014533
0.012676
0.030766
0.014902
0.014155
0.014023
0.014551
0.013539
0.010511
0.009509
0.015022
0.016521
0.034567
0.012096
0.010032
0.009879
0.014018
0.010843
0.014518
0.009040
0.009515
0.015623
0.045051
0.014513
0.013530
0.009516
0.009512
0.012466
0.013258
0.011254
0.021044
0.013525
0.048909
0.012063
0.013021
0.014705
0.009511
0.009012
0.011015
0.011053
0.012796
0.009516
0.047540
0.015596
0.013515
0.013025
0.010527
0.010069
0.009164
0.012334
0.009515
0.010023
0.028602
0.010983
0.012915
0.012503
0.010016
0.008516
0.012011
0.012515
0.011506
0.012549
0.045390
0.015026
0.012506
0.012510
0.011509
0.009510
0.013036
0.015517
0.012510
0.010510
0.029033
0.015516
0.012024
0.013512
0.013018
0.012258
0.013510
0.013084
0.010013
0.008021
0.028050
0.010016
0.008507
0.011021
0.013131
0.012506
0.012012
0.013516
0.013534
0.010014
0.030549
0.014508
0.009580
0.012507
0.009509
0.009005
0.008525
0.009010
0.009012
0.011604
0.039533
0.010049
0.010514
0.013104
0.011507
0.012020
0.008504
0.009507
0.015032
0.011025
0.028945
0.010529
0.008507
0.009242
0.009504
0.009507
0.008514
0.013523
0.012511
0.010572
0.028075
0.014026
0.012545
0.012523
0.011020
0.009004
0.008510
0.010506
0.009516
0.009512
0.031035
0.018527
0.013018
0.012514
0.009532
0.008508
0.009015
0.009508
0.009720
0.009513
0.028023
0.010506
0.008506
0.008395
0.008507
0.009506
0.008511
0.009507
0.009510
0.012511
0.047565
0.022034
0.011029
0.009512
0.012530
0.012510
0.011514
0.013021
0.012509
0.011538
0.040683
0.014023
0.012504
0.012894
0.010005
0.012513
0.012023
0.013019
0.012512
0.011586
0.046058
0.011064
0.008635
0.011506
0.010145
0.009505
0.008508
0.008511
0.011562
0.011781
0.042623
0.010518
0.009445
0.008516
0.009091
0.012635
0.012787
0.011508
0.013545
0.010022
0.031544
0.010511
0.011508
0.012514
0.014017
0.012529
0.010516
0.012753
0.010513
0.009511
0.048574
0.013522
0.009190
0.009514
0.009510
0.009027
0.008949
0.009515
0.008507
0.011562
0.035048
0.016511
0.011518
0.009510
0.009506
0.009511
0.009509
0.008053
0.009511
0.009510
0.041559
0.013515
0.012535
0.013100
0.013025
0.012010
0.013144
0.009517
0.009512
0.010509
0.030043
0.018030
0.011508
0.012533
0.012512
0.012515
0.010038
0.009522
0.012961
0.012017
0.046562
0.014024
0.013029
0.012509
0.010512
0.009506
0.008514
0.008510
0.009029
0.012510
0.048179
0.013020
0.011018
0.010512
0.010587
0.014013
0.013028
0.012510
0.011516
0.008079
