0.941024
0.009004
0.008510
0.008509
0.008062
0.009013
0.013110
0.012524
0.012516
0.012504
0.027036
0.014270
0.013021
0.013531
0.013019
0.011727
0.011510
0.013067
0.013257
0.013026
0.036156
0.009512
0.009516
0.009517
0.012524
0.012011
0.012508
0.012518
0.013512
0.014014
0.026485
0.008512
0.007872
0.008006
0.013016
0.013506
0.013342
0.008506
0.007506
0.007499
0.025038
0.009033
0.008019
0.009512
0.011509
0.012205
0.013524
0.011514
0.007505
0.008509
0.028046
0.013509
0.013009
0.012515
0.012505
0.011462
0.009028
0.008510
0.010012
0.008510
0.026572
0.009508
0.008009
0.008508
0.013015
0.013013
0.013015
0.007984
0.008309
0.008271
0.025740
0.009527
0.013015
0.009521
0.014027
0.013594
0.011539
0.008021
0.008508
0.008936
0.027034
0.008004
0.007511
0.007510
0.007512
0.012013
0.014538
0.013506
0.013509
0.011070
0.027534
0.015023
0.013061
0.014017
0.013515
0.013173
0.013017
0.013515
0.013015
0.008510
0.025533
0.009059
0.008510
0.008034
0.007504
0.008007
0.008003
0.008511
0.013554
0.013513
0.048576
0.013511
0.013014
0.009507
0.008508
0.008504
0.008508
0.009166
0.014031
0.008505
0.026535
0.008006
0.008009
0.007514
0.007509
0.007510
0.007008
0.008009
0.010512
0.013524
0.047095
0.012507
0.008005
0.008515
0.012622
0.012515
0.011512
0.012512
0.012504
0.011511
0.048564
0.012545
0.012511
0.012010
0.012509
0.014510
0.011013
0.008010
0.008750
0.008515
0.026031
0.009511
0.007503
0.008507
0.007512
0.006508
0.007505
0.007621
0.007501
0.008004
0.044053
0.009617
0.008172
0.014025
0.014031
0.013532
0.013531
0.013112
0.013677
0.011023
0.026194
0.014012
0.013531
0.012508
0.013022
0.012011
0.011077
0.010022
0.008514
0.008510
0.025538
0.008507
0.013517
0.012508
0.015528
0.014027
0.008334
0.007514
0.008230
0.013015
0.047549
0.013567
0.006506
0.007526
0.007510
0.008508
0.007000
0.006561
0.007450
0.007508
0.028064
0.009511
0.008507
0.008509
0.013019
0.012511
0.011015
0.010723
0.012014
0.012023
0.049058
0.014012
0.009022
0.009509
0.008509
0.008106
0.007513
0.008512
0.008012
0.007506
0.039099
0.009019
0.012024
0.012511
0.012021
0.013502
0.016031
0.008511
0.008001
0.008003
0.035557
0.015012
0.015805
0.011591
0.008276
0.007967
0.007508
0.007338
0.007508
0.008661
0.030185
0.014512
0.011524
0.006514
0.007508
0.009019
0.008504
0.007504
0.008008
0.007509
0.026529
0.009870
0.008506
0.011514
0.015027
0.013522
0.012609
0.012518
0.013012
0.012536
0.026046
0.009510
0.008505
0.008585
0.008000
0.008005
0.008506
0.008516
0.009535
0.012506
0.048670
0.011015
0.012514
0.016532
0.012513
0.007565
0.009506
0.012600
0.011509
0.010952
0.047395
0.014022
0.013020
0.008516
0.007516
0.007505
0.010031
0.008506
0.008508
0.008003
0.026640
0.009073
0.008013
0.009513
0.017035
0.013745
0.008515
0.008514
0.014016
0.012020
0.026014
0.008508
0.008009
0.008011
0.007506
0.007506
0.008011
0.008004
0.008074
0.012011
0.043044
0.009525
0.007513
0.006508
0.008004
0.007512
0.007024
0.011512
0.013017
0.009208
0.051101
0.014025
0.012619
0.013023
0.013041
0.012140
0.008505
0.007518
0.008521
0.008507
0.025862
0.008506
0.007507
0.007500
0.007027
0.008007
0.008575
0.008029
0.009617
0.008530
0.025519
0.009505
0.007507
0.010509
0.007199
0.007509
0.008561
0.008514
0.010518
0.011517
0.039335
0.013520
0.012013
0.013016
0.013521
0.010512
0.007380
0.008453
0.012505
0.012511
0.047586
0.012018
0.012521
0.013504
0.013178
0.010021
0.008505
0.010511
0.014275
0.014532
0.030044
0.009503
0.007958
0.008503
0.008004
0.007515
0.008509
0.010246
0.013027
0.012561
0.031780
0.014018
0.008005
0.008009
0.008358
0.008508
0.008018
0.012523
0.008515
0.008095
0.029047
0.013519
0.014529
0.010511
0.009014
0.007012
0.007998
0.007513
0.013016
0.013014
0.046924
0.009620
0.008150
0.008471
0.008250
0.008010
0.008012
0.007509
0.008088
0.008506
0.025599
0.014018
0.007537
0.010020
0.008510
0.011154
0.013056
0.013033
0.016034
0.012517
0.046620
0.011042
0.012623
0.010508
0.012019
0.008517
0.012647
0.013039
0.013512
0.012505
0.033034
0.008509
0.008048
0.008007
0.009024
0.008016
0.008180
0.008508
0.007503
0.007500
0.045922
0.011510
0.008894
0.013033
0.012507
0.013517
0.013017
0.011506
0.009013
0.009510
0.046607
0.013506
0.011019
0.009578
0.013013
0.013517
0.013013
0.013535
0.013515
0.011522
0.049071
0.014573
0.011019
0.007508
0.007184
0.007507
0.007503
0.007502
0.008512
0.012020
0.025863
0.015027
0.013519
0.013515
0.007441
0.008004
0.008510
0.008021
0.008509
0.008520
0.027394
0.017654
0.008515
0.008517
0.007508
0.008507
0.007507
0.008080
0.007501
0.007005
0.026042
0.014042
0.012504
0.013016
0.013818
0.011506
0.012103
0.012527
0.013020
0.013021
0.030048
0.009010
0.009018
0.008518
0.008513
0.007810
0.007506
0.014025
0.009519
0.009019
0.036049
0.013015
0.008506
0.007517
0.013020
0.012522
0.011517
0.013046
0.011511
0.011076
0.041554
0.010014
0.013045
0.013014
0.012514
0.013510
0.016540
0.009681
0.008505
0.008509
0.026197
0.008347
0.012013
0.011518
0.009113
0.008018
0.011042
