245	64	12	13
244	64	12	13
244	64	12	13
245	64	12	13
246	63	12	13
246	64	12	13
245	64	12	13
245	64	12	13
245	64	11	12
245	64	12	13
246	64	11	12
245	64	11	12
245	64	11	12
245	64	12	13
247	64	12	13
247	63	11	12
246	64	11	12
247	64	11	12
246	64	12	13
245	63	11	12
245	64	12	13
245	64	12	13
244	63	12	13
245	63	12	13
245	63	12	13
243	64	12	13
244	64	12	13
243	64	12	13
241	63	12	13
240	63	12	13
241	64	12	13
239	64	12	13
238	65	12	13
237	65	12	13
236	65	12	13
234	65	12	13
233	64	12	13
231	65	12	13
230	65	11	12
227	65	12	13
226	66	12	13
225	66	12	13
223	65	11	12
220	64	11	12
218	65	12	13
217	63	12	13
215	64	12	13
214	64	11	12
212	62	11	12
209	63	12	13
207	63	11	12
205	62	12	13
205	62	12	13
203	63	12	13
200	63	12	13
199	63	12	13
198	63	12	13
196	63	12	13
193	64	11	12
191	64	12	13
191	63	12	13
189	62	12	13
186	62	12	13
184	62	12	13
184	62	12	13
181	62	12	13
179	61	12	13
179	62	12	13
177	62	12	13
174	61	12	13
172	61	12	13
171	62	12	13
170	62	12	13
168	61	12	13
166	62	12	13
164	63	12	13
162	63	12	13
160	62	12	13
159	62	13	14
156	62	12	13
154	62	13	14
154	61	13	14
152	61	13	14
151	61	13	14
150	60	13	14
149	60	13	14
150	60	12	13
150	59	13	14
148	60	13	14
148	61	13	14
149	60	13	14
149	60	13	14
148	62	13	14
149	62	13	14
149	62	13	14
151	62	13	14
150	61	13	14
151	60	14	15
151	61	14	15
150	61	14	15
151	61	14	15
152	61	14	15
152	60	13	14
151	59	14	15
151	59	14	15
152	59	14	15
153	60	14	15
153	60	14	15
153	60	14	15
152	60	14	15
152	60	14	15
152	61	14	15
153	61	14	15
154	62	14	15
154	63	13	14
153	64	14	15
154	65	14	15
155	64	14	16
154	65	14	15
155	65	14	15
156	65	14	15
156	65	14	15
155	65	14	15
156	64	14	16
156	63	15	16
154	62	16	17
155	61	16	17
154	61	16	17
154	61	16	17
152	60	16	18
151	60	16	17
151	59	16	18
151	59	16	18
149	58	16	17
148	59	16	17
149	58	16	17
147	58	16	17
147	58	16	18
146	58	17	18
147	60	17	18
146	59	16	18
145	59	17	18
145	59	18	19
145	58	17	18
145	59	17	18
146	57	17	19
144	58	17	18
143	55	18	19
142	56	17	18
141	55	17	18
141	56	17	18
140	56	17	19
138	56	17	19
138	56	17	18
136	56	18	19
133	57	18	19
132	57	17	19
131	57	17	19
128	57	18	19
126	57	17	19
125	57	17	19
123	57	18	19
120	56	18	19
119	56	17	19
119	56	17	19
117	55	17	19
116	55	17	18
114	54	17	19
112	54	17	19
112	52	17	18
110	51	18	19
107	51	18	19
106	51	17	19
105	51	18	19
105	51	17	19
104	51	18	19
103	52	18	19
102	52	18	19
100	51	18	20
100	52	18	20
99	53	18	20
100	53	18	20
98	52	18	20
99	52	18	20
97	51	18	20
98	50	18	20
96	51	19	20
96	50	19	20
96	50	18	20
93	50	18	20
93	50	19	21
91	50	19	21
90	50	20	21
89	51	19	21
87	52	19	21
86	51	19	21
85	53	20	21
83	52	19	21
80	52	19	21
79	53	20	21
78	53	20	21
76	52	20	21
73	51	20	22
74	52	20	21
72	50	20	22
71	49	20	22
72	49	20	22
70	49	21	23
71	49	20	22
71	47	20	22
71	48	21	23
71	48	21	23
73	47	21	23
72	48	22	24
74	49	22	24
76	48	21	23
76	49	22	24
78	47	22	24
80	47	22	24
80	46	22	24
80	46	23	25
81	46	23	25
81	45	23	25
81	46	23	25
82	45	23	25
83	44	23	25
83	44	24	26
84	46	23	25
85	45	23	25
84	45	23	25
85	45	23	25
85	45	24	26
87	46	24	27
85	46	25	27
86	45	25	27
86	46	24	27
86	47	24	26
88	45	24	27
87	44	25	27
87	44	25	27
88	44	24	26
90	44	24	27
89	43	25	27
90	42	24	27
90	41	24	27
91	41	25	27
91	40	26	28
91	41	25	27
92	40	24	27
92	39	25	27
93	40	25	27
94	41	25	28
96	41	26	28
98	40	27	29
100	41	27	29
101	42	27	29
104	42	27	29
107	43	27	29
111	45	28	30
113	44	29	31
117	45	28	30
119	44	29	31
124	44	28	31
125	44	29	32
128	44	28	31
132	43	27	29
135	44	26	28
137	41	27	29
138	41	27	29
140	41	25	28
140	40	27	29
142	39	28	30
144	40	27	29
145	39	27	29
146	38	28	30
149	40	28	30
151	39	28	31
152	39	29	32
156	40	29	32
158	41	31	33
162	40	31	34
165	40	31	34
170	42	31	33
174	43	29	32
177	44	31	33
182	43	29	32
187	45	31	33
191	43	30	32
195	45	31	33
200	43	29	32
203	44	31	33
207	43	30	32
210	43	29	32
213	41	29	31
217	42	29	32
218	40	29	32
220	42	31	33
224	41	29	32
227	41	28	31
229	42	29	32
233	42	29	31
235	43	29	32
239	44	29	32
241	45	29	31
244	47	29	32
249	46	28	31
251	48	28	31
253	47	28	31
257	46	28	31
259	47	28	30
263	47	27	29
265	46	27	29
268	47	26	28
270	46	26	28
273	45	27	29
274	46	26	28
276	46	26	28
279	47	27	29
281	47	27	29
284	46	27	29
286	47	27	29
288	48	27	29
289	47	27	29
291	46	28	31
293	45	27	29
294	45	27	29
295	44	27	29
296	43	28	30
296	42	28	30
297	41	28	30
298	40	28	31
297	39	28	30
298	37	29	31
298	37	28	31
301	35	28	31
300	36	29	32
301	35	29	31
303	37	29	32
303	37	30	32
306	39	29	32
307	40	31	33
309	40	31	34
312	41	31	34
314	41	32	34
317	43	31	33
319	41	31	34
322	40	32	35
322	37	33	36
325	36	32	35
324	34	34	37
324	32	34	37
325	31	34	37
325	30	36	39
322	29	37	40
322	28	37	40
320	28	37	40
319	28	37	40
316	28	39	42
316	29	37	40
314	30	37	40
313	33	37	40
309	33	37	40
305	32	39	42
301	32	40	43
297	33	41	45
294	34	40	43
292	33	40	44
288	32	40	43
287	31	40	44
284	29	41	45
281	27	43	47
280	27	44	48
277	25	45	48
275	26	46	49
272	26	46	49
267	27	47	50
264	25	48	53
261	26	47	51
258	26	47	51
255	26	47	51
252	25	48	53
249	24	48	53
247	26	48	53
244	23	50	55
242	24	51	56
240	22	50	55
238	23	48	53
235	22	50	55
233	24	49	54
229	24	49	54
226	25	50	55
225	25	51	56
223	26	51	56
221	25	52	57
222	25	52	57
220	25	52	57
221	24	52	57
220	25	54	58
221	22	52	57
220	21	54	58
221	21	51	56
221	20	54	58
221	17	54	58
222	17	51	56
222	16	54	58
223	13	52	57
224	11	52	57
224	11	52	57
226	10	50	55
226	12	50	55
223	9	52	57
222	11	52	57
221	11	50	55
218	13	50	55
214	14	50	55
209	15	50	55
204	16	50	55
199	18	48	53
192	19	50	55
184	22	49	54
175	25	48	53
167	26	47	50
153	27	48	53
142	28	47	51
131	29	47	51
119	31	47	50
109	30	46	49
97	31	47	50
90	29	45	48
81	30	47	50
73	28	46	49
67	28	47	50
62	26	45	48
59	27	46	49
54	25	47	50
51	27	47	50
47	25	47	51
45	27	47	50
45	26	46	49
43	26	47	50
42	24	47	50
41	25	47	50
40	21	47	50
39	21	47	51
40	19	46	49
39	18	46	49
39	17	46	49
36	14	47	51
38	14	46	49
36	13	46	49
34	11	47	51
32	10	49	54
31	9	47	51
28	9	49	54
26	9	49	54
23	10	49	54
17	10	49	54
12	9	50	55
8	9	50	55
0	7	52	57
