125	86	15	16
126	85	14	15
128	84	14	15
129	83	14	15
132	82	15	15
132	81	15	15
133	81	14	15
134	81	14	15
137	81	15	15
140	82	14	15
141	82	14	15
142	82	14	15
145	83	14	15
147	83	14	15
147	83	15	15
148	82	15	15
150	81	14	15
152	81	14	15
153	80	14	15
153	78	15	15
154	76	15	15
155	75	15	16
156	74	15	15
157	73	15	15
159	73	15	16
160	72	15	16
160	74	15	16
161	74	14	15
161	74	15	16
162	73	15	16
164	74	14	15
165	73	15	16
165	72	15	16
167	72	15	16
166	71	14	15
168	72	14	15
168	72	14	15
168	72	14	15
168	72	14	15
168	74	14	15
170	74	14	15
170	75	14	15
170	77	13	14
171	77	14	15
170	77	14	15
173	82	14	15
171	77	14	15
172	78	14	15
171	76	14	15
171	71	13	14
171	73	14	15
176	76	14	15
177	76	14	15
178	76	14	15
179	78	14	15
180	77	14	15
180	78	14	15
180	79	14	15
180	80	15	16
181	81	15	16
180	82	16	17
183	84	15	16
184	83	15	16
184	85	15	16
186	84	15	16
185	84	16	17
187	85	15	16
188	83	16	17
173	76	16	18
172	63	17	18
190	80	18	19
191	79	18	19
190	79	17	19
190	77	18	19
189	76	18	19
190	75	18	19
189	74	17	18
189	72	17	19
189	71	17	18
189	69	17	18
190	69	16	18
189	68	16	17
189	68	16	17
188	69	16	17
188	69	16	17
186	71	16	18
184	72	17	18
183	72	18	19
179	72	19	20
177	74	18	19
175	74	18	19
172	75	19	20
170	76	20	21
168	76	19	21
165	75	20	21
163	75	19	21
162	75	19	20
160	75	20	21
160	74	19	20
160	74	19	20
160	73	18	19
158	72	18	19
158	72	19	20
158	71	18	19
156	71	19	20
156	70	19	21
154	71	19	20
154	70	19	21
154	72	19	20
152	72	19	20
151	72	18	19
150	73	18	19
149	75	18	19
147	76	18	19
144	77	19	20
142	78	19	20
141	81	19	20
139	82	19	20
137	85	20	21
134	88	20	21
132	91	21	22
132	94	20	21
129	98	20	21
128	103	19	21
128	107	19	20
127	109	19	20
125	112	20	21
123	114	19	20
123	116	19	20
122	118	19	20
121	120	19	20
121	121	19	21
120	121	19	20
119	119	19	21
118	116	20	21
117	113	21	22
115	108	22	23
113	102	23	24
111	96	22	23
110	91	21	22
110	87	21	22
109	81	21	23
109	79	22	23
111	77	22	24
112	76	21	23
114	74	22	24
107	68	22	23
105	67	21	22
103	68	21	22
102	67	21	22
101	66	22	23
101	66	21	23
98	66	22	23
97	65	23	24
95	64	22	24
94	64	22	23
92	63	23	24
93	62	22	23
89	72	22	24
90	64	23	25
91	63	22	24
92	64	22	23
92	64	22	23
92	63	22	24
95	63	21	23
95	63	22	24
97	65	22	23
97	65	23	24
99	65	23	25
102	64	24	25
104	65	25	26
106	63	24	26
108	62	25	26
109	61	25	27
111	61	24	26
114	61	24	26
117	63	24	25
120	63	24	25
125	65	23	25
127	69	23	24
131	71	24	25
134	76	24	25
137	79	23	25
140	83	24	25
142	87	24	25
146	92	23	24
147	96	23	24
141	98	22	23
151	107	22	23
154	110	23	24
153	113	24	25
160	103	24	25
160	104	24	25
160	104	25	26
159	104	25	27
151	117	26	27
151	115	25	26
150	112	25	27
146	107	26	27
145	101	26	27
140	96	26	28
135	89	26	28
130	83	27	29
126	78	27	28
123	74	26	27
120	68	25	26
118	67	26	27
115	64	27	28
112	63	26	28
111	62	27	29
109	60	28	30
108	60	27	29
106	59	28	30
104	59	28	30
103	58	28	30
102	58	28	30
101	56	29	31
100	56	29	31
99	55	29	31
99	55	29	31
97	54	28	30
96	54	28	30
93	55	29	31
91	57	28	30
90	59	27	29
89	62	27	28
86	65	26	27
84	68	27	28
81	73	28	30
77	75	29	31
75	80	28	30
72	83	27	28
70	86	26	27
68	88	25	26
66	93	25	27
64	94	25	26
59	98	26	27
57	99	27	28
61	113	26	28
56	112	27	29
52	101	28	30
51	101	27	29
51	98	28	30
51	95	27	28
51	90	28	30
51	86	28	30
53	82	28	30
52	77	29	31
53	70	29	31
55	65	31	33
55	61	30	32
58	57	31	33
61	54	31	33
63	50	32	34
64	48	33	36
65	46	35	37
66	46	35	38
66	47	35	38
64	47	35	38
62	46	37	39
59	47	36	39
56	49	36	39
52	50	35	37
48	50	35	37
42	52	35	38
34	54	36	39
28	57	36	39
20	59	35	38
13	60	34	36
2	58	35	37
-3	59	34	36
-8	57	35	37
-10	55	33	36
-14	48	35	37
-16	45	36	39
-18	42	35	38
-20	42	37	39
-19	41	35	38
-19	40	35	37
-16	40	33	36
-16	40	34	36
-15	40	34	36
-13	40	33	35
