0.986016
0.013599
0.012521
0.013516
0.016028
0.014027
0.010519
0.010509
0.009720
0.013032
0.043051
0.012518
0.009511
0.010523
0.009513
0.013543
0.009505
0.011024
0.013391
0.013514
0.040064
0.011509
0.010515
0.016029
0.013520
0.013115
0.012526
0.012513
0.014017
0.012511
0.029546
0.012513
0.013021
0.010510
0.009507
0.009512
0.008509
0.009513
0.010025
0.013013
0.050605
0.016514
0.013530
0.013524
0.012506
0.011660
0.009505
0.009507
0.009507
0.009495
0.032303
0.013161
0.012531
0.013520
0.012513
0.010014
0.009021
0.009518
0.008504
0.010505
0.034090
0.015525
0.012514
0.014523
0.013510
0.009508
0.013540
0.012507
0.013532
0.011398
0.031550
0.013513
0.010145
0.009460
0.012704
0.010888
0.010029
0.009515
0.009508
0.010034
0.037630
0.015023
0.009512
0.009010
0.009509
0.008509
0.010059
0.010014
0.009508
0.009510
0.033561
0.012019
0.012594
0.011008
0.009020
0.009452
0.009516
0.009068
0.009542
0.009508
0.046729
0.011516
0.009308
0.009010
0.010506
0.011513
0.011541
0.010071
0.009511
0.009503
0.030026
0.011031
0.009508
0.010010
0.010187
0.010508
0.010510
0.009503
0.009017
0.010509
0.040796
0.015517
0.010512
0.010007
0.011522
0.010511
0.010013
0.010026
0.010021
0.009511
0.048762
0.015015
0.011163
0.010940
0.010511
0.013510
0.012516
0.010517
0.010015
0.012025
0.035033
0.012583
0.013016
0.017002
0.010021
0.013113
0.014443
0.012019
0.010009
0.013508
0.048561
0.013080
0.014030
0.012509
0.012507
0.010240
0.009508
0.010511
0.011076
0.010009
0.050573
0.013514
0.012513
0.013015
0.012636
0.011511
0.010837
0.010015
0.009510
0.009508
0.046641
0.016016
0.010328
0.010512
0.009502
0.009007
0.009503
0.010505
0.014529
0.016071
0.047372
0.011519
0.009512
0.010511
0.012536
0.016014
0.010512
0.010011
0.010504
0.009508
0.029041
0.012133
0.009510
0.010523
0.009514
0.012513
0.010513
0.010017
0.009552
0.012571
0.049053
0.012515
0.012019
0.010054
0.010022
0.009186
0.009952
0.011548
0.013513
0.012522
0.038203
0.012004
0.010042
0.009511
0.010511
0.013029
0.014569
0.013513
0.011316
0.012504
0.048238
0.019031
0.010531
0.009513
0.009511
0.009694
0.011030
0.012017
0.012019
0.009508
0.048488
0.013074
0.013519
0.012516
0.009510
0.011280
0.009629
0.009515
0.009205
0.010739
0.044557
0.015513
0.013525
0.010014
0.011515
0.014301
0.014024
0.011514
0.013016
0.013538
0.031615
0.015526
0.012508
0.014031
0.011510
0.010538
0.014048
0.017033
0.011663
0.013013
0.046581
0.013508
0.013028
0.011062
0.012509
0.011565
0.009017
0.009635
0.010505
0.013011
0.039546
0.011012
0.009509
0.009511
0.009506
0.009016
0.010510
0.009514
0.009511
0.013022
0.034122
0.015511
0.013554
0.013509
0.012985
0.009129
0.011508
0.013517
0.013021
0.012520
0.032050
0.021038
0.011513
0.014026
0.012507
0.011516
0.009514
0.010529
0.013024
0.013506
0.041348
0.012016
0.010520
0.010013
0.013513
0.013536
0.013022
0.013522
0.013023
0.016516
0.047052
0.015536
0.013532
0.013513
0.010513
0.009515
0.010020
0.008511
0.012018
0.013521
0.042325
0.011507
0.009516
0.009520
0.011011
0.013025
0.012015
0.011506
0.009261
0.020037
0.048850
0.011512
0.009554
0.013520
0.010517
0.008119
0.010527
0.010513
0.013019
0.009517
0.029394
0.011512
0.010655
0.011513
0.010015
0.009770
0.009064
0.009026
0.018536
0.011520
0.029541
0.015019
0.013023
0.010519
0.009515
0.013506
0.013524
0.013511
0.010465
0.009548
0.029852
0.016061
0.011509
0.009317
0.014021
0.011528
0.013020
0.013516
0.012032
0.010506
0.028542
0.012513
0.011031
0.009509
0.009508
0.009614
0.008508
0.009514
0.010047
0.008507
0.032034
0.014911
0.013509
0.012018
0.013020
0.009762
0.009506
0.010506
0.008710
0.009717
0.030536
0.017519
0.014014
0.012013
0.012704
0.011512
0.010512
0.009506
0.009509
0.009507
0.029599
0.015643
0.013021
0.010007
0.009330
0.013544
0.013504
0.012460
0.012013
0.009509
0.031049
0.012514
0.008502
0.009513
0.010516
0.009513
0.011462
0.013534
0.014011
0.011513
0.029367
0.016027
0.011518
0.013517
0.012517
0.009508
0.010011
0.009515
0.013507
0.013970
0.051059
0.015550
0.009516
0.013020
0.014200
0.014242
0.010514
0.011891
0.011501
0.010514
0.043036
0.011515
0.012019
0.013587
0.013507
0.010012
0.010513
0.010011
0.010513
0.012526
0.036539
0.012024
0.008511
0.009506
0.009515
0.009511
0.009003
0.009511
0.012510
0.010514
0.034614
0.011516
0.010521
0.009898
0.010505
0.009512
0.011020
0.012606
0.013509
0.011966
0.046563
0.014004
0.013504
0.013077
0.010513
0.009513
0.009507
0.015516
0.013268
0.013751
0.029677
0.011511
0.012456
0.011511
0.014032
0.008504
0.014279
0.010015
0.013035
0.017024
0.031594
0.012018
0.010509
0.009516
0.011600
0.013887
0.011519
0.011019
0.009688
0.008508
0.048572
0.011426
0.009015
0.010026
0.010218
0.010517
0.010512
0.010508
0.012514
0.015513
0.035714
0.013016
0.013521
0.012527
0.014076
0.013082
0.013082
0.013525
0.009547
0.013021
0.046093
0.010508
0.009510
0.009512
0.008015
0.009511
0.008790
0.009348
0.010595
0.013517
0.045924
0.012022
0.010506
0.011589
0.012013
0.009510
0.011020
0.014241
0.013766
0.013937
0.042100
0.012013
0.009519
0.009513
0.010004
0.014017
0.014284
0.011512
0.024001
0.010213
0.031839
0.012017
0.014022
0.011527
0.010004
0.013510
0.011035
0.012512
0.014015
0.010528
0.050435
0.013017
0.010512
0.013865
0.013660
0.010631
0.013514
0.013101
0.017034
0.011510
0.037672
0.013022
0.012508
0.010507
0.009503
0.010507
0.009512
0.009020
0.009508
0.009009
0.029526
0.011508
0.011066
0.013504
0.010019
0.008012
0.009557
0.010510
0.009509
0.016470
0.049109
0.011509
0.010091
0.008504
0.009013
0.009502
0.009515
0.009509
0.009008
0.010379
0.034536
0.014024
0.013021
0.011514
0.013268
0.013347
0.012518
0.019027
0.010512
0.010496
0.031274
0.017036
0.015436
0.014535
0.014024
0.009811
0.014555
0.010040
0.013511
0.014538
0.047075
0.012132
0.009511
0.009010
0.012517
0.013738
0.016527
0.010505
0.009507
0.009022
0.035552
0.016019
0.012716
0.012018
0.010515
0.010014
0.010024
0.009510
0.013515
0.013037
0.033532
0.010607
0.010013
0.009508
0.013518
0.015531
0.014022
0.012514
0.010009
0.010008
0.030047
0.014585
0.011512
0.010239
0.010804
0.013034
0.010913
0.009511
0.009514
0.013515
0.048132
0.011510
0.016556
0.016027
0.011888
0.013016
0.012503
0.013516
0.010532
0.013532
0.037553
0.014563
0.012512
0.012125
0.013504
0.010507
0.011019
0.013016
0.012516
0.013516
0.032547
0.019536
0.014517
0.013075
0.011018
0.009020
0.011017
0.012509
0.012512
0.012506
0.049080
0.015005
0.012511
0.012507
0.009502
0.009515
0.011518
0.013541
0.009511
0.009017
0.029062
0.020033
0.013029
0.009511
0.009519
0.010027
0.010513
0.010514
0.011015
0.012758
0.036039
0.015853
0.010510
0.011513
0.013517
0.012510
0.012516
0.012506
0.008446
0.011014
0.048048
0.016025
0.017255
0.010516
0.009405
0.015195
0.009211
0.009046
0.011514
0.013025
0.045618
0.013288
0.011208
0.009510
0.010010
0.010517
0.012516
0.010023
0.009022
0.013243
0.045363
0.010509
0.011073
0.011556
0.014062
0.012526
0.009511
0.008508
0.008507
0.010144
0.034139
0.013511
0.011827
0.010509
0.009511
0.009516
0.008511
0.009011
0.013017
0.010264
0.046553
0.014015
0.009507
0.011016
0.011516
0.011518
0.012015
0.012508
0.009554
0.009515
0.028085
0.015582
0.013602
0.010511
0.010514
0.013528
0.014077
0.013153
0.026551
0.010014
0.038162
0.011510
0.010007
0.010525
0.009508
0.010519
0.011020
0.010019
0.013515
0.010020
0.030037
0.012140
0.010513
0.010014
0.009233
0.009506
0.009505
0.010013
0.010510
0.017022
0.030562
0.015513
0.013018
0.013023
0.010103
0.009511
0.009015
0.010508
0.009507
0.009662
0.031145
0.013875
0.009507
0.010184
0.013011
0.012215
0.013016
0.013509
0.013546
0.014041
0.029910
0.010507
0.012877
0.011194
0.009508
0.008510
0.009972
0.009058
0.008511
0.009514
0.030523
0.011533
0.009736
0.013072
0.012527
0.014536
0.012511
0.014022
0.013535
0.009514
0.029547
0.011120
0.013016
0.013703
0.013554
0.010510
0.013017
0.011632
0.009507
0.010444
0.042065
0.013024
0.009510
0.009511
0.013018
0.010507
0.017540
0.010518
0.010025
0.010506
0.028160
0.015512
0.012935
0.010517
0.009005
0.009584
0.010054
0.010007
0.009024
0.009729
0.043057
0.015543
0.010020
0.009032
0.009515
0.010012
0.017029
0.012569
0.014199
0.012879
0.039124
0.014665
0.012021
0.011513
0.009605
0.010690
0.010586
0.009516
0.009516
0.008512
0.029027
0.010505
0.009509
0.010014
0.012510
0.012511
0.016032
0.010520
0.009502
0.009510
0.029548
0.015077
0.012517
0.010508
0.010264
0.009245
0.009628
0.009506
0.009024
0.010017
0.041047
0.012984
0.010015
0.009209
0.009021
0.012537
0.012506
0.009511
0.009509
0.010507
0.048070
0.012514
0.010508
0.009507
0.009009
0.010016
0.009506
0.010512
0.014527
0.010515
0.030041
0.014015
0.012517
0.010033
0.010521
0.013073
0.013015
0.009513
0.010018
0.011036
0.033983
0.014511
0.013067
0.013519
0.013021
0.013017
0.012506
0.010507
0.009506
0.009511
0.030040
0.015528
0.014686
0.014520
0.011024
0.010777
0.009515
0.010005
0.010504
0.009612
0.033526
0.012543
0.013018
0.013469
0.009510
0.009509
0.009505
0.010006
0.009346
0.010017
0.029526
0.011013
0.009074
0.010519
0.013526
0.011017
0.011018
0.010172
0.014844
0.010515
0.029041
0.012454
0.013018
0.013016
0.012015
0.013511
0.010340
0.013015
0.013032
0.009513
0.030233
0.016021
0.013013
0.010014
0.010515
0.013511
0.013036
0.012097
0.010505
0.008012
0.031033
0.011507
0.013137
0.013013
0.012505
0.012521
0.009108
0.009508
0.009521
0.009510
0.029036
0.011012
0.010518
0.013101
0.014012
0.009511
0.009508
0.008504
0.010007
0.008951
0.029101
0.012010
0.010617
0.010098
0.009515
0.013055
0.013506
0.015027
0.010514
0.009509
0.029210
0.012012
0.010015
0.007841
0.009509
0.013748
0.014552
0.013505
0.010507
0.014123
0.048063
0.014514
0.013519
0.011510
0.010020
0.009509
0.009000
0.010510
0.009513
0.009506
0.044644
0.015008
0.014102
0.016030
0.015895
0.014011
0.012509
0.010528
0.009436
0.010509
0.048291
0.014515
0.013015
0.013019
0.010508
0.009515
0.009886
0.009505
0.009502
0.010509
0.045103
0.012017
0.011518
0.017527
0.013800
0.013012
0.012503
0.009506
0.009336
0.010509
0.029530
0.015025
0.010907
0.012509
0.013170
0.009516
0.009513
0.008509
0.010270
0.009504
0.043175
0.016527
0.013023
0.013013
0.009510
0.009506
0.008017
0.013518
0.013514
0.016030
0.044499
0.012016
0.010022
0.009512
0.013515
0.012512
0.012513
0.010508
0.011520
0.013024
0.045247
0.012019
0.014026
0.012693
0.012714
0.010019
0.010511
0.009510
0.010513
0.009004
0.044269
0.016033
0.011517
0.009512
0.009497
0.009512
0.011058
0.009055
0.008508
0.010179
0.029756
0.011810
0.009518
0.010530
0.009506
0.014545
0.014514
0.010511
0.013010
0.012557
0.029530
0.013059
0.009976
0.009219
0.010231
0.009069
0.010031
0.009004
0.010508
0.009020
0.030049
0.011844
0.016058
0.014712
0.012555
0.010512
0.010190
0.016929
0.011964
0.009353
0.051091
0.010518
0.010735
0.012513
0.011511
0.013523
0.012505
0.010649
0.010596
0.009258
0.045158
0.012507
0.009511
0.009516
0.010511
0.010048
0.011515
0.012017
0.020545
0.014882
0.039054
0.015810
0.013509
0.014705
0.011876
0.011506
0.010523
0.009509
0.010509
0.009511
0.048475
0.015516
0.013510
0.010540
0.013511
0.014018
0.020027
0.009777
0.009511
0.009584
0.029526
0.015504
0.010508
0.008007
0.008510
0.009511
0.014042
0.013513
0.012018
0.013012
0.035336
0.011545
0.008501
0.009506
0.009513
0.009021
0.010519
0.009976
0.010515
0.010515
0.035059
0.014018
0.009506
0.011513
0.012017
0.012515
0.012118
0.013509
0.013536
0.012011
0.037554
0.013014
0.010018
0.010524
0.010512
0.013508
0.014023
0.014016
0.013523
0.011024
0.028040
0.011160
0.009714
0.010119
0.010513
0.011040
0.009018
0.009023
0.010381
0.009518
0.046057
0.011513
0.009514
0.008513
0.011023
0.011509
0.009513
0.011509
0.015527
0.015518
0.048273
0.016015
0.009511
0.013102
0.011515
0.014321
0.011017
0.013011
0.009513
0.010085
0.029791
0.011010
0.009505
0.010016
0.009516
0.009124
0.013016
0.014019
0.010508
0.010520
0.029586
0.017023
0.011789
0.012511
0.013519
0.009511
0.009546
0.012686
0.008576
0.011677
0.029552
0.012022
0.011081
0.013506
0.012525
0.014016
0.013507
0.011523
0.010513
0.013950
0.039052
0.014024
0.013090
0.012508
0.013516
0.013014
0.009506
0.009015
0.009288
0.010024
0.030535
0.010507
0.009509
0.009507
0.009527
0.010511
0.009008
0.013013
0.014026
0.018037
0.030273
0.012204
0.009505
0.009505
0.010513
0.013950
0.010507
0.009013
0.008507
0.009526
0.035525
0.011672
0.012512
0.013777
0.012017
0.013021
0.010509
0.011054
0.013502
0.013022
0.053581
0.013021
0.012510
0.013535
0.013504
0.014046
0.014060
0.012617
0.013012
0.011109
0.039539
0.012458
0.008511
0.010512
0.011516
0.012505
0.010505
0.011542
0.017546
0.011512
0.029335
0.010507
0.009020
0.010516
0.013014
0.012016
0.013021
0.012413
0.010014
0.009504
0.029146
0.011050
0.013921
0.014046
0.013504
0.010023
0.013081
0.017040
0.014022
0.012503
0.037920
0.013637
0.013514
0.009506
0.010503
0.009509
0.013516
0.013018
0.013528
0.011506
0.040392
0.012016
0.009511
0.009507
0.015519
0.017031
0.010514
0.008579
0.009023
0.009555
0.040191
0.016021
0.013017
0.009502
0.010264
0.009511
0.009519
0.009511
0.009011
0.010054
0.029760
0.015536
0.013093
0.009517
0.008258
0.009546
0.012269
0.014520
0.013024
0.009009
0.029830
0.019490
0.013183
0.010026
0.009512
0.012541
0.013535
0.012513
0.009512
0.008510
0.029548
0.011517
0.009509
0.009504
0.012427
0.012240
0.012016
0.014014
0.010510
0.010517
0.048156
0.014019
0.009513
0.012013
0.013026
0.013536
0.009631
0.010507
0.009013
0.012019
0.049549
0.012527
0.013512
0.014015
0.009510
0.008503
0.009509
0.009511
0.013017
0.018032
0.030055
0.016026
0.012510
0.013019
0.013014
0.009543
0.010011
0.009515
0.009511
0.009506
0.045557
0.016621
0.013402
0.012509
0.012507
0.009012
0.010503
0.010022
0.009507
0.011025
0.031530
0.015018
0.012519
0.010020
0.010504
0.010433
0.012509
0.014017
0.013782
0.013018
0.047632
0.015506
0.013444
0.010193
0.010024
0.009503
0.010017
0.009101
0.014036
0.012512
