1.000000
0.773808
0.790419
0.798493
0.797316
0.792774
0.785668
0.796566
0.793656
0.797081
0.767177
0.787580
0.780084
0.801154
0.798701
0.786935
0.796154
0.783926
0.796446
0.772372
0.779827
0.784764
0.785060
0.786896
0.794092
0.801065
0.798139
0.784807
0.736013
0.734455
0.795331
0.793351
0.797867
0.775616
0.792508
0.778668
0.779623
0.733635
0.789270
0.757553
0.788750
0.783104
0.794158
0.763711
0.758961
0.778984
0.769830
0.779333
0.789431
0.773522
0.786769
0.782816
0.790760
0.770048
0.780049
0.784125
0.761608
0.779331
0.779655
0.769938
0.769976
0.772543
0.778917
0.754178
0.742181
0.773546
0.756446
0.766879
0.767754
0.782609
0.784776
0.759270
0.770489
0.769161
0.762582
0.754462
0.766992
0.769441
0.748869
0.717091
0.731045
0.751513
0.744810
0.756476
0.747577
0.747141
0.754370
0.755758
0.731755
0.739680
0.759143
0.750993
0.717120
0.742507
0.737825
0.769279
0.734483
0.747578
0.753691
0.747471
0.748190
0.755710
0.752139
0.769675
0.755667
0.764146
0.758641
0.748915
0.752967
0.747651
0.761523
0.761700
0.773127
0.761189
0.764804
0.768665
0.777207
0.748924
0.760782
0.766359
0.763021
0.721386
0.754483
0.750423
0.767607
0.768782
0.732391
0.747595
0.768389
0.760632
0.757198
0.767778
0.757729
0.731980
0.759086
0.747033
0.755918
0.753102
0.736218
0.731436
0.738477
0.765214
0.728485
0.718368
0.755046
0.720570
0.763538
0.763344
0.734629
0.757971
0.752963
0.741002
0.755452
0.756230
0.736868
0.752717
0.752147
0.733507
0.741701
0.762740
0.752974
0.729379
0.745002
0.736444
0.765509
0.750812
0.749570
0.740741
0.722407
0.721720
0.757474
0.693668
0.749008
0.757803
0.712709
0.749138
0.743213
0.668562
0.715491
0.733594
0.754794
0.733498
0.727155
0.718401
0.738669
0.724295
0.746321
0.703843
0.723464
0.719186
0.736196
0.708904
0.709147
0.715601
0.693297
0.704581
0.677023
0.693680
0.721717
0.713019
0.746460
0.661390
0.733163
0.724678
0.721558
0.708767
0.725420
0.666403
0.670035
0.709764
0.707056
0.717926
0.716054
0.717463
0.733773
0.670626
0.739582
0.734804
0.729565
0.712941
0.740109
0.743239
0.677448
0.749237
0.738503
0.751694
0.743113
0.730399
0.720817
0.666435
0.735300
0.745616
0.739637
0.740896
0.743332
0.745272
0.756020
0.764221
0.754410
0.697062
0.749661
0.746907
0.757104
0.767541
0.746682
0.753527
0.766509
0.752866
0.699172
0.764467
0.766308
0.767776
0.757818
0.770903
0.771417
0.757601
0.753290
0.752321
0.749089
0.747043
0.744915
0.746677
0.753312
0.766917
0.758633
0.753144
0.740804
0.737728
0.748151
0.750622
0.701485
0.738068
0.658997
0.736854
0.723593
0.752958
0.736612
0.736636
0.738296
0.738101
0.751471
0.733966
0.748855
0.732362
0.736267
0.737224
0.727074
0.754900
0.765793
0.741099
0.756276
0.757178
0.756099
0.751936
0.765288
0.742265
0.757419
0.769865
0.718948
0.755630
0.762788
0.755645
0.743618
0.765653
0.737932
0.774041
0.772292
0.763872
0.762985
0.761712
0.767077
0.740034
0.763684
0.754961
0.753743
0.755519
0.765190
0.763327
0.769051
0.773468
0.757832
0.755033
0.765906
0.766175
0.754022
0.766980
0.775730
0.741290
0.770539
0.754431
0.766956
0.774938
0.762369
0.765583
0.771743
0.769109
0.770260
0.752667
0.771540
0.757937
0.764476
0.762454
0.777777
0.760546
0.765176
0.749093
0.755776
0.762978
0.752575
0.772461
0.749182
0.761891
0.748818
0.746782
0.769789
0.773968
0.764034
0.758403
0.766687
0.768068
0.768068
0.739099
0.737286
0.768098
0.769478
0.768856
0.751281
0.767759
0.771991
0.769547
0.769871
0.767344
0.772692
0.768976
0.746420
0.743340
0.758703
0.770598
0.778902
0.759698
0.767618
0.775847
0.772513
0.752276
0.772417
0.765574
0.768052
0.755491
0.766015
0.760725
0.749288
0.757026
0.760667
0.757807
0.754912
0.769239
0.769063
0.762745
0.764062
0.767880
0.743303
0.770945
0.761153
0.762354
0.754320
0.761690
0.759388
0.763231
0.771048
0.771008
0.762222
0.766803
0.767135
0.768751
0.757105
0.766391
0.756424
0.762510
0.760822
0.758791
0.767418
0.766259
0.766482
0.764864
0.782480
0.769931
0.749677
0.772330
0.762285
0.746978
0.765927
0.763750
0.754009
0.739197
0.753332
0.770110
0.754145
0.742079
0.771051
0.768270
0.776290
0.763184
0.743045
0.737300
0.745819
0.721211
0.747593
0.735172
0.767418
0.744419
0.726569
0.752824
0.721120
0.722102
0.721987
0.723638
0.708334
0.739577
0.712682
0.762116
0.764232
0.745103
0.715398
0.716841
0.738362
0.747662
0.697435
0.757668
0.763793
0.744447
0.708212
0.761850
0.749215
0.739742
0.760025
0.753242
0.720126
0.746969
0.759655
0.736492
0.764915
0.754331
0.693528
0.728020
0.748686
0.729058
0.752206
0.737410
0.697912
0.749928
0.746568
0.748781
0.742819
0.754035
0.741054
0.763958
0.763159
0.765194
0.761116
0.701082
0.759747
0.753307
0.756835
0.758732
0.763969
0.760223
0.743980
0.742736
0.757420
0.748611
0.761636
0.707513
0.744745
0.705976
0.744232
0.709767
0.703490
0.678401
0.673117
0.655606
0.698309
0.613478
0.672237
0.584943
0.599964
0.487479
0.543801
0.695149
0.405712
0.628084
0.721951
0.690936
0.594843
0.653003
0.587828
0.643165
0.649674
0.525147
0.620023
0.663662
0.580404
0.635404
0.711899
0.721158
0.687664
0.682886
0.737767
0.732693
0.750289
0.735266
0.726025
0.743693
0.728024
0.719290
0.742783
0.732227
0.746291
0.758664
0.751090
0.760497
0.751675
0.751455
0.742983
0.736432
0.761747
0.759311
0.760609
0.760774
0.738640
0.766982
0.781486
0.760280
0.747574
0.752717
0.735679
0.754722
0.754039
0.713925
0.765197
0.775240
0.767706
0.768376
0.769853
0.748492
0.756883
0.729822
0.717993
0.719485
0.755230
0.767829
0.731975
0.763104
0.759121
0.768672
0.742861
0.748544
0.706208
0.736670
0.676166
0.739012
0.763840
0.765652
0.769965
0.767356
0.757059
0.748314
0.774898
0.763387
0.769141
0.757998
0.757998
0.748667
0.749028
0.753928
0.771430
0.764058
0.772635
0.774208
0.777739
0.756671
0.761327
0.770381
0.759137
0.768723
0.757370
0.759745
0.775066
0.769176
0.758348
0.771624
0.760098
0.774324
0.764567
0.759328
0.763394
0.759439
0.766305
0.761212
0.774546
0.766806
0.765095
0.766596
0.762648
0.770625
0.771184
0.740506
0.763673
0.767766
0.755855
0.769023
0.774835
0.758598
0.759351
0.752980
0.773293
0.771792
0.767305
0.767906
0.768847
0.775691
0.771266
0.762741
0.771711
0.768444
0.765840
0.772400
0.763281
0.775349
0.767687
0.774038
0.765333
0.741055
0.743589
0.766542
0.770218
0.748865
0.770900
0.778224
0.759672
0.766662
0.740372
0.766384
0.762571
0.757171
0.731534
0.763439
0.768404
0.774050
0.769022
0.758631
0.760798
0.766763
0.754692
0.746816
0.755798
0.763865
0.737959
0.763755
0.764742
0.765917
0.757258
0.758470
0.749322
0.766023
0.725390
0.750461
0.757250
0.759936
0.754802
0.761136
0.754846
0.758044
0.758389
0.770023
0.761276
0.762431
0.767964
0.762797
0.753302
0.768450
0.765949
0.759208
0.765957
0.755603
0.774011
0.757760
0.755424
0.744274
0.776779
0.761833
0.763355
0.770143
0.759437
0.775933
0.752622
0.760518
0.760437
0.770389
0.761080
0.759298
0.733858
0.754950
0.765884
0.762830
0.765296
0.755981
0.758735
0.774200
0.768064
0.749460
0.741920
0.746781
0.774762
0.767929
0.758550
0.749913
0.747599
0.766707
0.757839
0.762015
0.762590
0.754327
0.748282
0.762529
0.745397
0.758687
0.758965
0.755257
0.764804
0.754567
0.757401
0.758711
0.763723
0.769253
0.721730
0.763635
0.758489
0.760111
0.752760
0.758748
0.747136
0.738474
0.760092
0.767078
0.761240
0.756652
0.775800
0.765882
0.765623
0.775943
0.772636
0.765850
0.774390
0.731895
0.771919
0.773742
0.779969
0.755646
0.722402
0.758311
0.774068
0.765019
0.769869
0.736254
0.758008
0.767394
0.759127
0.748978
0.754739
0.723499
0.761346
0.745701
0.768060
0.747519
0.747860
0.762829
0.758715
0.750349
0.756396
0.747747
0.763203
0.759736
0.763291
0.757459
0.753919
0.767844
0.763804
0.764705
0.750104
0.751065
0.761119
0.749039
0.749263
0.749304
0.743356
0.770419
0.730225
0.774120
0.760485
0.756810
0.755710
0.750831
0.751613
0.701702
0.755257
0.763233
0.768639
0.767763
0.764072
0.778873
0.758559
0.773140
0.759906
0.759861
0.766045
0.765979
0.759078
0.755927
0.761956
0.770561
0.766889
0.765120
0.762196
0.766046
0.756919
0.721411
0.750605
0.764045
0.772087
0.740033
0.760528
0.765286
0.763617
0.761077
0.742458
0.760057
0.767023
0.759022
0.757839
0.754672
0.755219
0.754698
0.732406
0.748142
0.746914
0.761351
0.752916
0.755029
0.751667
0.759236
0.759478
0.763172
0.767696
0.757025
0.747271
0.744406
0.759043
0.750428
0.766968
0.746224
0.746064
0.739058
0.756577
0.736287
0.775699
0.769389
0.773032
0.766913
0.768327
0.759284
0.762730
0.741549
0.757827
0.750656
0.774791
0.763433
0.748127
0.777815
0.762610
0.780202
0.771650
0.756918
0.770004
0.776275
0.769522
0.763005
0.766355
0.772378
0.776174
0.764736
0.777156
0.776481
0.780330
0.762429
0.748938
0.780186
0.775405
0.771168
0.767089
0.773881
0.769158
0.775085
0.761338
0.772794
0.778485
0.772788
0.770069
0.777869
0.783003
0.764448
0.787268
0.781937
0.771329
0.782803
0.783273
0.777232
0.775897
0.773660
0.775406
0.775583
0.773657
0.775899
0.772659
0.766694
0.763660
0.776678
0.783788
0.754424
0.779962
0.777627
0.778205
0.770407
0.772303
0.769012
0.770816
0.770677
0.758536
0.777824
0.760813
0.782532
0.768452
0.773551
0.770900
0.766001
0.761799
0.765368
0.778542
0.779335
0.772855
0.776785
0.775696
0.772276
0.777579
0.760610
0.756759
0.755798
0.763664
0.773998
0.767545
0.772767
0.758368
0.771794
0.742266
0.761203
0.755337
0.766007
0.765259
0.749473
0.761616
0.770810
0.736874
0.766512
0.772255
0.765611
0.763224
0.766702
0.761955
0.771052
0.772818
0.768465
0.761899
0.764147
0.775074
0.763681
0.773790
0.773467
0.770958
0.755528
0.786456
0.788708
0.781036
0.779755
0.776172
0.776532
0.777422
0.782796
0.763577
0.783221
0.781352
0.788385
0.769418
0.783266
0.764423
0.785364
0.782991
0.788172
0.776997
0.772602
0.768930
0.738556
0.782826
0.779893
0.786345
0.782264
0.780764
0.784321
0.787586
0.784846
0.778035
0.787296
0.759128
0.785638
0.774369
0.783201
0.785669
0.786435
0.786303
0.784147
0.790335
0.785262
0.746623
0.746669
0.741334
0.776767
0.772532
0.789431
0.776734
0.778665
0.780613
0.785541
0.781684
0.782101
0.788197
0.758166
0.778221
0.776984
0.785661
0.762846
0.779124
0.767443
0.790908
0.789427
0.785107
0.780629
0.785242
0.789458
0.784679
0.783423
0.786101
0.784202
0.782040
0.778921
0.784226
0.785818
0.753568
0.764212
0.778280
0.785104
0.782520
0.785005
0.780882
0.783718
0.759134
0.774947
0.784120
0.786700
0.786570
0.788252
0.759685
0.766153
0.790556
0.787599
0.767927
0.781657
0.781390
0.793447
0.768500
0.775188
0.748132
0.778798
0.781810
0.775782
0.783826
0.785967
0.788569
0.780521
0.759150
0.792957
0.776688
0.774341
0.751588
0.768410
0.787766
0.796814
0.782521
0.790018
0.797355
0.766458
0.774296
0.781394
0.792912
0.789357
0.775470
0.770348
0.761270
0.789850
0.772065
0.779104
0.781172
0.785606
0.796815
0.781318
0.774718
0.782178
0.769597
0.789377
0.789092
0.793387
0.785234
0.791616
0.781229
0.787672
0.786492
0.756951
0.771583
0.751524
0.785939
0.790341
0.782772
0.782578
0.789291
0.782981
0.783766
0.767222
0.769907
0.767901
0.777803
0.777449
0.764454
0.786498
0.778329
0.763098
0.763610
0.784563
0.785387
0.781281
0.780599
0.777858
0.778636
0.780804
0.774959
0.781701
0.781936
0.779949
0.748773
0.780422
0.785173
0.779544
0.777745
0.777745
0.762715
0.788413
0.783329
0.777244
0.775396
0.782065
0.780451
0.746572
0.767750
0.766564
0.784360
0.771418
0.772149
0.754605
0.776407
0.777297
0.753825
0.753985
0.773416
0.759859
0.768192
0.768138
0.771370
0.777567
0.778301
0.782585
0.769877
0.774285
0.744450
0.769337
0.764084
0.773126
0.777020
0.767348
0.764459
0.771205
0.780786
0.777556
0.766294
0.776340
0.766938
0.761582
0.769946
0.773619
0.751046
0.769726
0.752288
0.760295
0.775233
0.777722
0.776004
0.750174
0.742959
0.754403
0.765169
0.764062
0.746025
0.759990
0.764295
0.764444
0.747821
0.729983
0.744431
0.761340
0.761938
0.750675
0.762583
0.751947
0.756702
0.741838
0.749520
0.766138
0.749505
0.747812
0.756549
0.743081
0.752765
0.732402
0.750534
0.738752
0.757773
0.760729
0.755550
0.759231
0.757636
0.755740
0.750773
0.732990
0.754385
0.760023
0.757026
0.753489
0.723732
0.755290
0.746539
0.760815
0.741537
0.742295
0.759458
0.765237
0.754704
0.751839
0.749209
0.758953
0.756008
0.760457
0.761232
0.750657
0.756523
0.757300
0.741727
0.761763
0.758525
0.751893
0.766814
0.757418
0.762323
0.762677
0.747579
0.765913
0.767875
0.745806
0.758203
0.718002
0.758562
0.750905
0.761258
0.758354
0.757445
0.756222
0.739867
0.772614
0.761133
0.774306
0.745515
0.724816
0.763788
0.765505
0.764443
0.746073
0.772462
0.749757
0.765876
0.760921
0.718533
0.752510
0.778701
0.762952
0.757680
0.760093
0.751117
0.749525
0.736037
0.730742
0.758475
0.754070
0.772976
0.751890
0.777898
0.769495
0.764104
0.753804
0.771044
0.761539
0.756260
0.759354
0.752775
0.757890
0.753822
0.744357
0.758182
0.749879
0.740681
0.766125
0.746424
0.756057
0.772731
0.755121
0.751900
0.763336
0.751631
0.762194
0.767752
0.766824
0.775683
0.747114
0.730600
0.756108
0.758661
0.765776
0.755558
0.763715
0.742620
0.749101
0.769746
0.722657
0.739494
0.763730
0.767548
0.767548
0.755827
0.744288
0.735367
0.745713
0.757423
0.755580
0.745743
0.753414
0.748304
0.739153
0.750881
0.747942
0.767601
0.742420
0.729272
0.752081
0.751895
0.741998
0.763213
0.756173
0.769911
0.763300
0.748465
0.749243
0.763033
0.757359
0.737449
0.746215
0.739281
0.751279
0.773088
0.754636
0.760121
0.766103
0.757877
0.730508
0.762932
0.753195
0.756528
0.755661
0.750968
0.745927
0.771152
0.745203
0.749245
0.766388
0.758844
0.766986
0.746348
0.761976
0.755219
0.755467
0.727569
0.758062
0.771299
0.763791
0.761094
0.770903
0.769428
0.779870
0.774155
0.771864
0.770992
0.780517
0.772838
0.779412
0.770381
0.767387
0.773333
0.766100
0.764361
0.764100
0.768967
0.719022
0.757133
0.770053
0.766902
0.755894
0.775040
0.778567
0.773696
0.774088
0.775291
0.774603
0.765802
0.780297
0.779850
0.777885
0.780242
0.774274
0.782312
0.780434
0.771723
0.775194
0.765504
0.753433
0.775474
0.771553
0.770648
0.767376
0.752602
0.778254
0.743637
0.778831
0.772034
0.767136
0.772310
0.775081
0.759115
0.749434
0.770633
0.768739
0.768432
0.768252
0.745187
0.769548
0.752311
0.754467
0.772458
0.770727
0.767076
0.761560
0.767931
0.759862
0.770299
0.774650
0.767665
0.766658
0.756395
0.768642
0.765221
0.766718
0.770271
0.760188
0.764892
0.769429
0.765945
0.764525
0.766649
0.770757
0.760687
0.766390
0.751346
0.737092
0.731652
0.740890
0.745305
0.751600
0.743864
0.761808
0.756170
0.759092
0.756743
0.767999
0.753079
0.768090
0.756765
0.761940
0.760155
0.760806
0.759505
0.754458
0.759355
0.756108
0.747884
0.740842
0.757771
0.751808
0.750117
0.753399
0.766777
0.746737
0.746032
0.763147
0.755211
0.777129
0.774844
0.771615
0.775931
0.772322
0.767767
0.750095
0.766448
0.738105
0.744715
0.749704
0.721850
0.756653
0.765379
0.739999
0.716551
0.743017
0.747397
0.744873
0.746014
0.730042
0.753391
0.718493
0.764384
0.764384
0.771643
0.773218
0.749285
0.778817
0.775830
0.778549
0.762388
0.767976
0.781183
0.769376
0.782231
0.765212
0.773732
0.773947
0.768964
0.755674
0.746967
0.763249
0.735834
0.749223
0.736801
0.741355
0.743887
0.745855
0.726125
0.733830
0.739223
0.738005
0.743991
0.741353
0.747268
0.756000
0.730386
0.754849
0.732037
0.757521
0.768163
0.756442
0.745168
0.728795
0.748000
0.750048
0.738181
0.752735
0.760635
0.762279
0.754128
0.768985
0.743430
0.744048
0.769878
0.772375
0.762359
0.747812
0.767082
0.743658
0.756313
0.758311
0.710458
0.751306
0.728034
0.754466
0.764215
0.745456
0.736371
0.702145
0.749686
0.751689
0.692173
0.705940
0.744932
0.731569
0.747958
0.731360
0.733687
0.716160
0.727658
0.750503
0.663900
0.754122
0.688894
0.741104
0.760007
0.755394
0.745793
0.751839
0.774613
0.755136
0.729928
0.752216
0.737659
0.716084
0.758246
0.759938
0.767421
0.742613
0.749097
0.754258
0.743498
0.755268
0.756436
0.757931
0.748859
0.759461
0.768142
0.751818
0.738810
0.743711
0.725290
0.744430
0.734926
0.730172
0.730059
0.742805
0.734202
0.728734
0.728462
0.733900
0.749284
0.734967
0.759872
0.712810
0.747480
0.719050
0.713916
0.760501
0.750677
0.681667
0.702876
0.748624
0.750305
0.734997
0.730075
0.750432
0.717179
0.763633
0.716087
0.755665
0.742793
0.735422
0.737635
0.736919
0.735096
0.741572
0.695289
0.708987
0.745363
0.731427
0.764069
0.755963
0.753759
0.738548
0.733346
0.735778
0.750258
0.717213
0.750933
0.723671
0.754936
0.757046
0.733509
0.745574
0.761786
0.747437
0.734871
0.730089
0.744586
0.747701
0.750376
0.735828
0.728862
0.731138
0.727079
0.738791
0.751217
0.712060
0.753157
0.762288
0.765915
0.759984
0.696409
0.736393
0.731774
0.737406
0.768439
0.750840
0.763862
0.779286
0.765225
0.768759
0.739626
0.737767
0.754611
0.742714
0.729350
0.702329
0.698773
0.747338
0.776913
0.774980
0.764510
0.721720
0.745385
0.761160
0.758249
0.773825
0.757801
0.773182
0.762789
0.766248
0.763703
0.775310
0.764551
0.744687
0.750562
0.753080
0.756509
0.744567
0.743001
0.737348
0.750043
0.745214
0.761943
0.748607
0.762999
0.749805
0.760250
0.769864
0.743694
0.775690
0.728218
0.757131
0.771323
0.691427
0.765832
0.751173
0.770628
0.757527
0.744294
0.750563
0.762241
0.745187
0.755002
0.774895
0.766004
0.776423
0.756909
0.766945
0.774062
0.775625
0.779165
0.696282
0.764559
0.747907
0.763264
0.783127
0.783738
0.779099
0.769870
0.788072
0.773862
0.787935
0.759603
0.775182
0.765511
0.772076
0.771743
0.779777
0.766882
0.748862
0.737311
0.783576
0.765917
0.763178
0.764861
0.766090
0.773505
0.771594
0.760269
0.744209
0.763580
0.748214
0.732812
0.775599
0.771558
0.786992
0.762037
0.781467
0.773590
0.787495
0.784653
0.777621
0.736368
0.775823
0.770734
0.773564
0.771194
0.772001
0.769009
0.779035
0.762737
0.726349
0.770099
0.769006
0.751658
0.753979
0.751277
0.767074
0.775389
0.726151
0.781527
0.766564
0.771381
0.758328
0.746598
0.766367
0.755956
0.750218
0.744365
0.762911
0.766908
0.759657
0.752650
0.753187
0.765058
0.728363
0.678209
0.749157
0.670610
0.751725
0.738966
0.741546
0.720066
0.714228
0.724700
0.722186
0.737347
0.749370
0.744646
0.741983
0.696774
0.751828
0.760709
0.757369
0.748688
0.749534
0.762880
0.763343
0.749005
0.755532
0.762119
0.751897
0.748838
0.759182
0.716534
0.740882
0.755828
0.758210
0.752889
0.726740
0.742888
0.699184
0.717011
0.732231
0.762017
0.738514
0.728226
0.749791
0.754321
0.754649
0.744540
0.753375
0.753106
0.749641
0.756421
0.762780
0.775298
0.748463
0.730897
0.756050
0.769900
0.749523
0.750011
0.758934
0.717903
0.764356
0.722302
0.746347
0.752813
0.772739
0.755604
0.771518
0.744222
0.772370
0.777071
0.768280
0.770227
0.765670
0.765670
0.774223
0.756762
0.764031
0.770124
0.771337
0.778996
0.721468
0.747931
0.765930
0.756250
0.747624
0.751109
0.772927
0.740956
0.752726
0.754568
0.741396
0.743817
0.741108
0.741370
0.680704
0.698109
0.623351
0.715505
0.721267
0.727897
0.641929
0.752523
0.766502
0.764566
0.761077
0.763285
0.760680
0.765835
0.764621
0.760424
0.735469
0.742795
0.748977
0.765474
0.770950
0.730969
0.769798
0.735367
0.755599
0.759227
0.740169
0.741336
0.739723
0.751759
0.751048
0.765199
0.673002
0.637977
0.736083
0.750820
0.763367
0.727197
0.754270
0.763038
0.695759
0.772117
0.744044
0.752661
0.700360
0.759604
0.759587
0.762303
0.748700
0.778719
0.760435
0.766331
0.758160
0.766829
0.735507
0.768103
0.732747
0.714445
0.751521
0.722426
0.724448
0.735602
0.722651
0.749143
0.732763
0.699383
0.757039
0.730369
0.754689
0.725161
0.738030
0.727963
0.743732
0.722764
0.707897
0.661418
0.742181
0.752270
0.741111
0.747675
0.732480
0.657063
0.762214
0.746064
0.724832
0.733059
0.716452
0.742702
0.719333
0.738629
0.760740
0.760409
0.764278
0.749710
0.753449
0.750314
0.739724
0.760360
0.772178
0.759001
0.767102
0.739576
0.796397
0.782016
0.789517
0.785251
0.786559
0.762790
0.787784
0.778541
0.749216
0.769914
0.771322
0.756578
0.787189
0.764502
0.793818
0.773682
0.740313
0.782064
0.778202
0.782402
0.778130
0.758247
0.770161
0.777165
0.761785
0.725912
0.742558
0.778076
0.753423
0.777095
0.781864
0.777988
0.782043
0.780796
0.782035
0.773110
0.776696
0.744182
0.776285
0.714431
0.737929
0.730553
0.754155
0.742010
0.752019
0.775348
0.766879
0.775030
0.750665
0.763933
0.771842
0.713749
0.731199
0.759660
0.758721
0.772541
0.781073
0.756872
0.765452
0.776850
0.773714
0.784758
0.781837
0.771762
0.764816
0.758852
0.763014
0.750097
0.785820
0.770169
0.776856
0.773609
0.784576
0.771444
0.725232
0.697701
0.772765
0.772765
0.765952
0.771410
0.752461
0.782257
0.772296
0.769030
0.774540
0.790411
0.770958
0.760979
0.750328
0.693856
0.750350
0.692723
0.841463
0.761632
0.784794
0.783720
0.776921
0.775905
0.782219
0.765093
0.722826
0.772418
0.769592
0.760481
0.759955
0.759688
0.780594
0.771858
0.753813
0.784980
0.763072
0.775961
0.782016
0.760293
0.782759
0.778595
0.776251
0.764795
0.761847
0.772800
0.759009
0.770368
0.759444
0.768140
0.756438
0.771522
0.781092
0.772487
0.774338
0.756409
0.769503
0.771133
0.779749
0.760857
0.770467
0.740866
0.768216
0.746399
0.777989
0.774795
0.775766
0.775596
0.758423
0.772026
0.782529
0.764188
0.787506
0.780845
0.766118
0.758533
0.767813
0.771028
0.769381
0.795352
0.790359
0.789493
0.778905
0.771086
0.763090
0.789059
0.788200
0.793123
0.771886
0.748943
0.783994
0.786629
0.781642
0.786219
0.786666
0.772170
0.789297
0.787493
0.774102
0.792210
0.772754
0.767050
0.756557
0.755939
0.752092
0.778642
0.773926
0.768020
0.744883
0.782421
0.763416
0.778072
0.771197
0.787870
0.787087
0.787836
0.767411
0.772835
0.772417
0.768346
0.797292
0.781138
0.764195
0.779464
0.770316
0.779111
0.772998
0.765476
0.764103
0.775010
0.742241
0.781397
0.783068
0.776069
0.755232
0.781378
0.782232
0.783696
0.772129
0.786856
0.763461
0.777945
0.785843
0.777681
0.765030
0.763827
0.762873
0.762550
0.776368
0.775495
0.786933
0.747142
0.787810
0.781883
0.782502
0.786564
0.758616
0.763272
0.762225
0.773323
0.778139
0.774757
0.763433
0.763000
0.753067
0.764876
0.772891
0.779231
0.764511
0.773775
0.764986
0.749858
0.771646
0.760525
0.757475
0.731186
0.770847
0.766519
0.764157
0.763633
0.781042
0.778957
0.767355
0.775053
0.762044
0.769180
0.765603
0.761697
0.766019
0.767957
0.767235
0.780529
0.769601
0.771704
0.756184
0.763704
0.768688
0.783353
0.771526
0.767952
0.767865
0.772987
0.778013
0.767214
0.767189
0.767293
0.769010
0.779690
0.760069
0.773610
0.777188
0.774416
0.764757
0.755776
0.764072
0.772614
0.773267
0.761119
0.762032
0.765742
0.773408
0.760116
0.767029
0.768683
0.772397
0.771506
0.755791
0.751833
0.731941
0.762314
0.760907
0.760102
0.745291
0.769675
0.752644
0.768204
0.776428
0.770580
0.770902
0.776016
0.765323
0.758015
0.749317
0.753389
0.756408
0.768373
0.753654
0.757000
0.741626
0.747744
0.764036
0.765678
0.779426
0.736442
0.751672
0.767785
0.779081
0.766161
0.775758
0.769711
0.745624
0.773163
0.766461
0.760644
0.763928
0.755422
0.745398
0.763808
0.767368
0.758223
0.759333
0.752887
0.772573
0.777964
0.759803
0.758824
0.773181
0.762254
0.768216
0.763174
0.771402
0.763194
0.763254
0.723246
0.762547
0.765121
0.765306
0.772729
0.768119
0.775688
0.776504
0.761075
0.764464
0.762017
0.757243
0.764231
0.767577
0.774459
0.766457
0.759863
0.761786
0.772231
0.773245
0.766010
0.757088
0.744963
0.768325
0.755096
0.764652
0.749343
0.778663
0.771953
0.770392
0.746621
0.767545
0.759840
0.775825
0.769805
0.780987
0.773040
0.760795
0.776615
0.785058
0.738738
0.753070
0.783830
0.745372
0.756685
0.739182
0.755856
0.770455
0.753687
0.775680
0.769924
0.774118
0.770990
0.761172
0.776599
0.764145
0.750773
0.752133
0.774840
0.759388
0.755014
0.764243
0.770788
0.766256
0.754103
0.764379
0.769622
0.752198
0.771486
0.759832
0.761207
0.761849
0.770062
0.767911
0.760179
0.761465
0.757802
0.766229
0.723857
0.703614
0.736068
0.751718
0.766178
0.763998
0.766447
0.779735
0.776663
0.787870
0.787547
0.783499
0.775376
0.770544
0.774172
0.782529
0.772580
0.754151
0.770138
0.754892
0.776326
0.767863
0.760337
0.768558
0.777948
0.776715
0.767797
0.753613
0.757063
0.779058
0.765565
0.763689
0.765201
0.771355
0.766832
0.754108
0.761730
0.759938
0.768595
0.773364
0.773027
0.769361
0.743641
0.774853
0.768818
0.771348
0.771030
0.776751
0.743465
0.760996
0.762347
0.765696
0.773843
0.751487
0.765458
0.771711
0.751954
0.764702
0.772212
0.748106
0.770651
0.771788
0.766522
0.769081
0.767480
0.762729
0.763875
0.780587
0.755579
0.758254
0.770923
0.760171
0.753454
0.767738
0.760740
0.778558
0.776426
0.781039
0.782548
0.773482
0.774157
0.770154
0.772136
0.776249
0.781053
0.775685
0.766451
0.742151
0.762730
0.777507
0.768232
0.775193
0.778269
0.756883
0.775885
0.770374
0.773074
0.776661
0.783532
0.779337
0.765672
0.769543
0.776104
0.777916
0.757861
0.781726
0.769460
0.781419
0.755475
0.755415
0.763406
0.764319
0.777581
0.773310
0.758325
0.768983
0.759318
0.759921
0.751512
0.770615
0.764164
0.770509
0.775137
0.768000
0.759218
0.769946
0.772341
0.762900
0.776080
0.780523
0.770349
0.772073
0.757824
0.777912
0.774536
0.752781
0.769464
0.765850
0.753537
0.771879
0.763419
0.761753
0.768821
0.756709
0.735742
0.768601
0.761907
0.764832
0.768385
0.767808
0.763088
0.759614
0.771886
0.773423
0.770862
0.777293
0.761393
0.748811
0.771783
0.766837
0.760396
0.760526
0.769794
0.760441
0.755979
0.764583
0.767376
0.758090
0.758573
0.756314
0.741395
0.742611
0.755922
0.773532
0.740126
0.757884
0.750323
0.735319
0.745751
0.706919
0.765886
0.734523
0.751157
0.736154
0.744405
0.745193
0.720774
0.757011
0.753697
0.752526
0.759864
0.761835
0.751657
0.755816
0.741279
0.743237
0.751380
0.764950
0.763597
0.733276
0.775259
0.757851
0.766918
0.753416
0.749160
0.765271
0.752022
0.758450
0.769470
0.770902
0.760652
0.743139
0.754091
0.762268
0.770672
0.751966
0.748800
0.764207
0.746679
0.768038
0.765471
0.766637
0.773018
0.771863
0.771598
0.757845
0.772042
0.771937
0.764842
0.760644
0.732083
0.769632
0.752646
0.739328
0.740062
0.768673
0.747738
0.752860
0.763664
0.767537
0.760189
0.757558
0.749744
0.769243
0.766727
0.757701
0.745559
0.747499
0.774439
0.762344
0.765070
0.779824
0.776012
0.757442
0.753607
0.778111
0.765262
0.769863
0.757676
0.763880
0.776678
0.765981
0.745963
0.753268
0.770510
0.766495
0.749929
0.717762
0.757840
0.766307
0.776075
0.748773
0.766021
0.763655
0.742216
0.762347
0.767579
0.756338
0.739152
0.767634
0.744505
0.780925
0.773034
0.749563
0.759834
0.754351
0.775809
0.768325
0.762101
0.765159
0.762894
0.768852
0.759714
0.772014
0.772300
0.771961
0.757658
0.770407
0.764943
0.766295
0.747403
0.771801
0.749370
0.770480
0.763573
0.766262
0.761766
0.759755
0.775448
0.765002
0.768370
0.763989
0.755158
0.775620
0.766241
0.761614
0.768954
0.763330
0.770770
0.766998
0.763158
0.764851
0.763528
0.772264
0.763388
0.771330
0.766730
0.761111
0.759785
0.771933
0.769099
0.765301
0.754116
0.760169
0.762320
0.770142
0.770900
0.761062
0.747507
0.750917
0.749388
0.744340
0.765492
0.746451
0.755419
0.747034
0.751801
0.747930
0.748855
0.750633
0.753493
0.744452
0.745817
0.738759
0.736804
0.747724
0.759315
0.760083
0.744169
0.757535
0.754507
0.746482
0.761064
0.761298
0.749723
0.747544
0.748663
0.755569
0.751512
0.744057
0.758772
0.732199
0.740016
0.753214
0.744314
0.756136
0.749943
0.731527
0.768330
0.759915
0.747662
0.710813
0.739191
0.765987
0.734853
0.750425
0.767288
0.749479
0.760950
0.743736
0.757689
0.759373
0.743857
0.760467
0.759320
0.762826
0.720834
0.751392
0.759826
0.749535
0.744312
0.752699
0.757175
0.766683
0.747662
0.758510
0.762167
0.765182
0.766792
0.735824
0.763401
0.764298
0.766404
0.759927
0.743686
0.750113
0.755364
0.761949
0.757754
0.754632
0.760945
0.745736
0.770688
0.758280
0.756403
0.761630
0.743648
0.764719
0.774047
0.766970
0.774509
0.777596
0.760782
0.765507
0.770023
0.772111
0.770375
0.773002
0.766397
0.768860
0.758765
0.777450
0.758799
0.772945
0.769748
0.758264
0.763358
0.758451
0.755317
0.770723
0.759478
0.752659
0.768079
0.771537
0.747007
0.742876
0.767061
0.763469
0.734817
0.754576
0.752393
0.743528
0.759178
0.757040
0.757913
0.752336
0.759650
0.732040
0.751018
0.736384
0.749834
0.731507
0.757711
0.727345
0.674583
0.695821
0.645973
0.654665
0.720895
0.739602
0.731725
0.733685
0.707615
0.683335
0.610813
0.721710
0.738869
0.738216
0.735763
0.743819
0.658459
0.663746
0.619995
