0.006000
0.032505
0.043009
0.027504
0.021000
0.030777
0.045176
0.027001
0.021999
0.032017
0.044978
0.044008
0.027505
0.022000
0.026839
0.021862
0.029504
0.044502
0.022505
0.034689
0.030000
0.023008
0.025002
0.030505
0.044847
0.026000
0.023505
0.045504
0.044008
0.044506
0.024302
0.025999
0.044505
0.036008
0.045504
0.035163
0.022259
0.022169
0.025379
0.033511
0.023011
0.035507
0.036515
0.028505
0.043999
0.026012
0.044504
0.023000
0.022505
0.026505
0.045504
0.032508
0.030508
0.022000
0.033999
0.034010
0.022504
0.030000
0.043009
0.023505
0.028000
0.040011
0.042504
0.021000
0.022005
0.028003
0.043504
0.043011
0.028504
0.022000
0.042011
0.041505
0.023000
0.023504
0.044008
0.037000
0.025011
0.025504
0.024000
0.022504
0.021507
0.023002
0.044503
0.041008
0.033504
0.043506
0.030504
0.041505
0.043009
0.025000
0.024504
0.042505
0.034009
0.022000
0.020000
0.041012
0.043504
0.022000
0.021009
0.038504
0.042504
0.031506
0.022508
0.022999
0.041494
0.034465
0.023567
0.038513
0.043542
0.023052
0.027506
0.044506
0.034000
0.023014
0.033998
0.043002
0.043008
0.020505
0.023001
0.036009
0.023504
0.032000
0.044010
0.022001
0.035505
0.045008
0.024504
0.022001
0.031505
0.043505
0.022508
0.022999
0.026011
0.042503
0.038504
0.022506
0.023504
0.043000
0.036509
0.022000
0.030505
0.044009
0.046504
0.026514
0.034504
0.044504
0.020000
0.022010
0.021000
0.031505
0.044011
0.031504
0.023000
0.031507
0.023504
0.021000
0.021002
0.039008
0.043504
0.025000
0.043866
0.036504
0.027504
0.022506
0.021000
0.024503
0.043505
0.042008
0.043000
0.027012
0.035504
0.023000
0.023787
0.021737
0.022857
0.023572
0.040136
0.043013
0.039013
0.023510
0.021999
0.042501
0.042008
0.023505
0.025000
0.044010
0.039504
0.020000
0.040009
0.043504
0.045009
0.042263
0.031504
0.031506
0.043504
0.028000
0.022008
0.023000
0.042504
0.020506
0.023505
0.027505
0.023000
0.026501
0.039505
0.025506
0.028506
0.045008
0.039000
0.043010
0.043504
0.026000
0.044008
0.042506
0.026008
0.030504
0.038622
0.023506
0.030512
0.036999
0.044009
0.027505
0.025000
0.043092
0.029503
0.021000
0.043011
0.037504
0.021000
0.023505
0.023507
0.022509
0.033998
0.044010
0.029504
0.034505
0.041509
0.023504
0.045005
0.044182
0.038756
0.021512
0.022058
0.028008
0.043505
0.030503
0.030504
0.022000
0.031010
0.042504
0.027503
0.022507
0.024000
0.043504
0.029008
0.022001
0.040504
0.043011
0.043506
0.028502
0.042505
0.042504
0.040009
0.043507
0.022999
0.031017
0.043504
0.026504
0.021506
0.023000
0.021504
0.022000
0.029010
0.043505
0.027001
0.023510
0.024508
0.043504
0.029507
0.021511
0.021508
0.039998
0.043010
0.020505
0.022999
0.039009
0.041505
0.022000
0.021504
0.034504
0.044504
0.034008
0.043505
0.031511
0.023506
0.023000
0.026508
0.044009
0.029504
0.023000
0.043011
0.042503
0.022000
0.026205
0.021504
0.022504
0.025776
0.043940
0.032522
0.038516
0.043048
0.022000
0.030641
0.043450
0.030507
0.024000
0.023021
0.043069
0.041506
0.036507
0.044508
0.028872
0.022512
0.024504
0.037503
0.023513
0.023786
0.025054
0.039504
0.023505
0.022506
0.039304
0.044008
0.027000
0.025505
0.042506
0.036504
0.024504
0.022505
0.025504
0.043505
0.025512
0.023509
0.039998
0.042783
0.022505
0.022000
0.020000
0.024010
0.042509
0.047505
0.044504
0.037504
0.030011
0.042504
0.031504
0.021507
0.032504
0.043000
0.032008
0.023000
0.033505
0.044012
0.025504
0.020000
0.030506
0.044008
0.043000
0.026008
0.025000
0.041504
0.020508
0.022507
0.031166
0.030717
0.022918
0.022582
0.024010
0.044063
0.042513
0.021000
0.025506
0.043008
0.043000
0.025509
0.042011
0.036000
0.044013
0.031504
0.031507
0.022505
0.023504
0.022000
0.021000
0.027011
0.030505
0.022000
0.032506
0.027504
0.044503
0.039011
0.021000
0.021504
0.034000
0.043009
0.028505
0.021000
0.021506
0.022002
0.020504
0.036000
0.043008
0.025505
0.021000
0.027508
0.043506
0.029000
0.021507
0.020505
0.030505
0.022000
0.032016
0.043504
0.037505
0.022505
0.022504
0.030000
0.043012
0.040505
0.022000
0.029004
0.026000
0.022505
0.026000
0.044011
0.036504
0.020512
0.025507
0.042504
0.043504
0.040007
0.043003
0.021506
0.021504
0.023473
0.045253
0.028567
0.020512
0.022545
0.033514
0.023004
0.033508
0.044011
0.034504
0.043000
0.037011
0.023510
0.022000
0.022514
0.033502
0.043504
0.031506
0.025506
0.039504
0.024515
0.027507
0.043504
0.027514
0.044009
0.037000
0.040267
0.021000
0.026505
0.041507
0.029514
0.021999
0.044503
0.044009
0.029999
0.023506
0.023504
0.038505
0.023509
0.038505
0.044504
0.032506
0.023508
0.022504
0.042506
0.043009
0.025000
0.025510
0.022506
0.023000
0.032504
0.044009
0.043505
0.023001
0.021509
0.038013
0.042504
0.039291
0.022504
0.023001
0.034506
0.021505
0.033504
0.027504
0.022511
0.022510
0.022999
0.023000
0.038009
0.025306
0.044606
0.033538
0.022024
0.023510
0.022023
0.044009
0.039000
0.021505
0.023504
0.043504
0.033506
0.022505
0.024504
0.032504
0.022002
0.032504
0.040119
0.022504
0.034504
0.043505
0.035011
0.032508
0.042504
0.041589
0.024503
0.030507
0.042504
0.041002
0.026507
0.044008
0.031000
0.022504
0.022505
0.036505
0.025502
0.037509
0.027504
0.021001
0.027512
0.043009
0.039000
0.037009
0.043505
0.042010
0.021002
0.024508
0.043505
0.038504
0.024504
0.040504
0.044010
0.044506
0.045009
0.031000
0.024506
0.040504
0.044504
0.029011
0.043506
0.026000
0.023512
0.023510
0.022510
0.041999
0.024736
0.043054
0.034412
0.028563
0.028517
0.022545
0.039013
0.022508
0.037998
0.032011
0.022000
0.030505
0.022502
0.022508
0.020000
0.023505
0.034503
0.044012
0.027000
0.041503
0.029507
0.043505
0.019506
0.021505
0.034505
0.043505
0.037506
0.022511
0.027503
0.039515
0.036505
0.022504
0.030505
0.036505
0.032506
0.022505
0.023000
0.032508
0.043183
0.023506
0.026000
0.025511
0.031504
0.030505
0.044508
0.027505
0.022505
0.026629
0.022724
0.026508
0.044504
0.029506
0.045864
0.024000
0.022504
0.028505
0.044886
0.042987
0.040507
0.023507
0.044928
0.040726
0.024506
0.025507
0.037071
0.023033
0.040509
0.042504
0.045164
0.032539
0.023005
0.023626
0.042515
0.035508
0.021002
0.028015
0.043504
0.041743
0.041504
0.029000
0.042509
0.035504
0.023000
0.021507
0.021505
0.022504
0.023000
0.023507
0.021504
0.022504
0.022000
0.037505
0.044008
0.034002
0.041012
0.023507
0.045509
0.023507
0.043502
0.039504
0.021505
0.021504
0.041505
0.042506
0.026504
0.029504
0.044508
0.045504
0.044010
0.034505
0.044507
0.039507
0.023000
0.022505
0.044008
0.043000
0.024504
0.033508
0.043000
0.030019
0.022510
0.033999
0.029509
0.023509
0.045502
0.039015
0.033503
0.042504
0.028507
0.022505
0.023000
0.027507
0.027505
0.022504
0.043191
0.032451
0.022590
0.036516
0.022009
0.040017
0.034002
0.023512
0.023508
0.023507
0.024000
0.024509
0.037010
0.040999
0.022507
0.022504
0.033504
0.034504
0.023509
0.029503
0.045505
0.044011
0.021000
0.023505
0.024002
0.045009
0.035000
0.022511
0.024504
0.044000
0.037012
0.024505
0.023999
0.024000
0.024012
0.037505
0.043507
0.023504
0.027504
0.043505
0.038508
0.023504
0.033000
0.043011
0.025505
0.024000
0.044012
0.038504
0.041507
0.043009
0.031001
0.023510
0.037012
0.043505
0.024516
0.034502
0.042504
0.027510
0.023510
0.025999
0.022508
0.022503
0.036504
0.024000
0.023507
0.029008
0.042000
0.033761
0.023002
0.030505
0.045937
0.041656
0.023548
0.022506
0.023515
0.024504
0.043000
0.026016
0.023504
0.043997
0.042011
0.023506
0.024000
0.023512
0.022505
0.023510
0.040998
0.043010
0.022503
0.028000
0.024507
0.044007
0.039504
0.026507
0.037504
0.022000
0.022506
0.031504
0.043504
0.041782
0.044504
0.043009
0.023000
0.044504
0.040013
0.035506
0.044508
0.044009
0.026000
0.031504
0.043010
0.039505
0.044506
0.046505
0.041011
0.023506
0.031998
0.035016
0.022000
0.023509
0.039514
0.027507
0.023508
0.027335
0.021934
0.031502
0.040504
0.027507
0.040009
0.022000
0.021504
0.022612
0.034505
0.043505
0.026506
0.023512
0.038428
0.037422
0.022063
0.038562
0.042515
0.022505
0.022000
0.039008
0.038505
0.022000
0.024507
0.022504
0.024504
0.024000
0.024511
0.039508
0.043504
0.029020
0.023002
0.049019
0.036512
0.056508
0.047029
0.023504
0.026001
0.023505
0.035008
0.042504
0.024001
0.023505
0.034503
0.043507
0.030009
0.023000
0.035514
0.042507
0.045506
0.044814
0.028505
0.029508
0.032509
0.024503
0.036504
0.029504
0.022000
0.021503
0.023000
0.043015
0.023507
0.035503
0.040507
0.027504
0.045511
0.025503
0.023506
0.023000
0.023506
0.035006
0.023001
0.028512
0.023003
0.036012
0.032002
0.025514
0.043010
0.035000
0.032542
0.045856
0.026425
0.022494
0.028037
0.042515
0.044518
0.035506
0.023508
0.034626
0.042504
0.026505
0.044011
0.037000
0.037010
0.034506
0.022000
0.032958
0.028506
0.023510
0.029998
0.040140
0.023766
0.023001
0.026506
0.023504
0.023505
0.025724
0.043716
0.033507
0.023000
0.021513
0.044867
0.027001
0.022514
0.032007
0.023000
0.044462
0.043009
0.026000
0.040008
0.028503
0.042505
0.032505
0.038501
0.029000
0.022506
0.026504
0.019507
0.022999
0.025302
0.021504
0.021504
0.025003
0.038008
0.022005
0.032505
0.042506
0.044506
0.044506
0.043011
0.045508
0.021010
0.036016
0.042502
0.027510
0.023504
0.038002
0.022510
0.022505
0.023039
0.021347
0.043808
0.021506
0.045070
0.043513
0.025505
0.043503
0.044507
0.026505
0.043507
0.035545
0.023000
0.023504
0.036507
0.023508
0.039501
0.042506
0.042504
0.036016
0.043504
0.043506
0.030008
0.036000
0.044011
0.022502
0.023001
0.033505
0.021506
0.026503
0.043504
0.027507
0.021506
0.022000
0.025998
0.022012
0.023004
0.041508
0.021506
0.021504
0.038504
0.043506
0.020504
0.022505
0.021001
0.045010
0.035504
0.022002
0.024504
0.041009
0.022002
0.022000
0.034011
0.044505
0.027504
0.044010
0.043000
0.024507
0.026504
0.043505
0.033506
0.022505
0.025505
0.029510
0.021002
0.039013
0.044506
0.027505
0.023915
0.022190
0.036294
0.031560
0.023534
0.031497
0.043522
0.028999
0.019000
0.026009
0.043504
0.038504
0.044011
0.033000
0.022506
0.032009
0.023001
0.028001
0.022511
0.021503
0.042502
0.040507
0.023006
0.022002
0.042511
0.036505
0.021506
0.022000
0.038010
0.042505
0.024503
0.041506
0.043508
0.029502
0.024506
0.022512
0.026994
0.043925
0.038505
0.022510
0.021001
0.020509
0.022508
0.025498
0.043506
0.042504
0.020000
0.034014
0.043504
0.032507
0.044008
0.036505
0.022006
0.026505
0.043505
0.028511
0.022505
0.022503
0.022001
0.022503
0.022506
0.022505
0.034000
0.046015
0.035507
0.022000
0.038010
0.042506
0.044329
0.041995
0.047292
0.028014
0.022537
0.034002
0.043010
0.043504
0.024504
0.024507
0.024505
0.022999
0.027504
0.043012
0.023000
0.025504
0.044508
0.035504
0.022504
0.023511
0.044503
0.034507
0.028504
0.021503
0.039504
0.042505
0.032505
0.044296
0.035599
0.020000
0.022505
0.024507
0.043504
0.035510
0.022013
0.036510
0.030503
0.043504
0.025511
0.022993
0.041508
0.038504
0.028001
0.032016
0.045504
0.044507
0.025506
0.023000
0.023506
0.024002
0.033010
0.041000
0.043011
0.026505
0.026000
0.046015
0.044506
0.029506
0.023504
0.025504
0.043504
0.034503
0.023505
0.025501
0.043506
0.038504
0.042967
0.026351
0.042099
0.043606
0.036008
0.023506
0.021514
0.044008
0.044504
0.029507
0.024506
0.028501
0.045509
0.025504
0.022000
0.022504
0.044009
0.036002
0.031507
0.042506
0.029504
0.023002
0.022009
0.039999
0.034507
0.022504
0.040505
0.023510
0.038013
0.043000
0.035008
0.021004
0.022505
0.023000
0.027510
0.044010
0.041503
0.020512
0.034504
0.028000
0.022506
0.021504
0.044504
0.026504
0.022507
0.040504
0.043506
0.031111
0.021998
0.023000
0.028508
0.021509
0.025506
0.039507
0.022503
0.022504
0.043074
0.036812
0.024508
0.042500
0.048170
0.028553
0.044011
0.033506
0.022996
0.044837
0.022002
0.023005
0.039327
0.026105
0.033605
0.033551
0.023096
0.033506
0.038224
0.022516
0.025505
0.043504
0.030506
0.021506
0.022999
0.043508
0.039011
0.042507
0.039505
0.023508
0.022996
0.036763
0.043503
0.020509
0.021002
0.021508
0.021509
0.043501
0.044008
0.023002
0.022503
0.027508
0.043504
0.031504
0.043506
0.040504
0.037008
0.022502
0.033000
0.044010
0.026504
0.022000
0.032505
0.044008
0.026001
0.022509
0.023003
0.021515
0.042998
0.035010
0.022504
0.022000
0.038506
0.043025
0.022998
0.021504
0.036506
0.034503
0.021507
0.034505
0.044507
0.039504
0.022505
0.021504
0.038504
0.032506
0.039504
0.040509
0.041008
0.046611
0.039867
0.040880
0.021506
0.022056
0.043012
0.039506
0.022504
0.022504
0.044504
0.044010
0.044010
0.033506
0.023004
0.035507
0.022511
0.021514
0.021509
0.044502
0.042505
0.024506
0.020998
0.020514
0.022518
0.042503
0.040506
0.022504
0.024505
0.043503
