326	414	15	42
327	415	15	43
326	416	15	43
326	415	15	44
326	415	14	43
325	415	15	45
324	417	15	44
322	418	14	44
321	418	15	44
320	419	14	42
318	419	16	43
317	419	14	44
316	419	15	44
315	418	16	46
316	419	15	46
316	419	15	47
316	419	16	47
317	421	15	43
317	420	16	45
317	419	16	48
317	420	15	47
316	420	15	47
317	420	15	45
318	419	16	44
318	419	15	45
318	420	16	44
319	422	15	47
323	426	14	45
324	427	15	45
323	430	15	45
322	428	15	46
321	428	14	44
321	426	15	45
320	425	15	46
320	424	15	46
319	425	14	44
316	424	16	47
315	428	14	45
315	433	14	44
313	432	14	46
313	438	14	44
312	438	14	45
309	439	14	42
309	435	13	41
309	432	14	43
308	428	13	41
304	425	14	42
300	420	14	42
301	420	14	43
299	419	15	46
299	419	15	47
301	429	14	40
301	426	14	44
301	426	13	42
300	424	14	43
299	422	14	43
298	421	16	47
294	422	14	43
293	423	14	43
293	422	13	44
291	423	13	40
287	421	14	41
287	420	13	41
286	418	14	42
286	420	13	40
285	418	14	43
286	419	15	43
287	425	14	38
288	422	14	42
289	425	13	38
289	423	14	39
289	423	13	38
288	423	14	39
288	423	13	38
287	420	14	39
287	419	14	39
286	417	13	37
286	415	14	39
285	411	14	40
285	410	13	40
283	405	13	39
282	400	13	41
282	398	13	38
282	392	13	41
280	389	13	40
280	389	13	37
280	388	13	38
279	387	14	39
278	381	13	40
278	380	14	40
278	379	14	40
278	378	14	40
279	379	14	40
280	379	13	39
280	379	14	41
280	380	13	40
280	382	13	38
280	387	13	37
280	387	14	40
280	389	13	36
280	389	13	37
280	389	13	37
279	390	13	36
278	389	14	38
277	389	14	38
275	390	13	37
273	390	13	38
269	389	14	39
267	388	14	41
266	388	14	38
264	389	14	37
264	390	13	38
263	391	14	37
263	391	14	38
262	392	13	37
263	391	14	38
263	391	14	37
262	392	13	36
262	392	13	37
261	391	14	39
260	391	14	39
261	391	14	37
260	392	14	36
260	393	14	38
260	394	14	37
260	395	15	40
262	399	14	38
263	401	14	38
263	402	14	39
263	403	14	37
264	404	14	37
264	403	14	38
264	403	13	39
263	401	14	36
264	401	13	37
264	398	14	40
264	398	13	38
264	397	14	40
263	399	14	39
263	399	14	40
262	400	14	38
261	400	15	41
261	400	14	43
260	400	15	44
260	400	15	46
259	398	14	43
259	397	14	46
258	396	15	43
257	396	15	43
256	396	14	41
254	391	14	44
252	392	15	44
250	390	15	42
248	387	15	42
244	386	14	40
242	382	15	43
240	382	14	40
237	381	14	46
237	390	15	41
236	394	15	42
235	394	15	44
236	397	16	41
243	404	16	38
250	404	16	39
257	404	16	37
267	398	17	42
274	402	16	39
280	402	15	40
279	401	15	40
276	395	16	40
277	389	16	40
277	386	15	41
271	389	16	40
262	397	19	38
251	402	18	37
242	401	16	37
238	395	16	39
234	389	16	39
229	385	16	37
224	386	15	37
219	389	15	40
216	390	15	39
211	393	15	37
206	392	16	40
202	397	15	39
199	399	16	41
194	398	15	43
193	398	15	40
191	399	15	42
189	402	15	42
188	403	15	42
186	406	15	40
186	406	16	39
187	406	16	38
187	405	16	38
191	406	20	38
193	407	17	37
197	405	18	39
200	401	22	37
202	397	23	37
205	397	20	37
206	395	22	39
208	396	22	38
210	399	20	38
214	400	18	39
217	403	21	39
218	402	20	40
220	401	19	39
219	401	19	39
215	400	17	40
211	402	18	39
210	403	17	40
209	405	16	39
207	408	16	41
206	409	16	40
205	410	16	42
207	411	14	40
207	412	14	41
207	411	14	41
207	411	15	42
211	412	15	43
212	411	14	41
213	410	14	41
213	409	14	42
215	410	15	42
216	409	15	41
217	411	14	40
217	412	16	42
219	412	15	44
219	417	15	43
218	418	16	45
219	423	17	44
219	427	18	45
217	429	19	45
215	431	19	45
210	433	20	46
209	438	21	47
207	436	21	48
205	432	20	50
207	431	20	50
209	430	19	50
210	427	17	50
210	427	18	51
209	424	19	53
210	424	19	54
209	421	19	57
209	423	20	57
209	425	21	57
210	427	21	57
211	428	22	58
212	429	23	59
214	431	24	59
216	432	25	60
217	432	27	63
218	433	26	62
219	433	26	64
221	437	26	64
223	439	24	65
220	440	27	67
219	441	27	68
216	443	27	69
213	444	28	72
210	446	29	73
209	446	32	73
209	446	35	74
207	445	34	76
204	447	36	78
199	449	37	78
199	450	34	77
198	450	36	78
200	440	33	83
202	441	30	77
202	431	28	81
200	429	27	80
199	424	27	84
196	423	27	80
197	419	26	85
197	419	26	82
199	420	27	80
201	421	26	80
203	420	26	81
205	420	27	82
205	420	28	84
204	419	28	87
204	422	28	80
203	419	29	84
201	419	28	80
192	419	31	80
180	422	31	80
178	424	31	82
170	426	29	80
168	425	31	86
161	431	31	80
150	431	33	80
149	432	32	82
149	434	32	84
148	437	34	83
150	442	32	79
151	444	31	81
154	446	31	80
162	447	30	79
169	448	29	80
170	446	29	81
173	448	29	79
176	450	30	81
176	454	29	82
178	457	30	82
177	458	30	83
177	458	30	83
178	458	32	84
178	455	32	84
177	452	31	85
174	444	32	86
164	435	31	84
165	429	29	83
164	427	32	84
164	421	32	82
173	424	32	82
182	429	33	81
192	433	32	80
193	432	34	82
208	435	31	84
215	444	34	84
221	446	31	85
229	451	32	82
233	453	32	82
241	451	31	84
245	449	31	84
248	441	32	85
251	440	30	83
253	434	30	83
257	435	29	80
259	431	29	83
260	429	30	81
259	429	31	82
259	430	31	83
261	434	30	84
260	435	31	85
257	434	32	84
257	433	32	85
255	429	32	87
253	429	32	85
253	427	31	86
254	424	33	85
259	423	32	84
258	423	32	84
256	423	32	83
255	423	32	84
254	419	32	84
254	416	32	85
253	408	32	87
251	407	33	86
250	406	33	87
251	405	32	88
251	397	32	89
253	389	32	91
257	390	33	90
260	388	32	92
261	388	32	87
260	385	33	89
261	384	32	87
263	385	32	87
264	387	32	87
265	390	32	85
264	391	34	85
263	392	36	89
261	398	36	89
261	409	36	87
258	411	36	89
257	414	36	91
255	416	37	93
254	417	36	92
256	417	35	92
258	418	37	92
259	418	37	93
259	415	38	96
259	415	38	98
259	415	40	97
260	409	43	101
263	408	41	102
263	412	40	107
261	412	43	114
261	414	42	113
260	410	43	117
256	410	45	119
256	409	44	120
257	410	44	122
256	408	45	124
255	410	44	122
255	410	45	126
252	408	46	128
250	407	48	128
248	409	51	128
246	407	51	131
245	408	52	139
248	421	54	142
250	425	53	148
249	431	54	145
250	434	54	147
250	443	53	144
251	452	54	148
251	455	55	144
247	451	56	144
243	443	55	143
239	443	56	138
235	439	56	141
229	423	57	145
224	413	56	140
221	400	55	140
223	395	53	143
224	397	53	147
225	397	53	150
228	399	51	150
229	400	51	152
230	402	51	155
231	407	52	151
232	406	53	152
234	405	53	151
233	402	54	152
234	401	53	148
232	398	55	149
229	398	56	146
232	395	55	148
233	401	56	143
236	407	58	149
237	423	61	154
240	437	57	157
242	439	59	157
241	434	60	160
242	440	61	154
238	434	63	156
234	431	64	158
221	432	63	152
221	423	60	152
218	409	61	155
219	405	60	152
221	407	57	146
217	404	60	155
221	406	54	144
222	408	55	157
223	411	53	167
226	421	52	166
227	424	51	161
229	426	51	156
236	428	49	153
240	425	50	149
242	429	50	142
242	429	47	141
241	422	45	138
238	415	46	138
237	417	44	133
235	410	45	131
232	409	44	127
227	413	45	121
224	412	44	122
220	411	43	119
217	410	43	119
218	414	39	114
217	413	40	114
216	414	38	112
216	413	37	110
215	412	37	111
216	407	36	107
216	406	35	105
216	405	36	108
217	404	36	107
217	408	36	102
217	408	35	104
219	407	34	101
220	408	34	102
223	408	33	98
226	410	32	99
226	411	33	99
228	410	32	97
231	412	31	97
234	414	31	94
240	415	30	95
243	420	29	91
246	421	29	88
248	423	29	83
250	426	29	83
250	427	30	83
251	428	30	88
251	430	30	87
251	433	30	90
252	437	30	89
253	438	30	93
254	441	29	90
254	444	30	91
254	444	30	93
254	445	29	91
252	448	32	91
252	449	31	92
253	449	30	87
253	446	30	90
253	442	30	87
255	440	29	85
253	432	30	87
251	428	31	92
254	428	29	96
255	427	30	99
255	425	30	101
257	424	30	102
259	425	29	98
261	425	29	101
261	423	31	105
262	420	30	110
264	421	29	94
265	421	29	93
265	421	29	92
265	424	31	90
264	425	31	91
264	426	31	92
263	428	31	100
261	432	32	101
259	437	32	101
257	442	32	99
252	447	32	97
243	450	32	96
240	453	32	95
237	456	33	94
234	459	32	93
232	461	32	91
231	462	32	91
229	462	33	90
228	462	33	92
228	464	32	89
227	463	32	92
227	463	32	96
227	464	32	95
227	465	33	94
227	465	33	97
228	466	32	97
229	466	33	98
231	466	33	96
233	466	33	96
235	469	32	92
234	466	33	95
235	467	34	93
236	469	34	90
235	469	34	91
236	469	35	92
235	467	35	99
236	469	35	98
236	470	35	99
236	470	35	99
239	470	35	100
241	471	34	99
242	472	35	98
243	473	36	98
240	471	37	98
236	469	34	98
232	468	36	95
236	464	36	98
245	457	35	95
248	454	35	94
248	456	34	93
246	457	35	98
248	463	34	100
247	464	34	102
245	466	35	105
244	465	34	107
243	463	34	106
247	458	34	102
250	456	34	104
253	454	34	101
254	452	34	99
257	450	34	99
259	448	35	96
262	446	34	96
263	446	35	92
263	445	36	96
262	444	37	101
262	443	37	103
263	442	37	103
266	442	36	102
267	443	36	101
265	444	38	105
264	447	38	104
264	449	38	102
263	451	38	101
261	450	39	101
258	451	39	100
254	451	39	99
249	448	39	100
246	447	39	96
243	445	37	99
240	444	38	103
238	443	39	107
238	444	39	107
239	445	39	107
240	443	39	111
240	442	41	112
243	444	39	110
246	444	39	109
246	444	41	107
247	444	40	107
247	445	41	105
247	446	41	103
245	448	42	103
245	450	40	101
245	452	40	105
244	455	41	110
242	458	42	111
239	463	43	108
237	466	43	110
238	471	43	107
240	474	41	105
240	474	42	108
240	475	42	106
240	475	42	103
241	476	41	102
242	474	42	102
245	476	41	100
246	476	40	100
245	477	41	101
245	478	41	104
245	478	40	111
246	485	40	112
246	489	39	110
245	492	40	111
246	495	41	115
244	497	50	114
245	502	44	113
245	504	49	113
244	507	56	108
245	506	54	108
245	508	52	107
243	511	62	105
245	509	55	102
243	509	59	103
240	508	58	107
237	507	53	112
232	507	59	115
232	501	61	116
233	500	59	116
235	500	61	114
237	499	64	115
240	498	59	115
240	499	60	113
241	499	60	112
241	501	62	113
242	503	60	109
242	503	57	111
240	504	61	108
240	507	62	105
240	509	61	108
241	512	59	120
241	512	55	124
240	511	59	128
240	509	58	130
240	512	54	126
240	511	53	129
241	513	47	126
241	515	47	124
240	515	48	125
240	514	49	125
240	515	49	125
242	518	46	122
241	523	45	116
241	525	45	113
242	523	45	115
243	520	46	117
243	521	45	118
243	522	46	117
243	523	46	117
242	523	46	116
243	519	46	120
243	518	46	122
243	516	47	122
242	509	46	117
242	509	48	111
243	504	46	113
242	498	46	108
241	495	46	107
241	494	46	109
240	492	45	114
242	491	45	120
244	489	45	125
248	488	45	130
251	489	45	127
253	492	46	131
256	492	45	128
257	494	47	125
259	494	47	127
261	494	46	123
261	495	47	124
262	492	47	112
264	492	47	110
266	491	47	110
267	493	47	116
266	493	48	117
267	493	48	116
267	500	48	112
267	497	47	109
267	501	47	106
267	503	47	102
266	505	47	99
265	506	48	94
264	507	47	90
262	503	48	88
261	502	48	84
259	502	49	85
258	500	50	81
259	497	49	75
258	496	50	78
258	496	49	71
258	496	51	67
259	497	50	65
259	501	48	59
255	503	45	59
252	508	47	55
251	511	44	54
