1.000000
0.751004
0.728898
0.653169
0.681097
0.709880
0.707969
0.720083
0.733039
0.743680
0.741992
0.741586
0.736557
0.722266
0.701315
0.705948
0.715935
0.720239
0.704797
0.669755
0.659109
0.621700
0.591378
0.591201
0.560231
0.549740
0.557940
0.564563
0.683696
0.714387
0.722508
0.733370
0.717124
0.708135
0.683636
0.654818
0.598841
0.570603
0.582535
0.546793
0.576738
0.543404
0.527214
0.561327
0.536304
0.488137
0.550724
0.633313
0.694693
0.722796
0.741062
0.730832
0.749662
0.750206
0.748889
0.741159
0.724051
0.717106
0.711887
0.682442
0.670913
0.680535
0.701556
0.702573
0.727876
0.706751
0.692562
0.658654
0.612072
0.554843
0.573678
0.575481
0.599687
0.593349
0.646482
0.708828
0.588658
0.555490
0.654575
0.571737
0.681225
0.552646
0.597287
0.405144
0.566569
0.393991
0.577427
0.467446
0.659944
0.541260
0.548011
0.581307
0.549801
0.653817
0.720499
0.529831
0.631102
0.593738
0.606787
0.667239
0.648112
0.641616
0.520592
0.521842
0.528911
0.600855
0.507417
0.497043
0.546808
0.655396
0.641261
0.585904
0.580335
0.566259
0.424921
0.567288
0.473887
0.473723
0.549743
0.613581
0.536559
0.545974
0.520279
0.495961
0.594988
0.667676
0.705414
0.633153
0.460381
0.537460
0.603533
0.562034
0.558765
0.466400
0.502005
0.547398
0.549625
0.555323
0.459254
0.586819
0.494888
0.556608
0.471925
0.592720
0.484990
0.625057
0.492824
0.720529
0.594717
0.595318
0.655030
0.577261
0.614619
0.519451
0.580340
0.688741
0.716321
0.656706
0.570815
0.568039
0.582292
0.630603
0.646262
0.661431
0.580615
0.434403
0.414632
0.449622
0.370471
0.279197
0.212257
0.209666
0.334929
0.301809
0.522595
0.639190
0.641317
0.501874
0.552086
0.531535
0.530658
0.597704
0.540421
0.585467
0.609972
0.557352
0.583656
0.575917
0.483121
0.578564
0.519020
0.493930
0.502996
0.566843
0.393207
0.414397
0.492493
0.554575
0.565598
0.639949
0.591476
0.671768
0.669025
0.586292
0.456158
0.473431
0.609151
0.616639
0.513490
0.402197
0.620415
0.527190
0.501803
0.439124
0.461426
0.533021
0.514672
0.556018
0.570701
0.543640
0.503768
0.558690
0.526221
0.507121
0.486999
0.332895
0.117149
0.201962
0.285726
0.368492
0.476654
0.479164
0.595270
0.594600
0.639211
0.626872
0.721766
0.648458
0.546685
0.568278
0.641387
0.495907
0.484735
0.437555
0.553774
0.474849
0.500159
0.674239
0.527064
0.515056
0.507126
0.585336
0.514204
0.556071
0.579501
0.524305
0.568289
0.530856
0.604649
0.574076
0.608304
0.642235
0.586823
0.557469
0.520209
0.512421
0.407327
0.394514
0.398975
0.457859
0.449026
0.556146
0.553865
0.411838
0.520173
0.638760
0.611881
0.611809
0.617113
0.601100
0.515735
0.469335
0.421738
0.542863
0.576623
0.477559
0.496528
0.454619
0.656321
0.534297
0.572403
0.485944
0.462544
0.492208
0.550525
0.515997
0.600083
0.593413
0.596199
0.585584
0.678013
0.659714
0.532002
0.641387
0.693882
0.685496
0.619415
0.608770
0.612240
0.644382
0.507648
0.484691
0.514032
0.583864
0.536017
0.368342
0.371049
0.266526
0.302336
0.419163
0.292036
0.333469
0.451864
0.382505
0.561032
0.612205
0.668958
0.608275
0.483831
0.692792
0.493081
0.578686
0.615932
0.610577
0.573986
0.557776
0.519469
0.494771
0.527832
0.615205
0.571459
0.500820
0.576157
0.495440
0.608751
0.444255
0.607740
0.391138
0.440433
0.510561
0.492855
0.649917
0.663294
0.584648
0.652771
0.671663
0.692350
0.668973
0.703961
0.590458
0.722649
0.598110
0.586650
0.479836
0.629002
0.492238
0.505751
0.564382
0.598530
0.524675
0.537345
0.441975
0.482496
0.593475
0.658094
0.649410
0.579350
0.666895
0.704052
0.699737
0.638388
0.408481
0.532698
0.637950
0.459242
0.604895
0.553150
0.555212
0.498683
0.628511
0.614554
0.536896
0.510159
0.570772
0.578803
0.634276
0.665154
0.606210
0.528712
0.497674
0.608049
0.532050
0.516459
0.417656
0.449132
0.515075
0.461955
0.581628
0.485161
0.644524
0.587432
0.490760
0.448839
0.534624
0.665382
0.586008
0.621884
0.518732
0.543378
0.458439
0.670906
0.676340
0.532983
0.470260
0.552940
0.627920
0.525522
0.514539
0.634695
0.569851
0.566507
0.681713
0.586234
0.527964
0.697243
0.615069
0.541380
0.537914
0.597500
0.544699
0.470778
0.437297
0.499862
0.509268
0.550423
0.614153
0.616159
0.505871
0.675847
0.592583
0.479855
0.423160
0.535795
0.554601
0.526719
0.598567
0.686197
0.637149
0.551451
0.554330
0.579883
0.543511
0.531726
0.633941
0.498992
0.534216
0.632810
0.518930
0.468117
0.624834
0.553269
0.610142
0.571999
0.523846
0.450225
0.584831
0.452378
0.500963
0.528788
0.536845
0.483615
0.567899
0.557248
0.451182
0.640026
0.571687
0.521113
0.473198
0.662596
0.693668
0.553966
0.578443
0.570623
0.539516
0.450277
0.403971
0.626309
0.448122
0.611340
0.548683
0.498781
0.575089
0.554567
0.610669
0.460224
0.394518
0.511402
0.544794
0.509041
0.641130
0.594923
0.643978
0.685376
0.722422
0.643216
0.605156
0.466799
0.484230
0.568979
0.558320
0.490439
0.455207
0.485961
0.455771
0.474658
0.498526
0.499721
0.599968
0.636043
0.533412
0.608527
0.536759
0.511663
0.490409
0.641899
0.598657
0.636964
0.593101
0.516237
0.556071
0.552250
0.573646
0.564480
0.594789
0.518924
0.642881
0.612178
0.678179
0.469575
0.472000
0.566727
0.496690
0.521224
0.589239
0.560703
0.540139
0.541342
0.536004
0.585700
0.483404
0.689895
0.502034
0.667328
0.668065
0.609634
0.683535
0.579427
0.533746
0.574068
0.539606
0.480917
0.421136
0.558287
0.524696
0.509176
0.674807
0.455212
0.517836
0.574071
0.457544
0.655340
0.531154
0.450705
0.637720
0.469267
0.462092
0.600376
0.496960
0.520882
0.450394
0.414176
0.448962
0.416815
0.531320
0.529513
0.557906
0.481492
0.506405
0.547665
0.550526
0.572137
0.456426
