1.000000
0.538214
0.564095
0.525259
0.551686
0.547063
0.542023
0.550453
0.542798
0.625576
0.625576
0.615076
0.607424
0.607644
0.619166
0.600073
0.598760
0.634086
0.632555
0.656168
0.614456
0.654510
0.636116
0.675829
0.644074
0.673475
0.680850
0.692440
0.710527
0.689904
0.718205
0.712323
0.705160
0.715826
0.754833
0.742231
0.749314
0.736066
0.732564
0.714842
0.717839
0.706123
0.740413
0.706133
0.700409
0.636823
0.590649
0.575960
0.606520
0.589566
0.599884
0.628627
0.589517
0.611127
0.621383
0.565698
0.509384
0.611759
0.519622
0.502257
0.502257
0.484952
0.520129
0.503261
0.560900
0.504875
0.517190
0.516849
0.497807
0.591870
0.568224
0.619511
0.625539
0.662541
0.671003
0.661353
0.696155
0.680305
0.714517
0.678983
0.689009
0.634723
0.650585
0.614113
0.626256
0.576252
0.587865
0.551219
0.571054
0.597698
0.566276
0.564650
0.615790
0.571664
0.625938
0.648662
0.647494
0.660021
0.645994
0.629372
0.659248
0.623465
0.630579
0.633707
0.649585
0.644261
0.680595
0.674549
0.667882
0.668671
0.668671
0.684004
0.681755
0.731968
0.730226
0.701486
0.701346
0.661597
0.617605
0.640053
0.593992
0.601777
0.620590
0.626603
0.673999
0.640423
0.684981
0.710003
0.727613
0.750404
0.732102
0.749444
0.742126
0.701421
0.685608
0.661063
0.649526
0.635078
0.643133
0.639649
0.680479
0.719155
0.738258
0.738228
0.791306
0.786466
0.792464
0.795492
0.797076
0.779759
0.775398
0.764242
0.759134
0.732105
0.701623
0.650030
0.629516
0.559008
0.620215
0.599995
0.599995
0.586146
0.592366
0.578771
0.604384
0.609361
0.653976
0.626669
0.613837
0.616381
0.612853
0.639044
0.631688
0.644432
0.655062
0.664010
0.666078
0.757276
0.737580
0.703107
0.689398
0.751502
0.761639
0.740155
0.743105
0.728379
0.706062
0.683996
0.726987
0.682159
0.681344
0.670483
0.656276
0.617136
0.549267
0.565846
0.513763
0.498782
0.547250
0.540745
0.594037
0.652525
0.598762
0.594298
0.626217
0.620760
0.641270
0.636623
0.660370
0.687944
0.687944
0.694372
0.668132
0.687208
0.671229
0.687606
0.683564
0.691054
0.672953
0.645835
0.683769
0.627652
0.666938
0.652652
0.635858
0.619145
0.562949
0.544120
0.516760
0.484848
0.466268
0.531917
0.610127
0.632789
0.645293
0.623642
0.611802
0.633491
0.707174
0.653993
0.677516
0.688554
0.675460
0.674834
0.634881
0.678390
0.632546
0.690628
0.699987
0.623982
0.683460
0.706920
0.718228
0.765965
0.708149
0.735695
0.618567
0.682317
0.742806
0.695244
0.695244
0.597686
0.655059
0.680804
0.677645
0.664678
0.706161
0.724313
0.740806
0.707406
0.600558
0.635059
0.593197
0.633470
0.602411
0.656933
0.653826
0.748640
0.737290
0.767828
0.799462
0.760238
0.780366
0.735355
0.678161
0.699085
0.713392
0.691878
0.703873
0.763567
0.781697
0.775520
0.730033
0.769862
0.775210
0.676485
0.639714
0.658507
0.657528
0.644496
0.653905
0.723107
0.753718
0.769086
0.725411
0.729705
0.692262
0.673772
0.654299
0.607284
0.607284
0.611132
0.644419
0.699224
0.679714
0.648178
0.565307
0.595286
0.615163
0.622094
0.617103
0.650591
0.612474
0.611988
0.607545
0.567491
0.515567
0.584957
0.534731
0.536670
0.596145
0.626910
0.615057
0.700127
0.695329
0.709361
0.708234
0.725374
0.689250
0.691060
0.701991
0.749907
0.765931
0.757613
0.780018
0.778428
0.786141
0.760183
0.624585
0.731634
0.740096
0.748452
0.719602
0.661391
0.633975
0.730462
0.824441
0.824213
0.819386
0.834551
0.834551
0.826532
0.823515
0.775282
0.719494
0.659069
0.665168
0.631006
0.636037
0.647306
0.720241
0.644003
0.736711
0.727211
0.748117
0.709049
0.708579
0.716254
0.737080
0.705560
0.663860
0.660859
0.618781
0.656220
0.697649
0.733316
0.712918
0.701653
0.711145
0.753993
0.713803
0.734090
0.729088
0.652367
0.646168
0.632191
0.658391
0.704161
0.680275
0.737080
0.717709
0.705937
0.671458
0.651149
0.657815
0.760169
0.781543
0.804575
0.814594
0.796794
0.796794
0.801247
0.773749
0.773779
0.755649
0.690152
0.726265
0.706616
0.767925
0.788916
0.739532
0.774818
0.799807
0.718357
0.659967
0.726981
0.734403
0.745549
0.743511
0.733118
0.732218
0.775592
0.757945
0.640591
0.608209
0.663018
0.694189
0.712437
0.592782
0.579717
0.612358
0.585846
0.649369
0.634318
0.631803
0.613652
0.602579
0.545146
0.471845
0.522371
0.540726
0.493881
0.495408
0.498131
0.546095
0.524590
0.576505
0.599845
0.562472
0.538838
0.538838
0.528152
0.636987
0.596001
0.631022
0.673718
0.662340
0.696991
0.689584
0.678877
0.703857
0.651885
0.643133
0.674154
0.596294
0.638768
0.625704
0.618789
0.591393
0.595439
0.619309
0.577783
0.620525
0.623713
0.642800
0.657684
0.628637
0.687152
0.687908
0.703420
0.669449
0.675525
0.662859
0.681773
0.650968
0.660460
0.620217
0.646445
0.618253
0.627350
0.655830
0.622308
0.670757
0.609023
0.648325
0.651083
0.651210
0.729811
0.741998
0.743447
0.743447
0.761505
0.730969
0.764357
0.726611
0.688655
0.739701
0.731399
0.744488
0.768933
0.698296
0.732212
0.750562
0.741302
0.762618
0.756373
0.779466
0.743429
0.746046
0.697193
0.711615
0.703945
0.665640
0.701870
0.716486
0.718039
0.743603
0.723188
0.620165
0.673835
0.643029
0.658994
0.639879
0.699186
0.621793
0.616761
0.682795
0.612084
0.690251
0.705618
0.669395
0.717835
0.714348
0.728846
0.748668
0.715599
0.746008
0.728095
0.701898
0.661878
0.661878
0.698332
0.705131
0.699844
0.667916
0.668087
0.640415
0.635599
0.655219
0.639373
0.742718
0.739444
0.718338
0.645760
0.699496
0.720414
0.764670
0.732042
0.732258
0.731861
0.718290
0.762329
0.716484
0.692350
0.688668
0.699989
0.632668
0.622028
0.648515
0.650763
0.623627
0.617516
0.545824
0.556346
0.572699
0.540411
0.582861
0.498873
0.504631
0.479825
0.479022
0.497650
0.541809
0.572656
0.672983
0.669235
0.699912
0.727072
0.718442
0.715427
0.715427
0.745008
0.713757
0.686738
0.736418
0.680377
0.693316
0.664150
0.641706
0.675083
0.637503
0.567883
0.558305
0.530502
0.520691
0.580596
0.596665
0.567046
0.592109
0.587440
0.594848
0.663576
0.630003
0.656951
0.676618
0.653148
0.664781
0.671053
0.632417
0.627048
0.640747
0.644182
0.636672
0.620907
0.630957
0.612317
0.589626
0.584340
0.580527
0.539442
0.518252
0.554642
0.481932
0.582484
0.537642
0.543488
0.557455
0.584949
0.508113
