0.010504
0.038509
0.021512
0.018000
0.019294
0.024000
0.039504
0.037508
0.018000
0.039006
0.038508
0.033002
0.040014
0.018504
0.018004
0.038511
0.027999
0.018507
0.027000
0.038017
0.039042
0.028119
0.019851
0.035613
0.028795
0.020514
0.020512
0.035503
0.040011
0.020000
0.019000
0.025505
0.020002
0.019013
0.030000
0.038512
0.033025
0.019001
0.026511
0.038010
0.020002
0.019997
0.019509
0.019001
0.026787
0.040507
0.026002
0.019594
0.019036
0.031512
0.039504
0.029508
0.018000
0.019507
0.039025
0.027997
0.018509
0.035002
0.039016
0.018506
0.017998
0.018001
0.030016
0.039506
0.019998
0.018508
0.019007
0.031506
0.039003
0.031009
0.019508
0.028002
0.038021
0.034999
0.017503
0.034512
0.037999
0.020507
0.020003
0.038022
0.032506
0.019002
0.019003
0.026011
0.037504
0.020003
0.018505
0.020004
0.019000
0.019507
0.033004
0.038511
0.038505
0.034010
0.019000
0.020001
0.028505
0.038510
0.032512
0.020281
0.030908
0.038487
0.038106
0.019514
0.017508
0.019000
0.038509
0.030021
0.018001
0.026505
0.038507
0.034510
0.018999
0.018506
0.020001
0.020009
0.019000
0.018507
0.018001
0.023503
0.039513
0.033507
0.017997
0.019239
0.036999
0.031504
0.019012
0.029000
0.038505
0.028024
0.019998
0.018000
0.020004
0.018001
0.018009
0.036000
0.037504
0.020003
0.018507
0.023000
0.038506
0.035015
0.019000
0.018509
0.016999
0.019508
0.037506
0.037811
0.021005
0.028506
0.034504
0.034002
0.039014
0.031506
0.038512
0.037507
0.019504
0.020001
0.036017
0.037506
0.020998
0.019018
0.019000
0.018998
0.018508
0.033502
0.039507
0.031505
0.020007
0.018509
0.019001
0.038505
0.038008
0.024001
0.019508
0.036000
0.031010
0.019001
0.020834
0.030100
0.037663
0.028345
0.020052
0.019013
0.038507
0.038503
0.030028
0.038501
0.039005
0.017016
0.019002
0.026510
0.037506
0.029508
0.019504
0.019003
0.016998
0.022023
0.038999
0.038507
0.018018
0.018999
0.034506
0.033512
0.019504
0.026999
0.038506
0.031017
0.019001
0.018504
0.038003
0.037009
0.022507
0.019000
0.019510
0.035513
0.038507
0.024004
0.020014
0.027999
0.037507
0.032015
0.016560
0.018506
0.036001
0.038015
0.023004
0.018507
0.024003
0.038515
0.030503
0.018005
0.025017
0.037506
0.037002
0.021510
0.039002
0.038515
0.026519
0.019000
0.030506
0.039023
0.029998
0.020511
0.035509
0.025510
0.038512
0.037512
0.019001
0.018998
0.019507
0.032004
0.040755
0.025525
0.027295
0.018637
0.022010
0.036021
0.019003
0.018520
0.020000
0.022510
0.035998
0.039011
0.016505
0.022000
0.038013
0.039000
0.019505
0.032509
0.038000
0.031505
0.019507
0.039504
0.037504
0.019511
0.018510
0.028997
0.030504
0.019003
0.017504
0.034515
0.038004
0.032019
0.016999
0.017508
0.019000
0.039017
0.030000
0.019003
0.020007
0.018018
0.016601
0.025509
0.028998
0.019019
0.037503
0.039003
0.022016
0.018000
0.017999
0.019505
0.029004
0.017015
0.017999
0.030504
0.019001
0.023015
0.039505
0.038004
0.038014
0.032503
0.019000
0.023514
0.039000
0.032506
0.019507
0.018444
0.035511
0.038003
0.019007
0.019000
0.018851
0.039744
0.025024
0.019000
0.020506
0.020000
0.020377
0.038759
0.039508
0.025015
0.020001
0.036791
0.034621
0.020548
0.036531
0.038558
0.039311
0.019509
0.018999
0.032030
0.039679
0.020000
0.019502
0.018508
0.019001
0.026507
0.038000
0.037512
0.020500
0.021001
0.020507
0.040248
0.040508
0.020010
0.020000
0.019514
0.036773
0.019508
0.028509
0.038509
0.020003
0.019013
0.019001
0.018506
0.019999
0.030006
0.038507
0.036999
0.018005
0.029512
0.039506
0.019005
0.019012
0.018998
0.017505
0.018002
0.019000
0.023016
0.038509
0.031002
0.018999
0.018506
0.018000
0.020506
0.021000
0.019009
0.039999
0.040506
0.027014
0.034999
0.021507
