1.000000
0.744954
0.741667
0.743223
0.750106
0.741714
0.732872
0.724973
0.726834
0.724595
0.726523
0.725357
0.721650
0.715833
0.731344
0.751214
0.752346
0.728613
0.743723
0.680482
0.609191
0.550332
0.568012
0.561797
0.521243
0.490029
0.545148
0.427681
0.494559
0.369263
0.437436
0.405078
0.390397
0.434085
0.398409
0.417940
0.473797
0.514346
0.429410
0.507241
0.580541
0.440721
0.439756
0.449296
0.523094
0.554567
0.524287
0.490523
0.472535
0.470122
0.514243
0.485175
0.411244
0.428015
0.413465
0.462981
0.520234
0.477014
0.529113
0.515388
0.480738
0.482244
0.483291
0.572166
0.639615
0.632885
0.659748
0.562048
0.503441
0.370214
0.363855
0.162294
0.342910
0.321522
0.308145
0.245324
0.063019
0.101336
0.171117
0.459454
0.305124
0.457617
0.141760
0.102959
0.111459
0.512141
0.118023
0.121800
0.116958
0.121442
0.118414
0.283960
0.353925
0.209642
0.148614
0.114060
0.166511
0.317872
0.363575
0.379814
0.494361
0.577563
0.550240
0.498874
0.360492
0.471992
0.354976
0.494434
0.502764
0.589246
0.525000
0.546015
0.561526
0.485087
0.386944
0.195130
0.319860
0.466253
0.595256
0.599377
0.591092
0.474315
0.488735
0.553251
0.606123
0.644632
0.635951
0.437191
0.531253
0.444394
0.493580
0.488073
0.321869
0.567196
0.507125
0.424551
0.326985
0.349360
0.339503
0.307644
0.337523
0.234419
0.274284
0.233074
0.195193
0.169989
0.114448
0.102810
0.169572
0.227360
0.180213
0.221328
0.138320
0.181762
0.129760
0.222322
0.081682
0.148897
0.149690
0.450967
0.345491
0.337628
0.357439
0.201223
0.217594
0.206449
0.376985
0.463911
0.374917
0.487947
0.437306
0.470042
0.494902
0.433594
0.455782
0.396985
0.306613
0.396968
0.418652
0.305578
0.358030
0.359551
0.364723
0.450853
0.407736
0.468878
0.353911
0.474530
0.371034
0.367661
0.317099
0.319424
0.418939
0.123866
0.184472
0.239002
0.299228
0.276219
0.345955
0.351606
0.359532
0.484200
0.437584
0.487958
0.390538
0.323383
0.273921
0.365454
0.215261
0.141255
0.111310
0.051497
0.169950
0.164174
0.182678
0.074919
0.101912
0.079504
0.077100
0.095141
0.140007
0.120700
0.237113
0.096191
0.101573
0.215258
0.146146
0.083997
0.170890
0.174453
0.128707
0.110709
0.117851
0.124953
0.494213
0.399045
0.468812
0.449173
0.391579
0.257641
0.219264
0.213720
0.228106
0.214084
0.302916
0.347072
0.381821
0.347178
0.335209
0.450355
0.440531
0.414040
0.439457
0.498092
0.504477
0.466161
0.406199
0.552036
0.550700
0.626930
0.590646
0.587197
0.516944
0.431239
0.468611
0.550809
0.510765
0.519747
0.444175
0.384643
0.388714
0.354973
0.385518
0.418640
0.376316
0.377497
0.459641
0.520066
0.558227
0.443524
0.481152
0.531045
0.594364
0.524248
0.512722
0.410955
0.363127
0.409043
0.407168
0.448665
0.497528
0.458847
0.532701
0.560792
0.491061
0.502790
0.525102
0.488814
0.474354
0.460799
0.468703
0.450171
0.483415
0.477921
0.552596
0.515388
0.492572
0.500003
0.510873
0.519315
0.553085
0.546281
0.434656
0.330321
0.382661
0.387212
0.479704
0.399456
0.477633
0.378590
0.409131
0.450616
0.448396
0.425056
0.475790
0.453106
0.459906
0.467682
0.467682
0.222775
0.245391
0.506018
0.431576
0.313433
0.402878
0.424136
0.208341
0.228634
0.274992
0.227273
0.289387
0.314849
0.459224
0.501450
0.523616
0.545917
0.558219
0.525326
0.613063
0.558810
0.497915
0.487989
0.554621
0.549394
0.576269
0.504275
0.518521
0.558188
0.544955
0.544870
0.555488
0.482771
0.453158
0.580230
0.483467
0.566690
0.573241
0.487044
0.509254
0.440149
0.434640
0.533457
0.415179
0.447589
0.473997
0.419639
0.523467
0.510711
0.432474
0.304336
0.268043
0.235857
0.316240
0.168346
0.226182
0.309450
0.255704
0.225513
0.129130
0.314616
0.435758
0.317234
0.409466
0.229051
0.157582
0.106141
0.166490
0.090398
0.186642
0.307866
0.275828
0.294267
0.156092
0.262599
0.149489
0.218793
0.213099
0.165240
0.257896
0.147532
0.329934
0.413255
0.358419
0.304437
0.315036
0.247458
0.217885
0.092549
0.137781
0.217224
0.222099
0.142663
0.345092
0.383770
0.463557
0.474346
0.340643
0.387814
0.548212
0.252063
0.244660
0.339687
0.485315
0.408617
0.389556
0.451250
0.399783
0.416991
0.251506
0.244498
0.155562
0.103999
0.103360
0.350332
0.416427
0.469895
0.499214
0.433333
0.416406
0.426227
0.420397
0.439439
0.508190
0.408339
0.489528
0.515781
0.367842
0.438151
0.409947
0.399466
0.226092
0.354457
0.504238
0.425444
0.504666
0.238326
0.455779
0.404242
0.320225
0.276889
0.518858
0.518858
