0.006000
0.019000
0.037507
0.036017
0.018000
0.017999
0.016505
0.038579
0.039333
0.031505
0.018005
0.034015
0.039504
0.030511
0.018505
0.036508
0.037006
0.018511
0.022999
0.038507
0.037510
0.018999
0.019507
0.038004
0.038504
0.017502
0.018000
0.019005
0.024011
0.029999
0.019506
0.027002
0.019007
0.019000
0.019505
0.028002
0.039010
0.030505
0.018002
0.018003
0.018511
0.022999
0.019501
0.018002
0.018031
0.041000
0.035509
0.039022
0.039504
0.025490
0.023317
0.039562
0.033171
0.019626
0.019999
0.018000
0.018507
0.020001
0.020020
0.019003
0.024999
0.038509
0.030011
0.020000
0.016504
0.035003
0.039004
0.019505
0.020000
0.023507
0.026505
0.020000
0.020507
0.022000
0.020009
0.028003
0.025505
0.020002
0.020009
0.019001
0.019503
0.022000
0.039242
0.035000
0.019505
0.019002
0.029015
0.027999
0.037005
0.037024
0.028505
0.038504
0.025504
0.036505
0.033002
0.018010
0.023999
0.017508
0.016998
0.021514
0.038998
0.038505
0.019511
0.019506
0.036506
0.017000
0.019004
0.020010
0.031999
0.040008
0.025017
0.019000
0.031507
0.039018
0.019000
0.017999
0.018509
0.024002
0.038795
0.033506
0.018000
0.019015
0.018999
0.025001
0.037506
0.038015
0.038501
0.040019
0.028000
0.021678
0.019709
0.017379
0.035048
0.038653
0.027015
0.017512
0.028999
0.039005
0.024009
0.019001
0.017504
0.019000
0.017506
0.018508
0.025000
0.038507
0.018510
0.019506
0.035504
0.036005
0.020013
0.019000
0.019506
0.034000
0.019012
0.026999
0.039503
0.026268
0.018504
0.018001
0.031508
0.039089
0.039513
0.020998
0.024027
0.019994
0.019000
0.019504
0.035507
0.018506
0.022001
0.034509
0.018003
0.018016
0.023999
0.035505
0.018006
0.028010
0.032000
0.034510
0.039009
0.019000
0.019002
0.022003
0.041009
0.025506
0.018004
0.020505
0.027505
0.032505
0.020004
0.019018
0.035998
0.016505
0.026004
0.021014
0.018999
0.021504
0.023000
0.017002
0.034012
0.033503
0.042013
0.028002
0.019505
0.038000
0.041010
0.018506
0.029002
0.033012
0.026659
0.037478
0.037766
0.020009
0.020875
0.024513
0.040506
0.036506
0.026504
0.042188
0.033505
0.019508
0.020000
0.042505
0.021004
0.019507
0.027509
0.040506
0.031012
0.021000
0.020001
0.033506
0.040504
0.038507
0.042511
0.023003
0.021001
0.028506
0.040009
0.030509
0.041004
0.041008
0.025507
0.021001
0.022013
0.020999
0.020999
0.033509
0.042014
0.024503
0.021002
0.035508
0.041506
0.021023
0.023385
0.033000
0.041505
0.041445
0.039505
0.020000
0.020010
0.020000
0.038344
0.020005
0.020504
0.020507
0.018999
0.018506
0.019909
0.038261
0.033505
0.019000
0.019011
0.022999
0.038682
0.039510
0.019002
0.019000
0.031435
0.025010
0.036000
0.019506
0.019999
0.019020
0.020002
0.019331
0.027916
0.022299
0.019019
0.021505
0.020546
0.019001
0.036020
0.038506
0.022999
0.019917
0.027802
0.038506
0.026505
0.016509
0.017997
0.024507
0.018999
0.019016
0.033000
0.037505
0.023510
0.019506
0.023002
0.025506
0.020005
0.031011
0.038504
0.037034
0.026994
0.030504
0.039365
0.025506
0.019000
0.019505
0.038012
0.028000
0.018506
0.029001
0.019017
0.027000
0.039505
0.028021
0.030998
0.035504
0.035602
0.018000
0.039506
0.040018
0.028999
0.017504
0.019000
0.019504
0.038504
0.035505
0.018002
0.018009
0.031001
0.039506
0.030024
0.037508
0.022000
0.038016
0.034001
0.019508
0.018999
0.021012
0.017999
0.018502
0.024999
0.038511
0.032508
0.026001
0.038012
0.036506
0.040002
0.040282
0.019841
0.034171
0.038725
0.020056
0.020507
0.021506
0.021002
0.018000
0.017000
0.033005
0.020009
0.019000
0.018502
0.028001
0.019510
0.020000
0.027505
0.040007
0.022025
0.020001
0.027505
0.039507
0.038508
0.042514
0.039009
0.032504
0.018000
0.036011
0.038508
0.023999
0.019009
0.039001
0.039506
0.021509
0.033003
0.038504
0.036510
0.019001
0.017506
0.020000
0.039015
0.037997
0.024505
0.019507
0.039505
0.034506
0.019004
0.020010
0.026003
0.038512
0.039011
0.020504
0.019000
0.019003
0.032016
0.038506
0.035001
0.024010
0.020000
0.022504
0.031002
0.020009
0.033509
0.038003
0.028013
0.020000
0.019507
0.039505
0.039507
0.016504
0.019000
0.038633
0.038505
0.033004
0.024831
0.041058
0.030512
0.018610
0.035053
0.039013
0.020018
0.020000
0.020000
0.019511
0.020000
0.019013
0.036998
0.038510
0.021006
0.020000
0.033505
0.035510
0.016505
0.021000
0.019507
0.019998
0.022730
0.028000
0.018505
0.026000
0.035022
0.020999
0.018508
0.040509
0.031507
0.040502
0.038791
0.022998
0.023503
0.025002
0.020013
0.028000
0.039504
0.030009
0.024000
0.023502
0.022002
0.040014
0.037504
0.019001
0.019005
0.030002
0.029505
0.017002
0.019506
0.038511
0.038505
0.017001
0.038008
0.038505
0.023510
0.020003
0.036509
0.038515
0.020506
0.018999
0.020506
0.019001
0.018503
0.018507
0.032002
0.020005
0.031012
0.017999
0.018000
0.018505
0.018000
0.019011
0.019000
0.025505
0.039513
0.031613
0.019002
0.038504
0.032480
0.039362
0.021002
0.034083
0.039014
0.016507
0.019001
0.019012
0.038999
0.038509
0.028511
0.039506
0.039513
0.018003
0.038506
0.038001
0.017010
0.019000
0.027505
0.039512
0.040000
0.038507
0.038013
0.018001
0.020506
0.040509
0.040505
0.030512
0.039011
0.031510
0.021999
0.040523
0.026999
0.027504
0.018000
0.031014
0.039505
0.019000
0.029522
0.039502
0.036000
0.039010
0.039507
0.023003
0.019009
0.033999
0.038518
0.024508
0.019001
0.020505
0.039507
0.029504
0.019507
0.016999
0.019001
0.018019
0.018998
0.019999
0.038504
0.028013
0.020000
0.034505
0.026508
0.019505
0.020000
0.038504
0.029019
0.020000
0.027504
0.038002
0.033010
0.019509
0.020000
0.041408
0.020341
0.019580
0.018509
0.034593
0.034603
0.018506
0.031003
0.018507
0.024999
0.038507
0.031013
0.035504
0.039000
0.022208
0.019999
0.025506
0.039402
0.031308
0.019506
0.018998
0.038011
0.039963
0.024000
0.020003
0.030011
0.039511
0.022373
0.019102
0.020001
0.019509
0.021000
0.028014
0.040439
0.037507
0.036010
0.037489
0.026992
0.039014
0.031508
0.018000
0.020010
0.027000
0.019000
0.018505
0.027998
0.038012
0.028505
0.020002
0.040010
0.038506
0.024505
0.017506
0.035004
0.038506
0.019010
0.039000
0.038509
0.037025
0.017000
0.034002
0.038010
0.022000
0.019504
0.018000
0.016005
0.027508
0.023505
0.018999
0.036025
0.038504
0.021000
0.017001
0.023011
0.040001
0.022508
0.021605
0.024367
0.032709
0.038537
0.020018
0.018506
0.017507
0.019001
0.020507
0.025507
0.027001
0.040004
0.031507
0.039506
0.039015
0.032000
0.018505
0.034002
0.027010
0.027999
0.034011
0.032510
0.039508
0.031002
0.018511
0.023999
0.038506
0.036012
0.016999
0.018000
0.032506
0.039550
0.025505
0.016000
0.020005
0.039009
0.039505
0.034630
0.020999
0.026510
0.024001
0.020755
0.018000
0.020000
0.019506
0.039012
0.039195
0.028507
0.027508
0.028999
0.019507
0.022000
0.038011
0.038504
0.038504
0.022505
0.018001
0.020510
0.019999
0.020006
0.019004
0.019999
0.019506
0.019000
0.020014
0.019002
0.036505
0.029999
0.025511
0.038503
0.027000
0.018507
0.019005
0.020003
0.019507
0.034022
0.038998
0.024506
0.020320
0.033870
0.038845
0.039045
0.019012
0.019508
0.019507
0.020000
0.019583
0.023001
0.025504
0.026000
0.019511
0.019000
0.018000
0.023504
0.019000
0.021818
0.025002
0.032502
0.040017
0.018000
0.017999
0.039508
