508.000000,319.000000,65.000000,62.000000
486.566723,298.142361,65.000000,62.000000
465.238598,292.641059,65.000000,62.000000
480.418074,308.665365,65.000000,62.000000
464.360220,323.899740,65.000000,62.000000
468.971706,323.307292,65.000000,62.000000
473.034206,323.307292,65.000000,62.000000
487.527449,344.409722,65.000000,62.000000
481.900338,334.084201,65.000000,62.000000
491.452703,322.912326,65.000000,62.000000
511.024071,306.464844,65.000000,62.000000
531.336571,295.490451,65.000000,62.000000
551.649071,289.594184,65.000000,62.000000
556.315456,273.964844,65.000000,62.000000
581.239443,273.541667,65.000000,62.000000
601.414696,257.714844,65.000000,62.000000
611.296453,246.740451,65.000000,62.000000
599.575591,235.568576,65.000000,62.000000
588.403716,224.396701,65.000000,62.000000
577.231841,218.500434,65.000000,62.000000
566.059966,213.422309,65.000000,62.000000
554.888091,203.068576,65.000000,62.000000
559.362331,186.621094,65.000000,62.000000
558.209459,165.095486,65.000000,62.000000
562.409206,164.869792,65.000000,62.000000
566.471706,154.318576,65.000000,62.000000
549.672720,153.697917,65.000000,62.000000
543.853463,137.871094,65.000000,62.000000
558.621199,142.723524,65.000000,62.000000
563.424831,131.974826,65.000000,62.000000
567.487331,120.802951,65.000000,62.000000
581.980574,109.631076,65.000000,62.000000
586.784206,98.459201,65.000000,62.000000
575.200591,87.287326,65.000000,62.000000
574.459459,70.839844,65.000000,62.000000
578.659206,65.141059,65.000000,62.000000
572.290963,54.787326,65.000000,62.000000
581.843328,38.339844,65.000000,62.000000
596.199324,53.743490,65.000000,62.000000
606.218328,68.977865,65.000000,62.000000
599.712838,52.558594,65.000000,62.000000
604.049831,52.135417,65.000000,62.000000
613.327703,41.584201,65.000000,62.000000
601.606841,35.687934,65.000000,62.000000
595.650338,25.334201,65.000000,62.000000
605.202703,19.437934,65.000000,62.000000
598.697213,7.871094,65.000000,62.000000
618.680321,28.973524,65.000000,62.000000
628.562078,39.327257,65.000000,62.000000
632.487331,54.759115,65.000000,62.000000
641.765203,48.891059,65.000000,62.000000
650.905828,59.639757,65.000000,62.000000
649.615709,69.796007,65.000000,62.000000
643.384713,74.676649,65.000000,62.000000
637.290963,79.754774,65.000000,62.000000
652.058699,79.557292,65.000000,62.000000
672.508446,84.832899,65.000000,62.000000
666.744088,68.808594,65.000000,62.000000
671.081081,63.109809,65.000000,62.000000
669.928209,52.756076,65.000000,62.000000
679.343328,52.135417,65.000000,62.000000
683.268581,41.584201,65.000000,62.000000
692.546453,51.514757,65.000000,62.000000
701.687078,61.671007,65.000000,62.000000
716.043074,61.276042,65.000000,62.000000
710.415963,77.102865,65.000000,62.000000
714.752956,97.612847,65.000000,62.000000
703.169341,108.389757,65.000000,62.000000
691.997466,97.443576,65.000000,62.000000
686.040963,96.822917,65.000000,62.000000
679.947213,96.822917,65.000000,62.000000
673.853463,102.098524,65.000000,62.000000
662.544341,112.452257,65.000000,62.000000
667.018581,106.781684,65.000000,62.000000
671.081081,128.081597,65.000000,62.000000
680.358953,138.858507,65.000000,62.000000
679.068834,149.014757,65.000000,62.000000
683.268581,148.619792,65.000000,62.000000
687.331081,153.895399,65.000000,62.000000
691.393581,158.973524,65.000000,62.000000
695.456081,169.327257,65.000000,62.000000
709.949324,163.656684,65.000000,62.000000
714.752956,184.956597,65.000000,62.000000
724.030828,201.009115,65.000000,62.000000
733.171453,195.141059,65.000000,62.000000
742.312078,200.614149,65.000000,62.000000
751.452703,200.416667,65.000000,62.000000
760.593328,200.416667,65.000000,62.000000
769.733953,189.865451,65.000000,62.000000
773.659206,183.969184,65.000000,62.000000
782.937078,178.891059,65.000000,62.000000
792.077703,179.088542,65.000000,62.000000
801.218328,173.812934,65.000000,62.000000
810.358953,184.561632,65.000000,62.000000
814.284206,189.442274,65.000000,62.000000
818.346706,194.520399,65.000000,62.000000
817.193834,204.874132,65.000000,62.000000
821.393581,209.754774,65.000000,62.000000
809.809966,209.557292,65.000000,62.000000
814.284206,220.108507,65.000000,62.000000
813.131334,230.264757,65.000000,62.000000
806.900338,235.145399,65.000000,62.000000
806.021959,245.499132,65.000000,62.000000
794.575591,245.104167,65.000000,62.000000
788.619088,245.104167,65.000000,62.000000
782.525338,245.104167,65.000000,62.000000
776.431588,250.379774,65.000000,62.000000
785.983953,260.733507,65.000000,62.000000
784.693834,265.614149,65.000000,62.000000
778.462838,270.692274,65.000000,62.000000
772.369088,270.494792,65.000000,62.000000
771.490709,275.770399,65.000000,62.000000
775.690456,280.848524,65.000000,62.000000
769.322213,285.926649,65.000000,62.000000
763.228463,285.729167,65.000000,62.000000
762.350084,291.004774,65.000000,62.000000
766.549831,296.082899,65.000000,62.000000
775.827703,295.885417,65.000000,62.000000
779.752956,301.161024,65.000000,62.000000
789.030828,300.963542,65.000000,62.000000
792.956081,311.514757,65.000000,62.000000
791.803209,316.395399,65.000000,62.000000
801.218328,316.197917,65.000000,62.000000
810.358953,316.197917,65.000000,62.000000
814.284206,310.922309,65.000000,62.000000
828.777449,305.844184,65.000000,62.000000
838.796453,295.490451,65.000000,62.000000
842.721706,289.594184,65.000000,62.000000
836.353463,284.516059,65.000000,62.000000
840.690456,279.437934,65.000000,62.000000
839.537584,269.084201,65.000000,62.000000
833.306588,273.739149,65.000000,62.000000
832.428209,257.714844,65.000000,62.000000
841.843328,246.740451,65.000000,62.000000
840.553209,240.844184,65.000000,62.000000
839.537584,230.490451,65.000000,62.000000
838.521959,224.594184,65.000000,62.000000
842.721706,219.516059,65.000000,62.000000
841.568834,209.162326,65.000000,62.000000
840.553209,203.266059,65.000000,62.000000
839.537584,198.187934,65.000000,62.000000
838.521959,193.109809,65.000000,62.000000
837.506334,188.031684,65.000000,62.000000
831.275338,182.953559,65.000000,62.000000
830.396959,172.599826,65.000000,62.000000
839.812078,166.703559,65.000000,62.000000
848.952703,166.901042,65.000000,62.000000
858.093328,166.901042,65.000000,62.000000
862.018581,166.901042,65.000000,62.000000
866.081081,166.901042,65.000000,62.000000
870.143581,166.901042,65.000000,62.000000
874.206081,166.901042,65.000000,62.000000
878.268581,172.176649,65.000000,62.000000
882.331081,171.979167,65.000000,62.000000
886.393581,171.979167,65.000000,62.000000
890.456081,171.979167,65.000000,62.000000
894.518581,177.254774,65.000000,62.000000
903.796453,177.057292,65.000000,62.000000
907.721706,187.608507,65.000000,62.000000
916.999578,187.213542,65.000000,62.000000
920.924831,176.662326,65.000000,62.000000
930.202703,165.490451,65.000000,62.000000
939.343328,159.594184,65.000000,62.000000
943.268581,154.516059,65.000000,62.000000
942.115709,149.437934,65.000000,62.000000
946.315456,139.084201,65.000000,62.000000
939.947213,133.187934,65.000000,62.000000
944.284206,128.109809,65.000000,62.000000
948.346706,123.031684,65.000000,62.000000
952.409206,117.953559,65.000000,62.000000
951.256334,112.875434,65.000000,62.000000
950.240709,107.797309,65.000000,62.000000
949.225084,102.719184,65.000000,62.000000
958.640203,97.641059,65.000000,62.000000
967.780828,97.838542,65.000000,62.000000
971.706081,97.838542,65.000000,62.000000
975.768581,103.114149,65.000000,62.000000
985.046453,97.641059,65.000000,62.000000
983.756334,92.562934,65.000000,62.000000
1003.602196,87.484809,65.000000,62.000000
1013.483953,92.957899,65.000000,62.000000
1012.193834,82.209201,65.000000,62.000000
1021.608953,76.312934,65.000000,62.000000
1030.749578,76.510417,65.000000,62.000000
1029.459459,71.234809,65.000000,62.000000
1023.228463,60.881076,65.000000,62.000000
1027.565456,65.536024,65.000000,62.000000
1010.766470,65.338542,65.000000,62.000000
1004.947213,65.338542,65.000000,62.000000
1004.068834,60.062934,65.000000,62.000000
1003.053209,54.984809,65.000000,62.000000
991.606841,55.182292,65.000000,62.000000
985.650338,49.906684,65.000000,62.000000
979.556588,44.828559,65.000000,62.000000
968.247466,45.026042,65.000000,62.000000
962.290963,50.301649,65.000000,62.000000
950.981841,55.379774,65.000000,62.000000
955.456081,34.079861,65.000000,62.000000
959.518581,18.027344,65.000000,62.000000
958.365709,13.146701,65.000000,62.000000
967.780828,18.422309,65.000000,62.000000
971.706081,13.146701,65.000000,62.000000
980.983953,13.146701,65.000000,62.000000
990.124578,28.973524,65.000000,62.000000
994.049831,34.051649,65.000000,62.000000
992.896959,44.405382,65.000000,62.000000
981.450591,54.561632,65.000000,62.000000
980.709459,64.717882,65.000000,62.000000
974.478463,74.874132,65.000000,62.000000
968.384713,79.754774,65.000000,62.000000
962.290963,79.557292,65.000000,62.000000
956.197213,79.557292,65.000000,62.000000
950.103463,84.832899,65.000000,62.000000
949.225084,79.359809,65.000000,62.000000
942.994088,79.557292,65.000000,62.000000
936.900338,84.832899,65.000000,62.000000
930.806588,89.911024,65.000000,62.000000
929.928209,94.989149,65.000000,62.000000
934.127956,100.067274,65.000000,62.000000
927.759713,105.145399,65.000000,62.000000
926.881334,110.223524,65.000000,62.000000
931.081081,115.301649,65.000000,62.000000
935.143581,120.379774,65.000000,62.000000
939.206081,125.457899,65.000000,62.000000
932.837838,125.260417,65.000000,62.000000
926.744088,125.260417,65.000000,62.000000
920.650338,119.984809,65.000000,62.000000
924.987331,109.631076,65.000000,62.000000
939.480574,109.010417,65.000000,62.000000
944.284206,98.459201,65.000000,62.000000
937.915963,92.562934,65.000000,62.000000
947.468328,87.484809,65.000000,62.000000
956.608953,87.682292,65.000000,62.000000
960.534206,92.957899,65.000000,62.000000
969.812078,98.036024,65.000000,62.000000
978.952703,92.562934,65.000000,62.000000
988.093328,87.484809,65.000000,62.000000
986.803209,77.131076,65.000000,62.000000
975.356841,71.234809,65.000000,62.000000
964.184966,71.432292,65.000000,62.000000
958.228463,60.881076,65.000000,62.000000
957.350084,54.984809,65.000000,62.000000
971.980574,49.906684,65.000000,62.000000
971.568834,44.828559,65.000000,62.000000
980.983953,45.026042,65.000000,62.000000
984.909206,45.026042,65.000000,62.000000
988.971706,39.750434,65.000000,62.000000
993.034206,39.947917,65.000000,62.000000
997.096706,34.672309,65.000000,62.000000
1001.159206,29.594184,65.000000,62.000000
1005.221706,35.067274,65.000000,62.000000
1014.499578,29.594184,65.000000,62.000000
1018.424831,29.791667,65.000000,62.000000
1017.271959,29.791667,65.000000,62.000000
1026.687078,29.791667,65.000000,62.000000
1025.396959,24.516059,65.000000,62.000000
1024.381334,24.713542,65.000000,62.000000
1028.581081,29.989149,65.000000,62.000000
1032.643581,29.791667,65.000000,62.000000
1041.921453,24.516059,65.000000,62.000000
1035.415963,14.162326,65.000000,62.000000
1044.968328,18.422309,65.000000,62.000000
1048.893581,23.697917,65.000000,62.000000
1052.956081,23.697917,65.000000,62.000000
1057.018581,28.973524,65.000000,62.000000
1061.081081,28.776042,65.000000,62.000000
1065.143581,23.500434,65.000000,62.000000
1074.421453,13.146701,65.000000,62.000000
1057.485220,28.973524,65.000000,62.000000
1036.019848,28.776042,65.000000,62.000000
1030.337838,28.776042,65.000000,62.000000
1039.890203,28.776042,65.000000,62.000000
1054.246199,34.051649,65.000000,62.000000
1064.265203,44.405382,65.000000,62.000000
1047.328970,49.286024,65.000000,62.000000
1031.078970,43.812934,65.000000,62.000000
1030.475084,44.010417,65.000000,62.000000
1024.244088,54.561632,65.000000,62.000000
1023.365709,54.166667,65.000000,62.000000
1032.780828,48.891059,65.000000,62.000000
1031.490709,49.088542,65.000000,62.000000
1025.259713,59.639757,65.000000,62.000000
1045.242821,53.969184,65.000000,62.000000
1060.339949,59.442274,65.000000,62.000000
1080.789696,53.969184,65.000000,62.000000
1095.886824,59.442274,65.000000,62.000000
1064.182855,64.520399,65.000000,62.000000
1057.759713,59.047309,65.000000,62.000000
1046.450591,53.969184,65.000000,62.000000
1035.278716,54.166667,65.000000,62.000000
1039.752956,75.269097,65.000000,62.000000
1038.600084,86.046007,65.000000,62.000000
1048.015203,101.477865,65.000000,62.000000
1062.371199,100.885417,65.000000,62.000000
1067.174831,111.436632,65.000000,62.000000
1076.452703,111.041667,65.000000,62.000000
1080.377956,116.317274,65.000000,62.000000
1089.655828,126.671007,65.000000,62.000000
1098.796453,121.000434,65.000000,62.000000
1107.937078,126.473524,65.000000,62.000000
1117.077703,131.551649,65.000000,62.000000
1121.002956,136.629774,65.000000,62.000000
1130.280828,141.707899,65.000000,62.000000
1134.206081,146.786024,65.000000,62.000000
1138.268581,141.312934,65.000000,62.000000
1147.546453,146.786024,65.000000,62.000000
1151.471706,151.864149,65.000000,62.000000
1155.534206,151.666667,65.000000,62.000000
1164.812078,141.115451,65.000000,62.000000
1168.737331,145.770399,65.000000,62.000000
1178.015203,145.572917,65.000000,62.000000
1181.940456,140.297309,65.000000,62.000000
1186.002956,135.219184,65.000000,62.000000
1179.634713,135.416667,65.000000,62.000000
1189.187078,145.967882,65.000000,62.000000
1208.758446,145.572917,65.000000,62.000000
1191.959459,161.399740,65.000000,62.000000
1201.374578,176.634115,65.000000,62.000000
1186.744088,176.041667,65.000000,62.000000
1180.650338,181.317274,65.000000,62.000000
1174.556588,175.844184,65.000000,62.000000
1168.462838,176.041667,65.000000,62.000000
1157.153716,176.041667,65.000000,62.000000
1145.981841,170.766059,65.000000,62.000000
1140.025338,165.687934,65.000000,62.000000
1133.931588,171.161024,65.000000,62.000000
1127.837838,165.687934,65.000000,62.000000
1126.959459,160.609809,65.000000,62.000000
1110.297720,166.082899,65.000000,62.000000
1104.478463,176.436632,65.000000,62.000000
1103.600084,181.317274,65.000000,62.000000
1107.799831,186.395399,65.000000,62.000000
1111.862331,191.473524,65.000000,62.000000
1115.924831,196.551649,65.000000,62.000000
1119.987331,201.629774,65.000000,62.000000
1124.049831,206.707899,65.000000,62.000000
1133.327703,206.510417,65.000000,62.000000
1137.252956,211.786024,65.000000,62.000000
1141.315456,211.588542,65.000000,62.000000
1145.377956,206.312934,65.000000,62.000000
1149.440456,201.234809,65.000000,62.000000
1153.502956,217.259115,65.000000,62.000000
1157.565456,216.666667,65.000000,62.000000
1156.412584,221.942274,65.000000,62.000000
1165.827703,227.020399,65.000000,62.000000
1164.537584,237.374132,65.000000,62.000000
1168.737331,242.254774,65.000000,62.000000
1172.799831,247.332899,65.000000,62.000000
1176.862331,252.411024,65.000000,62.000000
1180.924831,246.937934,65.000000,62.000000
1184.987331,247.135417,65.000000,62.000000
1183.834459,252.411024,65.000000,62.000000
1188.034206,257.489149,65.000000,62.000000
1192.096706,257.291667,65.000000,62.000000
1196.159206,257.291667,65.000000,62.000000
1197.174831,262.567274,65.000000,62.000000
1181.528716,267.645399,65.000000,62.000000
1170.356841,277.999132,65.000000,62.000000
1169.615709,282.879774,65.000000,62.000000
1158.169341,282.682292,65.000000,62.000000
1157.428209,272.131076,65.000000,62.000000
1161.627956,266.234809,65.000000,62.000000
1160.475084,276.983507,65.000000,62.000000
1149.028716,276.588542,65.000000,62.000000
1158.718328,271.312934,65.000000,62.000000
1167.858953,266.234809,65.000000,62.000000
1171.784206,261.156684,65.000000,62.000000
1181.062078,282.456597,65.000000,62.000000
1179.771959,293.233507,65.000000,62.000000
1189.187078,303.389757,65.000000,62.000000
1198.327703,292.443576,65.000000,62.000000
1202.390203,291.822917,65.000000,62.000000
1202.390203,281.271701,65.000000,62.000000
1207.605574,280.651042,65.000000,62.000000
1207.605574,270.099826,65.000000,62.000000
1212.820946,269.479167,65.000000,62.000000
1202.390203,264.203559,65.000000,62.000000
1218.036318,259.125434,65.000000,62.000000
1207.605574,254.047309,65.000000,62.000000
1191.959459,243.693576,65.000000,62.000000
1190.943834,237.797309,65.000000,62.000000
1200.358953,222.167969,65.000000,62.000000
1186.744088,227.020399,65.000000,62.000000
1175.434966,221.547309,65.000000,62.000000
1179.909206,211.193576,65.000000,62.000000
1178.756334,200.021701,65.000000,62.000000
1172.525338,204.676649,65.000000,62.000000
1166.431588,193.927951,65.000000,62.000000
1160.337838,182.756076,65.000000,62.000000
1159.459459,176.859809,65.000000,62.000000
1153.228463,177.057292,65.000000,62.000000
1141.919341,171.781684,65.000000,62.000000
1141.178209,166.703559,65.000000,62.000000
1134.947213,166.901042,65.000000,62.000000
1139.284206,156.349826,65.000000,62.000000
1132.915963,155.729167,65.000000,62.000000
1121.606841,150.453559,65.000000,62.000000
1120.865709,145.375434,65.000000,62.000000
1119.850084,129.746094,65.000000,62.000000
1129.265203,118.771701,65.000000,62.000000
1122.759713,112.875434,65.000000,62.000000
1121.881334,107.797309,65.000000,62.000000
1120.865709,102.719184,65.000000,62.000000
1119.850084,97.641059,65.000000,62.000000
1118.834459,82.011719,65.000000,62.000000
1123.034206,71.037326,65.000000,62.000000
1127.096706,65.141059,65.000000,62.000000
1120.728463,54.787326,65.000000,62.000000
1119.850084,64.717882,65.000000,62.000000
1134.480574,64.322917,65.000000,62.000000
1144.499578,59.047309,65.000000,62.000000
1153.640203,64.520399,65.000000,62.000000
1162.780828,64.322917,65.000000,62.000000
1166.706081,74.874132,65.000000,62.000000
1165.553209,79.754774,65.000000,62.000000
1174.968328,79.557292,65.000000,62.000000
1184.108953,79.557292,65.000000,62.000000
1198.464949,74.281684,65.000000,62.000000
1212.820946,74.479167,65.000000,62.000000
1202.390203,79.754774,65.000000,62.000000
1197.174831,84.832899,65.000000,62.000000
1197.174831,95.186632,65.000000,62.000000
1191.959459,105.342882,65.000000,62.000000
1196.159206,115.499132,65.000000,62.000000
1197.174831,125.655382,65.000000,62.000000
1202.390203,130.536024,65.000000,62.000000
1191.959459,135.614149,65.000000,62.000000
1185.728463,140.692274,65.000000,62.000000
1184.850084,151.046007,65.000000,62.000000
1178.619088,155.926649,65.000000,62.000000
1167.309966,155.729167,65.000000,62.000000
1161.353463,155.729167,65.000000,62.000000
1155.259713,155.729167,65.000000,62.000000
1154.381334,150.453559,65.000000,62.000000
1153.365709,145.375434,65.000000,62.000000
1152.350084,161.399740,65.000000,62.000000
1161.765203,171.358507,65.000000,62.000000
1176.121199,170.963542,65.000000,62.000000
1191.355574,170.963542,65.000000,62.000000
1196.159206,181.514757,65.000000,62.000000
1197.174831,191.671007,65.000000,62.000000
1202.390203,196.551649,65.000000,62.000000
1207.605574,201.629774,65.000000,62.000000
1181.528716,211.983507,65.000000,62.000000
1175.572213,216.864149,65.000000,62.000000
1159.047720,216.666667,65.000000,62.000000
1153.228463,211.391059,65.000000,62.000000
1147.134713,211.588542,65.000000,62.000000
1146.256334,222.139757,65.000000,62.000000
1155.671453,227.020399,65.000000,62.000000
1149.165963,237.374132,65.000000,62.000000
1153.502956,242.254774,65.000000,62.000000
1157.565456,242.057292,65.000000,62.000000
1161.627956,242.057292,65.000000,62.000000
1160.475084,247.332899,65.000000,62.000000
1175.105574,252.411024,65.000000,62.000000
1185.124578,257.489149,65.000000,62.000000
1189.049831,257.291667,65.000000,62.000000
1203.543074,262.567274,65.000000,62.000000
1186.744088,267.645399,65.000000,62.000000
1191.081081,272.723524,65.000000,62.000000
1200.358953,272.526042,65.000000,62.000000
1207.605574,272.526042,65.000000,62.000000
1207.605574,283.077257,65.000000,62.000000
1197.174831,298.509115,65.000000,62.000000
1191.959459,297.916667,65.000000,62.000000
1180.513091,303.192274,65.000000,62.000000
1179.771959,318.821615,65.000000,62.000000
1189.187078,323.504774,65.000000,62.000000
1198.327703,328.582899,65.000000,62.000000
1197.174831,333.661024,65.000000,62.000000
1191.959459,333.463542,65.000000,62.000000
1196.159206,338.739149,65.000000,62.000000
1202.390203,338.541667,65.000000,62.000000
1202.390203,338.541667,65.000000,62.000000
1202.390203,349.092882,65.000000,62.000000
1197.174831,353.973524,65.000000,62.000000
1197.174831,343.224826,65.000000,62.000000
1197.174831,332.052951,65.000000,62.000000
1202.390203,320.881076,65.000000,62.000000
1197.174831,314.984809,65.000000,62.000000
1191.959459,309.906684,65.000000,62.000000
1196.159206,304.828559,65.000000,62.000000
1197.174831,305.026042,65.000000,62.000000
1191.959459,305.026042,65.000000,62.000000
1196.159206,299.750434,65.000000,62.000000
1191.959459,294.672309,65.000000,62.000000
1190.943834,289.594184,65.000000,62.000000
1189.928209,289.791667,65.000000,62.000000
1194.127956,284.516059,65.000000,62.000000
1191.959459,279.437934,65.000000,62.000000
1206.589949,274.359809,65.000000,62.000000
1186.744088,258.730469,65.000000,62.000000
1185.865709,253.031684,65.000000,62.000000
1174.419341,242.677951,65.000000,62.000000
1173.678209,236.781684,65.000000,62.000000
1167.447213,231.703559,65.000000,62.000000
1161.353463,231.901042,65.000000,62.000000
1160.475084,231.901042,65.000000,62.000000
1159.459459,231.901042,65.000000,62.000000
1153.228463,237.176649,65.000000,62.000000
1152.350084,242.254774,65.000000,62.000000
1161.765203,247.332899,65.000000,62.000000
1186.551943,247.135417,65.000000,62.000000
1196.296453,247.135417,65.000000,62.000000
1202.390203,247.135417,65.000000,62.000000
1202.390203,257.686632,65.000000,62.000000
1176.313345,257.291667,65.000000,62.000000
1180.924831,262.567274,65.000000,62.000000
1169.341216,267.645399,65.000000,62.000000
1163.384713,267.447917,65.000000,62.000000
1157.290963,262.172309,65.000000,62.000000
1145.981841,262.369792,65.000000,62.000000
1150.456081,262.369792,65.000000,62.000000
1159.733953,262.369792,65.000000,62.000000
1163.659206,257.094184,65.000000,62.000000
1172.937078,257.291667,65.000000,62.000000
1161.216216,252.016059,65.000000,62.000000
1155.259713,252.213542,65.000000,62.000000
1154.381334,252.213542,65.000000,62.000000
1148.150338,262.764757,65.000000,62.000000
1147.271959,272.921007,65.000000,62.000000
1146.256334,272.526042,65.000000,62.000000
1140.025338,277.801649,65.000000,62.000000
1139.146959,277.604167,65.000000,62.000000
1132.915963,277.604167,65.000000,62.000000
1126.822213,277.604167,65.000000,62.000000
1141.589949,288.155382,65.000000,62.000000
1141.178209,287.760417,65.000000,62.000000
1145.377956,293.036024,65.000000,62.000000
1139.009713,292.838542,65.000000,62.000000
1153.777449,298.114149,65.000000,62.000000
1163.796453,297.916667,65.000000,62.000000
1167.721706,303.192274,65.000000,62.000000
1176.999578,292.443576,65.000000,62.000000
1180.924831,291.822917,65.000000,62.000000
1190.202703,307.649740,65.000000,62.000000
1188.912584,317.608507,65.000000,62.000000
1198.327703,311.937934,65.000000,62.000000
1191.959459,322.686632,65.000000,62.000000
1201.374578,327.567274,65.000000,62.000000
1186.744088,327.369792,65.000000,62.000000
1191.081081,327.369792,65.000000,62.000000
1189.928209,327.369792,65.000000,62.000000
1188.912584,327.369792,65.000000,62.000000
1187.896959,327.369792,65.000000,62.000000
1181.665963,327.369792,65.000000,62.000000
1186.002956,332.645399,65.000000,62.000000
1190.065456,316.621094,65.000000,62.000000
1199.343328,310.922309,65.000000,62.000000
1186.744088,300.568576,65.000000,62.000000
1180.650338,294.672309,65.000000,62.000000
1179.771959,284.318576,65.000000,62.000000
1178.756334,283.697917,65.000000,62.000000
1172.525338,278.422309,65.000000,62.000000
1166.431588,278.619792,65.000000,62.000000
1165.553209,289.171007,65.000000,62.000000
1154.106841,272.949219,65.000000,62.000000
1153.365709,261.974826,65.000000,62.000000
1141.919341,261.354167,65.000000,62.000000
1156.824324,250.802951,65.000000,62.000000
1161.627956,244.906684,65.000000,62.000000
1165.690456,245.104167,65.000000,62.000000
1169.752956,245.104167,65.000000,62.000000
1173.815456,245.104167,65.000000,62.000000
1172.662584,250.379774,65.000000,62.000000
1166.431588,250.182292,65.000000,62.000000
1175.983953,255.457899,65.000000,62.000000
1179.909206,260.536024,65.000000,62.000000
1183.971706,265.614149,65.000000,62.000000
1188.034206,265.416667,65.000000,62.000000
1192.096706,265.416667,65.000000,62.000000
1196.159206,270.692274,65.000000,62.000000
1197.174831,281.046007,65.000000,62.000000
1197.174831,285.926649,65.000000,62.000000
1202.390203,285.729167,65.000000,62.000000
1202.390203,275.177951,65.000000,62.000000
1207.605574,274.557292,65.000000,62.000000
1202.390203,264.006076,65.000000,62.000000
1191.959459,263.385417,65.000000,62.000000
1206.589949,263.385417,65.000000,62.000000
1202.390203,268.661024,65.000000,62.000000
1191.959459,252.636719,65.000000,62.000000
1196.159206,246.937934,65.000000,62.000000
1202.390203,247.135417,65.000000,62.000000
1202.390203,247.135417,65.000000,62.000000
1202.390203,241.859809,65.000000,62.000000
1197.174831,242.057292,65.000000,62.000000
1202.390203,242.057292,65.000000,62.000000
1202.390203,231.506076,65.000000,62.000000
1197.174831,225.609809,65.000000,62.000000
1202.390203,225.807292,65.000000,62.000000
1202.390203,220.531684,65.000000,62.000000
1197.174831,220.729167,65.000000,62.000000
1197.174831,215.453559,65.000000,62.000000
1197.174831,210.375434,65.000000,62.000000
1197.174831,210.572917,65.000000,62.000000
1197.174831,205.297309,65.000000,62.000000
1186.744088,205.494792,65.000000,62.000000
1180.650338,200.219184,65.000000,62.000000
1174.556588,200.416667,65.000000,62.000000
1173.678209,205.692274,65.000000,62.000000
1172.662584,210.770399,65.000000,62.000000
1166.431588,210.572917,65.000000,62.000000
1160.337838,221.124132,65.000000,62.000000
1154.244088,220.729167,65.000000,62.000000
1153.365709,231.280382,65.000000,62.000000
1147.134713,236.161024,65.000000,62.000000
1141.040963,241.239149,65.000000,62.000000
1140.162584,246.317274,65.000000,62.000000
1133.931588,240.844184,65.000000,62.000000
1133.053209,235.766059,65.000000,62.000000
1126.822213,235.963542,65.000000,62.000000
1125.943834,230.687934,65.000000,62.000000
1119.712838,230.885417,65.000000,62.000000
1124.049831,220.334201,65.000000,62.000000
1133.327703,219.713542,65.000000,62.000000
1142.468328,219.713542,65.000000,62.000000
1141.178209,209.162326,65.000000,62.000000
1145.377956,203.266059,65.000000,62.000000
1149.440456,203.463542,65.000000,62.000000
1153.502956,203.463542,65.000000,62.000000
1152.350084,198.187934,65.000000,62.000000
1156.549831,198.385417,65.000000,62.000000
1160.612331,193.109809,65.000000,62.000000
1159.459459,188.031684,65.000000,62.000000
1158.443834,188.229167,65.000000,62.000000
1162.643581,182.953559,65.000000,62.000000
1166.706081,177.875434,65.000000,62.000000
1165.553209,172.797309,65.000000,62.000000
1169.752956,167.719184,65.000000,62.000000
1168.600084,162.641059,65.000000,62.000000
1167.584459,157.562934,65.000000,62.000000
1166.568834,157.760417,65.000000,62.000000
1170.768581,147.209201,65.000000,62.000000
1174.831081,146.588542,65.000000,62.000000
1163.247466,141.312934,65.000000,62.000000
1162.506334,136.234809,65.000000,62.000000
1166.706081,131.156684,65.000000,62.000000
1165.553209,126.078559,65.000000,62.000000
1174.968328,126.276042,65.000000,62.000000
1173.678209,115.724826,65.000000,62.000000
1172.662584,109.828559,65.000000,62.000000
1171.646959,99.474826,65.000000,62.000000
1170.631334,104.129774,65.000000,62.000000
1169.615709,119.759115,65.000000,62.000000
1163.384713,119.166667,65.000000,62.000000
1157.290963,113.891059,65.000000,62.000000
1151.197213,114.088542,65.000000,62.000000
1129.457348,103.537326,65.000000,62.000000
1128.990709,97.641059,65.000000,62.000000
1117.544341,92.562934,65.000000,62.000000
1111.587838,103.311632,65.000000,62.000000
1121.140203,81.814236,65.000000,62.000000
1109.419341,81.588542,65.000000,62.000000
1093.032095,86.864149,65.000000,62.000000
1081.997466,91.942274,65.000000,62.000000
1076.040963,102.296007,65.000000,62.000000
1069.947213,112.452257,65.000000,62.000000
1063.853463,112.057292,65.000000,62.000000
1062.975084,122.608507,65.000000,62.000000
1061.959459,132.764757,65.000000,62.000000
1066.159206,137.645399,65.000000,62.000000
1075.437078,142.723524,65.000000,62.000000
1079.362331,147.801649,65.000000,62.000000
1083.424831,152.879774,65.000000,62.000000
1087.487331,152.682292,65.000000,62.000000
1086.334459,157.957899,65.000000,62.000000
1090.534206,157.760417,65.000000,62.000000
1099.812078,157.760417,65.000000,62.000000
1103.737331,163.036024,65.000000,62.000000
1107.799831,162.838542,65.000000,62.000000
1117.077703,168.114149,65.000000,62.000000
1126.218328,167.916667,65.000000,62.000000
1130.143581,173.192274,65.000000,62.000000
1128.990709,178.270399,65.000000,62.000000
1133.190456,178.072917,65.000000,62.000000
1137.252956,178.072917,65.000000,62.000000
1141.315456,178.072917,65.000000,62.000000
1140.162584,183.348524,65.000000,62.000000
1144.362331,188.426649,65.000000,62.000000
1148.424831,188.229167,65.000000,62.000000
1147.271959,193.504774,65.000000,62.000000
1146.256334,198.582899,65.000000,62.000000
1145.240709,203.661024,65.000000,62.000000
1149.440456,203.463542,65.000000,62.000000
1153.502956,208.739149,65.000000,62.000000
1157.565456,208.541667,65.000000,62.000000
1161.627956,197.990451,65.000000,62.000000
1165.690456,186.818576,65.000000,62.000000
1180.183699,196.749132,65.000000,62.000000
1184.987331,201.629774,65.000000,62.000000
1194.265203,201.432292,65.000000,62.000000
1197.174831,211.983507,65.000000,62.000000
1191.959459,211.588542,65.000000,62.000000
1190.943834,216.864149,65.000000,62.000000
1189.928209,221.942274,65.000000,62.000000
1194.127956,221.744792,65.000000,62.000000
1202.390203,221.744792,65.000000,62.000000
1202.390203,216.469184,65.000000,62.000000
1207.605574,227.217882,65.000000,62.000000
1191.959459,237.374132,65.000000,62.000000
1190.943834,236.979167,65.000000,62.000000
1195.143581,242.254774,65.000000,62.000000
1202.390203,247.332899,65.000000,62.000000
1197.174831,262.962240,65.000000,62.000000
1191.959459,267.645399,65.000000,62.000000
1190.943834,272.723524,65.000000,62.000000
1200.358953,272.526042,65.000000,62.000000
1202.390203,272.526042,65.000000,62.000000
1197.174831,272.526042,65.000000,62.000000
1197.174831,272.526042,65.000000,62.000000
1202.390203,283.077257,65.000000,62.000000
1191.959459,293.233507,65.000000,62.000000
1201.374578,292.838542,65.000000,62.000000
1202.390203,298.114149,65.000000,62.000000
1191.959459,308.467882,65.000000,62.000000
1190.943834,308.072917,65.000000,62.000000
1189.928209,323.899740,65.000000,62.000000
1183.697213,333.858507,65.000000,62.000000
1182.818834,328.187934,65.000000,62.000000
1176.587838,333.661024,65.000000,62.000000
1180.924831,338.739149,65.000000,62.000000
1184.987331,338.541667,65.000000,62.000000
1194.265203,327.990451,65.000000,62.000000
1191.959459,327.369792,65.000000,62.000000
1201.374578,327.369792,65.000000,62.000000
1197.174831,327.369792,65.000000,62.000000
1207.605574,327.369792,65.000000,62.000000
1197.174831,332.645399,65.000000,62.000000
1207.605574,348.274740,65.000000,62.000000
1197.174831,352.957899,65.000000,62.000000
1197.174831,363.311632,65.000000,62.000000
1197.174831,368.192274,65.000000,62.000000
1186.744088,373.270399,65.000000,62.000000
1180.650338,378.348524,65.000000,62.000000
1184.987331,378.151042,65.000000,62.000000
1194.265203,383.426649,65.000000,62.000000
1191.959459,388.504774,65.000000,62.000000
1190.943834,393.582899,65.000000,62.000000
1189.928209,398.661024,65.000000,62.000000
1194.127956,403.739149,65.000000,62.000000
1197.174831,403.541667,65.000000,62.000000
1197.174831,408.817274,65.000000,62.000000
1191.959459,413.895399,65.000000,62.000000
1196.159206,418.973524,65.000000,62.000000
1197.174831,424.051649,65.000000,62.000000
1197.174831,429.129774,65.000000,62.000000
1191.959459,413.105469,65.000000,62.000000
1201.374578,402.131076,65.000000,62.000000
1191.959459,390.959201,65.000000,62.000000
1170.082348,385.062934,65.000000,62.000000
1169.615709,369.433594,65.000000,62.000000
1168.600084,363.734809,65.000000,62.000000
1178.015203,363.932292,65.000000,62.000000
1187.155828,353.381076,65.000000,62.000000
1180.650338,347.484809,65.000000,62.000000
1179.771959,337.131076,65.000000,62.000000
1178.756334,331.234809,65.000000,62.000000
1182.956081,331.432292,65.000000,62.000000
1187.018581,320.881076,65.000000,62.000000
1196.296453,320.260417,65.000000,62.000000
1197.174831,314.984809,65.000000,62.000000
1197.174831,309.906684,65.000000,62.000000
1197.174831,304.828559,65.000000,62.000000
1197.174831,299.750434,65.000000,62.000000
1202.390203,299.947917,65.000000,62.000000
1207.605574,299.947917,65.000000,62.000000
1207.605574,310.499132,65.000000,62.000000
1202.390203,304.828559,65.000000,62.000000
1191.959459,294.474826,65.000000,62.000000
1180.513091,278.027344,65.000000,62.000000
1184.987331,277.604167,65.000000,62.000000
1183.834459,272.328559,65.000000,62.000000
1188.034206,272.526042,65.000000,62.000000
1192.096706,272.526042,65.000000,62.000000
1196.159206,272.526042,65.000000,62.000000
1186.744088,261.974826,65.000000,62.000000
1185.865709,261.354167,65.000000,62.000000
1195.280828,261.354167,65.000000,62.000000
1207.605574,261.354167,65.000000,62.000000
1191.959459,256.078559,65.000000,62.000000
1196.159206,245.724826,65.000000,62.000000
1181.528716,245.104167,65.000000,62.000000
1186.002956,239.828559,65.000000,62.000000
1179.634713,234.750434,65.000000,62.000000
1178.756334,229.672309,65.000000,62.000000
1182.956081,224.594184,65.000000,62.000000
1187.018581,219.516059,65.000000,62.000000
1191.081081,219.713542,65.000000,62.000000
1189.928209,224.989149,65.000000,62.000000
1204.558699,214.240451,65.000000,62.000000
1202.390203,208.344184,65.000000,62.000000
1207.605574,208.541667,65.000000,62.000000
1207.605574,203.266059,65.000000,62.000000
1212.820946,203.463542,65.000000,62.000000
1181.528716,192.912326,65.000000,62.000000
1180.787584,187.016059,65.000000,62.000000
1179.771959,181.937934,65.000000,62.000000
1183.971706,176.859809,65.000000,62.000000
1182.818834,171.781684,65.000000,62.000000
1176.587838,171.979167,65.000000,62.000000
1170.494088,171.979167,65.000000,62.000000
1169.615709,166.703559,65.000000,62.000000
1163.384713,161.625434,65.000000,62.000000
1162.506334,156.547309,65.000000,62.000000
1161.490709,151.469184,65.000000,62.000000
1160.475084,146.391059,65.000000,62.000000
1175.105574,146.588542,65.000000,62.000000
1185.124578,146.588542,65.000000,62.000000
1189.049831,146.588542,65.000000,62.000000
1193.112331,146.588542,65.000000,62.000000
1191.959459,151.864149,65.000000,62.000000
1190.943834,141.115451,65.000000,62.000000
1189.928209,135.219184,65.000000,62.000000
1194.127956,124.865451,65.000000,62.000000
1191.959459,124.244792,65.000000,62.000000
1190.943834,108.417969,65.000000,62.000000
1195.143581,102.719184,65.000000,62.000000
1197.174831,97.641059,65.000000,62.000000
1191.959459,92.562934,65.000000,62.000000
1201.374578,87.484809,65.000000,62.000000
1191.959459,77.131076,65.000000,62.000000
1201.374578,76.510417,65.000000,62.000000
1197.174831,65.959201,65.000000,62.000000
1202.390203,65.338542,65.000000,62.000000
1186.744088,70.614149,65.000000,62.000000
1180.650338,70.416667,65.000000,62.000000
1169.341216,70.416667,65.000000,62.000000
1152.953970,70.416667,65.000000,62.000000
1141.919341,65.141059,65.000000,62.000000
1141.178209,75.889757,65.000000,62.000000
1134.947213,80.770399,65.000000,62.000000
1149.714949,85.848524,65.000000,62.000000
1159.733953,96.202257,65.000000,62.000000
1158.443834,101.082899,65.000000,62.000000
1157.428209,111.436632,65.000000,62.000000
1145.981841,116.317274,65.000000,62.000000
1140.025338,126.671007,65.000000,62.000000
1139.146959,126.276042,65.000000,62.000000
1138.131334,131.551649,65.000000,62.000000
1126.684966,136.629774,65.000000,62.000000
1115.513091,141.707899,65.000000,62.000000
1130.418074,146.786024,65.000000,62.000000
1135.221706,157.139757,65.000000,62.000000
1139.284206,156.744792,65.000000,62.000000
1138.131334,162.020399,65.000000,62.000000
1137.115709,167.098524,65.000000,62.000000
1136.100084,166.901042,65.000000,62.000000
1135.084459,161.625434,65.000000,62.000000
1134.068834,156.547309,65.000000,62.000000
1133.053209,156.744792,65.000000,62.000000
1126.822213,151.469184,65.000000,62.000000
1125.943834,167.493490,65.000000,62.000000
1130.143581,172.176649,65.000000,62.000000
1128.990709,171.979167,65.000000,62.000000
1133.190456,171.979167,65.000000,62.000000
1137.252956,182.530382,65.000000,62.000000
1136.100084,182.135417,65.000000,62.000000
1135.084459,187.411024,65.000000,62.000000
1134.068834,192.489149,65.000000,62.000000
1133.053209,197.567274,65.000000,62.000000
1132.037584,197.369792,65.000000,62.000000
1125.806588,197.369792,65.000000,62.000000
1119.712838,197.369792,65.000000,62.000000
1113.619088,197.369792,65.000000,62.000000
1112.740709,192.094184,65.000000,62.000000
1101.294341,197.567274,65.000000,62.000000
1100.553209,202.645399,65.000000,62.000000
1094.322213,202.447917,65.000000,62.000000
1093.443834,191.896701,65.000000,62.000000
1081.997466,201.827257,65.000000,62.000000
1081.256334,211.983507,65.000000,62.000000
1085.456081,211.588542,65.000000,62.000000
1094.733953,211.588542,65.000000,62.000000
1098.659206,227.415365,65.000000,62.000000
1107.937078,221.547309,65.000000,62.000000
1117.077703,221.744792,65.000000,62.000000
1110.572213,221.744792,65.000000,62.000000
1130.555321,227.020399,65.000000,62.000000
1140.437078,226.822917,65.000000,62.000000
1149.577703,226.822917,65.000000,62.000000
1148.287584,226.822917,65.000000,62.000000
1147.271959,232.098524,65.000000,62.000000
1135.825591,237.176649,65.000000,62.000000
1145.515203,242.254774,65.000000,62.000000
1149.440456,247.332899,65.000000,62.000000
1153.502956,257.686632,65.000000,62.000000
1157.565456,262.567274,65.000000,62.000000
1161.627956,262.369792,65.000000,62.000000
1170.905828,257.094184,65.000000,62.000000
1180.046453,252.016059,65.000000,62.000000
1183.971706,252.213542,65.000000,62.000000
1188.034206,252.213542,65.000000,62.000000
1197.312078,241.662326,65.000000,62.000000
1197.174831,230.490451,65.000000,62.000000
1197.174831,224.594184,65.000000,62.000000
1191.959459,219.516059,65.000000,62.000000
1185.728463,209.162326,65.000000,62.000000
1190.065456,197.990451,65.000000,62.000000
1194.127956,197.369792,65.000000,62.000000
1191.959459,186.818576,65.000000,62.000000
1180.513091,175.646701,65.000000,62.000000
1179.771959,169.750434,65.000000,62.000000
1183.971706,164.672309,65.000000,62.000000
1188.034206,154.318576,65.000000,62.000000
1192.096706,153.697917,65.000000,62.000000
1196.159206,153.697917,65.000000,62.000000
1197.174831,148.422309,65.000000,62.000000
1197.174831,148.619792,65.000000,62.000000
1197.174831,143.344184,65.000000,62.000000
1202.390203,148.817274,65.000000,62.000000
1207.605574,148.619792,65.000000,62.000000
1207.605574,143.344184,65.000000,62.000000
1176.313345,143.541667,65.000000,62.000000
1175.709459,138.266059,65.000000,62.000000
1169.478463,133.187934,65.000000,62.000000
1163.384713,133.385417,65.000000,62.000000
1162.506334,138.661024,65.000000,62.000000
1161.490709,133.187934,65.000000,62.000000
1155.259713,128.109809,65.000000,62.000000
1154.381334,128.307292,65.000000,62.000000
1158.581081,117.756076,65.000000,62.000000
1162.643581,117.135417,65.000000,62.000000
1166.706081,111.859809,65.000000,62.000000
1170.768581,112.057292,65.000000,62.000000
1174.831081,106.781684,65.000000,62.000000
1173.678209,96.427951,65.000000,62.000000
1167.447213,95.807292,65.000000,62.000000
1150.922720,95.807292,65.000000,62.000000
1145.103463,95.807292,65.000000,62.000000
1144.225084,101.082899,65.000000,62.000000
1137.994088,100.885417,65.000000,62.000000
1137.115709,106.161024,65.000000,62.000000
1130.884713,111.239149,65.000000,62.000000
1130.006334,121.592882,65.000000,62.000000
1123.775338,121.197917,65.000000,62.000000
1122.896959,126.473524,65.000000,62.000000
1121.881334,131.551649,65.000000,62.000000
1120.865709,136.629774,65.000000,62.000000
1114.634713,146.983507,65.000000,62.000000
1098.110220,136.037326,65.000000,62.000000
1107.937078,124.865451,65.000000,62.000000
1111.862331,134.796007,65.000000,62.000000
1121.140203,155.503472,65.000000,62.000000
1119.850084,161.004774,65.000000,62.000000
1129.265203,166.082899,65.000000,62.000000
1133.190456,160.609809,65.000000,62.000000
1147.683699,171.358507,65.000000,62.000000
1147.271959,176.239149,65.000000,62.000000
1141.040963,176.041667,65.000000,62.000000
1145.377956,186.592882,65.000000,62.000000
1154.655828,186.197917,65.000000,62.000000
1158.581081,186.197917,65.000000,62.000000
1157.428209,180.922309,65.000000,62.000000
1161.627956,175.844184,65.000000,62.000000
1155.259713,170.766059,65.000000,62.000000
1164.812078,165.687934,65.000000,62.000000
1163.521959,171.161024,65.000000,62.000000
1167.721706,186.790365,65.000000,62.000000
1182.214949,180.922309,65.000000,62.000000
1187.018581,186.395399,65.000000,62.000000
1191.081081,186.197917,65.000000,62.000000
1195.143581,186.197917,65.000000,62.000000
1197.174831,186.197917,65.000000,62.000000
1202.390203,186.197917,65.000000,62.000000
1207.605574,186.197917,65.000000,62.000000
1207.605574,180.922309,65.000000,62.000000
1207.605574,175.844184,65.000000,62.000000
1197.174831,160.214844,65.000000,62.000000
1197.174831,149.240451,65.000000,62.000000
1202.390203,143.344184,65.000000,62.000000
1191.959459,138.266059,65.000000,62.000000
1185.728463,133.187934,65.000000,62.000000
1179.634713,138.661024,65.000000,62.000000
1183.971706,133.187934,65.000000,62.000000
1177.603463,128.109809,65.000000,62.000000
1181.940456,112.480469,65.000000,62.000000
1191.218328,106.781684,65.000000,62.000000
1189.928209,101.703559,65.000000,62.000000
1194.127956,96.625434,65.000000,62.000000
1197.174831,102.098524,65.000000,62.000000
1202.390203,101.901042,65.000000,62.000000
1202.390203,91.349826,65.000000,62.000000
1197.174831,80.177951,65.000000,62.000000
1191.959459,79.557292,65.000000,62.000000
1196.159206,74.281684,65.000000,62.000000
1191.959459,69.203559,65.000000,62.000000
1196.159206,58.849826,65.000000,62.000000
1197.174831,52.953559,65.000000,62.000000
1202.390203,47.875434,65.000000,62.000000
1186.744088,42.797309,65.000000,62.000000
1175.434966,42.994792,65.000000,62.000000
1179.909206,58.821615,65.000000,62.000000
1173.540963,63.504774,65.000000,62.000000
1172.662584,68.582899,65.000000,62.000000
1166.431588,78.936632,65.000000,62.000000
1160.337838,78.541667,65.000000,62.000000
1159.459459,73.266059,65.000000,62.000000
1163.659206,78.739149,65.000000,62.000000
1172.937078,89.092882,65.000000,62.000000
1166.431588,99.249132,65.000000,62.000000
1160.337838,98.854167,65.000000,62.000000
1159.459459,104.129774,65.000000,62.000000
1158.443834,114.483507,65.000000,62.000000
1152.212838,108.812934,65.000000,62.000000
1156.549831,114.286024,65.000000,62.000000
1155.396959,114.088542,65.000000,62.000000
1143.950591,114.088542,65.000000,62.000000
1143.209459,119.364149,65.000000,62.000000
1136.978463,119.166667,65.000000,62.000000
1136.100084,113.891059,65.000000,62.000000
1129.869088,108.812934,65.000000,62.000000
1123.775338,114.286024,65.000000,62.000000
1122.896959,119.364149,65.000000,62.000000
1121.881334,124.442274,65.000000,62.000000
1115.650338,124.244792,65.000000,62.000000
1114.771959,118.969184,65.000000,62.000000
1113.756334,124.442274,65.000000,62.000000
1112.740709,129.520399,65.000000,62.000000
1106.509713,134.598524,65.000000,62.000000
1105.631334,123.849826,65.000000,62.000000
1094.184966,133.780382,65.000000,62.000000
1098.659206,149.212240,65.000000,62.000000
1102.721706,148.619792,65.000000,62.000000
1106.784206,148.619792,65.000000,62.000000
1110.846706,153.895399,65.000000,62.000000
1125.339949,153.697917,65.000000,62.000000
1135.358953,153.697917,65.000000,62.000000
1139.284206,153.697917,65.000000,62.000000
1138.131334,148.422309,65.000000,62.000000
1131.900338,153.895399,65.000000,62.000000
1136.237331,158.973524,65.000000,62.000000
1140.299831,169.327257,65.000000,62.000000
1139.146959,174.207899,65.000000,62.000000
1138.131334,174.010417,65.000000,62.000000
1137.115709,179.286024,65.000000,62.000000
1141.315456,184.364149,65.000000,62.000000
1140.162584,189.442274,65.000000,62.000000
1139.146959,194.520399,65.000000,62.000000
1143.346706,199.598524,65.000000,62.000000
1142.193834,204.676649,65.000000,62.000000
1146.393581,204.479167,65.000000,62.000000
1145.240709,209.754774,65.000000,62.000000
1133.794341,209.557292,65.000000,62.000000
1133.053209,209.557292,65.000000,62.000000
1132.037584,209.557292,65.000000,62.000000
1136.237331,214.832899,65.000000,62.000000
1135.084459,219.911024,65.000000,62.000000
1139.284206,219.713542,65.000000,62.000000
1143.346706,219.713542,65.000000,62.000000
1147.409206,224.989149,65.000000,62.000000
1146.256334,230.067274,65.000000,62.000000
1150.456081,229.869792,65.000000,62.000000
1170.164696,235.145399,65.000000,62.000000
1174.831081,234.947917,65.000000,62.000000
1178.893581,234.947917,65.000000,62.000000
1188.171453,224.396701,65.000000,62.000000
1186.881334,223.776042,65.000000,62.000000
1191.081081,223.776042,65.000000,62.000000
1195.143581,223.776042,65.000000,62.000000
1202.390203,223.776042,65.000000,62.000000
1202.390203,223.776042,65.000000,62.000000
1197.174831,234.327257,65.000000,62.000000
1202.390203,233.932292,65.000000,62.000000
1207.605574,233.932292,65.000000,62.000000
1207.605574,233.932292,65.000000,62.000000
1176.313345,233.932292,65.000000,62.000000
1180.924831,249.759115,65.000000,62.000000
1195.418074,254.442274,65.000000,62.000000
1197.174831,259.520399,65.000000,62.000000
1191.959459,259.322917,65.000000,62.000000
1185.728463,259.322917,65.000000,62.000000
1184.850084,269.874132,65.000000,62.000000
1204.695946,269.479167,65.000000,62.000000
1202.390203,264.203559,65.000000,62.000000
1212.820946,264.401042,65.000000,62.000000
1212.820946,248.574219,65.000000,62.000000
1212.820946,242.875434,65.000000,62.000000
1218.036318,253.624132,65.000000,62.000000
1171.097973,258.504774,65.000000,62.000000
1170.631334,268.858507,65.000000,62.000000
1164.400338,268.463542,65.000000,62.000000
1158.306588,284.290365,65.000000,62.000000
1162.643581,288.973524,65.000000,62.000000
1156.275338,294.051649,65.000000,62.000000
1160.612331,293.854167,65.000000,62.000000
1159.459459,293.854167,65.000000,62.000000
1163.659206,304.405382,65.000000,62.000000
1167.721706,309.286024,65.000000,62.000000
1171.784206,309.088542,65.000000,62.000000
1175.846706,319.639757,65.000000,62.000000
1179.909206,319.244792,65.000000,62.000000
1189.187078,313.969184,65.000000,62.000000
1198.327703,314.166667,65.000000,62.000000
1197.174831,314.166667,65.000000,62.000000
1197.174831,314.166667,65.000000,62.000000
1191.959459,314.166667,65.000000,62.000000
1196.159206,314.166667,65.000000,62.000000
1191.959459,314.166667,65.000000,62.000000
1180.513091,319.442274,65.000000,62.000000
1174.556588,335.071615,65.000000,62.000000
1178.893581,339.754774,65.000000,62.000000
1177.740709,339.557292,65.000000,62.000000
1192.371199,339.557292,65.000000,62.000000
1186.744088,339.557292,65.000000,62.000000
1201.511824,344.832899,65.000000,62.000000
1197.174831,360.462240,65.000000,62.000000
1191.959459,365.145399,65.000000,62.000000
1190.943834,370.223524,65.000000,62.000000
1200.358953,370.026042,65.000000,62.000000
1191.959459,370.026042,65.000000,62.000000
1185.728463,375.301649,65.000000,62.000000
1190.065456,380.379774,65.000000,62.000000
1194.127956,385.457899,65.000000,62.000000
1197.174831,390.536024,65.000000,62.000000
1186.744088,395.614149,65.000000,62.000000
1170.219595,400.692274,65.000000,62.000000
1169.615709,400.494792,65.000000,62.000000
1163.384713,400.494792,65.000000,62.000000
1162.506334,400.494792,65.000000,62.000000
1166.706081,411.046007,65.000000,62.000000
1165.553209,415.926649,65.000000,62.000000
1174.968328,415.729167,65.000000,62.000000
1178.893581,415.729167,65.000000,62.000000
1182.956081,415.729167,65.000000,62.000000
1187.018581,415.729167,65.000000,62.000000
1191.081081,410.453559,65.000000,62.000000
1195.143581,410.651042,65.000000,62.000000
1202.390203,410.651042,65.000000,62.000000
1181.528716,410.651042,65.000000,62.000000
1180.787584,405.375434,65.000000,62.000000
1179.771959,400.297309,65.000000,62.000000
1189.187078,405.770399,65.000000,62.000000
1198.327703,405.572917,65.000000,62.000000
1202.390203,410.848524,65.000000,62.000000
1202.390203,415.926649,65.000000,62.000000
1197.174831,415.729167,65.000000,62.000000
1191.959459,421.004774,65.000000,62.000000
1196.159206,420.807292,65.000000,62.000000
1186.744088,420.807292,65.000000,62.000000
1180.650338,415.531684,65.000000,62.000000
1169.341216,415.729167,65.000000,62.000000
1168.600084,410.453559,65.000000,62.000000
1162.369088,410.651042,65.000000,62.000000
1161.490709,405.375434,65.000000,62.000000
1160.475084,400.297309,65.000000,62.000000
1169.890203,400.494792,65.000000,62.000000
1163.384713,395.219184,65.000000,62.000000
1172.937078,395.416667,65.000000,62.000000
1166.431588,384.865451,65.000000,62.000000
1160.337838,378.969184,65.000000,62.000000
1149.028716,373.891059,65.000000,62.000000
1148.287584,368.812934,65.000000,62.000000
1142.056588,369.010417,65.000000,62.000000
1141.178209,369.010417,65.000000,62.000000
1140.162584,369.010417,65.000000,62.000000
1133.931588,369.010417,65.000000,62.000000
1133.053209,374.286024,65.000000,62.000000
1132.037584,374.088542,65.000000,62.000000
1131.021959,374.088542,65.000000,62.000000
1130.006334,374.088542,65.000000,62.000000
1128.990709,368.812934,65.000000,62.000000
1122.759713,369.010417,65.000000,62.000000
1121.881334,374.286024,65.000000,62.000000
1120.865709,379.364149,65.000000,62.000000
1119.850084,379.166667,65.000000,62.000000
1113.619088,379.166667,65.000000,62.000000
1117.956081,384.442274,65.000000,62.000000
1111.587838,384.244792,65.000000,62.000000
1105.494088,384.244792,65.000000,62.000000
1099.400338,389.520399,65.000000,62.000000
1103.737331,389.322917,65.000000,62.000000
1102.584459,394.598524,65.000000,62.000000
1101.568834,404.952257,65.000000,62.000000
1095.337838,404.557292,65.000000,62.000000
1094.459459,415.108507,65.000000,62.000000
1093.443834,419.989149,65.000000,62.000000
1092.428209,425.067274,65.000000,62.000000
1091.412584,419.594184,65.000000,62.000000
1079.966216,419.791667,65.000000,62.000000
1074.009713,414.516059,65.000000,62.000000
1073.131334,409.437934,65.000000,62.000000
1077.331081,404.359809,65.000000,62.000000
1081.393581,399.281684,65.000000,62.000000
1085.456081,378.376736,65.000000,62.000000
1084.303209,372.875434,65.000000,62.000000
1083.287584,383.624132,65.000000,62.000000
1077.056588,388.504774,65.000000,62.000000
1081.393581,398.858507,65.000000,62.000000
1080.240709,403.739149,65.000000,62.000000
1079.225084,408.817274,65.000000,62.000000
1078.209459,403.344184,65.000000,62.000000
1077.193834,408.817274,65.000000,62.000000
1070.962838,413.895399,65.000000,62.000000
1070.084459,413.697917,65.000000,62.000000
1069.068834,418.973524,65.000000,62.000000
1068.053209,424.051649,65.000000,62.000000
1072.252956,429.129774,65.000000,62.000000
1071.100084,434.207899,65.000000,62.000000
1070.084459,444.561632,65.000000,62.000000
1069.068834,433.615451,65.000000,62.000000
1062.837838,432.994792,65.000000,62.000000
1061.959459,438.270399,65.000000,62.000000
1055.728463,443.348524,65.000000,62.000000
1054.850084,432.599826,65.000000,62.000000
1053.834459,442.530382,65.000000,62.000000
1042.388091,436.859809,65.000000,62.000000
1052.077703,431.781684,65.000000,62.000000
1040.356841,437.254774,65.000000,62.000000
1029.184966,442.332899,65.000000,62.000000
1018.013091,447.411024,65.000000,62.000000
1017.271959,452.489149,65.000000,62.000000
1011.040963,457.567274,65.000000,62.000000
1010.162584,462.645399,65.000000,62.000000
1003.931588,467.723524,65.000000,62.000000
1003.053209,472.801649,65.000000,62.000000
1002.037584,477.879774,65.000000,62.000000
1001.021959,482.957899,65.000000,62.000000
1000.006334,488.036024,65.000000,62.000000
1009.421453,482.562934,65.000000,62.000000
1008.131334,488.036024,65.000000,62.000000
1001.900338,493.114149,65.000000,62.000000
1001.021959,498.192274,65.000000,62.000000
1000.006334,503.270399,65.000000,62.000000
1014.636824,492.521701,65.000000,62.000000
1014.225084,481.349826,65.000000,62.000000
1013.209459,475.453559,65.000000,62.000000
1027.839949,470.375434,65.000000,62.000000
1037.858953,465.297309,65.000000,62.000000
1046.999578,454.943576,65.000000,62.000000
1050.924831,449.047309,65.000000,62.000000
1054.987331,443.969184,65.000000,62.000000
1059.049831,438.891059,65.000000,62.000000
1052.681588,444.364149,65.000000,62.000000
1057.018581,438.891059,65.000000,62.000000
1066.296453,449.639757,65.000000,62.000000
1065.006334,443.969184,65.000000,62.000000
1063.990709,444.166667,65.000000,62.000000
1062.975084,449.442274,65.000000,62.000000
1056.744088,443.969184,65.000000,62.000000
1050.650338,449.442274,65.000000,62.000000
1044.556588,454.520399,65.000000,62.000000
1038.462838,449.047309,65.000000,62.000000
1037.584459,443.969184,65.000000,62.000000
1036.568834,438.891059,65.000000,62.000000
1030.337838,444.364149,65.000000,62.000000
1034.674831,438.891059,65.000000,62.000000
1033.521959,428.537326,65.000000,62.000000
1037.721706,422.641059,65.000000,62.000000
1041.784206,428.114149,65.000000,62.000000
1035.415963,406.814236,65.000000,62.000000
1034.537584,401.312934,65.000000,62.000000
1028.306588,396.234809,65.000000,62.000000
1027.428209,385.881076,65.000000,62.000000
1031.627956,379.984809,65.000000,62.000000
1030.475084,374.906684,65.000000,62.000000
1024.244088,364.552951,65.000000,62.000000
1012.934966,369.207899,65.000000,62.000000
1012.193834,347.907986,65.000000,62.000000
1016.393581,337.131076,65.000000,62.000000
1020.456081,336.510417,65.000000,62.000000
1024.518581,336.510417,65.000000,62.000000
1028.581081,336.510417,65.000000,62.000000
1032.643581,336.510417,65.000000,62.000000
1036.706081,331.234809,65.000000,62.000000
1040.768581,331.432292,65.000000,62.000000
1039.615709,326.156684,65.000000,62.000000
1043.815456,331.629774,65.000000,62.000000
1053.093328,336.707899,65.000000,62.000000
1057.018581,341.786024,65.000000,62.000000
1061.081081,341.588542,65.000000,62.000000
1091.220439,341.588542,65.000000,62.000000
1095.612331,336.312934,65.000000,62.000000
1099.674831,341.786024,65.000000,62.000000
1098.521959,336.312934,65.000000,62.000000
1097.506334,336.510417,65.000000,62.000000
1096.490709,325.959201,65.000000,62.000000
1095.475084,320.062934,65.000000,62.000000
1099.674831,320.260417,65.000000,62.000000
1098.521959,320.260417,65.000000,62.000000
1097.506334,314.984809,65.000000,62.000000
1096.490709,315.182292,65.000000,62.000000
1095.475084,309.906684,65.000000,62.000000
1099.674831,310.104167,65.000000,62.000000
1103.737331,310.104167,65.000000,62.000000
1107.799831,310.104167,65.000000,62.000000
1117.077703,310.104167,65.000000,62.000000
1121.002956,310.104167,65.000000,62.000000
1125.065456,310.104167,65.000000,62.000000
1129.127956,310.104167,65.000000,62.000000
1133.190456,310.104167,65.000000,62.000000
1137.252956,304.828559,65.000000,62.000000
1141.315456,305.026042,65.000000,62.000000
1145.377956,305.026042,65.000000,62.000000
1149.440456,305.026042,65.000000,62.000000
1153.502956,305.026042,65.000000,62.000000
1157.565456,305.026042,65.000000,62.000000
1161.627956,305.026042,65.000000,62.000000
1165.690456,305.026042,65.000000,62.000000
1169.752956,305.026042,65.000000,62.000000
1173.815456,305.026042,65.000000,62.000000
1177.877956,305.026042,65.000000,62.000000
1181.940456,299.750434,65.000000,62.000000
1186.002956,299.947917,65.000000,62.000000
1190.065456,299.947917,65.000000,62.000000
1194.127956,299.947917,65.000000,62.000000
1197.174831,299.947917,65.000000,62.000000
1191.959459,294.672309,65.000000,62.000000
1196.159206,294.869792,65.000000,62.000000
1191.959459,289.594184,65.000000,62.000000
1196.159206,289.791667,65.000000,62.000000
1197.174831,284.516059,65.000000,62.000000
1191.959459,279.437934,65.000000,62.000000
1190.943834,279.635417,65.000000,62.000000
1195.143581,274.359809,65.000000,62.000000
1197.174831,274.557292,65.000000,62.000000
1191.959459,274.557292,65.000000,62.000000
1201.374578,274.557292,65.000000,62.000000
1191.959459,269.281684,65.000000,62.000000
1190.943834,264.203559,65.000000,62.000000
1195.143581,264.401042,65.000000,62.000000
1197.174831,264.401042,65.000000,62.000000
1202.390203,264.401042,65.000000,62.000000
1186.744088,264.401042,65.000000,62.000000
1185.865709,259.125434,65.000000,62.000000
1184.850084,259.322917,65.000000,62.000000
1189.049831,259.322917,65.000000,62.000000
1193.112331,259.322917,65.000000,62.000000
1202.390203,259.322917,65.000000,62.000000
1197.174831,254.047309,65.000000,62.000000
1186.744088,254.244792,65.000000,62.000000
1180.650338,248.969184,65.000000,62.000000
1179.771959,249.166667,65.000000,62.000000
1183.971706,249.166667,65.000000,62.000000
1188.034206,249.166667,65.000000,62.000000
1197.312078,249.166667,65.000000,62.000000
1202.390203,249.166667,65.000000,62.000000
1186.744088,249.166667,65.000000,62.000000
1180.650338,249.166667,65.000000,62.000000
1174.556588,249.166667,65.000000,62.000000
1173.678209,249.166667,65.000000,62.000000
1162.231841,254.442274,65.000000,62.000000
1156.275338,254.244792,65.000000,62.000000
1150.181588,254.244792,65.000000,62.000000
1149.303209,259.520399,65.000000,62.000000
1143.072213,259.322917,65.000000,62.000000
1142.193834,269.874132,65.000000,62.000000
1146.393581,269.479167,65.000000,62.000000
1150.456081,269.479167,65.000000,62.000000
1154.518581,269.479167,65.000000,62.000000
1148.150338,269.479167,65.000000,62.000000
1147.271959,274.754774,65.000000,62.000000
1151.471706,274.557292,65.000000,62.000000
1155.534206,279.832899,65.000000,62.000000
1159.596706,284.911024,65.000000,62.000000
1168.874578,284.713542,65.000000,62.000000
1167.584459,289.989149,65.000000,62.000000
1161.353463,284.516059,65.000000,62.000000
1144.828970,279.437934,65.000000,62.000000
1139.009713,274.359809,65.000000,62.000000
1143.346706,274.557292,65.000000,62.000000
1147.409206,279.832899,65.000000,62.000000
1141.040963,279.635417,65.000000,62.000000
1145.377956,284.911024,65.000000,62.000000
1133.794341,284.713542,65.000000,62.000000
1127.837838,284.713542,65.000000,62.000000
1126.959459,284.713542,65.000000,62.000000
1131.159206,289.989149,65.000000,62.000000
1124.790963,289.791667,65.000000,62.000000
1118.697213,289.791667,65.000000,62.000000
1123.034206,289.791667,65.000000,62.000000
1116.665963,284.516059,65.000000,62.000000
1121.002956,279.437934,65.000000,62.000000
1125.065456,279.635417,65.000000,62.000000
1123.912584,279.635417,65.000000,62.000000
1122.896959,274.359809,65.000000,62.000000
1121.881334,274.557292,65.000000,62.000000
1115.650338,274.557292,65.000000,62.000000
1109.556588,274.557292,65.000000,62.000000
1108.678209,264.006076,65.000000,62.000000
1107.662584,258.109809,65.000000,62.000000
1106.646959,258.307292,65.000000,62.000000
1110.846706,258.307292,65.000000,62.000000
1109.693834,253.031684,65.000000,62.000000
1103.462838,258.504774,65.000000,62.000000
1123.445946,247.756076,65.000000,62.000000
1112.466216,231.308594,65.000000,62.000000
1116.940456,225.609809,65.000000,62.000000
1121.002956,225.807292,65.000000,62.000000
1125.065456,225.807292,65.000000,62.000000
1129.127956,225.807292,65.000000,62.000000
1127.975084,231.082899,65.000000,62.000000
1132.174831,230.885417,65.000000,62.000000
1136.237331,230.885417,65.000000,62.000000
1140.299831,225.609809,65.000000,62.000000
1139.146959,231.082899,65.000000,62.000000
1143.346706,230.885417,65.000000,62.000000
1142.193834,230.885417,65.000000,62.000000
1151.608953,230.885417,65.000000,62.000000
1150.318834,225.609809,65.000000,62.000000
1154.518581,220.531684,65.000000,62.000000
1153.365709,220.729167,65.000000,62.000000
1157.565456,220.729167,65.000000,62.000000
1156.412584,215.453559,65.000000,62.000000
1150.181588,215.651042,65.000000,62.000000
1149.303209,205.099826,65.000000,62.000000
1148.287584,204.479167,65.000000,62.000000
1136.841216,204.479167,65.000000,62.000000
1136.100084,193.927951,65.000000,62.000000
1135.084459,188.031684,65.000000,62.000000
1134.068834,182.953559,65.000000,62.000000
1143.483953,177.875434,65.000000,62.000000
1136.978463,178.072917,65.000000,62.000000
1136.100084,172.797309,65.000000,62.000000
1145.515203,172.994792,65.000000,62.000000
1144.225084,172.994792,65.000000,62.000000
1143.209459,178.270399,65.000000,62.000000
1136.978463,183.348524,65.000000,62.000000
1136.100084,188.426649,65.000000,62.000000
1145.515203,193.504774,65.000000,62.000000
1139.009713,203.858507,65.000000,62.000000
1143.346706,208.739149,65.000000,62.000000
1147.409206,213.817274,65.000000,62.000000
1151.471706,224.171007,65.000000,62.000000
1155.534206,229.051649,65.000000,62.000000
1159.596706,239.405382,65.000000,62.000000
1158.443834,239.010417,65.000000,62.000000
1146.997466,239.010417,65.000000,62.000000
1141.040963,233.734809,65.000000,62.000000
1140.162584,233.932292,65.000000,62.000000
1133.931588,228.656684,65.000000,62.000000
1133.053209,228.854167,65.000000,62.000000
1137.252956,228.854167,65.000000,62.000000
1141.315456,228.854167,65.000000,62.000000
1140.162584,228.854167,65.000000,62.000000
1139.146959,234.129774,65.000000,62.000000
1143.346706,239.207899,65.000000,62.000000
1147.409206,239.010417,65.000000,62.000000
1151.471706,217.907986,65.000000,62.000000
1150.318834,212.406684,65.000000,62.000000
1149.303209,207.328559,65.000000,62.000000
1153.502956,196.974826,65.000000,62.000000
1147.134713,191.078559,65.000000,62.000000
1156.687078,186.000434,65.000000,62.000000
1165.827703,186.197917,65.000000,62.000000
1169.752956,186.197917,65.000000,62.000000
1179.030828,196.749132,65.000000,62.000000
1182.956081,196.354167,65.000000,62.000000
1192.233953,196.354167,65.000000,62.000000
1201.374578,201.629774,65.000000,62.000000
1197.174831,206.707899,65.000000,62.000000
1202.390203,206.510417,65.000000,62.000000
1202.390203,211.786024,65.000000,62.000000
1207.605574,206.312934,65.000000,62.000000
1207.605574,217.061632,65.000000,62.000000
1212.820946,206.115451,65.000000,62.000000
1212.820946,194.943576,65.000000,62.000000
1218.036318,194.322917,65.000000,62.000000
1223.251689,194.322917,65.000000,62.000000
1191.959459,215.425347,65.000000,62.000000
1185.728463,231.477865,65.000000,62.000000
1190.065456,230.885417,65.000000,62.000000
1194.127956,236.161024,65.000000,62.000000
1202.390203,235.963542,65.000000,62.000000
1197.174831,241.239149,65.000000,62.000000
1197.174831,246.317274,65.000000,62.000000
1202.390203,246.119792,65.000000,62.000000
1202.390203,251.395399,65.000000,62.000000
1197.174831,256.473524,65.000000,62.000000
1186.744088,256.276042,65.000000,62.000000
1185.865709,266.827257,65.000000,62.000000
1190.065456,266.432292,65.000000,62.000000
1188.912584,266.432292,65.000000,62.000000
1193.112331,266.432292,65.000000,62.000000
1202.390203,266.432292,65.000000,62.000000
1197.174831,266.432292,65.000000,62.000000
1197.174831,271.707899,65.000000,62.000000
1191.959459,276.786024,65.000000,62.000000
1201.374578,276.588542,65.000000,62.000000
1207.605574,276.588542,65.000000,62.000000
1202.390203,266.037326,65.000000,62.000000
1202.390203,254.865451,65.000000,62.000000
1202.390203,243.693576,65.000000,62.000000
1207.605574,243.072917,65.000000,62.000000
1207.605574,243.072917,65.000000,62.000000
1202.390203,237.797309,65.000000,62.000000
1202.390203,237.994792,65.000000,62.000000
1197.174831,243.270399,65.000000,62.000000
1197.174831,243.072917,65.000000,62.000000
1191.959459,248.348524,65.000000,62.000000
1201.374578,248.151042,65.000000,62.000000
1191.959459,253.426649,65.000000,62.000000
1196.159206,247.953559,65.000000,62.000000
1197.174831,242.875434,65.000000,62.000000
1197.174831,243.072917,65.000000,62.000000
1191.959459,237.797309,65.000000,62.000000
1190.943834,232.719184,65.000000,62.000000
1195.143581,222.365451,65.000000,62.000000
1197.174831,221.744792,65.000000,62.000000
1202.390203,216.469184,65.000000,62.000000
1197.174831,206.115451,65.000000,62.000000
1202.390203,205.494792,65.000000,62.000000
1191.959459,200.219184,65.000000,62.000000
1201.374578,200.416667,65.000000,62.000000
1207.605574,210.967882,65.000000,62.000000
1197.174831,194.746094,65.000000,62.000000
1212.820946,199.598524,65.000000,62.000000
1186.744088,183.574219,65.000000,62.000000
1175.434966,183.151042,65.000000,62.000000
1164.263091,183.151042,65.000000,62.000000
1147.875845,188.426649,65.000000,62.000000
1147.271959,193.504774,65.000000,62.000000
1146.256334,198.582899,65.000000,62.000000
1145.240709,203.661024,65.000000,62.000000
1149.440456,203.463542,65.000000,62.000000
1143.072213,203.463542,65.000000,62.000000
1152.624578,208.739149,65.000000,62.000000
1151.334459,208.541667,65.000000,62.000000
1150.318834,203.266059,65.000000,62.000000
1149.303209,203.463542,65.000000,62.000000
1163.933699,214.014757,65.000000,62.000000
1163.521959,203.068576,65.000000,62.000000
1146.860220,202.447917,65.000000,62.000000
1151.471706,202.447917,65.000000,62.000000
1171.180321,186.621094,65.000000,62.000000
1170.631334,180.922309,65.000000,62.000000
1159.184966,165.292969,65.000000,62.000000
1153.228463,159.594184,65.000000,62.000000
1157.565456,149.240451,65.000000,62.000000
1156.412584,143.344184,65.000000,62.000000
1144.966216,143.541667,65.000000,62.000000
1133.794341,138.266059,65.000000,62.000000
1133.053209,138.463542,65.000000,62.000000
1132.037584,133.187934,65.000000,62.000000
1131.021959,133.385417,65.000000,62.000000
1130.006334,133.385417,65.000000,62.000000
1128.990709,133.385417,65.000000,62.000000
1127.975084,133.385417,65.000000,62.000000
1126.959459,138.661024,65.000000,62.000000
1125.943834,143.739149,65.000000,62.000000
1124.928209,138.266059,65.000000,62.000000
1123.912584,138.463542,65.000000,62.000000
1122.896959,143.739149,65.000000,62.000000
1121.881334,148.817274,65.000000,62.000000
1120.865709,148.619792,65.000000,62.000000
1119.850084,148.619792,65.000000,62.000000
1118.834459,148.619792,65.000000,62.000000
1117.818834,148.619792,65.000000,62.000000
1116.803209,148.619792,65.000000,62.000000
1115.787584,148.619792,65.000000,62.000000
1119.987331,148.619792,65.000000,62.000000
1124.049831,153.895399,65.000000,62.000000
1122.896959,153.697917,65.000000,62.000000
1121.881334,158.973524,65.000000,62.000000
1126.081081,164.051649,65.000000,62.000000
1130.143581,163.854167,65.000000,62.000000
1134.206081,169.129774,65.000000,62.000000
1138.268581,168.932292,65.000000,62.000000
1147.546453,184.759115,65.000000,62.000000
1151.471706,178.891059,65.000000,62.000000
1155.534206,179.088542,65.000000,62.000000
1164.812078,179.088542,65.000000,62.000000
1168.737331,179.088542,65.000000,62.000000
1167.584459,179.088542,65.000000,62.000000
1156.138091,173.812934,65.000000,62.000000
1155.396959,158.183594,65.000000,62.000000
1170.027449,163.036024,65.000000,62.000000
1190.477196,157.562934,65.000000,62.000000
1189.928209,168.311632,65.000000,62.000000
1194.127956,173.192274,65.000000,62.000000
1207.605574,167.719184,65.000000,62.000000
1197.174831,189.019097,65.000000,62.000000
1191.959459,194.520399,65.000000,62.000000
1190.943834,199.598524,65.000000,62.000000
1189.928209,204.676649,65.000000,62.000000
1194.127956,209.754774,65.000000,62.000000
1197.174831,214.832899,65.000000,62.000000
1186.744088,219.911024,65.000000,62.000000
1185.865709,219.713542,65.000000,62.000000
1184.850084,219.713542,65.000000,62.000000
1183.834459,219.713542,65.000000,62.000000
1182.818834,230.264757,65.000000,62.000000
1197.449324,235.145399,65.000000,62.000000
1202.390203,229.672309,65.000000,62.000000
1207.605574,235.145399,65.000000,62.000000
1207.605574,245.499132,65.000000,62.000000
1197.174831,245.104167,65.000000,62.000000
1202.390203,250.379774,65.000000,62.000000
1202.390203,255.457899,65.000000,62.000000
1197.174831,265.811632,65.000000,62.000000
1191.959459,270.692274,65.000000,62.000000
1196.159206,270.494792,65.000000,62.000000
1197.174831,275.770399,65.000000,62.000000
1191.959459,280.848524,65.000000,62.000000
1196.159206,280.651042,65.000000,62.000000
1197.174831,280.651042,65.000000,62.000000
1191.959459,285.926649,65.000000,62.000000
1190.943834,291.004774,65.000000,62.000000
1195.143581,290.807292,65.000000,62.000000
1191.959459,296.082899,65.000000,62.000000
1196.159206,301.161024,65.000000,62.000000
1191.959459,306.239149,65.000000,62.000000
1190.943834,311.317274,65.000000,62.000000
1189.928209,316.395399,65.000000,62.000000
1188.912584,321.473524,65.000000,62.000000
1187.896959,321.276042,65.000000,62.000000
1192.096706,326.551649,65.000000,62.000000
1190.943834,331.629774,65.000000,62.000000
1184.712838,331.432292,65.000000,62.000000
1183.834459,326.156684,65.000000,62.000000
1177.603463,326.354167,65.000000,62.000000
1176.725084,315.802951,65.000000,62.000000
1175.709459,309.906684,65.000000,62.000000
1169.478463,310.104167,65.000000,62.000000
1173.815456,304.828559,65.000000,62.000000
1172.662584,299.750434,65.000000,62.000000
1176.862331,294.672309,65.000000,62.000000
1180.924831,294.869792,65.000000,62.000000
1184.987331,289.594184,65.000000,62.000000
1178.619088,289.791667,65.000000,62.000000
1188.171453,289.791667,65.000000,62.000000
1192.096706,289.791667,65.000000,62.000000
1180.513091,284.516059,65.000000,62.000000
1174.556588,284.713542,65.000000,62.000000
1168.462838,284.713542,65.000000,62.000000
1167.584459,289.989149,65.000000,62.000000
1171.784206,300.342882,65.000000,62.000000
1165.415963,299.947917,65.000000,62.000000
1159.322213,299.947917,65.000000,62.000000
1163.659206,310.499132,65.000000,62.000000
1157.290963,320.655382,65.000000,62.000000
1156.412584,320.260417,65.000000,62.000000
1150.181588,325.536024,65.000000,62.000000
1154.518581,335.889757,65.000000,62.000000
1158.581081,340.770399,65.000000,62.000000
1157.428209,345.848524,65.000000,62.000000
1156.412584,345.651042,65.000000,62.000000
1155.396959,350.926649,65.000000,62.000000
1159.596706,356.004774,65.000000,62.000000
1163.659206,355.807292,65.000000,62.000000
1167.721706,361.082899,65.000000,62.000000
1171.784206,360.885417,65.000000,62.000000
1175.846706,366.161024,65.000000,62.000000
1169.478463,376.514757,65.000000,62.000000
1168.600084,370.844184,65.000000,62.000000
1172.799831,381.592882,65.000000,62.000000
1176.862331,386.473524,65.000000,62.000000
1196.570946,370.449219,65.000000,62.000000
1197.174831,359.474826,65.000000,62.000000
1197.174831,353.578559,65.000000,62.000000
1191.959459,348.500434,65.000000,62.000000
1190.943834,343.422309,65.000000,62.000000
1189.928209,338.344184,65.000000,62.000000
1194.127956,333.266059,65.000000,62.000000
1186.744088,333.463542,65.000000,62.000000
1185.865709,338.739149,65.000000,62.000000
1184.850084,338.541667,65.000000,62.000000
1178.619088,338.541667,65.000000,62.000000
1177.740709,338.541667,65.000000,62.000000
1176.725084,333.266059,65.000000,62.000000
1180.924831,328.187934,65.000000,62.000000
1179.771959,328.385417,65.000000,62.000000
1178.756334,333.661024,65.000000,62.000000
1177.740709,333.463542,65.000000,62.000000
1181.940456,333.463542,65.000000,62.000000
1180.787584,338.739149,65.000000,62.000000
1184.987331,338.541667,65.000000,62.000000
1189.049831,338.541667,65.000000,62.000000
1193.112331,343.817274,65.000000,62.000000
1197.174831,348.895399,65.000000,62.000000
1197.174831,353.973524,65.000000,62.000000
1181.528716,353.776042,65.000000,62.000000
1175.572213,359.051649,65.000000,62.000000
1174.693834,358.854167,65.000000,62.000000
1173.678209,364.129774,65.000000,62.000000
1177.877956,369.207899,65.000000,62.000000
1181.940456,369.010417,65.000000,62.000000
1180.787584,369.010417,65.000000,62.000000
1179.771959,379.561632,65.000000,62.000000
1173.540963,358.064236,65.000000,62.000000
1177.877956,352.562934,65.000000,62.000000
1171.509713,347.484809,65.000000,62.000000
1170.631334,342.406684,65.000000,62.000000
1174.831081,342.604167,65.000000,62.000000
1173.678209,337.328559,65.000000,62.000000
1172.662584,332.250434,65.000000,62.000000
1176.862331,332.447917,65.000000,62.000000
1180.924831,332.447917,65.000000,62.000000
1179.771959,327.172309,65.000000,62.000000
1178.756334,322.094184,65.000000,62.000000
1182.956081,322.291667,65.000000,62.000000
1187.018581,322.291667,65.000000,62.000000
1191.081081,322.291667,65.000000,62.000000
1195.143581,322.291667,65.000000,62.000000
1197.174831,317.016059,65.000000,62.000000
1197.174831,311.937934,65.000000,62.000000
1197.174831,306.859809,65.000000,62.000000
1202.390203,307.057292,65.000000,62.000000
1197.174831,307.057292,65.000000,62.000000
1207.605574,307.057292,65.000000,62.000000
1197.174831,291.230469,65.000000,62.000000
1191.959459,285.531684,65.000000,62.000000
1201.374578,285.729167,65.000000,62.000000
1202.390203,280.453559,65.000000,62.000000
1202.390203,270.099826,65.000000,62.000000
1207.605574,264.203559,65.000000,62.000000
1181.528716,253.849826,65.000000,62.000000
1175.572213,232.126736,65.000000,62.000000
1179.909206,231.901042,65.000000,62.000000
1183.971706,226.625434,65.000000,62.000000
1188.034206,226.822917,65.000000,62.000000
1192.096706,216.271701,65.000000,62.000000
1190.943834,210.375434,65.000000,62.000000
1184.712838,210.572917,65.000000,62.000000
1183.834459,205.297309,65.000000,62.000000
1177.603463,210.770399,65.000000,62.000000
1171.509713,210.572917,65.000000,62.000000
1170.631334,210.572917,65.000000,62.000000
1174.831081,215.848524,65.000000,62.000000
1173.678209,205.099826,65.000000,62.000000
1188.308699,199.203559,65.000000,62.000000
1193.112331,199.401042,65.000000,62.000000
1191.959459,188.849826,65.000000,62.000000
1196.159206,188.229167,65.000000,62.000000
1197.174831,182.953559,65.000000,62.000000
1197.174831,177.875434,65.000000,62.000000
1186.744088,178.072917,65.000000,62.000000
1180.650338,178.072917,65.000000,62.000000
1174.556588,178.072917,65.000000,62.000000
1178.893581,172.797309,65.000000,62.000000
1172.525338,167.719184,65.000000,62.000000
1171.646959,162.641059,65.000000,62.000000
1175.846706,157.562934,65.000000,62.000000
1179.909206,152.484809,65.000000,62.000000
1183.971706,147.406684,65.000000,62.000000
1182.818834,142.328559,65.000000,62.000000
1181.803209,137.250434,65.000000,62.000000
1186.002956,132.172309,65.000000,62.000000
1190.065456,127.094184,65.000000,62.000000
1194.127956,127.291667,65.000000,62.000000
1186.744088,122.016059,65.000000,62.000000
1191.081081,122.213542,65.000000,62.000000
1189.928209,116.937934,65.000000,62.000000
1188.912584,111.859809,65.000000,62.000000
1182.681588,117.332899,65.000000,62.000000
1181.803209,106.584201,65.000000,62.000000
1186.002956,105.963542,65.000000,62.000000
1190.065456,95.412326,65.000000,62.000000
1188.912584,89.516059,65.000000,62.000000
1187.896959,84.437934,65.000000,62.000000
1186.881334,79.359809,65.000000,62.000000
1185.865709,74.281684,65.000000,62.000000
1190.065456,69.203559,65.000000,62.000000
1188.912584,58.849826,65.000000,62.000000
1187.896959,58.229167,65.000000,62.000000
1192.096706,47.677951,65.000000,62.000000
1190.943834,41.781684,65.000000,62.000000
1195.143581,36.703559,65.000000,62.000000
1202.390203,42.176649,65.000000,62.000000
1191.959459,36.703559,65.000000,62.000000
1206.589949,26.349826,65.000000,62.000000
1176.313345,31.004774,65.000000,62.000000
1170.494088,41.358507,65.000000,62.000000
1153.969595,46.239149,65.000000,62.000000
1163.796453,40.766059,65.000000,62.000000
1152.075591,35.687934,65.000000,62.000000
1146.119088,30.609809,65.000000,62.000000
1134.809966,25.531684,65.000000,62.000000
1128.853463,15.177951,65.000000,62.000000
1122.759713,23.697917,65.000000,62.000000
1132.312078,28.973524,65.000000,62.000000
1141.452703,39.327257,65.000000,62.000000
1140.162584,44.207899,65.000000,62.000000
1144.362331,54.561632,65.000000,62.000000
1153.640203,54.166667,65.000000,62.000000
1152.350084,64.717882,65.000000,62.000000
1151.334459,69.598524,65.000000,62.000000
1150.318834,74.676649,65.000000,62.000000
1149.303209,74.479167,65.000000,62.000000
1148.287584,85.030382,65.000000,62.000000
1142.056588,84.635417,65.000000,62.000000
1151.608953,89.911024,65.000000,62.000000
1165.964949,89.713542,65.000000,62.000000
1149.907095,100.264757,65.000000,62.000000
1149.303209,110.421007,65.000000,62.000000
1148.287584,125.852865,65.000000,62.000000
1147.271959,130.536024,65.000000,62.000000
1146.256334,135.614149,65.000000,62.000000
1150.456081,135.416667,65.000000,62.000000
1149.303209,140.692274,65.000000,62.000000
1148.287584,145.770399,65.000000,62.000000
1142.056588,156.124132,65.000000,62.000000
1146.393581,161.004774,65.000000,62.000000
