527.500000,124.500000,149.000000,69.000000
527.500000,124.500000,149.000000,69.000000
533.500000,120.500000,149.000000,69.000000
562.017474,114.618799,149.000000,69.000000
593.897116,110.618799,149.000000,69.000000
616.231902,110.618799,149.000000,69.000000
643.467438,111.001031,149.000000,69.000000
659.467438,115.001031,149.000000,69.000000
683.899108,115.001031,149.000000,69.000000
709.232344,120.334414,149.000000,69.000000
735.412959,122.032693,149.000000,69.000000
755.412959,118.657783,149.000000,69.000000
771.412959,115.457376,149.000000,69.000000
778.816888,116.709259,149.000000,69.000000
832.365151,119.787583,149.000000,69.000000
831.250618,122.673050,149.000000,69.000000
831.250618,130.673050,149.000000,69.000000
825.844760,136.765815,149.000000,69.000000
825.844760,135.530388,149.000000,69.000000
825.502728,130.370852,149.000000,69.000000
794.134432,125.794816,149.000000,69.000000
794.134432,119.721408,149.000000,69.000000
788.599392,115.473226,149.000000,69.000000
766.341371,108.821922,149.000000,69.000000
767.277402,101.035423,149.000000,69.000000
754.841696,95.927481,149.000000,69.000000
741.322282,91.927481,149.000000,69.000000
725.025058,87.927481,149.000000,69.000000
702.052788,79.927481,149.000000,69.000000
690.586339,79.927481,149.000000,69.000000
662.586339,75.927481,149.000000,69.000000
650.586339,79.927481,149.000000,69.000000
644.788750,83.927481,149.000000,69.000000
640.533454,91.927481,149.000000,69.000000
636.014006,101.155460,149.000000,69.000000
636.014006,105.263174,149.000000,69.000000
630.924838,111.884319,149.000000,69.000000
621.079249,116.884661,149.000000,69.000000
621.079249,120.884661,149.000000,69.000000
616.704989,121.967479,149.000000,69.000000
614.828468,127.820255,149.000000,69.000000
613.988650,132.195602,149.000000,69.000000
612.374376,140.195602,149.000000,69.000000
610.580427,142.788725,149.000000,69.000000
610.580427,156.111329,149.000000,69.000000
610.580427,164.111329,149.000000,69.000000
611.133374,176.111329,149.000000,69.000000
643.133374,186.763540,149.000000,69.000000
644.328985,190.763540,149.000000,69.000000
647.558822,193.618586,149.000000,69.000000
665.052993,192.883741,149.000000,69.000000
686.110254,188.883741,149.000000,69.000000
702.110254,188.883741,149.000000,69.000000
714.110254,190.118570,149.000000,69.000000
724.805280,188.772801,149.000000,69.000000
730.092285,187.478447,149.000000,69.000000
742.092285,187.478447,149.000000,69.000000
733.682050,184.675036,149.000000,69.000000
729.738909,176.731895,149.000000,69.000000
726.221276,174.866566,149.000000,69.000000
742.221276,174.866566,149.000000,69.000000
734.103727,172.082731,149.000000,69.000000
730.103727,176.082731,149.000000,69.000000
721.235874,173.515061,149.000000,69.000000
717.364893,173.515061,149.000000,69.000000
717.364893,176.006371,149.000000,69.000000
692.394965,181.207378,149.000000,69.000000
677.014585,177.207378,149.000000,69.000000
652.819711,175.287939,149.000000,69.000000
623.312287,186.496747,149.000000,69.000000
607.484802,182.496747,149.000000,69.000000
582.795266,194.496747,149.000000,69.000000
567.996226,198.496747,149.000000,69.000000
554.355547,203.342293,149.000000,69.000000
541.703324,211.342293,149.000000,69.000000
521.272185,219.342293,149.000000,69.000000
500.643649,227.342293,149.000000,69.000000
475.128588,235.342293,149.000000,69.000000
455.128588,243.342293,149.000000,69.000000
436.469551,250.001330,149.000000,69.000000
420.469551,253.294225,149.000000,69.000000
413.275073,257.294225,149.000000,69.000000
404.617512,261.294225,149.000000,69.000000
402.771549,265.294225,149.000000,69.000000
401.696558,267.933472,149.000000,69.000000
399.865713,267.933472,149.000000,69.000000
399.865713,269.841651,149.000000,69.000000
400.414807,269.841651,149.000000,69.000000
401.710675,268.499748,149.000000,69.000000
401.710675,264.499748,149.000000,69.000000
401.710675,253.799992,149.000000,69.000000
401.710675,249.799992,149.000000,69.000000
402.370556,249.115606,149.000000,69.000000
415.957980,249.115606,149.000000,69.000000
428.413283,245.206666,149.000000,69.000000
432.413283,237.463692,149.000000,69.000000
452.413283,233.463692,149.000000,69.000000
472.413283,229.463692,149.000000,69.000000
488.413283,217.463692,149.000000,69.000000
492.780023,209.647062,149.000000,69.000000
540.780023,213.544753,149.000000,69.000000
564.780023,201.544753,149.000000,69.000000
584.780023,193.544753,149.000000,69.000000
604.780023,189.544753,149.000000,69.000000
628.780023,181.544753,149.000000,69.000000
648.780023,177.544753,149.000000,69.000000
672.780023,173.544753,149.000000,69.000000
692.780023,169.544753,149.000000,69.000000
712.780023,165.544753,149.000000,69.000000
732.780023,161.544753,149.000000,69.000000
748.780023,165.544753,149.000000,69.000000
752.780023,169.812204,149.000000,69.000000
760.780023,177.956526,149.000000,69.000000
764.780023,185.956526,149.000000,69.000000
765.049475,182.225977,149.000000,69.000000
769.009400,186.225977,149.000000,69.000000
769.009400,190.225977,149.000000,69.000000
762.875191,191.133724,149.000000,69.000000
755.116091,191.374624,149.000000,69.000000
751.116091,191.439562,149.000000,69.000000
743.299901,191.439562,149.000000,69.000000
743.299901,187.439562,149.000000,69.000000
743.299901,179.892040,149.000000,69.000000
743.675281,175.892040,149.000000,69.000000
746.996626,175.558255,149.000000,69.000000
747.370540,171.558255,149.000000,69.000000
747.370540,171.558255,149.000000,69.000000
747.721585,175.203967,149.000000,69.000000
747.721585,179.001097,149.000000,69.000000
750.323342,182.778576,149.000000,69.000000
750.323342,186.684415,149.000000,69.000000
753.648500,190.500580,149.000000,69.000000
753.648500,194.057520,149.000000,69.000000
753.648500,198.032427,149.000000,69.000000
753.648500,201.924277,149.000000,69.000000
756.636865,208.912642,149.000000,69.000000
760.636865,212.912642,149.000000,69.000000
764.636865,216.912642,149.000000,69.000000
765.269045,217.544822,149.000000,69.000000
768.398481,217.159544,149.000000,69.000000
772.056540,217.159544,149.000000,69.000000
772.724580,213.159544,149.000000,69.000000
772.724580,209.159544,149.000000,69.000000
772.724580,205.159544,149.000000,69.000000
772.724580,200.701221,149.000000,69.000000
774.906198,199.368780,149.000000,69.000000
778.867868,195.994189,149.000000,69.000000
782.839657,192.567568,149.000000,69.000000
784.060830,188.567568,149.000000,69.000000
787.983485,180.567568,149.000000,69.000000
791.942992,176.567568,149.000000,69.000000
799.161760,171.832930,149.000000,69.000000
800.150778,167.832930,149.000000,69.000000
803.284307,166.966460,149.000000,69.000000
803.284307,162.966460,149.000000,69.000000
800.284733,162.966460,149.000000,69.000000
798.876980,165.423630,149.000000,69.000000
786.876980,161.423630,149.000000,69.000000
782.876980,157.423630,149.000000,69.000000
782.876980,157.423630,149.000000,69.000000
782.876980,157.423630,149.000000,69.000000
780.318951,153.423630,149.000000,69.000000
769.981179,146.495497,149.000000,69.000000
763.516673,144.030991,149.000000,69.000000
760.213990,140.728307,149.000000,69.000000
760.213990,141.228865,149.000000,69.000000
760.213990,143.298687,149.000000,69.000000
762.735548,144.833152,149.000000,69.000000
778.406624,148.750921,149.000000,69.000000
790.406624,156.750921,149.000000,69.000000
794.406624,159.871617,149.000000,69.000000
798.406624,159.871617,149.000000,69.000000
810.406624,159.871617,149.000000,69.000000
814.406624,159.871617,149.000000,69.000000
815.291753,163.871617,149.000000,69.000000
818.259787,171.744126,149.000000,69.000000
805.415974,179.744126,149.000000,69.000000
789.415974,183.744126,149.000000,69.000000
773.415974,187.744126,149.000000,69.000000
760.480630,190.808782,149.000000,69.000000
740.480630,190.389344,149.000000,69.000000
720.480630,186.389344,149.000000,69.000000
700.480630,186.389344,149.000000,69.000000
680.480630,190.389344,149.000000,69.000000
667.529198,200.486481,149.000000,69.000000
650.165783,196.486481,149.000000,69.000000
634.165783,193.400697,149.000000,69.000000
617.377471,197.400697,149.000000,69.000000
596.697711,204.720938,149.000000,69.000000
570.242000,192.720938,149.000000,69.000000
554.242000,188.720938,149.000000,69.000000
535.253500,188.720938,149.000000,69.000000
526.183187,191.650626,149.000000,69.000000
514.183187,199.650626,149.000000,69.000000
507.259829,215.650626,149.000000,69.000000
495.259829,231.650626,149.000000,69.000000
483.259829,240.708683,149.000000,69.000000
467.259829,244.708683,149.000000,69.000000
451.259829,244.708683,149.000000,69.000000
435.259829,239.613385,149.000000,69.000000
419.259829,227.253419,149.000000,69.000000
414.717576,218.711166,149.000000,69.000000
410.717576,206.711166,149.000000,69.000000
403.963209,191.929125,149.000000,69.000000
390.608439,178.574354,149.000000,69.000000
383.845243,170.574354,149.000000,69.000000
367.845243,166.574354,149.000000,69.000000
355.845243,166.574354,149.000000,69.000000
350.710802,170.574354,149.000000,69.000000
344.056867,178.574354,149.000000,69.000000
344.056867,186.574354,149.000000,69.000000
344.056867,194.180340,149.000000,69.000000
357.213414,197.469477,149.000000,69.000000
377.213414,205.469477,149.000000,69.000000
406.513499,210.809788,149.000000,69.000000
430.513499,215.412558,149.000000,69.000000
450.513499,231.412558,149.000000,69.000000
478.513499,239.412558,149.000000,69.000000
498.513499,244.727648,149.000000,69.000000
510.513499,256.727648,149.000000,69.000000
526.513499,259.291319,149.000000,69.000000
530.513499,268.728222,149.000000,69.000000
531.359748,280.728222,149.000000,69.000000
531.359748,281.866654,149.000000,69.000000
523.010165,284.130262,149.000000,69.000000
501.367006,288.327087,149.000000,69.000000
483.826485,294.482269,149.000000,69.000000
469.217451,302.060918,149.000000,69.000000
465.217451,309.696558,149.000000,69.000000
465.217451,314.447573,149.000000,69.000000
457.217451,321.015358,149.000000,69.000000
453.217451,331.739230,149.000000,69.000000
453.217451,335.152506,149.000000,69.000000
452.026792,335.152506,149.000000,69.000000
452.026792,333.483228,149.000000,69.000000
460.118720,333.949277,149.000000,69.000000
462.855017,328.685575,149.000000,69.000000
462.855017,327.645955,149.000000,69.000000
455.900533,319.645955,149.000000,69.000000
435.900533,307.645955,149.000000,69.000000
423.900533,303.645955,149.000000,69.000000
419.900533,303.645955,149.000000,69.000000
404.152753,300.970733,149.000000,69.000000
409.536242,303.303255,149.000000,69.000000
419.033052,311.530593,149.000000,69.000000
399.033052,292.854872,149.000000,69.000000
399.033052,284.854872,149.000000,69.000000
390.106525,278.638545,149.000000,69.000000
386.136443,274.638545,149.000000,69.000000
373.976967,264.943818,149.000000,69.000000
369.976967,260.943818,149.000000,69.000000
358.318395,257.057627,149.000000,69.000000
352.988822,254.397164,149.000000,69.000000
349.178281,254.207705,149.000000,69.000000
349.178281,252.710538,149.000000,69.000000
349.178281,244.710538,149.000000,69.000000
349.862380,239.589023,149.000000,69.000000
350.635236,235.574385,149.000000,69.000000
356.371538,230.911599,149.000000,69.000000
370.137395,231.667218,149.000000,69.000000
383.388552,218.349408,149.000000,69.000000
390.001535,219.141843,149.000000,69.000000
393.048168,208.684974,149.000000,69.000000
398.321092,200.754345,149.000000,69.000000
407.182120,197.584094,149.000000,69.000000
407.182120,193.500409,149.000000,69.000000
407.182120,189.110318,149.000000,69.000000
399.922225,185.666839,149.000000,69.000000
387.859724,178.869473,149.000000,69.000000
415.859724,190.869473,149.000000,69.000000
417.254932,190.869473,149.000000,69.000000
405.048348,182.786839,149.000000,69.000000
373.056637,166.789948,149.000000,69.000000
370.929942,161.726537,149.000000,69.000000
370.929942,157.726537,149.000000,69.000000
378.156911,153.216248,149.000000,69.000000
394.916008,150.102657,149.000000,69.000000
398.916008,146.102657,149.000000,69.000000
402.907783,146.094432,149.000000,69.000000
406.736734,145.977611,149.000000,69.000000
411.768388,145.830304,149.000000,69.000000
422.885682,145.647470,149.000000,69.000000
430.885682,145.647470,149.000000,69.000000
442.885682,149.647470,149.000000,69.000000
451.744237,150.506025,149.000000,69.000000
461.618895,154.506025,149.000000,69.000000
470.305508,154.506025,149.000000,69.000000
482.305508,153.771443,149.000000,69.000000
494.305508,149.771443,149.000000,69.000000
507.246927,146.712862,149.000000,69.000000
519.246927,142.712862,149.000000,69.000000
532.207867,138.712862,149.000000,69.000000
536.207867,130.712862,149.000000,69.000000
552.207867,122.712862,149.000000,69.000000
556.207867,113.719650,149.000000,69.000000
562.141314,105.719650,149.000000,69.000000
574.217953,101.719650,149.000000,69.000000
578.217953,97.719650,149.000000,69.000000
591.227147,94.728843,149.000000,69.000000
602.123182,94.728843,149.000000,69.000000
618.123182,98.728843,149.000000,69.000000
634.123182,99.775343,149.000000,69.000000
654.123182,96.600190,149.000000,69.000000
673.381408,100.600190,149.000000,69.000000
688.439564,103.484502,149.000000,69.000000
721.402857,107.484502,149.000000,69.000000
730.542164,111.533858,149.000000,69.000000
763.751661,115.649878,149.000000,69.000000
779.767436,116.025087,149.000000,69.000000
805.687925,116.127781,149.000000,69.000000
833.793734,112.233590,149.000000,69.000000
854.440336,110.187334,149.000000,69.000000
874.401244,106.218608,149.000000,69.000000
894.401244,103.582417,149.000000,69.000000
914.401244,103.582417,149.000000,69.000000
934.401244,103.582417,149.000000,69.000000
953.065124,99.582417,149.000000,69.000000
965.065124,96.932817,149.000000,69.000000
971.633285,96.932817,149.000000,69.000000
979.633285,92.932817,149.000000,69.000000
979.633285,90.285913,149.000000,69.000000
975.298277,82.641751,149.000000,69.000000
965.326943,76.681261,149.000000,69.000000
957.629124,72.681261,149.000000,69.000000
957.629124,72.681261,149.000000,69.000000
954.777760,74.583472,149.000000,69.000000
951.316434,78.583472,149.000000,69.000000
944.140717,78.583472,149.000000,69.000000
932.140717,82.583472,149.000000,69.000000
924.140717,83.496430,149.000000,69.000000
916.881173,87.496430,149.000000,69.000000
912.881173,95.496430,149.000000,69.000000
908.920867,99.496430,149.000000,69.000000
902.091062,107.496430,149.000000,69.000000
898.091062,111.496430,149.000000,69.000000
894.100399,115.496430,149.000000,69.000000
886.323256,120.514075,149.000000,69.000000
879.171691,128.514075,149.000000,69.000000
875.171691,136.514075,149.000000,69.000000
871.171691,141.428927,149.000000,69.000000
867.266624,149.428927,149.000000,69.000000
863.339367,153.428927,149.000000,69.000000
859.458102,153.428927,149.000000,69.000000
856.619008,153.428927,149.000000,69.000000
852.734143,153.428927,149.000000,69.000000
852.734143,149.428927,149.000000,69.000000
850.598590,146.545929,149.000000,69.000000
850.598590,134.901780,149.000000,69.000000
850.598590,126.901780,149.000000,69.000000
850.598590,120.524669,149.000000,69.000000
850.598590,114.018759,149.000000,69.000000
850.598590,107.323873,149.000000,69.000000
850.598590,103.875608,149.000000,69.000000
850.598590,101.803547,149.000000,69.000000
850.598590,101.991793,149.000000,69.000000
848.008320,105.991793,149.000000,69.000000
840.718646,113.991793,149.000000,69.000000
832.718646,117.991793,149.000000,69.000000
824.718646,123.230735,149.000000,69.000000
820.718646,131.230735,149.000000,69.000000
814.404257,135.230735,149.000000,69.000000
810.404257,140.604585,149.000000,69.000000
806.472561,148.604585,149.000000,69.000000
802.560763,156.604585,149.000000,69.000000
798.604072,160.604585,149.000000,69.000000
794.633630,160.604585,149.000000,69.000000
794.633630,156.609558,149.000000,69.000000
794.633630,153.711964,149.000000,69.000000
794.633630,150.404086,149.000000,69.000000
798.202802,146.517343,149.000000,69.000000
802.162442,141.339305,149.000000,69.000000
806.162442,137.339305,149.000000,69.000000
806.162442,137.339305,149.000000,69.000000
808.299039,133.984561,149.000000,69.000000
808.299039,129.984561,149.000000,69.000000
808.299039,125.984561,149.000000,69.000000
806.118180,119.803701,149.000000,69.000000
802.310028,107.803701,149.000000,69.000000
798.604363,96.098037,149.000000,69.000000
794.705942,92.199615,149.000000,69.000000
786.889734,88.199615,149.000000,69.000000
774.759326,85.350210,149.000000,69.000000
773.973384,84.564268,149.000000,69.000000
756.672768,78.570910,149.000000,69.000000
752.841193,75.624042,149.000000,69.000000
739.861267,71.348116,149.000000,69.000000
734.072137,67.348116,149.000000,69.000000
734.072137,63.348116,149.000000,69.000000
734.072137,63.348116,149.000000,69.000000
731.942924,63.348116,149.000000,69.000000
728.587551,63.412640,149.000000,69.000000
724.921336,75.412640,149.000000,69.000000
727.396863,86.067529,149.000000,69.000000
727.396863,98.067529,149.000000,69.000000
727.396863,110.067529,149.000000,69.000000
727.396863,121.447271,149.000000,69.000000
725.203083,126.166667,149.000000,69.000000
722.154120,124.105053,149.000000,69.000000
725.771254,120.365708,149.000000,69.000000
725.771254,118.923864,149.000000,69.000000
710.681158,119.700172,149.000000,69.000000
694.681158,119.700172,149.000000,69.000000
678.681158,119.700172,149.000000,69.000000
654.681158,116.807468,149.000000,69.000000
634.681158,120.807468,149.000000,69.000000
611.717268,125.843579,149.000000,69.000000
590.780887,129.843579,149.000000,69.000000
558.780887,133.843579,149.000000,69.000000
535.948389,137.843579,149.000000,69.000000
512.574390,140.156579,149.000000,69.000000
484.574390,140.156579,149.000000,69.000000
467.131628,140.156579,149.000000,69.000000
451.131628,136.156579,149.000000,69.000000
435.131628,132.156579,149.000000,69.000000
419.131628,125.488854,149.000000,69.000000
407.131628,121.488854,149.000000,69.000000
399.131596,114.926068,149.000000,69.000000
399.131596,106.926068,149.000000,69.000000
404.183813,98.926068,149.000000,69.000000
421.573496,90.926068,149.000000,69.000000
449.573496,78.926068,149.000000,69.000000
465.458303,70.926068,149.000000,69.000000
481.458303,66.926068,149.000000,69.000000
493.458303,62.926068,149.000000,69.000000
505.458303,58.926068,149.000000,69.000000
513.458303,66.926068,149.000000,69.000000
529.458303,78.926068,149.000000,69.000000
541.458303,98.926068,149.000000,69.000000
544.124984,120.259406,149.000000,69.000000
541.263009,136.259406,149.000000,69.000000
534.713794,155.034898,149.000000,69.000000
534.713794,171.034898,149.000000,69.000000
539.762781,186.852966,149.000000,69.000000
551.629566,194.808561,149.000000,69.000000
555.629566,202.808561,149.000000,69.000000
559.629566,202.808561,149.000000,69.000000
559.629566,202.677250,149.000000,69.000000
561.364898,194.677250,149.000000,69.000000
563.290472,186.677250,149.000000,69.000000
565.196575,178.041883,149.000000,69.000000
565.196575,167.375399,149.000000,69.000000
565.196575,161.321942,149.000000,69.000000
578.916565,146.047199,149.000000,69.000000
580.462508,132.501255,149.000000,69.000000
581.240876,120.501255,149.000000,69.000000
581.856444,110.980358,149.000000,69.000000
581.856444,106.464361,149.000000,69.000000
581.856444,99.499873,149.000000,69.000000
613.856444,100.521385,149.000000,69.000000
615.171601,101.371221,149.000000,69.000000
647.171601,106.377867,149.000000,69.000000
650.626793,104.746915,149.000000,69.000000
703.513428,116.746915,149.000000,69.000000
718.165522,120.746915,149.000000,69.000000
754.165522,128.746915,149.000000,69.000000
782.466254,129.047647,149.000000,69.000000
806.639209,133.047647,149.000000,69.000000
830.727183,133.047647,149.000000,69.000000
850.727183,133.047647,149.000000,69.000000
872.037883,126.358347,149.000000,69.000000
896.037883,118.358347,149.000000,69.000000
918.810882,114.358347,149.000000,69.000000
938.810882,106.358347,149.000000,69.000000
954.810882,100.947071,149.000000,69.000000
974.810882,96.947071,149.000000,69.000000
990.810882,95.686635,149.000000,69.000000
994.810882,91.686635,149.000000,69.000000
1002.810882,87.686635,149.000000,69.000000
1006.810882,83.686635,149.000000,69.000000
1010.714718,79.686635,149.000000,69.000000
1014.570283,79.686635,149.000000,69.000000
1014.570283,77.152503,149.000000,69.000000
1014.570283,77.152503,149.000000,69.000000
1013.036882,77.152503,149.000000,69.000000
1008.695733,77.152503,149.000000,69.000000
1005.690596,80.657213,149.000000,69.000000
973.690596,83.616811,149.000000,69.000000
973.690596,87.417690,149.000000,69.000000
973.690596,93.076055,149.000000,69.000000
971.693321,97.857599,149.000000,69.000000
970.875671,101.857599,149.000000,69.000000
938.875671,107.110375,149.000000,69.000000
938.875671,111.110375,149.000000,69.000000
937.678498,116.192349,149.000000,69.000000
905.678498,120.192349,149.000000,69.000000
905.678498,124.192349,149.000000,69.000000
905.678498,132.192349,149.000000,69.000000
894.080297,132.192349,149.000000,69.000000
882.087473,134.858834,149.000000,69.000000
874.087473,134.858834,149.000000,69.000000
870.087473,130.858834,149.000000,69.000000
866.087473,130.858834,149.000000,69.000000
860.755578,126.858834,149.000000,69.000000
860.755578,125.482940,149.000000,69.000000
866.292987,121.482940,149.000000,69.000000
869.684349,117.482940,149.000000,69.000000
872.287736,117.482940,149.000000,69.000000
884.287736,117.482940,149.000000,69.000000
896.287736,117.482940,149.000000,69.000000
908.287736,117.482940,149.000000,69.000000
910.954452,116.149656,149.000000,69.000000
913.510306,116.149656,149.000000,69.000000
914.839184,116.149656,149.000000,69.000000
914.839184,116.149656,149.000000,69.000000
916.220295,116.149656,149.000000,69.000000
916.220295,116.149656,149.000000,69.000000
914.263955,114.193316,149.000000,69.000000
913.249767,114.193316,149.000000,69.000000
912.748783,112.748674,149.000000,69.000000
912.748783,112.748674,149.000000,69.000000
880.748783,110.040386,149.000000,69.000000
880.748783,110.040386,149.000000,69.000000
880.748783,110.040386,149.000000,69.000000
878.430284,114.040386,149.000000,69.000000
846.430284,114.040386,149.000000,69.000000
846.430284,114.040386,149.000000,69.000000
846.239821,114.040386,149.000000,69.000000
814.239821,114.040386,149.000000,69.000000
782.284424,114.062687,149.000000,69.000000
750.284424,110.062687,149.000000,69.000000
718.284424,94.062687,149.000000,69.000000
686.284424,86.062687,149.000000,69.000000
654.284424,86.062687,149.000000,69.000000
622.284424,86.062687,149.000000,69.000000
621.865570,86.062687,149.000000,69.000000
621.865570,84.729320,149.000000,69.000000
621.865570,84.729320,149.000000,69.000000
621.865570,84.729320,149.000000,69.000000
610.978791,92.646789,149.000000,69.000000
590.242322,121.585948,149.000000,69.000000
590.242322,141.105746,149.000000,69.000000
579.965591,138.829015,149.000000,69.000000
579.086906,134.829015,149.000000,69.000000
579.086906,134.896791,149.000000,69.000000
576.209488,142.469611,149.000000,69.000000
575.177154,143.500055,149.000000,69.000000
567.115605,146.933021,149.000000,69.000000
552.120067,151.527106,149.000000,69.000000
542.532626,149.939665,149.000000,69.000000
538.532626,141.939665,149.000000,69.000000
538.532626,137.969854,149.000000,69.000000
542.070355,135.317681,149.000000,69.000000
548.899007,135.317681,149.000000,69.000000
552.899007,130.259961,149.000000,69.000000
522.333971,152.071318,149.000000,69.000000
556.755813,147.917358,149.000000,69.000000
587.265588,147.172245,149.000000,69.000000
617.476694,147.088853,149.000000,69.000000
635.913155,145.451118,149.000000,69.000000
671.248850,146.288054,149.000000,69.000000
695.514045,144.509728,149.000000,69.000000
710.604540,147.048772,149.000000,69.000000
712.025713,149.627599,149.000000,69.000000
708.949620,154.098035,149.000000,69.000000
695.150386,160.764771,149.000000,69.000000
681.452990,178.462167,149.000000,69.000000
679.433290,186.462167,149.000000,69.000000
679.433290,190.394567,149.000000,69.000000
679.433290,203.615599,149.000000,69.000000
679.433290,227.842999,149.000000,69.000000
679.433290,237.887835,149.000000,69.000000
679.433290,239.802092,149.000000,69.000000
679.433290,246.076516,149.000000,69.000000
677.005444,253.286273,149.000000,69.000000
661.664845,253.289365,149.000000,69.000000
645.664845,243.554550,149.000000,69.000000
628.121917,239.554550,149.000000,69.000000
608.121917,230.328880,149.000000,69.000000
592.121917,217.119292,149.000000,69.000000
576.121917,200.113402,149.000000,69.000000
566.429573,184.113402,149.000000,69.000000
553.817368,180.113402,149.000000,69.000000
553.817368,172.684198,149.000000,69.000000
564.328395,164.684198,149.000000,69.000000
577.516305,162.033907,149.000000,69.000000
578.232490,162.033907,149.000000,69.000000
578.232490,162.033907,149.000000,69.000000
577.552381,162.033907,149.000000,69.000000
576.431652,162.375239,149.000000,69.000000
572.601678,162.713906,149.000000,69.000000
546.127322,162.707294,149.000000,69.000000
546.035868,162.707294,149.000000,69.000000
545.823834,166.707294,149.000000,69.000000
545.823834,166.707294,149.000000,69.000000
535.162116,168.040009,149.000000,69.000000
534.941526,180.040009,149.000000,69.000000
534.941526,192.040009,149.000000,69.000000
534.941526,200.040009,149.000000,69.000000
564.512828,204.040009,149.000000,69.000000
564.512828,212.040009,149.000000,69.000000
596.395308,222.436102,149.000000,69.000000
596.395308,225.780542,149.000000,69.000000
615.146365,229.780542,149.000000,69.000000
615.146365,226.532106,149.000000,69.000000
620.219992,228.223315,149.000000,69.000000
621.628078,228.692677,149.000000,69.000000
621.628078,224.692677,149.000000,69.000000
653.628078,204.692677,149.000000,69.000000
653.628078,188.692677,149.000000,69.000000
653.067912,176.692677,149.000000,69.000000
651.275503,172.692677,149.000000,69.000000
651.235635,168.689125,149.000000,69.000000
651.235635,167.355812,149.000000,69.000000
651.235635,165.899692,149.000000,69.000000
651.235635,165.144314,149.000000,69.000000
640.472598,165.144314,149.000000,69.000000
638.063750,169.144314,149.000000,69.000000
637.978997,177.018611,149.000000,69.000000
637.978997,177.853191,149.000000,69.000000
637.978997,184.687548,149.000000,69.000000
637.978997,194.361649,149.000000,69.000000
637.978997,198.361649,149.000000,69.000000
637.978997,202.361649,149.000000,69.000000
637.978997,214.361649,149.000000,69.000000
643.220779,222.361649,149.000000,69.000000
667.396729,222.361649,149.000000,69.000000
674.516361,218.717649,149.000000,69.000000
686.516361,216.960075,149.000000,69.000000
695.073888,220.402548,149.000000,69.000000
703.073888,220.402548,149.000000,69.000000
709.682299,216.402548,149.000000,69.000000
713.682299,215.049159,149.000000,69.000000
717.682299,215.049159,149.000000,69.000000
721.682299,215.049159,149.000000,69.000000
722.810608,213.920850,149.000000,69.000000
724.994338,211.123237,149.000000,69.000000
728.779757,211.123237,149.000000,69.000000
728.779757,211.123237,149.000000,69.000000
731.640949,211.123237,149.000000,69.000000
731.640949,211.195534,149.000000,69.000000
731.640949,212.728965,149.000000,69.000000
731.640949,213.487762,149.000000,69.000000
731.640949,217.487762,149.000000,69.000000
731.640949,218.031807,149.000000,69.000000
731.640949,218.031807,149.000000,69.000000
731.640949,214.636910,149.000000,69.000000
731.640949,208.496072,149.000000,69.000000
731.640949,198.551900,149.000000,69.000000
731.640949,191.678523,149.000000,69.000000
731.640949,188.216154,149.000000,69.000000
734.106180,185.750923,149.000000,69.000000
738.106180,185.750923,149.000000,69.000000
742.106180,189.750923,149.000000,69.000000
746.106180,189.750923,149.000000,69.000000
750.106180,189.750923,149.000000,69.000000
754.106180,189.750923,149.000000,69.000000
755.019579,192.837524,149.000000,69.000000
758.195453,195.288405,149.000000,69.000000
758.497866,199.288405,149.000000,69.000000
761.556715,203.288405,149.000000,69.000000
761.556715,207.288405,149.000000,69.000000
761.556715,210.105926,149.000000,69.000000
761.556715,211.332607,149.000000,69.000000
759.503847,212.627907,149.000000,69.000000
747.596000,216.597189,149.000000,69.000000
733.753440,220.597189,149.000000,69.000000
721.753440,228.215649,149.000000,69.000000
709.753440,232.215649,149.000000,69.000000
705.753440,232.215649,149.000000,69.000000
698.080556,232.215649,149.000000,69.000000
694.080556,232.215649,149.000000,69.000000
678.080556,236.215649,149.000000,69.000000
662.080556,244.215649,149.000000,69.000000
650.080556,251.847284,149.000000,69.000000
650.080556,255.847284,149.000000,69.000000
642.080556,255.847284,149.000000,69.000000
634.080556,255.847284,149.000000,69.000000
634.080556,259.847284,149.000000,69.000000
646.026177,271.404944,149.000000,69.000000
650.026177,279.404944,149.000000,69.000000
654.026177,279.404944,149.000000,69.000000
662.026177,282.948411,149.000000,69.000000
666.026177,286.526963,149.000000,69.000000
670.026177,286.526963,149.000000,69.000000
682.519471,286.033670,149.000000,69.000000
690.519471,282.033670,149.000000,69.000000
690.519471,278.033670,149.000000,69.000000
690.519471,274.774479,149.000000,69.000000
687.173012,274.300129,149.000000,69.000000
675.734428,282.112990,149.000000,69.000000
663.734428,286.112990,149.000000,69.000000
651.734428,294.112990,149.000000,69.000000
635.734428,302.112990,149.000000,69.000000
622.000672,310.112990,149.000000,69.000000
612.987260,319.935693,149.000000,69.000000
632.974644,304.730549,149.000000,69.000000
648.974644,314.862582,149.000000,69.000000
661.583683,326.703347,149.000000,69.000000
677.583683,336.782433,149.000000,69.000000
698.844505,344.782433,149.000000,69.000000
721.623246,352.782433,149.000000,69.000000
738.078825,356.782433,149.000000,69.000000
766.078825,360.782433,149.000000,69.000000
802.078825,368.782433,149.000000,69.000000
838.223745,364.782433,149.000000,69.000000
870.347371,352.782433,149.000000,69.000000
908.748786,348.782433,149.000000,69.000000
941.545153,346.183539,149.000000,69.000000
969.506548,346.183539,149.000000,69.000000
985.506548,342.183539,149.000000,69.000000
1000.247016,342.183539,149.000000,69.000000
1016.247016,342.183539,149.000000,69.000000
1032.247016,343.509174,149.000000,69.000000
1036.247016,335.509174,149.000000,69.000000
1044.310311,331.509174,149.000000,69.000000
1047.309476,327.509174,149.000000,69.000000
1049.108254,328.079970,149.000000,69.000000
1050.198139,336.187956,149.000000,69.000000
1049.438828,341.897074,149.000000,69.000000
1041.559977,350.452803,149.000000,69.000000
1039.407573,352.300399,149.000000,69.000000
1036.985351,356.300399,149.000000,69.000000
1029.157709,356.439077,149.000000,69.000000
1023.676043,360.439077,149.000000,69.000000
996.565857,360.840524,149.000000,69.000000
976.097742,361.138590,149.000000,69.000000
978.755056,365.138590,149.000000,69.000000
973.891608,361.189191,149.000000,69.000000
969.352611,353.361734,149.000000,69.000000
968.333802,349.442836,149.000000,69.000000
964.512976,349.922153,149.000000,69.000000
956.651349,342.868285,149.000000,69.000000
951.854807,334.868285,149.000000,69.000000
950.727650,326.868285,149.000000,69.000000
950.727650,311.193171,149.000000,69.000000
950.727650,296.532948,149.000000,69.000000
949.670246,284.600854,149.000000,69.000000
948.180165,272.954335,149.000000,69.000000
949.533136,264.471121,149.000000,69.000000
949.533136,255.763204,149.000000,69.000000
950.249684,249.382590,149.000000,69.000000
950.264962,246.522948,149.000000,69.000000
950.264962,240.052999,149.000000,69.000000
950.264962,237.135446,149.000000,69.000000
950.264962,233.135446,149.000000,69.000000
950.264962,226.776745,149.000000,69.000000
950.313391,220.195217,149.000000,69.000000
950.313391,212.454229,149.000000,69.000000
970.989122,206.376180,149.000000,69.000000
980.732850,194.488381,149.000000,69.000000
985.852065,190.488381,149.000000,69.000000
990.308737,186.488381,149.000000,69.000000
998.308737,186.488381,149.000000,69.000000
1002.308737,190.488381,149.000000,69.000000
1006.308737,198.488381,149.000000,69.000000
1018.308737,202.488381,149.000000,69.000000
1031.641430,210.488381,149.000000,69.000000
1038.201482,226.488381,149.000000,69.000000
1048.829472,242.488381,149.000000,69.000000
1052.829472,254.488381,149.000000,69.000000
1063.581547,262.488381,149.000000,69.000000
1069.043090,263.565644,149.000000,69.000000
1074.328416,263.565644,149.000000,69.000000
1078.328416,267.565644,149.000000,69.000000
1077.016263,275.565644,149.000000,69.000000
1077.016263,275.565644,149.000000,69.000000
1074.984003,272.214734,149.000000,69.000000
1045.076108,282.378223,149.000000,69.000000
1045.503610,269.553709,149.000000,69.000000
1045.503610,257.346388,149.000000,69.000000
1045.001969,249.722619,149.000000,69.000000
1013.001969,267.536753,149.000000,69.000000
1004.354301,260.617712,149.000000,69.000000
972.354301,264.617712,149.000000,69.000000
972.354301,256.776987,149.000000,69.000000
972.354301,256.776987,149.000000,69.000000
940.354301,246.831959,149.000000,69.000000
940.194127,245.864557,149.000000,69.000000
899.570094,235.551386,149.000000,69.000000
830.076739,207.694346,149.000000,69.000000
797.104421,198.722028,149.000000,69.000000
773.945397,200.555972,149.000000,69.000000
741.945397,202.752213,149.000000,69.000000
659.581966,233.839257,149.000000,69.000000
659.581966,233.839257,149.000000,69.000000
659.581966,229.839257,149.000000,69.000000
662.940751,227.832625,149.000000,69.000000
662.940751,227.150337,149.000000,69.000000
660.851960,226.210285,149.000000,69.000000
644.851960,223.954357,149.000000,69.000000
638.071997,223.954357,149.000000,69.000000
618.071997,219.954357,149.000000,69.000000
586.071997,223.954357,149.000000,69.000000
570.071997,223.954357,149.000000,69.000000
558.071997,222.597262,149.000000,69.000000
556.844723,218.597262,149.000000,69.000000
548.844723,218.597262,149.000000,69.000000
552.844723,218.597262,149.000000,69.000000
572.844723,214.597262,149.000000,69.000000
592.844723,211.946856,149.000000,69.000000
608.844723,203.946856,149.000000,69.000000
622.127643,199.946856,149.000000,69.000000
630.838678,202.330811,149.000000,69.000000
634.838678,202.330811,149.000000,69.000000
634.838678,206.330811,149.000000,69.000000
634.838678,206.330811,149.000000,69.000000
634.838678,206.330811,149.000000,69.000000
628.608593,209.054272,149.000000,69.000000
612.608593,209.054272,149.000000,69.000000
608.608593,206.274833,149.000000,69.000000
604.608593,206.274833,149.000000,69.000000
604.608593,206.274833,149.000000,69.000000
607.516648,207.244719,149.000000,69.000000
630.380760,209.667217,149.000000,69.000000
662.380760,209.667217,149.000000,69.000000
695.556683,205.484696,149.000000,69.000000
720.790864,207.403426,149.000000,69.000000
732.558989,211.016780,149.000000,69.000000
732.558989,211.016780,149.000000,69.000000
732.558989,211.016780,149.000000,69.000000
730.949788,211.016780,149.000000,69.000000
727.768638,208.573465,149.000000,69.000000
710.364498,208.054293,149.000000,69.000000
678.364498,204.054293,149.000000,69.000000
655.194970,203.912739,149.000000,69.000000
639.194970,199.912739,149.000000,69.000000
635.194970,199.912739,149.000000,69.000000
631.194970,202.579177,149.000000,69.000000
631.194970,202.579177,149.000000,69.000000
634.028581,202.579177,149.000000,69.000000
654.700279,202.579177,149.000000,69.000000
674.700279,202.579177,149.000000,69.000000
690.700279,198.579177,149.000000,69.000000
702.700279,194.579177,149.000000,69.000000
702.700279,194.579177,149.000000,69.000000
708.769766,186.553800,149.000000,69.000000
696.769766,190.553800,149.000000,69.000000
684.769766,190.553800,149.000000,69.000000
680.769766,190.553800,149.000000,69.000000
676.769766,190.553800,149.000000,69.000000
676.769766,189.220465,149.000000,69.000000
676.769766,186.631600,149.000000,69.000000
679.790005,186.631600,149.000000,69.000000
696.763730,191.941815,149.000000,69.000000
708.763730,191.941815,149.000000,69.000000
724.763730,191.941815,149.000000,69.000000
736.763730,194.655928,149.000000,69.000000
752.763730,194.655928,149.000000,69.000000
760.763730,194.655928,149.000000,69.000000
771.506117,198.655928,149.000000,69.000000
775.506117,202.655928,149.000000,69.000000
775.506117,202.655928,149.000000,69.000000
775.506117,205.668109,149.000000,69.000000
775.506117,205.668109,149.000000,69.000000
775.506117,205.668109,149.000000,69.000000
774.097358,205.668109,149.000000,69.000000
774.097358,205.668109,149.000000,69.000000
774.097358,205.668109,149.000000,69.000000
774.097358,198.336407,149.000000,69.000000
771.941126,186.336407,149.000000,69.000000
760.347510,174.471869,149.000000,69.000000
756.916145,170.471869,149.000000,69.000000
752.916145,166.471869,149.000000,69.000000
744.916145,162.471869,149.000000,69.000000
744.916145,154.471869,149.000000,69.000000
740.916145,152.212868,149.000000,69.000000
724.916145,152.212868,149.000000,69.000000
708.916145,156.212868,149.000000,69.000000
696.916145,156.212868,149.000000,69.000000
696.916145,160.212868,149.000000,69.000000
696.916145,164.212868,149.000000,69.000000
693.785317,167.970754,149.000000,69.000000
689.785317,171.970754,149.000000,69.000000
685.785317,175.970754,149.000000,69.000000
673.785317,183.970754,149.000000,69.000000
661.785317,183.970754,149.000000,69.000000
657.785317,183.970754,149.000000,69.000000
649.785317,187.970754,149.000000,69.000000
641.785317,195.970754,149.000000,69.000000
637.785317,195.121402,149.000000,69.000000
637.785317,195.121402,149.000000,69.000000
637.785317,195.121402,149.000000,69.000000
635.338484,195.121402,149.000000,69.000000
635.338484,191.121402,149.000000,69.000000
632.456949,191.121402,149.000000,69.000000
632.456949,187.121402,149.000000,69.000000
625.805366,180.247811,149.000000,69.000000
621.805366,176.247811,149.000000,69.000000
613.805366,172.247811,149.000000,69.000000
605.805366,160.858392,149.000000,69.000000
597.805366,156.858392,149.000000,69.000000
594.387476,152.858392,149.000000,69.000000
594.387476,152.858392,149.000000,69.000000
597.998225,152.858392,149.000000,69.000000
605.998225,156.858392,149.000000,69.000000
621.998225,156.858392,149.000000,69.000000
637.998225,164.858392,149.000000,69.000000
650.266919,164.858392,149.000000,69.000000
662.266919,168.858392,149.000000,69.000000
665.999482,176.858392,149.000000,69.000000
669.999482,180.858392,149.000000,69.000000
678.283306,180.858392,149.000000,69.000000
682.283306,180.858392,149.000000,69.000000
682.283306,172.560320,149.000000,69.000000
667.468860,168.701950,149.000000,69.000000
656.909245,167.261565,149.000000,69.000000
649.258909,163.261565,149.000000,69.000000
645.454877,167.261565,149.000000,69.000000
645.454877,166.906410,149.000000,69.000000
645.454877,166.906410,149.000000,69.000000
645.454877,170.906410,149.000000,69.000000
645.454877,173.921597,149.000000,69.000000
648.821782,177.288501,149.000000,69.000000
660.821782,180.323792,149.000000,69.000000
664.821782,184.323792,149.000000,69.000000
673.758659,184.323792,149.000000,69.000000
677.758659,188.323792,149.000000,69.000000
681.758659,196.323792,149.000000,69.000000
685.758659,204.779332,149.000000,69.000000
685.758659,212.784028,149.000000,69.000000
679.360350,215.349675,149.000000,69.000000
657.370646,226.569649,149.000000,69.000000
635.696844,234.475188,149.000000,69.000000
623.696844,227.964718,149.000000,69.000000
604.864024,228.871922,149.000000,69.000000
589.829502,228.871922,149.000000,69.000000
585.829502,232.871922,149.000000,69.000000
584.248282,236.957220,149.000000,69.000000
589.623614,242.504706,149.000000,69.000000
590.831854,245.336324,149.000000,69.000000
653.366670,242.818375,149.000000,69.000000
685.366670,244.380704,149.000000,69.000000
685.366670,244.380704,149.000000,69.000000
706.677485,245.693890,149.000000,69.000000
738.677485,237.728867,149.000000,69.000000
735.048889,230.434172,149.000000,69.000000
735.048889,230.434172,149.000000,69.000000
767.048889,230.434172,149.000000,69.000000
767.048889,230.587880,149.000000,69.000000
735.048889,234.685577,149.000000,69.000000
733.762244,235.007238,149.000000,69.000000
701.762244,237.412142,149.000000,69.000000
701.762244,242.730955,149.000000,69.000000
669.762244,242.658458,149.000000,69.000000
669.762244,244.190826,149.000000,69.000000
669.762244,242.826830,149.000000,69.000000
670.020359,242.635005,149.000000,69.000000
670.020359,242.426253,149.000000,69.000000
702.020359,242.426253,149.000000,69.000000
702.020359,242.426253,149.000000,69.000000
734.020359,239.649049,149.000000,69.000000
734.020359,235.649049,149.000000,69.000000
734.020359,234.354869,149.000000,69.000000
731.703266,234.354869,149.000000,69.000000
722.211602,231.858432,149.000000,69.000000
722.211602,227.858432,149.000000,69.000000
736.739567,227.858432,149.000000,69.000000
751.426522,227.858432,149.000000,69.000000
766.267910,231.858432,149.000000,69.000000
766.267910,235.858432,149.000000,69.000000
770.267910,243.858432,149.000000,69.000000
770.267910,243.858432,149.000000,69.000000
769.162000,251.239115,149.000000,69.000000
759.127010,255.239115,149.000000,69.000000
755.127010,255.239115,149.000000,69.000000
739.127010,251.239115,149.000000,69.000000
725.975442,247.239115,149.000000,69.000000
712.935709,243.239115,149.000000,69.000000
696.935709,236.037152,149.000000,69.000000
680.935709,232.037152,149.000000,69.000000
664.935709,224.037152,149.000000,69.000000
648.935709,216.037152,149.000000,69.000000
634.394683,212.037152,149.000000,69.000000
630.394683,212.037152,149.000000,69.000000
626.394683,204.037152,149.000000,69.000000
622.439230,199.992605,149.000000,69.000000
614.439230,195.992605,149.000000,69.000000
606.439230,195.992605,149.000000,69.000000
590.439230,195.992605,149.000000,69.000000
574.439230,195.992605,149.000000,69.000000
558.439230,199.992605,149.000000,69.000000
534.439230,203.992605,149.000000,69.000000
513.187708,207.992605,149.000000,69.000000
485.187708,207.992605,149.000000,69.000000
468.178039,207.992605,149.000000,69.000000
452.178039,207.992605,149.000000,69.000000
436.178039,207.992605,149.000000,69.000000
436.178039,207.992605,149.000000,69.000000
448.178039,207.992605,149.000000,69.000000
452.178039,199.992605,149.000000,69.000000
452.178039,195.992605,149.000000,69.000000
452.178039,190.759370,149.000000,69.000000
445.311715,181.613843,149.000000,69.000000
413.311715,177.613843,149.000000,69.000000
384.051638,173.613843,149.000000,69.000000
352.051638,169.483372,149.000000,69.000000
320.051638,161.483372,149.000000,69.000000
288.051638,157.483372,149.000000,69.000000
256.051638,150.807128,149.000000,69.000000
227.698940,149.936125,149.000000,69.000000
221.224719,149.757352,149.000000,69.000000
285.710822,142.245775,149.000000,69.000000
317.710822,150.245775,149.000000,69.000000
330.005586,164.708930,149.000000,69.000000
351.283971,179.791696,149.000000,69.000000
373.929265,199.791696,149.000000,69.000000
397.833629,219.887333,149.000000,69.000000
417.833629,239.887333,149.000000,69.000000
447.439517,254.281445,149.000000,69.000000
479.439517,268.667365,149.000000,69.000000
