0.317409
0.234734
0.020503
0.027000
0.038927
0.020768
0.018000
0.019000
0.022505
0.018506
0.019562
0.038234
0.032507
0.019502
0.019000
0.020000
0.020506
0.037504
0.038002
0.026505
0.038009
0.028000
0.018508
0.019504
0.037504
0.038506
0.042792
0.037503
0.033506
0.038504
0.037506
0.020008
0.021001
0.038504
0.037507
0.042506
0.038010
0.028504
0.030940
0.037773
0.028517
0.039015
0.020505
0.019504
0.021000
0.020505
0.019002
0.019506
0.016000
0.019000
0.033508
0.039010
0.021000
0.019504
0.019506
0.018504
0.036000
0.039010
0.025503
0.020000
0.038507
0.037009
0.022002
0.020507
0.037010
0.037000
0.021508
0.019504
0.022503
0.038001
0.032010
0.022504
0.020000
0.038506
0.037010
0.020002
0.024503
0.020504
0.021504
0.038000
0.038013
0.019504
0.020000
0.034505
0.019504
0.019002
0.023000
0.030004
0.020505
0.020503
0.033504
0.021006
0.020002
0.017005
0.022997
0.038012
0.033504
0.018000
0.032002
0.038507
0.030000
0.033011
0.019511
0.036000
0.020004
0.019503
0.022505
0.020000
0.019504
0.022506
0.020503
0.019550
0.020997
0.020005
0.020505
0.038638
0.026162
0.020504
0.024009
0.038002
0.038506
0.023504
0.020000
0.017505
0.038008
0.037504
0.020002
0.020504
0.034504
0.037506
0.020504
0.018504
0.037502
0.028506
0.036503
0.037503
0.027506
0.020504
0.034000
0.037012
0.019504
0.020000
0.024505
0.038008
0.031003
0.016514
0.018006
0.036012
0.021002
0.037505
0.038284
0.020001
0.019509
0.025506
0.038504
0.029506
0.037504
0.028000
0.019506
0.025506
0.037798
0.030504
0.019002
0.019504
0.022000
0.020001
0.019506
0.031504
0.038000
0.023510
0.019506
0.030508
0.038506
0.021504
0.024505
0.035000
0.038585
0.037504
0.019506
0.018004
0.016004
0.020000
0.030503
0.037506
0.022504
0.021000
0.020503
0.018509
0.020504
0.024976
0.038784
0.024011
0.017045
0.016999
0.027507
0.038792
0.027000
0.018505
0.019002
0.037504
0.032505
0.020002
0.020505
0.032504
0.020510
0.025507
0.038504
0.026504
0.018002
0.018008
0.019000
0.024000
0.027504
0.020504
0.037505
0.034507
0.017505
0.020003
0.037663
0.037510
0.018504
0.038505
0.039009
0.020000
0.018000
0.030458
0.038316
0.018001
0.038507
0.020002
0.019000
0.019000
0.038011
0.037504
0.018504
0.018000
0.032504
0.021507
0.020000
0.017507
0.020506
0.029504
0.037504
0.020513
0.020509
0.018000
0.038504
0.038008
0.038000
0.038506
0.020504
0.039504
0.030509
0.019511
0.019002
0.019999
0.033509
0.038504
0.021510
0.020005
0.027013
0.037504
0.028002
0.020319
0.020488
0.019142
0.039011
0.037512
0.038509
0.016515
0.020002
0.019005
0.037505
0.038008
0.034000
0.022507
0.032008
0.024000
0.019504
0.021002
0.037008
0.037504
0.028507
0.016505
0.018000
0.019000
0.021004
0.019504
0.020504
0.036503
0.038507
0.025506
0.021001
0.031505
0.019503
0.029000
0.018504
0.019002
0.039008
0.036503
0.019002
0.019506
0.035505
0.038506
0.022514
0.019001
0.031503
0.037010
0.038000
0.038506
0.022004
0.020005
0.036503
0.017506
0.020504
0.020000
0.038506
0.038007
0.024000
0.024394
0.032507
0.037504
0.026505
0.020504
0.034504
0.038507
0.017504
0.020504
0.025000
0.039008
0.030700
0.018002
0.034506
0.027008
0.038729
0.028301
0.019505
0.022738
0.030799
0.039156
0.021002
0.019504
0.022002
0.038009
0.028561
0.037505
0.030504
0.031000
0.020170
