572	174	27	62
572	174	27	62
572	175	27	62
572	175	27	63
571	174	27	62
571	175	27	62
570	174	28	63
571	174	27	63
571	174	27	63
571	174	28	63
570	174	28	64
571	175	27	63
571	175	27	63
571	175	27	62
571	176	27	61
571	176	26	60
571	176	26	60
572	177	26	60
572	178	26	60
572	178	26	60
572	178	26	60
573	179	26	61
573	179	26	61
574	179	26	60
575	179	26	60
575	179	26	60
576	179	26	60
576	179	26	60
578	179	26	60
578	179	26	60
579	179	26	60
579	180	26	60
580	180	26	61
581	180	26	61
581	181	26	61
582	181	26	61
583	181	26	60
584	181	26	61
585	183	27	61
585	182	27	62
586	183	27	62
586	183	27	62
587	182	27	63
588	182	27	63
589	182	27	63
589	182	27	63
591	182	27	62
591	182	27	62
592	182	27	61
593	182	27	61
594	183	26	61
595	184	26	60
596	184	26	60
596	185	26	60
598	186	26	60
600	187	26	60
600	187	26	61
602	188	26	61
604	189	26	60
606	189	26	60
609	189	26	60
610	190	26	60
612	190	26	60
613	191	26	60
614	191	26	60
615	191	26	61
617	191	26	61
618	193	26	61
619	193	27	61
620	194	27	62
621	194	27	62
623	195	27	62
625	196	27	62
625	196	27	63
627	197	27	63
627	197	28	63
629	198	28	64
631	198	28	64
632	199	28	63
634	199	28	64
635	200	27	63
636	200	27	63
637	200	27	62
639	201	27	62
640	201	27	62
641	202	27	62
642	203	27	63
643	203	27	62
644	204	27	62
646	205	27	63
647	206	27	63
648	207	28	63
650	208	28	64
652	210	28	64
653	210	28	64
654	211	28	64
656	212	28	64
657	213	28	64
660	214	28	64
660	215	28	64
662	216	28	64
663	216	28	64
664	217	28	64
666	218	28	65
667	219	28	64
669	220	28	65
670	222	28	65
671	223	28	65
673	224	28	65
674	225	28	64
676	226	28	64
678	227	28	64
679	228	28	64
681	229	28	64
683	230	28	64
685	231	28	64
687	232	28	64
689	232	28	64
691	233	28	64
693	233	28	64
694	233	28	64
696	234	28	64
698	236	28	64
700	236	28	64
701	237	28	64
703	238	28	64
705	239	28	64
706	241	28	64
708	241	28	64
709	242	28	64
712	243	28	64
715	244	27	63
716	244	27	63
719	246	27	62
720	245	27	62
723	246	27	62
725	247	27	62
726	247	27	62
728	248	27	62
728	249	27	63
727	250	27	63
724	250	27	62
720	250	27	62
714	251	27	63
708	251	27	63
700	250	27	63
692	251	27	63
683	250	27	63
675	250	28	63
667	250	28	63
660	249	28	64
652	249	28	64
644	249	28	64
638	249	28	64
631	249	28	65
624	249	28	65
619	250	28	65
613	251	28	64
608	251	28	64
603	252	28	64
600	253	28	64
597	254	28	64
595	255	28	64
593	255	28	64
591	256	28	64
591	256	28	64
592	257	28	64
592	257	28	65
593	256	28	64
595	257	28	64
596	257	28	64
598	258	28	64
599	258	28	64
601	258	28	65
602	259	28	64
604	259	28	65
605	259	28	64
607	260	28	64
609	261	28	64
611	262	28	64
613	262	28	64
615	262	28	63
616	263	28	64
617	263	28	64
620	263	28	65
622	263	28	65
623	263	28	65
625	263	28	65
626	263	28	65
629	263	28	64
630	263	28	65
632	262	28	65
633	262	28	65
635	263	28	64
638	263	28	64
639	264	28	65
641	264	28	65
643	264	28	65
644	264	28	65
646	264	28	65
648	265	28	65
650	264	28	65
652	264	28	64
654	263	28	64
656	263	28	64
658	263	28	64
659	263	28	64
661	263	28	64
663	263	28	64
664	263	28	65
666	263	28	64
668	264	28	64
669	263	28	65
670	264	28	65
671	264	28	64
674	265	28	64
675	265	28	65
676	265	28	65
677	265	28	65
679	265	28	65
681	265	29	66
682	265	29	66
682	264	29	67
682	264	29	67
681	264	29	66
679	264	29	66
676	264	29	66
672	264	29	66
667	264	29	66
661	263	29	66
655	264	29	67
647	263	29	67
639	264	29	67
631	264	29	67
622	264	29	66
614	264	29	67
605	264	29	67
596	265	29	67
586	265	29	66
578	265	29	67
569	265	29	67
561	265	29	67
553	265	29	66
547	265	29	67
541	266	29	67
534	266	29	67
529	266	29	66
525	267	29	67
520	267	29	66
517	268	29	66
514	268	29	66
511	269	29	67
509	269	29	66
507	270	29	67
505	270	29	66
504	271	29	67
503	271	29	67
502	270	29	68
503	270	30	68
503	269	30	69
505	269	30	69
506	268	30	69
507	268	30	69
509	268	30	69
510	267	30	70
511	267	30	70
513	266	30	70
515	267	30	69
516	266	30	69
517	266	30	69
519	266	30	70
520	266	30	70
523	266	31	70
524	266	31	70
526	265	31	71
528	265	31	71
529	264	31	71
531	263	31	71
534	263	31	70
536	262	31	70
538	262	31	70
539	261	30	70
542	261	30	70
543	260	30	70
545	260	30	70
546	260	30	70
548	259	31	70
549	259	30	70
551	259	31	71
553	259	31	71
554	259	31	71
556	259	31	71
556	258	31	71
558	257	31	71
559	256	31	71
561	255	31	71
562	254	31	70
564	254	31	70
565	253	30	70
566	252	30	69
567	252	30	70
569	251	30	69
571	251	30	69
572	251	30	69
574	251	30	69
574	250	30	69
576	250	30	69
578	250	30	70
579	249	31	70
581	249	31	70
582	249	31	71
584	248	31	72
585	247	31	71
588	246	31	71
589	245	31	71
591	244	31	71
593	243	31	72
594	242	31	72
596	241	31	72
598	241	31	72
600	240	31	72
601	239	31	71
603	240	31	71
605	239	31	72
606	238	31	72
607	238	31	72
609	238	31	72
610	237	31	72
612	237	31	72
613	236	32	72
615	235	32	72
616	234	31	72
618	233	31	72
619	232	32	72
620	232	31	71
620	231	31	71
621	230	31	72
621	229	31	72
621	229	31	71
621	229	31	71
620	228	31	71
620	228	31	71
620	228	31	71
620	228	31	72
619	228	31	71
619	227	31	71
618	227	31	71
617	227	31	71
616	226	31	71
614	225	31	71
613	225	31	71
611	224	31	71
609	223	31	71
607	222	31	71
604	222	31	71
602	221	31	71
598	220	31	71
596	220	31	71
592	220	31	71
590	220	31	71
586	220	31	72
582	220	31	72
579	220	31	72
576	220	31	72
573	220	31	72
570	220	32	72
568	219	31	72
566	219	31	72
564	219	31	72
563	219	31	72
560	218	31	71
559	218	31	71
558	218	31	71
556	218	31	71
554	218	31	71
553	218	31	71
551	217	31	71
550	218	31	71
548	218	31	71
547	218	31	72
545	218	31	71
545	218	31	72
543	218	32	72
542	217	32	72
541	216	31	72
541	217	31	72
540	216	32	72
539	215	32	73
538	215	32	73
538	214	32	73
538	215	32	72
538	215	32	72
538	215	32	72
539	215	31	72
539	215	32	73
541	216	32	73
541	216	32	73
542	216	32	73
543	216	32	73
544	217	32	73
545	217	32	73
546	217	32	73
547	217	32	73
547	217	32	73
549	217	32	73
550	216	32	73
550	216	32	73
551	216	32	73
552	216	32	73
552	216	32	73
554	217	32	72
554	217	32	72
555	217	32	73
556	217	32	73
558	218	32	74
558	218	32	74
560	219	32	73
561	219	32	74
562	219	32	75
563	219	33	75
564	220	33	75
565	221	33	76
567	221	33	76
568	220	33	77
568	220	33	76
570	220	33	76
571	220	33	76
572	221	33	76
574	221	33	76
576	222	33	75
577	222	33	76
577	222	33	76
579	223	33	76
580	224	33	76
581	224	33	76
582	224	33	76
582	225	33	76
583	226	33	76
583	227	33	77
583	227	33	77
583	227	34	77
584	228	33	77
585	229	33	77
585	229	33	77
586	230	34	77
587	231	33	76
588	232	33	77
589	232	33	76
590	232	33	76
590	233	33	75
591	233	32	74
592	234	32	74
593	234	32	74
594	235	32	73
595	235	31	72
596	236	31	72
597	237	32	73
598	237	32	73
599	237	32	73
600	237	32	74
600	237	32	74
601	238	32	74
601	238	32	74
601	238	33	75
602	239	33	75
602	239	33	75
602	239	33	75
602	239	33	75
603	239	33	77
603	238	34	77
603	238	34	78
604	237	34	78
605	238	34	79
607	237	35	80
608	237	35	79
609	236	34	79
610	235	34	79
611	235	34	79
613	236	34	79
614	235	34	79
615	235	34	79
616	235	35	79
618	236	35	80
619	235	35	81
619	235	35	81
620	236	35	81
620	236	36	82
619	236	36	82
618	235	36	82
617	236	36	82
617	236	36	82
615	236	36	82
613	236	36	82
611	237	35	81
609	237	35	81
607	238	35	81
605	239	35	81
602	239	35	80
600	239	35	80
597	239	35	80
594	240	34	79
592	240	34	79
589	240	34	78
587	241	34	78
584	242	34	77
583	243	33	77
580	243	33	77
577	243	34	77
575	244	34	78
572	244	34	78
569	244	34	78
567	244	34	79
565	245	34	79
564	245	35	80
563	245	35	80
562	246	35	81
563	246	35	81
562	245	35	81
563	246	35	81
565	246	35	80
567	246	35	81
568	246	35	81
570	246	35	81
573	247	35	81
574	248	35	81
576	248	35	81
578	249	35	81
580	250	35	81
582	250	35	81
583	251	35	81
584	252	35	81
586	253	35	81
588	254	36	82
589	254	36	82
590	255	36	82
592	256	36	82
594	257	36	82
595	257	36	82
597	258	36	82
599	259	36	82
600	260	36	82
602	261	36	82
603	262	35	81
605	263	36	82
606	263	36	82
608	264	36	83
609	265	36	83
610	265	36	83
610	267	36	83
610	267	36	84
609	268	36	84
608	268	37	84
607	270	37	84
605	270	37	84
604	271	37	85
601	272	37	84
600	273	37	84
597	274	37	85
595	274	37	85
594	276	37	85
591	276	37	85
589	277	37	85
587	278	37	86
585	279	37	86
582	279	37	86
580	280	37	86
579	281	38	86
576	281	38	87
575	282	38	87
573	283	38	87
572	283	38	87
571	284	38	87
570	284	38	87
569	285	38	87
567	285	38	88
567	286	38	88
566	287	38	88
564	287	39	88
564	287	39	89
563	288	39	89
561	287	39	89
561	288	39	89
560	288	39	89
559	289	39	90
557	288	39	90
557	289	39	90
555	288	39	90
555	289	39	91
554	289	39	90
552	289	39	91
551	289	39	91
549	289	40	91
547	289	40	91
546	289	40	91
544	288	40	92
543	288	40	92
541	288	40	92
540	288	40	92
539	288	40	92
536	287	40	93
535	287	40	93
533	287	40	93
531	286	41	93
529	285	41	94
527	285	41	93
526	284	41	94
523	283	41	95
522	283	41	95
520	282	42	96
520	282	42	96
518	281	42	96
517	280	42	96
516	279	42	96
514	278	42	97
513	277	42	97
513	277	42	97
512	276	42	97
511	275	42	98
511	274	43	98
510	273	43	98
509	272	43	98
509	271	43	98
510	270	43	98
510	269	43	98
510	268	43	98
510	266	43	98
510	265	43	98
510	263	43	98
510	262	43	98
511	262	43	98
512	260	43	98
512	259	43	99
513	257	43	99
514	256	43	99
514	254	43	99
515	252	43	99
516	251	43	99
517	250	43	99
517	248	43	99
518	247	43	98
519	246	43	99
519	244	43	98
520	243	43	99
520	241	43	98
521	240	43	98
522	239	43	98
521	237	43	98
522	236	43	98
523	235	42	98
523	234	42	97
523	233	43	98
523	232	42	98
524	232	42	97
523	230	42	97
523	229	42	97
523	228	42	97
523	226	42	97
522	225	43	98
523	223	43	98
523	222	42	97
524	220	42	96
524	218	42	96
524	218	42	96
525	217	42	96
525	215	41	95
524	213	41	95
524	212	41	94
524	211	41	94
523	209	41	94
522	208	41	93
521	206	40	92
520	205	40	92
518	204	40	93
517	203	41	93
515	201	41	94
515	200	41	95
513	198	42	96
513	196	42	97
513	194	42	97
512	193	43	98
512	192	43	99
511	190	43	100
511	189	44	101
511	188	45	102
510	187	45	104
510	185	46	105
510	185	46	105
510	184	46	105
509	183	45	104
510	183	45	103
510	182	45	103
511	181	44	102
511	181	44	101
511	180	43	100
511	180	43	98
509	181	42	97
508	181	42	96
507	182	41	95
506	182	42	96
505	182	42	96
504	182	42	97
504	182	43	98
503	182	44	100
502	182	45	102
501	181	45	103
501	180	46	105
499	180	46	105
499	180	46	106
499	180	47	107
499	179	47	107
500	178	46	106
500	177	46	106
500	177	46	105
500	177	46	105
500	177	46	105
499	176	46	105
499	176	46	105
499	175	46	106
498	175	46	106
499	174	46	106
499	174	46	106
498	174	46	106
497	174	46	105
496	175	46	105
495	175	46	105
495	175	45	104
491	176	45	104
491	176	46	105
489	177	46	106
486	177	47	107
484	177	47	108
483	176	47	109
481	176	48	110
479	176	48	111
477	175	48	111
476	175	48	111
475	175	49	111
472	175	49	112
472	175	49	112
471	176	49	113
468	176	50	114
467	176	50	115
465	177	51	116
464	177	51	118
463	177	51	118
462	178	51	116
462	180	50	115
460	181	50	114
458	182	50	115
455	184	50	116
454	185	51	117
453	185	52	119
451	186	52	119
450	186	52	119
451	186	52	119
450	186	52	120
450	187	53	122
448	186	53	122
447	186	53	123
446	186	54	124
445	186	54	124
444	185	54	124
444	185	54	124
444	184	53	122
443	185	53	122
441	185	53	122
440	185	53	122
440	186	54	123
437	185	53	122
435	186	53	123
433	187	54	123
430	188	54	124
427	187	54	125
425	188	55	125
421	188	55	126
419	188	55	127
413	187	55	127
411	187	56	127
408	186	55	127
405	184	56	128
402	185	56	129
400	184	56	129
397	183	56	130
395	183	57	131
394	183	57	132
392	182	58	132
390	181	58	133
388	181	58	134
387	181	59	135
387	180	59	136
385	180	60	137
382	180	60	139
382	181	61	140
383	182	61	141
383	182	62	141
384	182	62	143
387	183	62	143
387	182	62	143
388	183	62	143
388	182	62	142
388	182	62	142
389	182	62	143
389	180	62	141
387	181	62	142
386	181	63	144
387	177	62	143
384	178	63	146
382	175	64	147
379	174	65	149
377	174	65	149
374	172	65	150
368	171	65	150
364	171	65	150
360	171	66	151
355	170	66	151
350	171	66	151
346	171	65	149
341	170	65	148
337	170	64	148
331	169	64	148
325	169	64	147
320	168	63	145
315	167	63	146
309	165	63	145
305	164	63	144
299	162	62	143
294	161	63	144
291	160	63	145
286	158	63	146
282	158	64	146
282	154	64	146
277	153	64	147
276	151	64	148
279	147	64	146
281	145	63	145
286	145	62	144
294	142	62	141
302	144	61	141
314	140	60	139
324	138	60	137
334	137	60	137
343	137	60	138
358	130	60	137
371	125	60	137
385	120	60	137
400	114	59	135
415	109	58	134
430	104	58	134
448	98	58	133
466	95	57	132
482	92	57	132
497	89	58	132
514	86	58	132
529	84	57	132
543	82	58	132
553	82	58	133
564	80	58	133
572	79	58	134
579	77	58	133
584	78	58	133
588	78	59	135
594	76	59	135
596	75	59	135
599	75	59	135
600	74	59	136
601	73	59	136
601	73	59	136
601	71	59	135
600	71	59	136
600	70	59	136
599	71	59	136
597	69	59	136
597	68	59	136
596	67	59	136
596	67	59	135
595	66	59	136
594	65	59	136
593	64	59	136
593	64	59	136
592	62	60	137
591	63	59	137
590	62	60	137
590	62	60	137
590	62	60	137
589	60	60	137
589	60	60	137
588	60	60	138
588	60	60	138
588	60	60	139
588	59	61	139
587	59	61	140
587	59	61	140
587	60	61	141
586	61	61	140
587	62	61	140
586	61	61	140
586	62	61	139
585	60	61	140
586	60	61	140
588	62	60	139
591	61	60	138
593	63	60	137
596	64	59	136
599	63	59	134
603	63	58	133
604	64	58	132
607	62	57	131
616	95	57	130
619	92	56	129
625	85	56	127
624	92	55	126
623	95	55	126
630	79	55	126
632	57	56	128
632	59	56	128
634	60	55	127
636	61	55	126
642	60	55	125
648	60	54	123
650	63	53	122
653	63	53	121
659	63	52	121
666	63	53	121
669	63	52	120
676	63	52	120
678	64	53	121
684	63	53	122
685	60	54	123
689	61	54	124
688	59	54	125
689	59	55	126
689	57	55	125
689	57	55	126
686	58	55	127
684	55	55	126
682	59	55	126
674	58	55	127
674	56	55	125
672	59	54	124
667	58	54	124
659	49	54	124
659	54	54	124
654	53	54	124
646	50	54	123
640	49	53	123
634	48	53	122
626	46	53	122
619	45	53	122
612	42	53	122
606	42	53	122
600	41	53	122
595	40	53	121
590	40	52	120
587	41	52	119
583	42	52	119
582	43	52	119
579	42	51	118
579	42	51	117
579	42	51	117
579	40	51	117
580	37	51	118
582	37	51	118
583	33	51	118
585	32	52	118
587	29	52	119
589	27	52	119
592	26	51	118
596	26	52	118
599	25	52	119
602	25	52	119
608	26	52	118
613	27	52	119
617	27	52	119
622	28	52	118
627	28	52	119
632	28	51	118
637	27	51	118
641	26	51	118
645	26	51	117
648	25	51	117
648	22	51	117
649	20	51	116
648	19	50	116
647	18	50	116
643	17	50	116
640	16	51	117
636	15	51	117
631	15	51	118
624	15	52	118
617	16	52	119
608	16	52	118
601	17	52	119
591	17	52	119
582	17	52	119
573	17	52	119
564	16	52	120
554	15	52	120
544	15	53	121
534	13	53	121
524	12	53	122
514	11	54	123
505	11	54	124
497	10	54	124
490	10	54	124
484	11	54	125
477	10	54	125
473	10	55	125
470	11	55	127
468	12	56	128
468	12	56	128
469	13	56	128
472	14	56	128
475	13	55	127
479	12	55	127
482	10	55	126
488	9	55	126
492	8	55	126
496	6	55	126
501	5	55	126
504	4	55	127
508	4	55	127
512	2	56	127
516	2	55	127
520	1	55	127
524	0	55	127
527	-0	55	126
531	0	55	126
535	1	55	126
538	1	55	126
542	2	55	126
546	1	55	127
549	1	55	127
555	1	55	127
555	0	55	126
556	-0	55	127
553	-2	55	127
550	-2	56	128
546	-2	55	127
541	-3	55	127
535	-3	56	128
529	-3	56	128
522	-4	56	128
515	-4	55	127
507	-3	56	128
499	-2	55	127
492	-1	55	126
482	-2	55	127
475	-0	55	126
466	-0	54	125
457	1	55	126
449	1	55	126
441	3	55	126
433	2	55	127
425	1	55	127
418	1	56	128
412	1	56	128
405	-0	56	128
399	-1	56	128
393	-1	55	127
388	-2	56	128
383	-2	55	127
380	-3	55	127
376	-2	54	125
374	-2	54	125
374	-1	54	124
373	-1	53	123
374	-1	53	122
375	-1	53	122
377	-1	53	121
379	-1	52	120
382	-1	52	119
385	-2	52	120
387	-4	52	119
390	-5	52	120
393	-6	52	120
395	-7	53	122
397	-7	53	122
400	-8	53	123
403	-8	54	123
405	-9	54	124
408	-9	54	124
410	-9	54	124
413	-9	54	124
416	-8	54	125
419	-8	55	126
421	-8	55	126
424	-7	55	127
426	-7	56	128
430	-7	56	129
433	-7	56	129
436	-6	56	129
439	-7	56	129
443	-7	56	129
446	-8	56	130
449	-9	56	130
451	-9	56	129
453	-9	56	129
455	-9	56	128
456	-8	55	127
457	-8	55	127
457	-7	55	127
456	-7	55	126
456	-6	54	125
456	-5	54	124
454	-4	54	124
452	-3	53	122
451	-2	53	123
450	0	53	122
449	1	53	122
447	2	53	122
444	3	53	122
443	4	53	122
440	4	54	123
437	4	54	124
434	4	54	124
430	5	54	125
426	5	54	124
422	6	54	124
418	7	54	124
414	7	54	125
411	9	54	125
408	9	54	125
405	10	54	125
403	11	54	125
402	13	54	125
402	14	54	125
402	16	54	125
402	17	54	124
403	19	54	124
404	20	54	123
405	21	54	123
406	21	54	123
408	21	54	124
408	21	54	124
409	20	54	125
411	20	55	125
412	20	55	127
414	20	55	127
415	21	55	127
417	21	55	127
419	22	55	125
421	22	55	126
422	22	55	125
424	23	55	125
424	24	55	126
424	24	55	125
424	26	55	126
423	27	55	126
421	28	54	124
419	30	54	124
417	31	54	123
414	32	54	123
411	32	54	124
407	32	54	124
403	32	54	124
398	32	54	125
394	33	55	126
389	34	55	126
384	35	55	126
379	36	55	126
373	38	55	126
369	39	55	126
364	40	55	127
359	42	55	126
355	44	55	127
350	45	55	127
345	47	55	127
341	48	55	127
338	50	56	127
336	52	56	128
333	53	56	128
332	54	56	127
331	55	56	128
331	56	56	130
331	56	57	130
331	56	57	130
332	55	57	131
333	55	57	131
333	54	57	131
335	54	57	131
336	54	57	131
337	53	57	130
338	54	56	129
340	54	56	129
342	54	56	128
344	54	56	128
346	54	56	128
348	54	56	128
350	54	56	127
352	55	56	128
354	54	56	129
356	55	56	128
359	54	56	128
361	54	56	128
363	53	56	128
365	51	56	129
368	49	56	129
370	48	56	128
372	47	56	128
375	46	56	129
377	44	56	129
379	44	56	128
381	42	56	129
383	42	56	128
386	41	56	128
389	41	55	127
391	40	55	127
393	40	55	126
397	40	55	126
399	40	55	126
402	39	55	127
404	39	55	126
407	39	55	126
409	39	55	125
412	38	55	126
414	37	55	125
417	35	55	125
419	34	54	125
422	32	54	125
423	31	54	125
425	30	54	124
426	28	54	125
428	27	54	125
429	27	54	124
430	25	54	124
431	24	54	125
432	23	55	125
434	24	55	125
434	23	55	126
435	22	55	126
436	22	55	126
437	22	55	126
438	22	55	126
438	21	55	126
440	21	54	125
441	20	54	125
442	19	54	125
443	17	55	125
444	15	55	125
445	14	54	125
447	13	54	125
448	11	55	125
449	10	55	126
451	9	55	126
453	8	55	127
454	7	55	126
456	6	55	127
458	6	55	126
460	5	55	126
462	4	55	127
464	4	55	127
466	3	55	127
467	3	55	127
469	3	55	127
471	2	55	127
473	2	55	127
475	1	55	126
478	-0	55	127
480	-1	56	128
482	-3	56	129
484	-6	56	129
487	-7	56	129
489	-9	56	128
492	-10	56	128
493	-11	56	128
495	-13	56	128
496	-14	56	128
498	-15	56	128
499	-16	55	127
499	-16	55	126
500	-17	54	125
501	-16	54	123
500	-17	53	122
499	-17	53	122
499	-17	53	122
498	-17	53	122
495	-17	53	121
494	-17	53	121
492	-18	53	122
489	-18	53	122
487	-20	53	121
484	-21	52	120
482	-20	52	119
478	-21	51	117
473	-21	51	117
469	-21	51	116
464	-22	51	117
459	-22	51	117
453	-23	51	116
446	-24	51	117
439	-24	51	117
432	-24	51	117
424	-25	51	117
417	-25	51	118
409	-25	52	118
402	-25	52	119
394	-25	52	120
389	-25	52	120
384	-24	52	119
380	-24	51	118
376	-24	51	117
374	-25	50	116
372	-27	50	116
371	-28	51	116
371	-29	50	116
371	-31	51	116
372	-32	51	116
372	-36	52	118
375	-37	51	118
375	-39	52	118
378	-39	51	117
380	-40	51	117
383	-40	51	116
385	-40	50	115
387	-40	50	114
389	-39	49	113
392	-38	49	113
393	-38	49	113
395	-37	49	111
398	-37	48	111
400	-37	48	111
402	-37	48	110
403	-38	48	109
404	-39	48	110
405	-41	48	109
407	-41	48	109
408	-41	48	109
410	-42	48	110
411	-43	48	111
412	-44	48	111
414	-44	48	111
416	-45	48	111
417	-46	48	111
418	-46	48	111
420	-46	49	112
422	-46	49	112
422	-46	49	112
424	-44	48	111
426	-44	49	112
426	-43	48	111
427	-43	49	112
427	-45	48	111
429	-45	48	111
430	-46	48	110
431	-46	48	110
431	-47	48	110
432	-48	48	110
432	-48	48	110
433	-48	48	110
434	-49	48	110
434	-49	48	110
435	-49	48	110
435	-49	48	110
436	-48	48	110
436	-48	48	109
436	-48	48	109
437	-46	47	108
437	-44	47	108
437	-43	47	107
437	-42	46	107
437	-42	47	107
438	-42	47	108
438	-42	47	107
437	-44	47	108
436	-45	47	109
436	-46	48	110
435	-47	48	110
436	-46	48	111
435	-47	49	112
435	-48	49	113
435	-48	50	115
435	-49	51	116
435	-49	51	117
435	-49	52	119
435	-49	52	119
436	-47	52	119
436	-45	52	119
436	-45	52	119
436	-43	52	119
437	-42	52	119
439	-40	52	119
438	-40	52	119
440	-38	52	118
440	-38	51	118
442	-37	51	118
442	-37	51	118
443	-35	51	117
443	-33	51	116
444	-31	51	116
445	-29	50	116
445	-27	50	115
446	-26	50	115
446	-24	50	115
446	-22	50	114
446	-20	50	116
447	-18	50	115
446	-17	50	115
446	-15	50	115
447	-12	50	115
447	-9	50	115
447	-7	50	116
447	-6	50	116
448	-4	51	116
448	-3	51	118
449	-1	52	120
449	-1	53	122
449	0	53	123
449	1	54	123
449	2	54	123
450	4	53	123
451	6	53	122
451	8	53	122
452	9	53	122
453	12	53	122
453	14	53	121
453	17	53	122
454	19	52	120
455	22	53	121
456	24	53	121
457	28	52	120
458	31	52	121
460	33	53	121
461	35	53	121
463	36	53	121
464	36	53	121
467	37	53	122
468	36	54	123
471	37	54	124
472	36	54	124
474	38	54	123
476	39	54	125
478	40	55	126
479	40	55	127
481	42	55	127
483	43	55	126
485	45	55	126
486	46	55	126
488	48	55	125
490	50	55	125
492	53	54	124
494	55	54	123
496	56	54	124
498	58	53	123
500	60	53	123
503	60	53	122
505	61	53	122
506	61	54	125
508	62	55	125
510	62	55	126
512	63	54	125
514	63	55	125
516	65	55	126
518	66	54	124
520	67	54	125
523	69	54	125
525	71	54	125
527	73	54	125
529	75	55	125
532	78	55	125
534	81	55	126
537	84	54	124
539	87	54	124
543	90	54	125
547	92	54	123
552	92	54	125
554	92	54	125
558	92	54	124
562	93	54	124
565	94	54	124
569	95	54	124
573	97	54	124
576	98	54	124
580	100	55	126
583	101	55	127
586	102	56	129
589	105	56	129
590	106	57	130
590	109	57	130
589	110	56	129
588	113	56	130
585	115	56	130
582	118	57	130
577	121	57	130
571	123	56	130
564	126	57	130
557	128	57	130
549	130	57	131
540	132	57	131
531	134	57	131
520	135	57	132
510	135	58	132
499	136	57	132
488	137	58	133
476	139	58	134
465	141	58	133
454	143	58	132
445	145	57	130
436	148	57	130
428	151	56	129
420	153	56	128
413	156	56	128
