664.500000,25.500000,111.000000,171.000000
666.655133,32.820069,106.689735,164.359862
665.588235,39.176471,108.823529,167.647059
669.731940,61.560016,100.536120,154.879968
667.701110,62.431440,104.597779,161.137119
667.701110,66.431440,104.597779,161.137119
667.701110,70.431440,104.597779,161.137119
666.655133,72.820069,106.689735,164.359862
667.701110,78.431440,104.597779,161.137119
667.701110,78.431440,104.597779,161.137119
667.701110,78.431440,104.597779,161.137119
665.588235,75.176471,108.823529,167.647059
665.588235,75.176471,108.823529,167.647059
667.701110,82.431440,104.597779,161.137119
668.726579,84.011216,102.546842,157.977568
668.726579,84.011216,102.546842,157.977568
672.726579,88.011216,102.546842,157.977568
676.726579,96.011216,102.546842,157.977568
673.588235,103.176471,108.823529,167.647059
676.500000,113.500000,111.000000,171.000000
679.390000,119.790000,113.220000,174.420000
686.655133,128.820069,106.689735,164.359862
684.500000,129.500000,111.000000,171.000000
689.588235,99.176471,108.823529,167.647059
693.588235,71.176471,108.823529,167.647059
696.500000,69.500000,111.000000,171.000000
708.500000,61.500000,111.000000,171.000000
714.257800,54.045800,115.484400,177.908400
717.102956,48.266716,117.794088,181.466568
718.257800,46.045800,115.484400,177.908400
719.925015,38.452050,120.149970,185.095899
721.102956,36.266716,117.794088,181.466568
721.102956,36.266716,117.794088,181.466568
723.925015,34.452050,120.149970,185.095899
725.102956,36.266716,117.794088,181.466568
719.925015,26.452050,120.149970,185.095899
715.925015,22.452050,120.149970,185.095899
715.925015,18.452050,120.149970,185.095899
715.925015,14.452050,120.149970,185.095899
699.925015,10.452050,120.149970,185.095899
681.102956,12.266716,117.794088,181.466568
665.102956,8.266716,117.794088,181.466568
662.257800,10.045800,115.484400,177.908400
661.102956,8.266716,117.794088,181.466568
661.102956,8.266716,117.794088,181.466568
658.257800,10.045800,115.484400,177.908400
657.102956,8.266716,117.794088,181.466568
658.257800,6.045800,115.484400,177.908400
658.257800,6.045800,115.484400,177.908400
658.257800,2.045800,115.484400,177.908400
661.102956,0.266716,117.794088,181.466568
662.257800,2.045800,115.484400,177.908400
665.102956,0.266716,117.794088,181.466568
669.102956,0.266716,117.794088,181.466568
671.925015,-1.547950,120.149970,185.095899
677.102956,0.266716,117.794088,181.466568
686.257800,14.045800,115.484400,177.908400
698.257800,18.045800,115.484400,177.908400
707.390000,23.790000,113.220000,174.420000
711.390000,27.790000,113.220000,174.420000
716.500000,33.500000,111.000000,171.000000
717.588235,35.176471,108.823529,167.647059
721.588235,35.176471,108.823529,167.647059
729.588235,35.176471,108.823529,167.647059
733.588235,35.176471,108.823529,167.647059
736.500000,33.500000,111.000000,171.000000
739.390000,31.790000,113.220000,174.420000
742.257800,30.045800,115.484400,177.908400
745.102956,28.266716,117.794088,181.466568
749.102956,36.266716,117.794088,181.466568
751.925015,38.452050,120.149970,185.095899
755.925015,42.452050,120.149970,185.095899
757.102956,48.266716,117.794088,181.466568
762.257800,54.045800,115.484400,177.908400
763.390000,55.790000,113.220000,174.420000
762.257800,54.045800,115.484400,177.908400
762.257800,54.045800,115.484400,177.908400
754.257800,54.045800,115.484400,177.908400
742.257800,54.045800,115.484400,177.908400
734.257800,54.045800,115.484400,177.908400
730.257800,54.045800,115.484400,177.908400
713.102956,48.266716,117.794088,181.466568
710.257800,18.045800,115.484400,177.908400
703.925015,10.452050,120.149970,185.095899
702.723515,8.601091,122.552969,188.797817
701.497986,6.713113,125.004029,192.573774
701.497986,6.713113,125.004029,192.573774
701.497986,6.713113,125.004029,192.573774
693.497986,6.713113,125.004029,192.573774
681.497986,6.713113,125.004029,192.573774
673.497986,6.713113,125.004029,192.573774
669.497986,2.713113,125.004029,192.573774
666.723515,4.601091,122.552969,188.797817
666.723515,4.601091,122.552969,188.797817
663.925015,2.452050,120.149970,185.095899
665.102956,0.266716,117.794088,181.466568
666.257800,-5.954200,115.484400,177.908400
663.390000,-12.210000,113.220000,174.420000
661.588235,-48.823529,108.823529,167.647059
657.588235,-84.823529,108.823529,167.647059
654.655133,-83.179931,106.689735,164.359862
658.655133,-87.179931,106.689735,164.359862
657.588235,-92.823529,108.823529,167.647059
658.655133,-91.179931,106.689735,164.359862
657.588235,-92.823529,108.823529,167.647059
661.588235,-92.823529,108.823529,167.647059
657.588235,-96.823529,108.823529,167.647059
657.588235,-96.823529,108.823529,167.647059
657.588235,-96.823529,108.823529,167.647059
657.588235,-96.823529,108.823529,167.647059
658.655133,-99.179931,106.689735,164.359862
650.655133,-99.179931,106.689735,164.359862
646.655133,-99.179931,106.689735,164.359862
640.726579,-99.988784,102.546842,157.977568
631.701110,-109.568560,104.597779,161.137119
627.701110,-113.568560,104.597779,161.137119
622.655133,-127.179931,106.689735,164.359862
623.701110,-129.568560,104.597779,161.137119
618.655133,-131.179931,106.689735,164.359862
613.588235,-132.823529,108.823529,167.647059
608.500000,-130.500000,111.000000,171.000000
603.390000,-124.210000,113.220000,174.420000
587.390000,-92.210000,113.220000,174.420000
590.257800,-81.954200,115.484400,177.908400
586.257800,-49.954200,115.484400,177.908400
596.500000,-14.500000,111.000000,171.000000
608.500000,9.500000,111.000000,171.000000
602.257800,6.045800,115.484400,177.908400
602.257800,6.045800,115.484400,177.908400
606.257800,14.045800,115.484400,177.908400
611.390000,19.790000,113.220000,174.420000
612.500000,25.500000,111.000000,171.000000
619.390000,27.790000,113.220000,174.420000
623.390000,63.790000,113.220000,174.420000
635.390000,99.790000,113.220000,174.420000
642.257800,130.045800,115.484400,177.908400
650.257800,162.045800,115.484400,177.908400
655.390000,167.790000,113.220000,174.420000
654.257800,194.045800,115.484400,177.908400
659.390000,199.790000,113.220000,174.420000
660.500000,205.500000,111.000000,171.000000
659.390000,207.790000,113.220000,174.420000
664.500000,209.500000,111.000000,171.000000
664.500000,213.500000,111.000000,171.000000
670.257800,174.045800,115.484400,177.908400
670.257800,106.045800,115.484400,177.908400
670.257800,42.045800,115.484400,177.908400
670.257800,34.045800,115.484400,177.908400
670.257800,38.045800,115.484400,177.908400
674.257800,70.045800,115.484400,177.908400
678.257800,106.045800,115.484400,177.908400
681.102956,140.266716,117.794088,181.466568
685.102956,148.266716,117.794088,181.466568
685.102956,148.266716,117.794088,181.466568
685.102956,148.266716,117.794088,181.466568
699.925015,142.452050,120.149970,185.095899
703.925015,142.452050,120.149970,185.095899
707.925015,142.452050,120.149970,185.095899
718.723515,140.601091,122.552969,188.797817
725.497986,142.713113,125.004029,192.573774
729.497986,114.713113,125.004029,192.573774
733.497986,82.713113,125.004029,192.573774
733.497986,54.713113,125.004029,192.573774
737.497986,26.713113,125.004029,192.573774
737.497986,30.713113,125.004029,192.573774
741.497986,30.713113,125.004029,192.573774
752.247945,28.787375,127.504109,196.425249
754.972904,26.823123,130.054191,200.353754
758.972904,26.823123,130.054191,200.353754
764.247945,28.787375,127.504109,196.425249
765.497986,30.713113,125.004029,192.573774
765.497986,30.713113,125.004029,192.573774
765.497986,30.713113,125.004029,192.573774
768.247945,28.787375,127.504109,196.425249
766.972904,26.823123,130.054191,200.353754
766.972904,22.823123,130.054191,200.353754
770.972904,22.823123,130.054191,200.353754
774.972904,22.823123,130.054191,200.353754
774.972904,18.823123,130.054191,200.353754
778.972904,-13.176877,130.054191,200.353754
780.247945,-35.212625,127.504109,196.425249
780.247945,-27.212625,127.504109,196.425249
784.247945,-27.212625,127.504109,196.425249
792.247945,-27.212625,127.504109,196.425249
796.247945,-23.212625,127.504109,196.425249
800.247945,-15.212625,127.504109,196.425249
804.247945,8.787375,127.504109,196.425249
804.247945,8.787375,127.504109,196.425249
805.497986,14.713113,125.004029,192.573774
806.723515,20.601091,122.552969,188.797817
814.723515,24.601091,122.552969,188.797817
823.925015,26.452050,120.149970,185.095899
827.925015,30.452050,120.149970,185.095899
826.723515,28.601091,122.552969,188.797817
826.723515,-7.398909,122.552969,188.797817
830.723515,-31.398909,122.552969,188.797817
814.723515,-23.398909,122.552969,188.797817
806.723515,-23.398909,122.552969,188.797817
802.723515,-23.398909,122.552969,188.797817
802.723515,-23.398909,122.552969,188.797817
793.497986,-21.286887,125.004029,192.573774
785.497986,-13.286887,125.004029,192.573774
777.497986,-9.286887,125.004029,192.573774
761.497986,2.713113,125.004029,192.573774
754.723515,12.601091,122.552969,188.797817
746.723515,20.601091,122.552969,188.797817
741.497986,22.713113,125.004029,192.573774
728.247945,16.787375,127.504109,196.425249
725.497986,-5.286887,125.004029,192.573774
709.497986,-1.286887,125.004029,192.573774
694.723515,0.601091,122.552969,188.797817
678.723515,0.601091,122.552969,188.797817
661.497986,26.713113,125.004029,192.573774
645.497986,62.713113,125.004029,192.573774
625.497986,106.713113,125.004029,192.573774
617.497986,134.713113,125.004029,192.573774
606.723515,144.601091,122.552969,188.797817
603.925015,158.452050,120.149970,185.095899
605.102956,164.266716,117.794088,181.466568
605.102956,168.266716,117.794088,181.466568
601.102956,168.266716,117.794088,181.466568
599.925015,162.452050,120.149970,185.095899
603.925015,150.452050,120.149970,185.095899
603.925015,118.452050,120.149970,185.095899
603.925015,114.452050,120.149970,185.095899
603.925015,114.452050,120.149970,185.095899
589.102956,124.266716,117.794088,181.466568
578.257800,130.045800,115.484400,177.908400
579.390000,135.790000,113.220000,174.420000
578.257800,154.045800,115.484400,177.908400
578.257800,158.045800,115.484400,177.908400
578.257800,166.045800,115.484400,177.908400
579.390000,171.790000,113.220000,174.420000
575.390000,175.790000,113.220000,174.420000
575.390000,179.790000,113.220000,174.420000
571.390000,183.790000,113.220000,174.420000
563.390000,183.790000,113.220000,174.420000
555.390000,183.790000,113.220000,174.420000
546.257800,178.045800,115.484400,177.908400
541.102956,144.266716,117.794088,181.466568
535.925015,130.452050,120.149970,185.095899
529.102956,136.266716,117.794088,181.466568
525.102956,136.266716,117.794088,181.466568
525.102956,140.266716,117.794088,181.466568
526.257800,146.045800,115.484400,177.908400
526.257800,150.045800,115.484400,177.908400
526.257800,154.045800,115.484400,177.908400
526.257800,158.045800,115.484400,177.908400
538.257800,158.045800,115.484400,177.908400
554.257800,158.045800,115.484400,177.908400
570.257800,166.045800,115.484400,177.908400
593.102956,196.266716,117.794088,181.466568
603.925015,190.452050,120.149970,185.095899
603.925015,190.452050,120.149970,185.095899
607.925015,190.452050,120.149970,185.095899
607.925015,162.452050,120.149970,185.095899
607.925015,138.452050,120.149970,185.095899
611.925015,158.452050,120.149970,185.095899
615.925015,158.452050,120.149970,185.095899
622.723515,156.601091,122.552969,188.797817
630.723515,152.601091,122.552969,188.797817
634.723515,152.601091,122.552969,188.797817
643.925015,154.452050,120.149970,185.095899
647.925015,154.452050,120.149970,185.095899
647.925015,154.452050,120.149970,185.095899
647.925015,154.452050,120.149970,185.095899
651.925015,154.452050,120.149970,185.095899
651.925015,154.452050,120.149970,185.095899
651.925015,154.452050,120.149970,185.095899
651.925015,118.452050,120.149970,185.095899
651.925015,90.452050,120.149970,185.095899
653.102956,64.266716,117.794088,181.466568
654.257800,38.045800,115.484400,177.908400
649.102956,36.266716,117.794088,181.466568
647.925015,34.452050,120.149970,185.095899
651.925015,30.452050,120.149970,185.095899
657.102956,36.266716,117.794088,181.466568
659.925015,54.452050,120.149970,185.095899
659.925015,54.452050,120.149970,185.095899
661.102956,60.266716,117.794088,181.466568
658.257800,62.045800,115.484400,177.908400
662.257800,62.045800,115.484400,177.908400
666.257800,62.045800,115.484400,177.908400
670.257800,90.045800,115.484400,177.908400
673.102956,88.266716,117.794088,181.466568
675.925015,86.452050,120.149970,185.095899
675.925015,90.452050,120.149970,185.095899
675.925015,90.452050,120.149970,185.095899
675.925015,90.452050,120.149970,185.095899
678.723515,84.601091,122.552969,188.797817
682.723515,84.601091,122.552969,188.797817
685.497986,78.713113,125.004029,192.573774
685.497986,78.713113,125.004029,192.573774
689.497986,74.713113,125.004029,192.573774
689.497986,74.713113,125.004029,192.573774
694.723515,76.601091,122.552969,188.797817
694.723515,80.601091,122.552969,188.797817
695.925015,82.452050,120.149970,185.095899
699.925015,82.452050,120.149970,185.095899
699.925015,82.452050,120.149970,185.095899
703.925015,82.452050,120.149970,185.095899
703.925015,82.452050,120.149970,185.095899
703.925015,82.452050,120.149970,185.095899
687.925015,82.452050,120.149970,185.095899
683.925015,82.452050,120.149970,185.095899
683.925015,82.452050,120.149970,185.095899
675.925015,58.452050,120.149970,185.095899
654.723515,52.601091,122.552969,188.797817
646.723515,52.601091,122.552969,188.797817
638.723515,52.601091,122.552969,188.797817
630.723515,52.601091,122.552969,188.797817
626.723515,52.601091,122.552969,188.797817
622.723515,52.601091,122.552969,188.797817
622.723515,52.601091,122.552969,188.797817
618.723515,52.601091,122.552969,188.797817
618.723515,52.601091,122.552969,188.797817
619.925015,54.452050,120.149970,185.095899
623.925015,58.452050,120.149970,185.095899
627.925015,62.452050,120.149970,185.095899
631.925015,66.452050,120.149970,185.095899
639.925015,70.452050,120.149970,185.095899
647.925015,74.452050,120.149970,185.095899
651.925015,74.452050,120.149970,185.095899
655.925015,74.452050,120.149970,185.095899
655.925015,74.452050,120.149970,185.095899
670.723515,68.601091,122.552969,188.797817
673.497986,62.713113,125.004029,192.573774
680.247945,56.787375,127.504109,196.425249
688.247945,52.787375,127.504109,196.425249
692.247945,52.787375,127.504109,196.425249
692.247945,52.787375,127.504109,196.425249
692.247945,48.787375,127.504109,196.425249
696.247945,48.787375,127.504109,196.425249
696.247945,48.787375,127.504109,196.425249
696.247945,48.787375,127.504109,196.425249
696.247945,48.787375,127.504109,196.425249
698.972904,46.823123,130.054191,200.353754
698.972904,42.823123,130.054191,200.353754
702.972904,30.823123,130.054191,200.353754
704.247945,12.787375,127.504109,196.425249
700.247945,8.787375,127.504109,196.425249
700.247945,0.787375,127.504109,196.425249
700.247945,-7.212625,127.504109,196.425249
700.247945,-15.212625,127.504109,196.425249
700.247945,-19.212625,127.504109,196.425249
696.247945,-19.212625,127.504109,196.425249
689.497986,-17.286887,125.004029,192.573774
677.497986,6.713113,125.004029,192.573774
669.497986,14.713113,125.004029,192.573774
656.247945,40.787375,127.504109,196.425249
645.672362,60.819585,132.655275,204.360829
642.972904,66.823123,130.054191,200.353754
637.672362,88.819585,132.655275,204.360829
638.972904,94.823123,130.054191,200.353754
632.345810,122.775977,135.308381,208.448046
628.345810,126.775977,135.308381,208.448046
618.992726,152.691497,138.014548,212.617007
618.992726,152.691497,138.014548,212.617007
616.345810,154.775977,135.308381,208.448046
613.672362,156.819585,132.655275,204.360829
613.672362,156.819585,132.655275,204.360829
613.672362,124.819585,132.655275,204.360829
610.972904,102.823123,130.054191,200.353754
606.972904,102.823123,130.054191,200.353754
606.972904,102.823123,130.054191,200.353754
602.972904,94.823123,130.054191,200.353754
597.672362,88.819585,132.655275,204.360829
592.345810,82.775977,135.308381,208.448046
588.345810,78.775977,135.308381,208.448046
584.345810,74.775977,135.308381,208.448046
584.345810,66.775977,135.308381,208.448046
585.672362,48.819585,132.655275,204.360829
585.672362,48.819585,132.655275,204.360829
581.672362,40.819585,132.655275,204.360829
577.672362,36.819585,132.655275,204.360829
581.672362,8.819585,132.655275,204.360829
580.345810,-25.224023,135.308381,208.448046
576.345810,-57.224023,135.308381,208.448046
576.345810,-65.224023,135.308381,208.448046
576.345810,-69.224023,135.308381,208.448046
576.345810,-73.224023,135.308381,208.448046
580.345810,-73.224023,135.308381,208.448046
576.345810,-41.224023,135.308381,208.448046
576.345810,-13.224023,135.308381,208.448046
570.992726,-15.308503,138.014548,212.617007
570.992726,-7.308503,138.014548,212.617007
570.992726,24.691497,138.014548,212.617007
574.992726,52.691497,138.014548,212.617007
578.992726,72.691497,138.014548,212.617007
592.345810,74.775977,135.308381,208.448046
597.672362,76.819585,132.655275,204.360829
597.672362,76.819585,132.655275,204.360829
597.672362,72.819585,132.655275,204.360829
597.672362,68.819585,132.655275,204.360829
601.672362,64.819585,132.655275,204.360829
605.672362,64.819585,132.655275,204.360829
609.672362,64.819585,132.655275,204.360829
609.672362,64.819585,132.655275,204.360829
609.672362,88.819585,132.655275,204.360829
609.672362,92.819585,132.655275,204.360829
610.972904,98.823123,130.054191,200.353754
614.972904,106.823123,130.054191,200.353754
614.972904,110.823123,130.054191,200.353754
600.247945,112.787375,127.504109,196.425249
580.247945,112.787375,127.504109,196.425249
584.247945,112.787375,127.504109,196.425249
584.247945,116.787375,127.504109,196.425249
588.247945,112.787375,127.504109,196.425249
584.247945,80.787375,127.504109,196.425249
568.247945,84.787375,127.504109,196.425249
569.497986,90.713113,125.004029,192.573774
573.497986,90.713113,125.004029,192.573774
573.497986,90.713113,125.004029,192.573774
569.497986,90.713113,125.004029,192.573774
570.723515,92.601091,122.552969,188.797817
565.497986,110.713113,125.004029,192.573774
565.497986,114.713113,125.004029,192.573774
570.723515,120.601091,122.552969,188.797817
575.925015,126.452050,120.149970,185.095899
579.925015,130.452050,120.149970,185.095899
574.723515,128.601091,122.552969,188.797817
574.723515,92.601091,122.552969,188.797817
578.723515,52.601091,122.552969,188.797817
583.925015,-9.547950,120.149970,185.095899
611.925015,-13.547950,120.149970,185.095899
615.925015,-13.547950,120.149970,185.095899
619.925015,-13.547950,120.149970,185.095899
627.925015,-9.547950,120.149970,185.095899
631.925015,22.452050,120.149970,185.095899
635.925015,54.452050,120.149970,185.095899
643.925015,58.452050,120.149970,185.095899
647.925015,62.452050,120.149970,185.095899
646.723515,56.601091,122.552969,188.797817
645.497986,46.713113,125.004029,192.573774
644.247945,36.787375,127.504109,196.425249
648.247945,8.787375,127.504109,196.425249
652.247945,0.787375,127.504109,196.425249
652.247945,-11.212625,127.504109,196.425249
640.247945,-15.212625,127.504109,196.425249
625.497986,-17.286887,125.004029,192.573774
625.497986,-17.286887,125.004029,192.573774
629.497986,2.713113,125.004029,192.573774
629.497986,2.713113,125.004029,192.573774
625.497986,10.713113,125.004029,192.573774
625.497986,18.713113,125.004029,192.573774
621.497986,22.713113,125.004029,192.573774
624.247945,48.787375,127.504109,196.425249
624.247945,52.787375,127.504109,196.425249
628.247945,80.787375,127.504109,196.425249
626.972904,78.823123,130.054191,200.353754
626.972904,82.823123,130.054191,200.353754
626.972904,82.823123,130.054191,200.353754
625.672362,76.819585,132.655275,204.360829
629.672362,36.819585,132.655275,204.360829
633.672362,-7.180415,132.655275,204.360829
633.672362,-11.180415,132.655275,204.360829
625.672362,-15.180415,132.655275,204.360829
621.672362,-15.180415,132.655275,204.360829
617.672362,-15.180415,132.655275,204.360829
613.672362,12.819585,132.655275,204.360829
608.345810,34.775977,135.308381,208.448046
604.345810,34.775977,135.308381,208.448046
600.345810,34.775977,135.308381,208.448046
596.345810,34.775977,135.308381,208.448046
596.345810,38.775977,135.308381,208.448046
592.345810,66.775977,135.308381,208.448046
592.345810,70.775977,135.308381,208.448046
592.345810,74.775977,135.308381,208.448046
592.345810,74.775977,135.308381,208.448046
588.345810,70.775977,135.308381,208.448046
584.345810,66.775977,135.308381,208.448046
584.345810,62.775977,135.308381,208.448046
584.345810,62.775977,135.308381,208.448046
584.345810,94.775977,135.308381,208.448046
588.345810,122.775977,135.308381,208.448046
588.345810,122.775977,135.308381,208.448046
584.345810,126.775977,135.308381,208.448046
584.345810,134.775977,135.308381,208.448046
585.672362,140.819585,132.655275,204.360829
585.672362,140.819585,132.655275,204.360829
601.672362,144.819585,132.655275,204.360829
601.672362,148.819585,132.655275,204.360829
605.672362,144.819585,132.655275,204.360829
609.672362,112.819585,132.655275,204.360829
609.672362,76.819585,132.655275,204.360829
629.672362,48.819585,132.655275,204.360829
649.672362,52.819585,132.655275,204.360829
649.672362,56.819585,132.655275,204.360829
649.672362,56.819585,132.655275,204.360829
653.672362,60.819585,132.655275,204.360829
649.672362,88.819585,132.655275,204.360829
650.972904,110.823123,130.054191,200.353754
650.972904,114.823123,130.054191,200.353754
648.247945,124.787375,127.504109,196.425249
649.497986,130.713113,125.004029,192.573774
649.497986,134.713113,125.004029,192.573774
653.497986,134.713113,125.004029,192.573774
657.497986,134.713113,125.004029,192.573774
668.247945,96.787375,127.504109,196.425249
666.972904,58.823123,130.054191,200.353754
662.972904,54.823123,130.054191,200.353754
654.972904,54.823123,130.054191,200.353754
646.972904,54.823123,130.054191,200.353754
642.972904,50.823123,130.054191,200.353754
626.972904,46.823123,130.054191,200.353754
578.972904,54.823123,130.054191,200.353754
533.672362,84.819585,132.655275,204.360829
525.672362,80.819585,132.655275,204.360829
513.672362,80.819585,132.655275,204.360829
509.672362,80.819585,132.655275,204.360829
505.672362,80.819585,132.655275,204.360829
493.672362,80.819585,132.655275,204.360829
485.672362,80.819585,132.655275,204.360829
481.672362,76.819585,132.655275,204.360829
477.672362,44.819585,132.655275,204.360829
477.672362,48.819585,132.655275,204.360829
442.972904,54.823123,130.054191,200.353754
438.972904,82.823123,130.054191,200.353754
430.972904,114.823123,130.054191,200.353754
426.972904,150.823123,130.054191,200.353754
426.972904,210.823123,130.054191,200.353754
418.972904,246.823123,130.054191,200.353754
413.672362,264.819585,132.655275,204.360829
405.672362,264.819585,132.655275,204.360829
401.672362,264.819585,132.655275,204.360829
401.672362,268.819585,132.655275,204.360829
401.672362,268.819585,132.655275,204.360829
421.672362,236.819585,132.655275,204.360829
450.972904,210.823123,130.054191,200.353754
450.972904,210.823123,130.054191,200.353754
462.972904,214.823123,130.054191,200.353754
482.972904,214.823123,130.054191,200.353754
482.972904,218.823123,130.054191,200.353754
482.972904,222.823123,130.054191,200.353754
482.972904,226.823123,130.054191,200.353754
490.972904,230.823123,130.054191,200.353754
494.972904,230.823123,130.054191,200.353754
498.972904,230.823123,130.054191,200.353754
502.972904,230.823123,130.054191,200.353754
502.972904,230.823123,130.054191,200.353754
538.972904,230.823123,130.054191,200.353754
578.972904,234.823123,130.054191,200.353754
597.672362,232.819585,132.655275,204.360829
596.345810,222.775977,135.308381,208.448046
604.345810,194.775977,135.308381,208.448046
614.992726,160.691497,138.014548,212.617007
618.992726,128.691497,138.014548,212.617007
622.992726,132.691497,138.014548,212.617007
622.992726,132.691497,138.014548,212.617007
622.992726,132.691497,138.014548,212.617007
620.345810,138.775977,135.308381,208.448046
617.672362,140.819585,132.655275,204.360829
609.672362,140.819585,132.655275,204.360829
585.672362,140.819585,132.655275,204.360829
565.672362,140.819585,132.655275,204.360829
561.672362,140.819585,132.655275,204.360829
549.672362,140.819585,132.655275,204.360829
537.672362,140.819585,132.655275,204.360829
533.672362,136.819585,132.655275,204.360829
529.672362,132.819585,132.655275,204.360829
552.345810,86.775977,135.308381,208.448046
560.345810,50.775977,135.308381,208.448046
564.345810,50.775977,135.308381,208.448046
568.345810,50.775977,135.308381,208.448046
568.345810,50.775977,135.308381,208.448046
568.345810,50.775977,135.308381,208.448046
568.345810,74.775977,135.308381,208.448046
568.345810,110.775977,135.308381,208.448046
568.345810,138.775977,135.308381,208.448046
568.345810,142.775977,135.308381,208.448046
572.345810,170.775977,135.308381,208.448046
576.345810,178.775977,135.308381,208.448046
578.992726,168.691497,138.014548,212.617007
582.992726,132.691497,138.014548,212.617007
590.992726,100.691497,138.014548,212.617007
601.612580,66.565327,140.774839,216.869347
605.612580,66.565327,140.774839,216.869347
609.612580,98.565327,140.774839,216.869347
609.612580,130.565327,140.774839,216.869347
605.612580,162.565327,140.774839,216.869347
606.992726,172.691497,138.014548,212.617007
608.345810,210.775977,135.308381,208.448046
602.992726,236.691497,138.014548,212.617007
602.992726,236.691497,138.014548,212.617007
602.992726,236.691497,138.014548,212.617007
594.992726,240.691497,138.014548,212.617007
594.992726,240.691497,138.014548,212.617007
590.992726,232.691497,138.014548,212.617007
590.992726,200.691497,138.014548,212.617007
594.992726,172.691497,138.014548,212.617007
594.992726,172.691497,138.014548,212.617007
598.992726,168.691497,138.014548,212.617007
602.992726,168.691497,138.014548,212.617007
602.992726,168.691497,138.014548,212.617007
602.992726,168.691497,138.014548,212.617007
602.992726,168.691497,138.014548,212.617007
606.992726,168.691497,138.014548,212.617007
606.992726,168.691497,138.014548,212.617007
608.345810,174.775977,135.308381,208.448046
621.672362,180.819585,132.655275,204.360829
621.672362,180.819585,132.655275,204.360829
625.672362,180.819585,132.655275,204.360829
629.672362,180.819585,132.655275,204.360829
629.672362,180.819585,132.655275,204.360829
625.672362,148.819585,132.655275,204.360829
605.672362,152.819585,132.655275,204.360829
574.972904,158.823123,130.054191,200.353754
558.972904,162.823123,130.054191,200.353754
562.972904,162.823123,130.054191,200.353754
557.672362,160.819585,132.655275,204.360829
536.345810,158.775977,135.308381,208.448046
512.345810,158.775977,135.308381,208.448046
496.345810,158.775977,135.308381,208.448046
480.345810,158.775977,135.308381,208.448046
468.345810,158.775977,135.308381,208.448046
462.992726,152.691497,138.014548,212.617007
461.612580,110.565327,140.774839,216.869347
465.612580,54.565327,140.774839,216.869347
468.204832,48.396633,143.590336,221.206734
476.204832,44.396633,143.590336,221.206734
478.768929,38.184566,146.462143,225.630868
478.768929,34.184566,146.462143,225.630868
482.768929,34.184566,146.462143,225.630868
486.768929,34.184566,146.462143,225.630868
496.204832,40.396633,143.590336,221.206734
500.204832,68.396633,143.590336,221.206734
504.204832,72.396633,143.590336,221.206734
521.612580,78.565327,140.774839,216.869347
542.992726,88.691497,138.014548,212.617007
568.345810,102.775977,135.308381,208.448046
572.345810,106.775977,135.308381,208.448046
584.345810,106.775977,135.308381,208.448046
598.992726,100.691497,138.014548,212.617007
609.612580,98.565327,140.774839,216.869347
617.612580,94.565327,140.774839,216.869347
621.612580,94.565327,140.774839,216.869347
624.204832,124.396633,143.590336,221.206734
628.204832,152.396633,143.590336,221.206734
648.204832,160.396633,143.590336,221.206734
648.204832,188.396633,143.590336,221.206734
652.204832,192.396633,143.590336,221.206734
652.204832,200.396633,143.590336,221.206734
652.204832,204.396633,143.590336,221.206734
656.204832,204.396633,143.590336,221.206734
668.204832,196.396633,143.590336,221.206734
672.204832,188.396633,143.590336,221.206734
676.204832,160.396633,143.590336,221.206734
680.204832,156.396633,143.590336,221.206734
684.204832,156.396633,143.590336,221.206734
686.768929,158.184566,146.462143,225.630868
686.768929,194.184566,146.462143,225.630868
690.768929,198.184566,146.462143,225.630868
716.204832,204.396633,143.590336,221.206734
720.204832,208.396633,143.590336,221.206734
722.768929,210.184566,146.462143,225.630868
726.768929,214.184566,146.462143,225.630868
728.204832,220.396633,143.590336,221.206734
728.204832,224.396633,143.590336,221.206734
728.204832,224.396633,143.590336,221.206734
728.204832,224.396633,143.590336,221.206734
728.204832,196.396633,143.590336,221.206734
734.768929,158.184566,146.462143,225.630868
741.304307,155.928257,149.391386,230.143486
741.304307,155.928257,149.391386,230.143486
733.304307,155.928257,149.391386,230.143486
729.304307,155.928257,149.391386,230.143486
725.304307,155.928257,149.391386,230.143486
725.304307,155.928257,149.391386,230.143486
723.810393,177.626822,152.379213,234.746356
723.810393,177.626822,152.379213,234.746356
719.810393,177.626822,152.379213,234.746356
721.304307,183.928257,149.391386,230.143486
703.810393,209.626822,152.379213,234.746356
703.810393,221.626822,152.379213,234.746356
705.304307,231.928257,149.391386,230.143486
705.304307,235.928257,149.391386,230.143486
709.304307,227.928257,149.391386,230.143486
722.768929,202.184566,146.462143,225.630868
730.768929,206.184566,146.462143,225.630868
738.768929,206.184566,146.462143,225.630868
741.304307,199.928257,149.391386,230.143486
743.810393,193.626822,152.379213,234.746356
751.810393,193.626822,152.379213,234.746356
751.810393,193.626822,152.379213,234.746356
759.810393,193.626822,152.379213,234.746356
767.810393,193.626822,152.379213,234.746356
771.810393,193.626822,152.379213,234.746356
771.810393,193.626822,152.379213,234.746356
767.810393,157.626822,152.379213,234.746356
767.810393,93.626822,152.379213,234.746356
763.810393,61.626822,152.379213,234.746356
699.810393,65.626822,152.379213,234.746356
638.286601,91.279359,155.426798,239.441283
638.286601,91.279359,155.426798,239.441283
642.286601,87.279359,155.426798,239.441283
635.810393,89.626822,152.379213,234.746356
623.810393,97.626822,152.379213,234.746356
583.810393,117.626822,152.379213,234.746356
547.810393,117.626822,152.379213,234.746356
519.810393,117.626822,152.379213,234.746356
535.810393,113.626822,152.379213,234.746356
553.304307,115.928257,149.391386,230.143486
537.304307,83.928257,149.391386,230.143486
530.286601,71.279359,155.426798,239.441283
543.810393,41.626822,152.379213,234.746356
550.286601,35.279359,155.426798,239.441283
550.286601,27.279359,155.426798,239.441283
550.286601,23.279359,155.426798,239.441283
546.286601,55.279359,155.426798,239.441283
543.810393,61.626822,152.379213,234.746356
541.304307,67.928257,149.391386,230.143486
558.768929,74.184566,146.462143,225.630868
567.810393,97.626822,152.379213,234.746356
577.304307,103.928257,149.391386,230.143486
581.304307,103.928257,149.391386,230.143486
582.768929,82.184566,146.462143,225.630868
581.304307,43.928257,149.391386,230.143486
591.810393,37.626822,152.379213,234.746356
599.810393,69.626822,152.379213,234.746356
603.810393,129.626822,152.379213,234.746356
603.810393,165.626822,152.379213,234.746356
603.810393,197.626822,152.379213,234.746356
602.286601,227.279359,155.426798,239.441283
603.810393,233.626822,152.379213,234.746356
605.304307,239.928257,149.391386,230.143486
599.810393,237.626822,152.379213,234.746356
599.810393,233.626822,152.379213,234.746356
591.810393,233.626822,152.379213,234.746356
571.810393,237.626822,152.379213,234.746356
578.768929,214.184566,146.462143,225.630868
580.204832,160.396633,143.590336,221.206734
566.768929,122.184566,146.462143,225.630868
517.304307,83.928257,149.391386,230.143486
502.768929,54.184566,146.462143,225.630868
493.304307,47.928257,149.391386,230.143486
494.768929,54.184566,146.462143,225.630868
486.768929,74.184566,146.462143,225.630868
486.768929,74.184566,146.462143,225.630868
482.768929,78.184566,146.462143,225.630868
480.204832,84.396633,143.590336,221.206734
476.204832,88.396633,143.590336,221.206734
472.204832,92.396633,143.590336,221.206734
472.204832,96.396633,143.590336,221.206734
472.204832,100.396633,143.590336,221.206734
472.204832,100.396633,143.590336,221.206734
476.204832,76.396633,143.590336,221.206734
474.768929,38.184566,146.462143,225.630868
477.304307,35.928257,149.391386,230.143486
483.810393,33.626822,152.379213,234.746356
482.286601,27.279359,155.426798,239.441283
482.286601,23.279359,155.426798,239.441283
487.810393,33.626822,152.379213,234.746356
499.810393,69.626822,152.379213,234.746356
505.304307,79.928257,149.391386,230.143486
507.810393,77.626822,152.379213,234.746356
509.304307,83.928257,149.391386,230.143486
509.304307,87.928257,149.391386,230.143486
493.304307,87.928257,149.391386,230.143486
497.304307,87.928257,149.391386,230.143486
498.768929,94.184566,146.462143,225.630868
502.768929,102.184566,146.462143,225.630868
505.304307,99.928257,149.391386,230.143486
507.810393,93.626822,152.379213,234.746356
507.810393,93.626822,152.379213,234.746356
523.810393,93.626822,152.379213,234.746356
535.810393,93.626822,152.379213,234.746356
535.810393,101.626822,152.379213,234.746356
539.810393,133.626822,152.379213,234.746356
538.286601,127.279359,155.426798,239.441283
538.286601,127.279359,155.426798,239.441283
542.286601,127.279359,155.426798,239.441283
542.286601,127.279359,155.426798,239.441283
546.286601,127.279359,155.426798,239.441283
546.286601,91.279359,155.426798,239.441283
551.810393,29.626822,152.379213,234.746356
555.810393,5.626822,152.379213,234.746356
559.810393,5.626822,152.379213,234.746356
554.286601,-0.720641,155.426798,239.441283
554.286601,3.279359,155.426798,239.441283
555.810393,9.626822,152.379213,234.746356
559.810393,9.626822,152.379213,234.746356
562.286601,39.279359,155.426798,239.441283
570.286601,79.279359,155.426798,239.441283
571.810393,121.626822,152.379213,234.746356
574.286601,151.279359,155.426798,239.441283
572.732333,148.884946,158.535333,244.230108
604.732333,120.884946,158.535333,244.230108
644.732333,88.884946,158.535333,244.230108
646.286601,63.279359,155.426798,239.441283
668.732333,84.884946,158.535333,244.230108
699.146980,114.442645,161.706040,249.114711
723.146980,146.442645,161.706040,249.114711
737.529920,171.951498,164.940161,254.097005
739.146980,178.442645,161.706040,249.114711
724.732333,188.884946,158.535333,244.230108
706.286601,195.279359,155.426798,239.441283
706.286601,195.279359,155.426798,239.441283
706.286601,191.279359,155.426798,239.441283
707.810393,197.626822,152.379213,234.746356
707.810393,201.626822,152.379213,234.746356
709.304307,203.928257,149.391386,230.143486
709.304307,203.928257,149.391386,230.143486
710.768929,114.184566,146.462143,225.630868
720.204832,56.396633,143.590336,221.206734
725.304307,43.928257,149.391386,230.143486
735.810393,41.626822,152.379213,234.746356
733.304307,79.928257,149.391386,230.143486
729.304307,111.928257,149.391386,230.143486
725.304307,147.928257,149.391386,230.143486
721.304307,207.928257,149.391386,230.143486
721.304307,239.928257,149.391386,230.143486
714.768929,250.184566,146.462143,225.630868
702.768929,250.184566,146.462143,225.630868
694.768929,250.184566,146.462143,225.630868
674.768929,250.184566,146.462143,225.630868
674.768929,250.184566,146.462143,225.630868
650.768929,218.184566,146.462143,225.630868
638.768929,150.184566,146.462143,225.630868
626.768929,122.184566,146.462143,225.630868
630.768929,126.184566,146.462143,225.630868
677.304307,123.928257,149.391386,230.143486
729.304307,119.928257,149.391386,230.143486
745.304307,151.928257,149.391386,230.143486
733.304307,219.928257,149.391386,230.143486
811.810393,241.626822,152.379213,234.746356
849.304307,243.928257,149.391386,230.143486
887.810393,233.626822,152.379213,234.746356
917.304307,239.928257,149.391386,230.143486
925.304307,267.928257,149.391386,230.143486
921.304307,231.928257,149.391386,230.143486
899.810393,189.626822,152.379213,234.746356
879.810393,137.626822,152.379213,234.746356
867.810393,109.626822,152.379213,234.746356
834.286601,131.279359,155.426798,239.441283
794.286601,139.279359,155.426798,239.441283
730.286601,179.279359,155.426798,239.441283
715.810393,225.626822,152.379213,234.746356
717.304307,231.928257,149.391386,230.143486
701.304307,231.928257,149.391386,230.143486
655.810393,257.626822,152.379213,234.746356
611.810393,261.626822,152.379213,234.746356
573.304307,263.928257,149.391386,230.143486
535.810393,261.626822,152.379213,234.746356
517.304307,243.928257,149.391386,230.143486
529.304307,215.928257,149.391386,230.143486
549.304307,187.928257,149.391386,230.143486
550.768929,134.184566,146.462143,225.630868
534.768929,106.184566,146.462143,225.630868
523.810393,101.626822,152.379213,234.746356
519.810393,105.626822,152.379213,234.746356
514.286601,131.279359,155.426798,239.441283
511.810393,133.626822,152.379213,234.746356
511.810393,133.626822,152.379213,234.746356
511.810393,133.626822,152.379213,234.746356
511.810393,129.626822,152.379213,234.746356
511.810393,129.626822,152.379213,234.746356
511.810393,129.626822,152.379213,234.746356
511.810393,129.626822,152.379213,234.746356
511.810393,129.626822,152.379213,234.746356
515.810393,97.626822,152.379213,234.746356
515.810393,57.626822,152.379213,234.746356
517.304307,3.928257,149.391386,230.143486
525.304307,-24.071743,149.391386,230.143486
533.304307,-28.071743,149.391386,230.143486
509.304307,-52.071743,149.391386,230.143486
493.304307,-48.071743,149.391386,230.143486
505.304307,-44.071743,149.391386,230.143486
501.304307,-40.071743,149.391386,230.143486
501.304307,-40.071743,149.391386,230.143486
465.304307,-12.071743,149.391386,230.143486
449.304307,-12.071743,149.391386,230.143486
437.304307,-24.071743,149.391386,230.143486
417.304307,-24.071743,149.391386,230.143486
406.768929,-21.815434,146.462143,225.630868
410.768929,-1.815434,146.462143,225.630868
417.304307,-8.071743,149.391386,230.143486
421.304307,-36.071743,149.391386,230.143486
433.304307,-36.071743,149.391386,230.143486
453.304307,-32.071743,149.391386,230.143486
457.304307,27.928257,149.391386,230.143486
465.304307,59.928257,149.391386,230.143486
475.810393,89.626822,152.379213,234.746356
491.810393,117.626822,152.379213,234.746356
491.810393,149.626822,152.379213,234.746356
505.304307,163.928257,149.391386,230.143486
513.304307,167.928257,149.391386,230.143486
534.768929,170.184566,146.462143,225.630868
568.204832,172.396633,143.590336,221.206734
580.204832,176.396633,143.590336,221.206734
589.612580,146.565327,140.774839,216.869347
601.612580,82.565327,140.774839,216.869347
613.612580,46.565327,140.774839,216.869347
620.204832,12.396633,143.590336,221.206734
624.204832,16.396633,143.590336,221.206734
624.204832,48.396633,143.590336,221.206734
628.204832,88.396633,143.590336,221.206734
626.768929,114.184566,146.462143,225.630868
626.768929,114.184566,146.462143,225.630868
628.204832,120.396633,143.590336,221.206734
630.768929,142.184566,146.462143,225.630868
624.204832,148.396633,143.590336,221.206734
620.204832,148.396633,143.590336,221.206734
621.612580,122.565327,140.774839,216.869347
621.612580,122.565327,140.774839,216.869347
621.612580,94.565327,140.774839,216.869347
641.612580,66.565327,140.774839,216.869347
645.612580,34.565327,140.774839,216.869347
656.204832,24.396633,143.590336,221.206734
670.768929,14.184566,146.462143,225.630868
685.304307,35.928257,149.391386,230.143486
693.304307,63.928257,149.391386,230.143486
698.768929,66.184566,146.462143,225.630868
702.768929,66.184566,146.462143,225.630868
728.204832,68.396633,143.590336,221.206734
725.612580,74.565327,140.774839,216.869347
730.992726,76.691497,138.014548,212.617007
730.992726,76.691497,138.014548,212.617007
732.345810,78.775977,135.308381,208.448046
734.992726,76.691497,138.014548,212.617007
732.345810,14.775977,135.308381,208.448046
736.345810,-45.224023,135.308381,208.448046
744.345810,-49.224023,135.308381,208.448046
724.345810,-21.224023,135.308381,208.448046
704.345810,-13.224023,135.308381,208.448046
720.345810,-9.224023,135.308381,208.448046
720.345810,-5.224023,135.308381,208.448046
720.345810,-1.224023,135.308381,208.448046
718.992726,16.691497,138.014548,212.617007
669.612580,42.565327,140.774839,216.869347
646.992726,48.691497,138.014548,212.617007
650.992726,44.691497,138.014548,212.617007
665.612580,38.565327,140.774839,216.869347
682.992726,48.691497,138.014548,212.617007
657.612580,42.565327,140.774839,216.869347
618.992726,16.691497,138.014548,212.617007
633.612580,10.565327,140.774839,216.869347
644.204832,8.396633,143.590336,221.206734
625.612580,14.565327,140.774839,216.869347
601.612580,18.565327,140.774839,216.869347
596.204832,44.396633,143.590336,221.206734
584.204832,52.396633,143.590336,221.206734
576.204832,80.396633,143.590336,221.206734
564.204832,84.396633,143.590336,221.206734
557.612580,94.565327,140.774839,216.869347
553.612580,98.565327,140.774839,216.869347
549.612580,98.565327,140.774839,216.869347
541.612580,102.565327,140.774839,216.869347
533.612580,94.565327,140.774839,216.869347
525.612580,34.565327,140.774839,216.869347
525.612580,6.565327,140.774839,216.869347
505.612580,6.565327,140.774839,216.869347
481.612580,14.565327,140.774839,216.869347
480.204832,36.396633,143.590336,221.206734
480.204832,40.396633,143.590336,221.206734
480.204832,76.396633,143.590336,221.206734
477.612580,86.565327,140.774839,216.869347
448.204832,112.396633,143.590336,221.206734
453.612580,118.565327,140.774839,216.869347
453.612580,118.565327,140.774839,216.869347
448.204832,116.396633,143.590336,221.206734
444.204832,116.396633,143.590336,221.206734
444.204832,108.396633,143.590336,221.206734
465.612580,86.565327,140.774839,216.869347
476.204832,84.396633,143.590336,221.206734
492.204832,84.396633,143.590336,221.206734
517.612580,86.565327,140.774839,216.869347
537.612580,86.565327,140.774839,216.869347
545.612580,86.565327,140.774839,216.869347
557.612580,114.565327,140.774839,216.869347
565.612580,146.565327,140.774839,216.869347
570.992726,156.691497,138.014548,212.617007
577.612580,158.565327,140.774839,216.869347
605.612580,162.565327,140.774839,216.869347
625.612580,166.565327,140.774839,216.869347
625.612580,166.565327,140.774839,216.869347
628.204832,156.396633,143.590336,221.206734
634.768929,122.184566,146.462143,225.630868
670.768929,74.184566,146.462143,225.630868
680.204832,44.396633,143.590336,221.206734
682.768929,38.184566,146.462143,225.630868
684.204832,44.396633,143.590336,221.206734
684.204832,48.396633,143.590336,221.206734
680.204832,44.396633,143.590336,221.206734
680.204832,40.396633,143.590336,221.206734
662.768929,38.184566,146.462143,225.630868
613.304307,59.928257,149.391386,230.143486
577.304307,59.928257,149.391386,230.143486
574.768929,62.184566,146.462143,225.630868
580.204832,68.396633,143.590336,221.206734
596.204832,68.396633,143.590336,221.206734
597.612580,74.565327,140.774839,216.869347
593.612580,42.565327,140.774839,216.869347
586.992726,16.691497,138.014548,212.617007
586.992726,20.691497,138.014548,212.617007
585.612580,18.565327,140.774839,216.869347
581.612580,18.565327,140.774839,216.869347
578.992726,28.691497,138.014548,212.617007
573.612580,54.565327,140.774839,216.869347
564.204832,72.396633,143.590336,221.206734
561.612580,78.565327,140.774839,216.869347
557.612580,78.565327,140.774839,216.869347
553.612580,78.565327,140.774839,216.869347
553.612580,78.565327,140.774839,216.869347
554.992726,80.691497,138.014548,212.617007
554.992726,84.691497,138.014548,212.617007
554.992726,52.691497,138.014548,212.617007
577.612580,14.565327,140.774839,216.869347
584.204832,36.396633,143.590336,221.206734
589.612580,42.565327,140.774839,216.869347
593.612580,74.565327,140.774839,216.869347
593.612580,82.565327,140.774839,216.869347
608.204832,108.396633,143.590336,221.206734
606.768929,138.184566,146.462143,225.630868
610.768929,166.184566,146.462143,225.630868
590.768929,174.184566,146.462143,225.630868
574.768929,186.184566,146.462143,225.630868
564.204832,196.396633,143.590336,221.206734
540.204832,200.396633,143.590336,221.206734
545.612580,202.565327,140.774839,216.869347
569.612580,138.565327,140.774839,216.869347
549.612580,106.565327,140.774839,216.869347
508.204832,96.396633,143.590336,221.206734
488.204832,104.396633,143.590336,221.206734
504.204832,128.396633,143.590336,221.206734
508.204832,128.396633,143.590336,221.206734
520.204832,128.396633,143.590336,221.206734
520.204832,124.396633,143.590336,221.206734
500.204832,124.396633,143.590336,221.206734
496.204832,120.396633,143.590336,221.206734
517.612580,94.565327,140.774839,216.869347
529.612580,94.565327,140.774839,216.869347
529.612580,94.565327,140.774839,216.869347
526.992726,92.691497,138.014548,212.617007
528.345810,30.775977,135.308381,208.448046
537.672362,-39.180415,132.655275,204.360829
557.672362,-75.180415,132.655275,204.360829
565.672362,-75.180415,132.655275,204.360829
549.672362,-75.180415,132.655275,204.360829
549.672362,-75.180415,132.655275,204.360829
545.672362,-75.180415,132.655275,204.360829
553.672362,-75.180415,132.655275,204.360829
557.672362,-47.180415,132.655275,204.360829
541.672362,-23.180415,132.655275,204.360829
524.345810,2.775977,135.308381,208.448046
520.345810,10.775977,135.308381,208.448046
544.345810,10.775977,135.308381,208.448046
592.345810,6.775977,135.308381,208.448046
636.345810,-57.224023,135.308381,208.448046
624.345810,-89.224023,135.308381,208.448046
636.345810,-85.224023,135.308381,208.448046
661.672362,-71.180415,132.655275,204.360829
677.672362,-71.180415,132.655275,204.360829
693.672362,-71.180415,132.655275,204.360829
697.672362,-67.180415,132.655275,204.360829
693.672362,-23.180415,132.655275,204.360829
693.672362,8.819585,132.655275,204.360829
693.672362,12.819585,132.655275,204.360829
692.345810,38.775977,135.308381,208.448046
696.345810,70.775977,135.308381,208.448046
696.345810,74.775977,135.308381,208.448046
697.672362,76.819585,132.655275,204.360829
701.672362,44.819585,132.655275,204.360829
721.672362,-19.180415,132.655275,204.360829
737.672362,-39.180415,132.655275,204.360829
753.672362,-15.180415,132.655275,204.360829
760.345810,14.775977,135.308381,208.448046
760.345810,54.775977,135.308381,208.448046
756.345810,86.775977,135.308381,208.448046
752.345810,94.775977,135.308381,208.448046
752.345810,102.775977,135.308381,208.448046
752.345810,110.775977,135.308381,208.448046
750.992726,128.691497,138.014548,212.617007
734.992726,128.691497,138.014548,212.617007
726.992726,104.691497,138.014548,212.617007
726.992726,100.691497,138.014548,212.617007
722.992726,68.691497,138.014548,212.617007
722.992726,32.691497,138.014548,212.617007
722.992726,-3.308503,138.014548,212.617007
722.992726,-11.308503,138.014548,212.617007
728.345810,-9.224023,135.308381,208.448046
736.345810,-5.224023,135.308381,208.448046
736.345810,26.775977,135.308381,208.448046
737.672362,36.819585,132.655275,204.360829
733.672362,48.819585,132.655275,204.360829
729.672362,64.819585,132.655275,204.360829
730.972904,70.823123,130.054191,200.353754
730.972904,74.823123,130.054191,200.353754
726.972904,78.823123,130.054191,200.353754
726.972904,82.823123,130.054191,200.353754
722.972904,86.823123,130.054191,200.353754
722.972904,86.823123,130.054191,200.353754
737.672362,52.819585,132.655275,204.360829
745.672362,24.819585,132.655275,204.360829
749.672362,32.819585,132.655275,204.360829
754.972904,38.823123,130.054191,200.353754
757.672362,40.819585,132.655275,204.360829
753.672362,40.819585,132.655275,204.360829
753.672362,40.819585,132.655275,204.360829
753.672362,44.819585,132.655275,204.360829
753.672362,56.819585,132.655275,204.360829
741.672362,60.819585,132.655275,204.360829
721.672362,64.819585,132.655275,204.360829
689.672362,68.819585,132.655275,204.360829
669.672362,76.819585,132.655275,204.360829
669.672362,84.819585,132.655275,204.360829
669.672362,88.819585,132.655275,204.360829
669.672362,92.819585,132.655275,204.360829
661.672362,88.819585,132.655275,204.360829
661.672362,88.819585,132.655275,204.360829
660.345810,86.775977,135.308381,208.448046
660.345810,82.775977,135.308381,208.448046
664.345810,78.775977,135.308381,208.448046
668.345810,78.775977,135.308381,208.448046
672.345810,78.775977,135.308381,208.448046
673.672362,84.819585,132.655275,204.360829
669.672362,88.819585,132.655275,204.360829
673.672362,96.819585,132.655275,204.360829
681.672362,100.819585,132.655275,204.360829
685.672362,104.819585,132.655275,204.360829
689.672362,108.819585,132.655275,204.360829
693.672362,108.819585,132.655275,204.360829
696.345810,102.775977,135.308381,208.448046
698.992726,96.691497,138.014548,212.617007
702.992726,96.691497,138.014548,212.617007
702.992726,92.691497,138.014548,212.617007
702.992726,92.691497,138.014548,212.617007
702.992726,92.691497,138.014548,212.617007
702.992726,92.691497,138.014548,212.617007
710.992726,96.691497,138.014548,212.617007
706.992726,112.691497,138.014548,212.617007
706.992726,112.691497,138.014548,212.617007
706.992726,116.691497,138.014548,212.617007
702.992726,120.691497,138.014548,212.617007
700.345810,126.775977,135.308381,208.448046
704.345810,130.775977,135.308381,208.448046
724.345810,98.775977,135.308381,208.448046
718.992726,64.691497,138.014548,212.617007
722.992726,60.691497,138.014548,212.617007
722.992726,72.691497,138.014548,212.617007
722.992726,72.691497,138.014548,212.617007
742.992726,72.691497,138.014548,212.617007
754.992726,72.691497,138.014548,212.617007
754.992726,72.691497,138.014548,212.617007
754.992726,76.691497,138.014548,212.617007
750.992726,80.691497,138.014548,212.617007
746.992726,80.691497,138.014548,212.617007
746.992726,80.691497,138.014548,212.617007
746.992726,80.691497,138.014548,212.617007
742.992726,80.691497,138.014548,212.617007
754.992726,84.691497,138.014548,212.617007
760.345810,58.775977,135.308381,208.448046
760.345810,26.775977,135.308381,208.448046
744.345810,2.775977,135.308381,208.448046
740.345810,10.775977,135.308381,208.448046
732.345810,10.775977,135.308381,208.448046
728.345810,10.775977,135.308381,208.448046
724.345810,18.775977,135.308381,208.448046
716.345810,26.775977,135.308381,208.448046
680.345810,34.775977,135.308381,208.448046
646.992726,56.691497,138.014548,212.617007
618.992726,60.691497,138.014548,212.617007
578.992726,72.691497,138.014548,212.617007
554.992726,76.691497,138.014548,212.617007
550.992726,88.691497,138.014548,212.617007
541.612580,110.565327,140.774839,216.869347
533.612580,114.565327,140.774839,216.869347
529.612580,114.565327,140.774839,216.869347
533.612580,114.565327,140.774839,216.869347
533.612580,114.565327,140.774839,216.869347
533.612580,118.565327,140.774839,216.869347
533.612580,126.565327,140.774839,216.869347
533.612580,134.565327,140.774839,216.869347
532.204832,160.396633,143.590336,221.206734
533.612580,166.565327,140.774839,216.869347
528.204832,184.396633,143.590336,221.206734
524.204832,184.396633,143.590336,221.206734
520.204832,184.396633,143.590336,221.206734
516.204832,184.396633,143.590336,221.206734
513.612580,186.565327,140.774839,216.869347
513.612580,150.565327,140.774839,216.869347
517.612580,78.565327,140.774839,216.869347
517.612580,46.565327,140.774839,216.869347
496.204832,64.396633,143.590336,221.206734
456.204832,64.396633,143.590336,221.206734
456.204832,64.396633,143.590336,221.206734
452.204832,64.396633,143.590336,221.206734
453.612580,66.565327,140.774839,216.869347
453.612580,66.565327,140.774839,216.869347
433.612580,62.565327,140.774839,216.869347
413.612580,58.565327,140.774839,216.869347
413.612580,54.565327,140.774839,216.869347
413.612580,54.565327,140.774839,216.869347
426.992726,20.691497,138.014548,212.617007
402.992726,-7.308503,138.014548,212.617007
418.992726,-3.308503,138.014548,212.617007
458.992726,-3.308503,138.014548,212.617007
478.992726,-7.308503,138.014548,212.617007
478.992726,-11.308503,138.014548,212.617007
470.992726,-11.308503,138.014548,212.617007
450.992726,-7.308503,138.014548,212.617007
446.992726,0.691497,138.014548,212.617007
456.345810,18.775977,135.308381,208.448046
456.345810,22.775977,135.308381,208.448046
436.345810,26.775977,135.308381,208.448046
412.345810,30.775977,135.308381,208.448046
408.345810,26.775977,135.308381,208.448046
425.672362,-39.180415,132.655275,204.360829
434.972904,-113.176877,130.054191,200.353754
434.972904,-113.176877,130.054191,200.353754
402.972904,-113.176877,130.054191,200.353754
393.672362,-115.180415,132.655275,204.360829
385.672362,-111.180415,132.655275,204.360829
389.672362,-75.180415,132.655275,204.360829
389.672362,-23.180415,132.655275,204.360829
388.345810,6.775977,135.308381,208.448046
382.992726,32.691497,138.014548,212.617007
378.992726,68.691497,138.014548,212.617007
378.992726,104.691497,138.014548,212.617007
374.992726,132.691497,138.014548,212.617007
370.992726,120.691497,138.014548,212.617007
372.345810,94.775977,135.308381,208.448046
384.345810,34.775977,135.308381,208.448046
378.992726,24.691497,138.014548,212.617007
382.992726,28.691497,138.014548,212.617007
413.612580,42.565327,140.774839,216.869347
428.204832,64.396633,143.590336,221.206734
429.612580,106.565327,140.774839,216.869347
445.612580,162.565327,140.774839,216.869347
466.992726,176.691497,138.014548,212.617007
486.992726,192.691497,138.014548,212.617007
502.992726,212.691497,138.014548,212.617007
526.992726,228.691497,138.014548,212.617007
548.345810,234.775977,135.308381,208.448046
564.345810,222.775977,135.308381,208.448046
580.345810,182.775977,135.308381,208.448046
592.345810,150.775977,135.308381,208.448046
598.992726,140.691497,138.014548,212.617007
602.992726,128.691497,138.014548,212.617007
610.992726,128.691497,138.014548,212.617007
621.612580,154.565327,140.774839,216.869347
617.612580,186.565327,140.774839,216.869347
617.612580,186.565327,140.774839,216.869347
618.992726,184.691497,138.014548,212.617007
622.992726,180.691497,138.014548,212.617007
622.992726,180.691497,138.014548,212.617007
622.992726,176.691497,138.014548,212.617007
602.992726,172.691497,138.014548,212.617007
586.992726,168.691497,138.014548,212.617007
598.992726,168.691497,138.014548,212.617007
602.992726,168.691497,138.014548,212.617007
648.345810,138.775977,135.308381,208.448046
660.345810,110.775977,135.308381,208.448046
658.992726,104.691497,138.014548,212.617007
674.992726,100.691497,138.014548,212.617007
697.612580,90.565327,140.774839,216.869347
709.612580,86.565327,140.774839,216.869347
705.612580,86.565327,140.774839,216.869347
685.612580,118.565327,140.774839,216.869347
669.612580,134.565327,140.774839,216.869347
686.992726,136.691497,138.014548,212.617007
706.992726,136.691497,138.014548,212.617007
716.345810,138.775977,135.308381,208.448046
712.345810,138.775977,135.308381,208.448046
708.345810,138.775977,135.308381,208.448046
717.672362,140.819585,132.655275,204.360829
729.672362,140.819585,132.655275,204.360829
733.672362,104.819585,132.655275,204.360829
713.672362,76.819585,132.655275,204.360829
681.672362,76.819585,132.655275,204.360829
676.345810,74.775977,135.308381,208.448046
670.992726,68.691497,138.014548,212.617007
662.992726,64.691497,138.014548,212.617007
648.345810,62.775977,135.308381,208.448046
632.345810,62.775977,135.308381,208.448046
613.672362,72.819585,132.655275,204.360829
597.672362,84.819585,132.655275,204.360829
589.672362,84.819585,132.655275,204.360829
581.672362,88.819585,132.655275,204.360829
573.672362,92.819585,132.655275,204.360829
570.972904,94.823123,130.054191,200.353754
562.972904,94.823123,130.054191,200.353754
568.247945,36.787375,127.504109,196.425249
574.972904,26.823123,130.054191,200.353754
578.972904,26.823123,130.054191,200.353754
577.672362,16.819585,132.655275,204.360829
581.672362,-3.180415,132.655275,204.360829
589.672362,-3.180415,132.655275,204.360829
593.672362,4.819585,132.655275,204.360829
593.672362,36.819585,132.655275,204.360829
594.972904,42.823123,130.054191,200.353754
597.672362,68.819585,132.655275,204.360829
593.672362,72.819585,132.655275,204.360829
593.672362,72.819585,132.655275,204.360829
590.972904,78.823123,130.054191,200.353754
592.247945,56.787375,127.504109,196.425249
592.247945,24.787375,127.504109,196.425249
590.972904,18.823123,130.054191,200.353754
590.972904,14.823123,130.054191,200.353754
590.972904,14.823123,130.054191,200.353754
594.972904,10.823123,130.054191,200.353754
596.247945,20.787375,127.504109,196.425249
582.972904,50.823123,130.054191,200.353754
582.972904,42.823123,130.054191,200.353754
574.972904,38.823123,130.054191,200.353754
576.247945,40.787375,127.504109,196.425249
580.247945,40.787375,127.504109,196.425249
573.497986,42.713113,125.004029,192.573774
565.497986,46.713113,125.004029,192.573774
561.497986,50.713113,125.004029,192.573774
553.497986,54.713113,125.004029,192.573774
549.497986,58.713113,125.004029,192.573774
549.497986,58.713113,125.004029,192.573774
549.497986,58.713113,125.004029,192.573774
549.497986,58.713113,125.004029,192.573774
549.497986,58.713113,125.004029,192.573774
553.497986,58.713113,125.004029,192.573774
557.497986,66.713113,125.004029,192.573774
557.497986,102.713113,125.004029,192.573774
557.497986,130.713113,125.004029,192.573774
557.497986,130.713113,125.004029,192.573774
557.497986,130.713113,125.004029,192.573774
562.723515,136.601091,122.552969,188.797817
566.723515,140.601091,122.552969,188.797817
570.723515,144.601091,122.552969,188.797817
574.723515,148.601091,122.552969,188.797817
574.723515,148.601091,122.552969,188.797817
578.723515,140.601091,122.552969,188.797817
581.497986,134.713113,125.004029,192.573774
585.497986,130.713113,125.004029,192.573774
585.497986,126.713113,125.004029,192.573774
585.497986,126.713113,125.004029,192.573774
585.497986,126.713113,125.004029,192.573774
585.497986,126.713113,125.004029,192.573774
581.497986,126.713113,125.004029,192.573774
582.723515,128.601091,122.552969,188.797817
563.925015,130.452050,120.149970,185.095899
519.925015,134.452050,120.149970,185.095899
487.925015,134.452050,120.149970,185.095899
487.925015,134.452050,120.149970,185.095899
483.925015,134.452050,120.149970,185.095899
483.925015,138.452050,120.149970,185.095899
486.723515,136.601091,122.552969,188.797817
494.723515,132.601091,122.552969,188.797817
497.497986,126.713113,125.004029,192.573774
493.497986,126.713113,125.004029,192.573774
493.497986,126.713113,125.004029,192.573774
497.497986,122.713113,125.004029,192.573774
497.497986,118.713113,125.004029,192.573774
493.497986,118.713113,125.004029,192.573774
490.723515,120.601091,122.552969,188.797817
490.723515,120.601091,122.552969,188.797817
493.497986,118.713113,125.004029,192.573774
489.497986,118.713113,125.004029,192.573774
482.723515,120.601091,122.552969,188.797817
478.723515,120.601091,122.552969,188.797817
486.723515,116.601091,122.552969,188.797817
493.497986,114.713113,125.004029,192.573774
492.247945,108.787375,127.504109,196.425249
490.972904,106.823123,130.054191,200.353754
492.247945,104.787375,127.504109,196.425249
492.247945,104.787375,127.504109,196.425249
496.247945,104.787375,127.504109,196.425249
500.247945,104.787375,127.504109,196.425249
501.497986,106.713113,125.004029,192.573774
501.497986,106.713113,125.004029,192.573774
497.497986,106.713113,125.004029,192.573774
493.497986,106.713113,125.004029,192.573774
489.497986,106.713113,125.004029,192.573774
489.497986,106.713113,125.004029,192.573774
493.497986,50.713113,125.004029,192.573774
493.497986,50.713113,125.004029,192.573774
498.723515,20.601091,122.552969,188.797817
501.497986,18.713113,125.004029,192.573774
509.497986,18.713113,125.004029,192.573774
513.497986,14.713113,125.004029,192.573774
520.247945,4.787375,127.504109,196.425249
532.247945,0.787375,127.504109,196.425249
537.497986,14.713113,125.004029,192.573774
538.723515,16.601091,122.552969,188.797817
539.925015,22.452050,120.149970,185.095899
539.925015,26.452050,120.149970,185.095899
539.925015,26.452050,120.149970,185.095899
534.723515,28.601091,122.552969,188.797817
535.925015,30.452050,120.149970,185.095899
531.925015,30.452050,120.149970,185.095899
531.925015,30.452050,120.149970,185.095899
529.497986,18.713113,125.004029,192.573774
528.247945,8.787375,127.504109,196.425249
528.247945,4.787375,127.504109,196.425249
518.972904,-1.176877,130.054191,200.353754
514.972904,-5.176877,130.054191,200.353754
506.972904,-5.176877,130.054191,200.353754
502.972904,-5.176877,130.054191,200.353754
496.247945,0.787375,127.504109,196.425249
481.497986,6.713113,125.004029,192.573774
457.497986,14.713113,125.004029,192.573774
433.497986,22.713113,125.004029,192.573774
417.497986,26.713113,125.004029,192.573774
413.497986,26.713113,125.004029,192.573774
410.723515,-7.398909,122.552969,188.797817
407.925015,-45.547950,120.149970,185.095899
405.102956,-47.733284,117.794088,181.466568
402.257800,-53.954200,115.484400,177.908400
407.390000,-60.210000,113.220000,174.420000
407.390000,-64.210000,113.220000,174.420000
407.390000,-64.210000,113.220000,174.420000
407.390000,-36.210000,113.220000,174.420000
403.390000,-32.210000,113.220000,174.420000
399.390000,-28.210000,113.220000,174.420000
395.390000,-24.210000,113.220000,174.420000
395.390000,-20.210000,113.220000,174.420000
387.390000,-16.210000,113.220000,174.420000
388.500000,-14.500000,111.000000,171.000000
388.500000,-46.500000,111.000000,171.000000
396.500000,-114.500000,111.000000,171.000000
392.500000,-14.500000,111.000000,171.000000
408.500000,-110.500000,111.000000,171.000000
403.390000,-100.210000,113.220000,174.420000
400.500000,-74.500000,111.000000,171.000000
392.500000,-66.500000,111.000000,171.000000
396.500000,-34.500000,111.000000,171.000000
395.390000,3.790000,113.220000,174.420000
395.390000,31.790000,113.220000,174.420000
390.257800,38.045800,115.484400,177.908400
390.257800,62.045800,115.484400,177.908400
389.102956,76.266716,117.794088,181.466568
390.257800,82.045800,115.484400,177.908400
398.257800,82.045800,115.484400,177.908400
439.390000,47.790000,113.220000,174.420000
443.390000,11.790000,113.220000,174.420000
430.257800,10.045800,115.484400,177.908400
438.257800,34.045800,115.484400,177.908400
458.257800,26.045800,115.484400,177.908400
478.257800,6.045800,115.484400,177.908400
481.102956,16.266716,117.794088,181.466568
497.102956,52.266716,117.794088,181.466568
501.102956,76.266716,117.794088,181.466568
499.925015,74.452050,120.149970,185.095899
530.723515,72.601091,122.552969,188.797817
558.723515,76.601091,122.552969,188.797817
570.723515,100.601091,122.552969,188.797817
570.723515,100.601091,122.552969,188.797817
578.723515,104.601091,122.552969,188.797817
590.723515,108.601091,122.552969,188.797817
602.723515,112.601091,122.552969,188.797817
606.723515,116.601091,122.552969,188.797817
606.723515,120.601091,122.552969,188.797817
607.925015,150.452050,120.149970,185.095899
618.723515,152.601091,122.552969,188.797817
639.925015,178.452050,120.149970,185.095899
631.925015,206.452050,120.149970,185.095899
631.925015,234.452050,120.149970,185.095899
631.925015,238.452050,120.149970,185.095899
630.723515,244.601091,122.552969,188.797817
630.723515,248.601091,122.552969,188.797817
630.723515,252.601091,122.552969,188.797817
630.723515,252.601091,122.552969,188.797817
654.723515,256.601091,122.552969,188.797817
674.723515,252.601091,122.552969,188.797817
670.723515,240.601091,122.552969,188.797817
670.723515,240.601091,122.552969,188.797817
662.723515,236.601091,122.552969,188.797817
662.723515,228.601091,122.552969,188.797817
662.723515,208.601091,122.552969,188.797817
667.925015,210.452050,120.149970,185.095899
667.925015,206.452050,120.149970,185.095899
663.925015,206.452050,120.149970,185.095899
657.102956,208.266716,117.794088,181.466568
653.102956,200.266716,117.794088,181.466568
653.102956,196.266716,117.794088,181.466568
649.102956,168.266716,117.794088,181.466568
649.102956,136.266716,117.794088,181.466568
645.102956,96.266716,117.794088,181.466568
647.925015,70.452050,120.149970,185.095899
643.925015,70.452050,120.149970,185.095899
610.723515,68.601091,122.552969,188.797817
606.723515,68.601091,122.552969,188.797817
617.497986,66.713113,125.004029,192.573774
613.497986,70.713113,125.004029,192.573774
605.497986,98.713113,125.004029,192.573774
577.497986,106.713113,125.004029,192.573774
561.497986,106.713113,125.004029,192.573774
554.723515,112.601091,122.552969,188.797817
550.723515,116.601091,122.552969,188.797817
546.723515,116.601091,122.552969,188.797817
546.723515,116.601091,122.552969,188.797817
542.723515,120.601091,122.552969,188.797817
538.723515,120.601091,122.552969,188.797817
542.723515,120.601091,122.552969,188.797817
546.723515,116.601091,122.552969,188.797817
550.723515,116.601091,122.552969,188.797817
550.723515,112.601091,122.552969,188.797817
546.723515,140.601091,122.552969,188.797817
542.723515,168.601091,122.552969,188.797817
537.497986,166.713113,125.004029,192.573774
537.497986,166.713113,125.004029,192.573774
534.723515,172.601091,122.552969,188.797817
534.723515,176.601091,122.552969,188.797817
547.925015,182.452050,120.149970,185.095899
559.925015,186.452050,120.149970,185.095899
563.925015,186.452050,120.149970,185.095899
567.925015,154.452050,120.149970,185.095899
571.925015,122.452050,120.149970,185.095899
574.723515,116.601091,122.552969,188.797817
573.497986,114.713113,125.004029,192.573774
577.497986,114.713113,125.004029,192.573774
577.497986,114.713113,125.004029,192.573774
581.497986,114.713113,125.004029,192.573774
585.497986,114.713113,125.004029,192.573774
585.497986,114.713113,125.004029,192.573774
585.497986,114.713113,125.004029,192.573774
585.497986,114.713113,125.004029,192.573774
569.497986,114.713113,125.004029,192.573774
557.497986,114.713113,125.004029,192.573774
562.723515,116.601091,122.552969,188.797817
559.925015,118.452050,120.149970,185.095899
559.925015,110.452050,120.149970,185.095899
559.925015,110.452050,120.149970,185.095899
562.723515,108.601091,122.552969,188.797817
562.723515,108.601091,122.552969,188.797817
562.723515,108.601091,122.552969,188.797817
562.723515,108.601091,122.552969,188.797817
566.723515,108.601091,122.552969,188.797817
566.723515,120.601091,122.552969,188.797817
562.723515,124.601091,122.552969,188.797817
563.925015,130.452050,120.149970,185.095899
567.925015,142.452050,120.149970,185.095899
567.925015,146.452050,120.149970,185.095899
567.925015,150.452050,120.149970,185.095899
579.925015,146.452050,120.149970,185.095899
601.102956,124.266716,117.794088,181.466568
621.102956,96.266716,117.794088,181.466568
621.102956,92.266716,117.794088,181.466568
619.925015,86.452050,120.149970,185.095899
619.925015,78.452050,120.149970,185.095899
615.925015,70.452050,120.149970,185.095899
611.925015,66.452050,120.149970,185.095899
611.925015,62.452050,120.149970,185.095899
615.925015,58.452050,120.149970,185.095899
583.925015,54.452050,120.149970,185.095899
563.925015,54.452050,120.149970,185.095899
567.925015,54.452050,120.149970,185.095899
567.925015,50.452050,120.149970,185.095899
591.925015,46.452050,120.149970,185.095899
591.925015,42.452050,120.149970,185.095899
615.925015,38.452050,120.149970,185.095899
677.102956,16.266716,117.794088,181.466568
713.102956,-3.733284,117.794088,181.466568
711.925015,-5.547950,120.149970,185.095899
686.723515,-7.398909,122.552969,188.797817
682.723515,-7.398909,122.552969,188.797817
713.497986,-5.286887,125.004029,192.573774
757.497986,-1.286887,125.004029,192.573774
780.247945,0.787375,127.504109,196.425249
794.972904,-1.176877,130.054191,200.353754
794.972904,2.823123,130.054191,200.353754
786.972904,2.823123,130.054191,200.353754
792.247945,4.787375,127.504109,196.425249
797.497986,6.713113,125.004029,192.573774
790.723515,-23.398909,122.552969,188.797817
774.723515,-19.398909,122.552969,188.797817
758.723515,-19.398909,122.552969,188.797817
754.723515,-19.398909,122.552969,188.797817
754.723515,-19.398909,122.552969,188.797817
754.723515,-15.398909,122.552969,188.797817
754.723515,-11.398909,122.552969,188.797817
743.925015,-1.547950,120.149970,185.095899
705.102956,4.266716,117.794088,181.466568
658.257800,10.045800,115.484400,177.908400
645.102956,12.266716,117.794088,181.466568
641.102956,16.266716,117.794088,181.466568
625.102956,24.266716,117.794088,181.466568
609.102956,28.266716,117.794088,181.466568
595.925015,26.452050,120.149970,185.095899
598.723515,24.601091,122.552969,188.797817
606.723515,52.601091,122.552969,188.797817
598.723515,80.601091,122.552969,188.797817
594.723515,84.601091,122.552969,188.797817
602.723515,116.601091,122.552969,188.797817
586.723515,124.601091,122.552969,188.797817
570.723515,152.601091,122.552969,188.797817
586.723515,172.601091,122.552969,188.797817
602.723515,180.601091,122.552969,188.797817
598.723515,204.601091,122.552969,188.797817
598.723515,204.601091,122.552969,188.797817
598.723515,204.601091,122.552969,188.797817
598.723515,204.601091,122.552969,188.797817
594.723515,208.601091,122.552969,188.797817
590.723515,208.601091,122.552969,188.797817
586.723515,208.601091,122.552969,188.797817
586.723515,208.601091,122.552969,188.797817
577.497986,206.713113,125.004029,192.573774
566.723515,212.601091,122.552969,188.797817
563.925015,222.452050,120.149970,185.095899
555.925015,226.452050,120.149970,185.095899
534.723515,224.601091,122.552969,188.797817
526.723515,224.601091,122.552969,188.797817
526.723515,228.601091,122.552969,188.797817
531.925015,190.452050,120.149970,185.095899
531.925015,158.452050,120.149970,185.095899
534.723515,156.601091,122.552969,188.797817
542.723515,152.601091,122.552969,188.797817
558.723515,124.601091,122.552969,188.797817
558.723515,120.601091,122.552969,188.797817
562.723515,116.601091,122.552969,188.797817
562.723515,116.601091,122.552969,188.797817
566.723515,116.601091,122.552969,188.797817
565.497986,102.713113,125.004029,192.573774
561.497986,98.713113,125.004029,192.573774
561.497986,98.713113,125.004029,192.573774
565.497986,90.713113,125.004029,192.573774
565.497986,54.713113,125.004029,192.573774
566.723515,20.601091,122.552969,188.797817
566.723515,-11.398909,122.552969,188.797817
570.723515,-11.398909,122.552969,188.797817
549.497986,-13.286887,125.004029,192.573774
520.247945,-11.212625,127.504109,196.425249
516.247945,-11.212625,127.504109,196.425249
508.247945,-11.212625,127.504109,196.425249
506.972904,-1.176877,130.054191,200.353754
506.972904,10.823123,130.054191,200.353754
502.972904,18.823123,130.054191,200.353754
493.672362,44.819585,132.655275,204.360829
490.972904,50.823123,130.054191,200.353754
504.247945,52.787375,127.504109,196.425249
516.247945,56.787375,127.504109,196.425249
508.247945,60.787375,127.504109,196.425249
536.247945,60.787375,127.504109,196.425249
585.497986,38.713113,125.004029,192.573774
596.247945,36.787375,127.504109,196.425249
580.247945,36.787375,127.504109,196.425249
564.247945,36.787375,127.504109,196.425249
576.247945,36.787375,127.504109,196.425249
596.247945,36.787375,127.504109,196.425249
600.247945,36.787375,127.504109,196.425249
576.247945,40.787375,127.504109,196.425249
536.247945,44.787375,127.504109,196.425249
504.247945,48.787375,127.504109,196.425249
512.247945,48.787375,127.504109,196.425249
528.247945,-15.212625,127.504109,196.425249
505.497986,-21.286887,125.004029,192.573774
473.497986,-21.286887,125.004029,192.573774
453.497986,-21.286887,125.004029,192.573774
445.497986,-41.286887,125.004029,192.573774
438.723515,-43.398909,122.552969,188.797817
422.723515,-19.398909,122.552969,188.797817
390.723515,-15.398909,122.552969,188.797817
357.497986,14.713113,125.004029,192.573774
336.247945,40.787375,127.504109,196.425249
368.247945,36.787375,127.504109,196.425249
429.497986,6.713113,125.004029,192.573774
449.497986,-21.286887,125.004029,192.573774
433.497986,-33.286887,125.004029,192.573774
450.723515,-35.398909,122.552969,188.797817
487.925015,-41.547950,120.149970,185.095899
501.102956,-43.733284,117.794088,181.466568
477.102956,-39.733284,117.794088,181.466568
481.102956,24.266716,117.794088,181.466568
499.925015,30.452050,120.149970,185.095899
515.925015,58.452050,120.149970,185.095899
547.925015,82.452050,120.149970,185.095899
567.925015,110.452050,120.149970,185.095899
571.925015,106.452050,120.149970,185.095899
574.723515,76.601091,122.552969,188.797817
594.723515,80.601091,122.552969,188.797817
601.497986,82.713113,125.004029,192.573774
605.497986,82.713113,125.004029,192.573774
601.497986,82.713113,125.004029,192.573774
593.497986,86.713113,125.004029,192.573774
588.247945,88.787375,127.504109,196.425249
584.247945,116.787375,127.504109,196.425249
