1.006408
0.007516
0.006014
0.010012
0.006030
0.007056
0.010023
0.006067
0.007305
0.013009
0.011916
0.012264
0.044217
0.008568
0.007063
0.014508
0.011532
0.020045
0.015033
0.012025
0.010931
0.010011
0.007011
0.006160
0.029585
0.008020
0.011519
0.013047
0.009022
0.011526
0.012531
0.009017
0.011519
0.014013
0.011516
0.010012
0.031139
0.014045
0.012022
0.013937
0.007022
0.007522
0.010506
0.007504
0.007014
0.010022
0.007022
0.006569
0.030189
0.007012
0.006021
0.013523
0.012015
0.011014
0.013534
0.006509
0.007015
0.010017
0.006014
0.010013
0.053368
0.012042
0.011533
0.013520
0.011012
0.011003
0.009527
0.006531
0.006003
0.009012
0.006014
