0.318569
0.252383
0.042503
0.039506
0.017504
0.016001
0.029570
0.036505
0.031505
0.021000
0.022506
0.036010
0.037000
0.021507
0.018504
0.033504
0.036502
0.025504
0.018000
0.023002
0.037506
0.023506
0.019507
0.026997
0.018506
0.017504
0.034504
0.019000
0.019000
0.018007
0.030002
0.036505
0.026506
0.019504
0.018503
0.037502
0.035505
0.027504
0.033000
0.036011
0.021502
0.019002
0.019000
0.030013
0.019000
0.018507
0.037504
0.026511
0.019000
0.030503
0.037504
0.025505
0.018504
0.019000
0.018504
0.038507
0.037505
0.018503
0.019002
0.018003
0.018504
0.019000
0.037506
0.037008
0.028000
0.017505
0.018002
0.017002
0.021251
0.021283
0.019175
0.019506
0.019505
0.027039
0.018504
0.017506
0.034504
0.037505
0.020504
0.036507
0.035504
0.019504
0.018002
0.019504
0.036504
0.021001
0.019514
0.019506
0.037505
0.036505
0.026504
0.017504
0.017999
0.035504
0.034504
0.037003
0.028505
0.019506
0.030505
0.022000
0.018507
0.018504
0.030503
0.035999
0.016504
0.017505
0.028503
0.018000
0.019504
0.036508
0.036505
0.038505
0.018505
0.017505
0.019000
0.020000
0.018505
0.020503
0.036504
0.036506
0.037008
0.030000
0.037506
0.033505
0.017504
0.019000
0.019508
0.028503
0.025504
0.036504
0.033504
0.035504
0.037506
0.035504
0.019504
0.023000
0.032010
0.027504
0.025000
0.017504
0.025505
0.025504
0.018000
0.018000
0.017743
0.019688
0.020000
0.019505
0.032504
0.039142
0.023441
0.020000
0.026014
0.037567
0.037696
0.018807
0.018504
0.038505
0.036507
0.032029
0.037507
0.028505
0.019505
0.021503
0.037251
0.034010
0.018000
0.017505
0.029000
0.037014
0.035507
0.019999
0.018513
0.037502
0.037504
0.037010
0.019000
0.018505
0.030999
0.036753
0.027503
0.018000
0.017504
0.029506
0.018000
0.017503
0.036504
0.027509
0.018502
0.024000
0.036506
0.036008
0.020003
0.028998
0.037009
0.026504
0.017000
0.017504
0.033507
0.037504
0.025504
0.019506
0.022504
0.035999
0.037010
0.028006
0.027511
0.035506
0.036008
0.033999
0.018506
0.035010
0.036000
0.025503
0.017504
0.025501
0.037000
0.033011
0.016000
0.018505
0.018000
0.017504
0.018002
0.019504
0.036504
0.018000
0.018507
0.019504
0.038454
0.016000
0.018508
0.017572
0.018001
0.018005
0.019063
0.017505
0.018505
0.019505
0.019000
0.019001
0.017999
0.021010
0.032505
0.037000
0.025510
0.020005
0.018512
0.030503
0.037508
0.023502
0.025000
0.024517
0.020510
0.029509
0.021999
0.018505
0.029023
0.021508
0.019001
0.017002
0.032015
0.029000
0.018505
0.017000
0.035013
0.023504
0.020000
0.036506
0.037008
0.020000
0.037502
0.036504
0.017504
0.018000
0.019507
0.018006
0.019074
0.018505
0.018999
0.033506
0.037010
0.019001
0.017003
0.018510
0.018503
0.020999
0.024003
0.041508
0.018506
0.019506
0.018999
0.025504
0.036506
0.029506
0.018001
0.019513
0.030506
0.033506
0.020001
0.019512
0.038011
0.023002
0.019508
0.026505
0.036622
0.036504
0.036506
0.033509
0.016998
0.018520
0.019504
0.016510
0.018998
0.035506
0.037557
0.026081
0.019999
0.029517
0.020000
0.020017
0.037502
0.036505
0.029505
0.020000
0.018507
0.019506
0.018000
0.021508
0.018997
0.026511
0.023181
0.028505
0.037372
0.035507
0.018504
0.019000
0.036505
0.026507
0.018999
0.019000
0.034523
0.020013
0.029000
0.021002
0.026018
0.019998
0.017504
0.038510
0.019009
0.018508
0.018504
0.018000
0.018504
0.036508
0.036505
0.019999
0.035963
0.037287
0.024572
0.036012
0.036504
0.021506
0.019000
0.019504
0.032507
0.022000
0.019510
0.025107
0.021507
0.024000
0.020511
0.018278
0.022503
0.037000
0.034505
0.020506
0.019506
0.033995
0.037011
0.036506
0.022504
0.019272
0.021085
0.018505
0.020000
0.030515
0.039504
0.018506
0.019000
0.022507
0.029505
0.019511
0.027998
0.038013
0.034504
0.018000
0.017999
0.021509
0.019073
0.018855
0.037504
0.026551
0.018504
0.019220
0.020000
0.020518
0.044012
0.020000
0.021001
0.030510
0.029504
0.037504
0.025506
0.019504
0.019000
0.033000
0.037010
0.028507
0.019000
0.018505
0.021508
0.035504
0.033504
0.018002
0.017505
0.025002
0.019000
0.017000
0.022011
0.037505
0.034503
0.017003
0.018503
0.021504
0.035999
0.035011
0.018000
0.017504
0.019000
0.034009
0.036501
0.027000
0.019506
0.023504
0.037504
0.031502
0.019506
0.017000
0.029504
0.036505
0.026509
0.019509
0.017999
0.037504
0.036504
0.037504
0.015506
0.018503
0.021501
0.037000
0.034006
0.016000
0.018504
0.026999
0.036010
0.028000
0.019504
0.019000
0.023508
0.025504
0.036504
0.031507
0.018504
0.018504
0.030000
0.024510
0.019505
0.018998
0.020504
0.019000
0.027822
0.037627
0.029506
0.018049
0.016014
0.020009
0.020000
0.018000
0.031508
0.036009
0.035000
0.016507
0.019505
0.028506
0.016000
0.025506
0.037007
0.032003
0.019001
0.019510
0.032505
0.037504
0.025506
0.036008
0.038000
0.018504
0.019504
0.027502
0.031999
0.037009
0.024504
0.019000
0.019000
0.038011
0.036505
0.025522
0.018995
0.023504
0.037504
0.032707
0.018568
0.018504
0.019000
0.019000
0.019507
0.025798
0.024332
0.018001
0.032503
0.032006
0.023823
0.037749
0.027505
0.020006
0.018999
0.037501
0.037796
0.017000
0.019000
0.016507
0.018504
0.029813
0.038504
0.022507
0.019000
0.023504
0.036506
0.024507
0.026502
0.024000
0.038011
0.025503
0.019001
0.018999
0.027509
0.036506
0.033001
0.025510
0.037011
0.031000
0.029886
0.037308
0.027507
0.018041
0.036010
0.035504
0.025504
0.037008
0.035000
0.019504
0.017002
0.020504
0.037504
0.032505
0.016504
0.018501
0.024000
0.025504
0.019002
0.030008
0.018000
0.033000
0.021010
0.037503
0.036504
0.024507
0.019000
0.019002
0.035504
0.032506
0.036504
0.020002
0.018504
0.035504
0.037504
0.016508
0.017002
