1.7200286000
0.8398524000
0.7094522000
0.7206328000
0.7033050000
0.7095640000
0.7289619000
0.6971570000
0.6778298000
0.6635787000
0.6663573000
0.6664512000
0.6818820000
0.6664315000
0.6747658000
0.6678841000
0.6638318000
0.6695050000
0.6677524000
0.6714657000
0.6881422000
0.6681346000
0.6642495000
0.6673575000
0.6706035000
0.6672471000
0.6647223000
0.6720363000
0.6684335000
0.6669703000
0.6704061000
0.6724617000
0.6725732000
0.6779126000
0.6672158000
0.7075825000
0.6860855000
0.6774618000
0.6656138000
0.6832469000
0.6666995000
0.6673115000
0.6715894000
0.6689479000
0.6729951000
0.6738582000
0.6799807000
0.6804412000
0.6765931000
0.6761114000
0.6675007000
0.6715890000
0.6725015000
0.7125134000
0.7380663000
0.7202496000
0.7255754000
0.6895134000
0.7225177000
0.7181439000
0.7173913000
0.7015416000
0.6757614000
0.7267847000
0.7034852000
0.6997247000
0.7368481000
0.6765876000
0.6826415000
0.7405765000
0.6911473000
0.7169223000
0.7238142000
0.6962459000
0.7018349000
0.7179744000
0.7266624000
0.7415344000
0.7384682000
0.7173095000
0.7097973000
0.7325467000
0.7170402000
0.7298494000
0.7257092000
0.7287805000
0.7256727000
0.6888170000
0.7293240000
0.7374720000
0.7416223000
0.7073756000
0.7278576000
0.7314685000
0.6822872000
0.7360368000
0.7086461000
0.7101282000
0.7427157000
0.7246493000
0.7126621000
0.7266308000
0.7130309000
0.7323396000
0.7178782000
0.7211568000
0.7228258000
0.7074475000
0.7140214000
0.7220067000
0.7341396000
0.7420014000
0.7131996000
0.7382526000
0.7058832000
0.7044874000
0.7020516000
0.7009644000
0.7113004000
0.7057737000
0.7393724000
0.6902382000
0.7203089000
0.7260126000
0.6890645000
0.7360280000
0.7087329000
0.6932682000
0.7213119000
0.7118912000
0.7201052000
0.7184987000
0.7125874000
0.7220268000
0.7231471000
0.7316348000
0.6980197000
0.7285364000
0.7115116000
0.6931669000
0.7106928000
0.6959415000
0.6913908000
0.7329530000
0.7435443000
0.7510986000
0.7108282000
0.7465254000
0.6987310000
0.6946683000
0.7369143000
0.7220973000
0.7581939000
0.6932173000
0.7116820000
0.7143302000
0.7032947000
0.7092854000
0.7317729000
0.6705616000
0.7210577000
0.7195657000
0.7300192000
0.7193161000
0.7140881000
0.7380862000
0.7303399000
0.7175294000
0.7366738000
0.6906869000
0.7273122000
0.7229513000
0.7260541000
0.7147999000
0.7148467000
0.7392484000
0.7006893000
0.7341691000
0.7306484000
0.6925565000
0.7124204000
0.7242076000
0.7450094000
0.7180775000
0.6962418000
0.7269698000
0.7233371000
0.7353650000
0.7056904000
0.7134498000
0.7416542000
0.7057748000
0.7068629000
0.7261588000
0.7227988000
0.7262269000
0.7246037000
0.6849001000
0.7266128000
0.7120848000
0.7304146000
0.6821834000
0.6903911000
0.7066102000
0.7211537000
0.7057963000
0.7043160000
0.7326327000
0.7156825000
0.7288885000
0.7438000000
0.7205805000
0.7057625000
0.7306858000
0.7223162000
0.7402131000
0.7034493000
0.7017600000
0.7293197000
0.6909634000
0.7006355000
0.7329672000
0.7345433000
0.7147264000
0.7520999000
0.7339009000
0.7498062000
0.7222254000
0.6861546000
0.7006538000
0.7210397000
0.7285112000
0.7148257000
0.7398192000
0.6888398000
0.6904354000
0.7348363000
0.7026536000
0.7357831000
0.6957771000
0.6985609000
0.7064576000
0.7335320000
0.7249790000
0.6999115000
0.7064229000
0.7409609000
0.7123929000
0.7023560000
0.7098470000
0.7258823000
0.7254283000
0.6950322000
0.7389098000
0.7034085000
0.7110882000
0.7326538000
0.7148216000
0.7129637000
0.7089721000
0.7362634000
0.7031375000
0.7141549000
0.7112219000
0.6932255000
0.7259981000
0.7497931000
0.6772188000
0.7018317000
0.7308562000
0.7266375000
0.7192175000
0.7400741000
0.7085290000
0.7433224000
0.7273152000
0.6934653000
0.7425473000
0.7347612000
0.7030968000
0.7203020000
0.7325368000
0.7005291000
0.6995882000
0.7209979000
0.6972530000
0.7279306000
0.7304312000
0.6941005000
0.7165160000
0.7182819000
0.7148091000
0.7002121000
0.7324627000
0.7214684000
0.7090903000
0.7211978000
0.7284131000
0.7367166000
0.7497087000
0.7176192000
0.7254418000
0.7319009000
0.7047851000
0.7265150000
0.7254723000
0.6965823000
0.7164883000
0.7039020000
0.6967625000
0.7257082000
0.7302622000
0.6951531000
0.7334793000
0.6726097000
0.7159928000
0.6932259000
0.7118851000
0.6757999000
0.7146217000
0.6940290000
0.7217136000
0.6987460000
0.6929048000
0.7233464000
0.7131016000
0.7328851000
0.7022742000
0.7232229000
0.6834838000
0.7310503000
0.7101445000
0.6877728000
0.7085437000
0.6981680000
0.7025769000
0.6885763000
0.7098212000
0.7006813000
0.6712602000
0.7209541000
0.7270927000
0.7148638000
0.7384702000
0.7446475000
0.7083197000
0.6980912000
0.7390019000
0.7288339000
0.7137119000
0.7280216000
0.7221787000
0.7325040000
0.7312580000
0.7202245000
0.7340488000
0.7263239000
0.7280486000
0.7147062000
0.7254743000
0.7304947000
0.7509418000
0.7003154000
0.7082149000
0.7243563000
0.7211412000
0.7194895000
0.7070156000
0.7271215000
0.7091291000
0.7262202000
0.7030884000
0.7093529000
0.7255170000
0.7016706000
0.7110454000
0.7390638000
0.6863626000
0.7369293000
0.7103888000
0.7066934000
0.7081519000
0.6943565000
0.7043306000
0.7439057000
0.7098014000
0.7233764000
0.7278643000
0.6955114000
0.7343480000
0.6986127000
0.7263245000
0.7061794000
0.7216886000
0.7173669000
0.7030899000
0.7230906000
0.6764080000
0.7180038000
0.7209565000
0.7283888000
0.7331048000
0.7149916000
0.7040355000
0.7157847000
0.6910156000
0.6955465000
0.7313613000
0.6855938000
0.7136661000
0.7338593000
0.7357883000
0.7012953000
0.7014458000
0.6883242000
0.7028297000
0.6966090000
0.7338668000
0.7103612000
0.6874442000
0.7195046000
0.7265146000
0.7438838000
0.7396873000
0.7004776000
0.7225274000
0.7167989000
0.7243437000
0.7219282000
0.7218315000
0.6715108000
0.6742733000
0.6904681000
0.6688020000
0.6675330000
0.6767732000
0.6716073000
0.6735893000
0.6813338000
0.6651152000
0.6706802000
0.6720243000
0.6739299000
0.6710348000
0.6673072000
0.6652719000
0.6711603000
0.6694875000
0.6701394000
0.6761486000
0.6672585000
0.6756252000
0.6747172000
0.6911005000
0.7134167000
0.6919509000
0.7010189000
0.6736797000
0.7151750000
0.7067081000
0.6779206000
0.6674730000
0.6670499000
0.6786223000
0.7114073000
0.6866338000
0.7128740000
0.6967137000
0.6912988000
0.6947039000
0.6770490000
0.6875955000
0.6668006000
0.6665351000
0.6857546000
0.7020495000
0.7158373000
0.7137733000
0.7121006000
0.6958445000
0.6997796000
0.6861968000
0.7199105000
0.7244887000
0.7143547000
0.7190080000
0.6745566000
0.7389383000
0.7250720000
0.7328121000
0.7132870000
0.7236044000
0.7161791000
0.7199212000
0.7270071000
0.7318436000
0.7020596000
0.7182672000
0.7210683000
0.7469807000
0.6958795000
0.6957416000
0.7193430000
0.7297555000
0.7154602000
0.7067143000
0.7407085000
0.7402315000
0.7355959000
0.6837819000
0.7312816000
0.7296778000
0.7053494000
0.7407906000
0.7294081000
0.7162282000
0.6690080000
0.6701521000
0.6653814000
0.6658319000
0.6812249000
0.6672841000
0.6718756000
0.6765345000
0.6698442000
0.6796783000
0.6718350000
0.6845131000
0.6800940000
0.7013902000
0.6803196000
0.6657211000
0.6643407000
0.6690522000
0.6635737000
0.6645811000
0.6687794000
0.6631954000
0.6677303000
0.6728132000
0.6701420000
0.6722092000
0.6663881000
0.6697996000
0.6819942000
0.6745733000
0.6780569000
0.6874396000
0.6744378000
0.6724354000
0.6731952000
0.6681477000
0.6691216000
0.6763645000
0.6935689000
0.6663298000
0.6704951000
0.6730727000
0.6856852000
0.6767031000
0.6868782000
0.6878474000
0.6939209000
0.7480850000
0.7414351000
0.6937114000
0.6870800000
0.7050432000
0.7308976000
0.7242131000
0.7353747000
0.7414467000
0.7225347000
0.6953977000
0.7067862000
0.7241476000
0.6894797000
0.7476904000
0.7315884000
0.6843346000
0.6911929000
0.7449048000
0.7221061000
0.7299287000
0.7450298000
0.7248816000
0.6880227000
0.7226585000
0.7172331000
0.7397697000
0.7489455000
0.7086782000
0.6881972000
0.7328590000
0.7103297000
0.7049837000
0.7135230000
0.6998056000
0.7172132000
0.7377495000
0.7184152000
0.6961181000
0.7037536000
0.7257295000
0.7250086000
0.7149653000
0.7037843000
0.7377583000
0.7364866000
0.7251348000
0.7316026000
0.7399826000
0.6957501000
0.7039194000
0.7097335000
0.6904108000
0.7042483000
0.7424337000
0.6669873000
0.7166015000
0.7077503000
0.7345367000
0.6891338000
0.7063580000
0.6710809000
0.7292895000
0.7182757000
0.7304449000
0.7044078000
0.6936010000
0.7331956000
0.7298716000
0.7313286000
0.7348192000
0.7273870000
0.7008160000
0.7119718000
0.7297843000
0.7317015000
0.7003525000
0.7238942000
0.7205218000
0.7232564000
0.6985947000
0.7499751000
0.7232302000
0.6967501000
0.6990164000
0.7057751000
0.7098255000
0.6961386000
0.7350278000
0.7252832000
0.6980211000
0.6935872000
0.7235275000
0.7240988000
0.7365948000
0.7107530000
0.6834812000
0.7145563000
0.7169392000
0.7014257000
0.7275460000
0.7067156000
0.7192835000
0.7177807000
0.7210749000
0.6684216000
0.7357343000
0.7143564000
0.6961526000
0.7313569000
0.7420112000
0.7196539000
0.7215979000
0.6886319000
0.6832435000
0.7140950000
0.7206332000
0.7146999000
0.7037202000
0.7196940000
0.7047334000
0.7062544000
0.7209506000
0.7135446000
0.7425214000
0.7449799000
0.6933634000
0.7198378000
0.7300154000
0.7024354000
0.7236065000
0.7207609000
0.6954957000
0.7210551000
0.7211221000
0.7047830000
0.6932995000
0.7062674000
0.7292793000
0.7063140000
0.6961296000
0.7171966000
0.7095432000
0.7276347000
0.7093553000
0.7312886000
0.6960833000
0.7092634000
0.7248926000
0.7362168000
0.6979040000
0.7258528000
0.7327086000
0.7203545000
0.7145472000
0.7366177000
0.7056457000
0.7336300000
0.7134937000
0.7327294000
0.7004829000
0.6845126000
0.7245616000
0.7427482000
0.7325509000
0.7194764000
0.6984002000
0.7239136000
0.7248146000
0.6845084000
0.6803321000
0.7084901000
0.7048138000
0.7377098000
0.7041698000
0.7352232000
0.7265329000
0.7332018000
0.7046579000
0.7090328000
0.7148888000
0.7449325000
0.7038020000
0.7150817000
0.7176423000
0.7328848000
0.7228651000
0.6825051000
0.7250125000
0.6894490000
0.6983692000
0.7061754000
0.7215411000
0.7010462000
0.7236631000
0.7047707000
0.6964468000
0.7309653000
0.7305930000
0.7273910000
0.7027501000
0.7365917000
0.7249974000
0.6841468000
0.7099771000
0.7172711000
0.7336015000
0.7240365000
0.6833097000
0.6833088000
0.7273578000
0.7389007000
0.7217555000
0.7095209000
0.6966153000
0.7245420000
0.7385985000
0.7250386000
0.7089315000
0.7280668000
0.7240042000
0.7025521000
0.7316060000
0.7225575000
0.7016985000
0.7296847000
0.7343485000
0.7389801000
0.7104862000
0.6929833000
0.7333692000
0.7119330000
0.7374150000
0.7078193000
0.7181109000
0.7252049000
0.7338679000
0.7243826000
0.6979541000
0.6938707000
0.6923687000
0.7203190000
0.7041491000
0.7360951000
0.6855034000
0.6991222000
0.7425464000
0.7180176000
0.7380802000
0.7103262000
0.7029167000
0.7397060000
0.7139876000
0.7166704000
0.7133614000
0.7330975000
0.7152037000
0.6954127000
0.7478841000
0.7201996000
0.7424193000
0.6756132000
0.7278932000
0.6917991000
0.6821441000
0.7411698000
0.7157391000
0.7016384000
0.7279028000
0.7127318000
0.6863568000
0.7243427000
0.7037835000
0.7457066000
0.7187974000
0.7184085000
0.7369074000
0.7060827000
0.7077836000
0.7387661000
0.7163059000
0.7107316000
0.7200027000
0.6938109000
0.7578596000
0.7251604000
0.6977613000
0.7229526000
0.7290696000
0.7184315000
0.7243001000
0.7062562000
0.7130558000
0.7015121000
0.7133003000
0.7211214000
0.7396168000
0.7090523000
0.7348233000
0.7422604000
0.6804388000
0.7149957000
0.6903273000
0.7177450000
0.6948210000
0.6907357000
0.7136824000
0.7310183000
0.7339000000
0.6902596000
0.7085903000
0.7039397000
0.7113743000
0.7105347000
0.7206690000
0.7255492000
0.6964720000
0.7116941000
0.7074348000
0.7110912000
0.7156662000
0.7304231000
0.7187309000
0.7109948000
0.7423053000
0.7242510000
0.7129362000
0.7201379000
0.6780060000
0.6950826000
0.7394572000
0.7310855000
0.7255313000
0.6884714000
0.6861367000
0.6996477000
0.6855615000
0.7370688000
0.7163081000
0.7267061000
0.7154375000
0.7247565000
0.7275848000
0.7363662000
0.7065978000
0.7143192000
0.7446888000
0.7220693000
0.7161785000
0.7122992000
0.7033880000
0.7116041000
0.7250711000
0.7020024000
0.7159160000
0.7002041000
0.7125678000
0.7137943000
0.7352477000
0.6814026000
0.6992551000
0.6708897000
0.7457431000
0.7277269000
0.7207598000
0.6855064000
0.7353164000
0.7045104000
0.7281114000
0.7210689000
0.7096784000
0.7051013000
0.7267818000
0.7472130000
0.6887578000
0.6693865000
0.6686596000
0.7087480000
0.7144083000
0.6956339000
0.6755078000
0.6787849000
0.7009911000
0.7347055000
0.6698554000
0.6680396000
0.6721557000
0.6699308000
0.6809174000
0.6675926000
0.6728445000
0.6814552000
0.6698289000
0.6741083000
0.6755575000
0.6674903000
0.6737732000
0.6703122000
0.6737530000
0.6785638000
0.6829634000
0.6714083000
0.6667063000
0.6693166000
0.6718377000
0.6752748000
0.6671695000
0.6710017000
0.6970972000
0.6945663000
0.6713249000
0.6872233000
0.6748142000
0.6780789000
0.6691079000
0.6690119000
0.6782117000
0.6789956000
0.6699419000
0.7124574000
0.7335941000
0.7289792000
0.7361891000
0.7339053000
0.6784945000
0.7173355000
0.7005114000
0.7416745000
0.7085926000
0.7313766000
0.7455196000
0.7338795000
0.7159235000
0.7377962000
0.7315140000
0.7229751000
0.7117185000
0.7438104000
0.7052331000
0.7134481000
0.7149628000
0.7028153000
0.6744583000
0.7205373000
0.7230856000
0.7136588000
0.7284363000
0.7424743000
0.6992894000
0.7148761000
0.7088486000
0.7286341000
0.7309968000
0.6915992000
0.7050307000
0.7096363000
0.7248257000
0.6791370000
0.7256413000
0.7253643000
0.6718973000
0.6743370000
0.6777934000
0.6779853000
0.6674174000
0.6720419000
0.6686150000
0.6665012000
0.6727156000
0.6657061000
0.6687491000
0.6783896000
0.6696401000
0.6724338000
0.6667925000
0.6685142000
0.6676817000
0.6714033000
0.6663747000
0.6664926000
0.6670275000
0.6675517000
0.6696861000
0.6673200000
0.6705501000
0.6697058000
0.6751545000
0.6760768000
0.6669325000
0.6935112000
0.6809727000
0.6701754000
0.6654990000
0.6684385000
0.6738338000
0.6716092000
0.6688638000
0.6702444000
0.6673802000
0.6684564000
0.6669256000
0.6944974000
0.6663062000
0.6762330000
0.6667079000
0.7131278000
0.7250266000
0.7348620000
0.7210502000
0.7387590000
0.7075387000
0.7257033000
0.7372294000
0.7195535000
0.7263902000
0.7141987000
0.7081008000
0.7122509000
0.7332043000
0.6856837000
0.6999846000
0.7135933000
0.7231866000
0.7286337000
0.6990777000
0.7102769000
0.7008666000
0.7032619000
0.7309226000
0.7080768000
0.7015622000
0.7145610000
0.6901915000
0.6956537000
0.7242402000
0.7020606000
0.7415549000
0.7129649000
0.7145186000
0.7247196000
0.7448041000
0.7177460000
0.7162839000
0.6898678000
0.7124423000
0.7073649000
0.7110218000
0.6897072000
0.7128408000
0.7302569000
0.7065052000
0.6950709000
0.7031232000
0.7085324000
0.7050500000
0.7073861000
0.7130829000
0.6968074000
0.6968524000
0.7094479000
0.7068931000
0.7365937000
0.6973609000
0.7152234000
0.6977485000
0.7015358000
0.7195728000
0.7234389000
0.7370035000
0.7319922000
0.7460221000
0.7382640000
0.7223645000
0.7037757000
0.7340223000
0.7233242000
0.7394432000
0.7131792000
0.7471459000
0.7034426000
0.7348361000
0.7246249000
0.7050290000
0.7432784000
0.7326450000
0.7301625000
0.7257360000
0.7017871000
0.7442901000
0.7527613000
0.7250286000
0.6915952000
0.7230464000
0.7351779000
0.6974655000
0.7129859000
0.7176802000
0.6775097000
0.7268125000
0.6929248000
0.6934467000
0.7294701000
0.7236681000
0.7244017000
0.7341354000
0.7323665000
0.7334493000
0.7271486000
0.7377380000
0.7214283000
0.7312195000
0.7162825000
0.6918951000
0.7097172000
0.7429216000
0.7272582000
0.7137480000
0.6715283000
0.7248656000
0.7047910000
0.7259197000
0.7123727000
0.7222315000
0.7123880000
0.7159383000
0.7324655000
0.6941273000
0.6885410000
0.7247595000
0.7272107000
0.7147555000
0.7137673000
0.7199424000
0.7229444000
0.7155156000
0.7081780000
0.7170229000
0.7127906000
0.6958504000
0.7282854000
0.7186216000
0.7495551000
0.7427683000
0.7369613000
0.7233172000
0.7400804000
0.7381040000
0.7404337000
0.7310884000
0.7074788000
0.7060226000
0.7032452000
0.7032559000
0.7330147000
0.7348041000
0.7256131000
0.7167013000
0.6942183000
0.7124908000
0.7204098000
0.7353002000
0.7323523000
0.7250521000
0.7401537000
0.7159171000
0.7327177000
0.6899952000
0.6984053000
0.7336167000
0.7373009000
0.7112569000
0.7385774000
0.7277399000
0.7171786000
0.7169897000
0.7499164000
0.7271851000
0.7273844000
0.7341039000
0.7267196000
0.7221979000
0.6998188000
0.7106977000
0.7101653000
0.6880090000
0.7349660000
0.7064651000
0.7143731000
0.7194350000
0.7397157000
0.7457597000
0.7356613000
0.7316973000
0.7075490000
0.7503489000
0.7303583000
0.7308717000
0.7235366000
0.7277365000
0.7173017000
0.7117317000
0.7227392000
0.7241514000
0.7134205000
0.7386610000
0.6871915000
0.7423633000
0.7074307000
0.7046964000
0.7233757000
0.7100740000
0.7047099000
0.7215350000
0.6910046000
0.7073684000
0.7204854000
0.6937037000
0.7235686000
0.7013766000
0.7173096000
0.7371921000
0.7559398000
0.7228081000
0.7268677000
0.7262941000
0.7004713000
0.7237279000
0.7028953000
0.7272065000
0.7376089000
0.7246753000
0.6928623000
0.7061150000
0.7016731000
0.7141722000
0.7207849000
0.7198948000
0.7293177000
0.7200114000
0.7386763000
0.7114551000
0.7169743000
0.7054630000
0.6972490000
0.7315069000
0.7268351000
