188	138	27	82
188	137	27	82
182	129	27	82
182	128	26	79
179	125	27	82
193	123	26	80
194	123	26	79
192	127	25	76
183	109	26	79
185	108	26	79
188	108	25	77
185	107	26	79
187	107	27	82
187	106	28	85
186	105	27	82
186	108	26	79
187	109	25	76
186	109	24	73
186	108	25	76
180	104	26	79
168	101	27	82
166	100	27	82
164	101	26	79
151	100	27	82
149	99	28	85
148	98	28	85
141	93	29	89
140	93	30	91
138	99	31	94
134	98	31	94
124	85	32	98
121	89	31	94
122	98	31	94
117	94	31	94
109	91	32	98
105	91	32	98
103	92	32	98
100	94	32	98
99	96	33	100
100	97	33	100
101	96	34	102
112	95	33	100
115	96	32	98
123	96	31	94
126	96	31	94
126	96	31	94
129	97	31	94
122	101	30	91
118	102	29	87
112	103	28	84
103	105	27	82
101	104	28	85
96	104	29	89
97	105	29	89
101	108	28	85
106	109	28	85
110	107	29	87
110	108	28	84
112	110	27	82
113	111	26	80
113	113	25	77
112	115	24	74
113	117	24	73
113	118	24	71
112	117	24	73
113	118	24	73
112	119	24	73
112	120	23	70
110	120	24	73
110	119	25	76
110	119	25	77
113	119	25	77
116	121	25	76
124	123	24	73
131	122	25	76
138	122	24	74
141	123	24	71
144	122	24	74
148	121	25	76
151	121	24	74
155	122	24	74
156	121	25	76
156	119	25	77
158	113	25	77
156	111	26	79
156	112	25	76
154	114	24	73
154	114	24	73
154	115	23	70
154	114	24	73
154	115	24	71
155	116	23	69
153	113	24	71
152	113	23	70
152	112	24	71
151	108	24	74
150	107	24	74
149	107	24	73
150	107	24	73
150	107	25	76
148	106	26	79
140	106	26	80
138	105	28	84
138	107	26	80
130	116	28	84
129	117	29	87
126	114	29	89
127	108	29	87
128	108	28	84
129	108	27	82
125	105	28	85
122	94	29	89
121	90	30	92
118	85	32	96
116	84	32	96
112	81	32	96
109	78	32	98
106	78	34	102
107	79	34	102
106	84	35	106
107	83	36	108
108	84	35	106
111	82	36	110
112	83	36	108
113	84	35	106
111	83	35	106
112	82	36	110
108	83	38	115
103	83	39	119
102	80	41	124
100	79	43	129
99	76	44	135
97	72	46	140
98	74	44	135
99	73	43	129
98	73	41	124
97	68	42	127
99	66	41	124
104	66	40	122
108	66	39	119
122	64	39	117
129	63	37	113
140	61	37	113
159	60	36	108
165	61	34	104
171	59	36	108
188	57	34	104
189	57	34	104
196	56	35	106
201	58	34	102
203	60	32	98
213	60	34	102
218	61	34	102
221	61	34	102
229	62	34	102
224	65	35	106
222	67	35	106
221	67	36	110
227	68	36	110
232	67	38	115
237	67	38	115
238	71	36	110
240	73	35	106
248	77	34	102
260	79	32	98
265	81	31	94
268	82	30	91
271	83	30	91
270	83	30	91
267	83	29	89
263	84	30	91
260	86	29	87
256	84	30	91
252	84	29	87
252	84	29	87
252	82	29	89
252	82	30	92
253	81	31	94
253	81	30	92
252	80	32	96
249	80	32	98
245	79	34	102
240	83	32	98
240	84	31	94
240	87	30	91
241	89	29	87
242	89	28	85
244	85	29	89
251	82	30	91
252	79	31	94
260	77	32	96
260	77	32	96
251	80	31	94
249	81	32	96
243	82	32	98
240	80	34	102
228	80	35	106
227	83	34	102
229	85	32	98
234	88	32	96
240	87	31	94
242	89	30	92
242	92	29	89
239	95	28	85
237	94	29	87
229	92	29	89
226	90	29	89
225	92	29	87
226	92	28	84
221	90	29	87
221	88	29	89
219	93	28	85
218	94	28	85
216	95	28	84
214	95	29	87
211	94	30	91
207	96	29	87
202	97	28	84
196	96	28	85
193	95	29	89
193	96	29	87
192	98	29	87
193	98	29	87
178	95	28	84
182	96	26	80
182	97	25	77
181	97	25	76
175	93	24	73
175	93	24	73
172	90	25	76
169	88	26	79
170	88	25	77
168	86	26	79
166	85	27	82
162	84	28	84
150	84	28	85
129	80	29	89
127	79	30	91
124	75	31	94
124	68	32	98
127	63	34	102
133	58	35	106
139	55	35	106
140	54	36	108
134	53	37	113
112	47	39	117
108	41	40	122
107	33	42	127
105	26	43	132
107	23	45	137
115	16	47	143
121	3	49	149
124	-2	51	155
136	4	52	158
140	12	54	164
140	16	56	171
141	17	57	174
152	17	60	181
173	17	62	188
193	15	65	196
220	18	66	200
223	18	67	204
230	24	65	196
238	29	65	196
234	31	66	200
235	35	63	192
234	30	66	200
232	34	65	196
234	31	65	196
234	31	63	192
231	27	66	200
233	29	63	192
236	30	62	188
241	32	60	181
240	30	61	185
240	28	62	188
233	27	63	192
230	26	63	192
225	24	65	196
224	24	65	196
225	28	62	188
228	31	61	185
232	34	61	185
236	35	61	185
239	41	60	181
237	49	57	174
236	47	58	178
237	51	56	171
236	48	58	178
237	48	58	178
231	48	57	174
228	51	55	167
226	50	55	167
221	47	57	174
216	43	60	181
215	44	60	181
216	43	60	181
225	43	60	181
230	43	57	174
247	34	58	178
252	26	61	185
259	20	63	192
249	22	63	192
249	23	62	188
241	37	63	192
244	19	61	185
242	20	63	192
223	36	65	196
199	45	63	192
199	49	61	185
196	52	58	178
194	53	57	174
197	55	55	167
192	51	57	174
192	46	60	181
191	43	62	188
190	44	63	192
226	14	63	192
227	15	63	192
230	12	66	200
231	10	68	208
222	8	71	216
219	6	73	221
218	1	74	225
217	-4	77	234
208	-6	80	244
194	4	80	244
189	-0	83	254
189	-3	87	264
192	5	83	254
196	9	82	249
170	38	80	244
173	36	82	249
176	38	80	244
189	13	83	254
190	15	87	264
194	15	85	259
189	12	89	269
186	9	90	274
179	2	94	286
183	-4	96	291
178	-9	100	303
182	-11	100	303
189	-16	100	303
189	-12	96	291
195	-9	94	286
198	-9	94	286
206	-9	94	286
209	-4	90	274
212	-8	94	286
215	-2	90	274
217	0	89	269
222	2	87	264
227	1	87	264
226	1	85	259
226	-3	89	269
221	-10	92	280
222	-9	90	274
222	-2	87	264
222	-3	89	269
223	-0	87	264
