674	656	15	9
675	650	15	9
676	643	15	9
676	637	16	9
677	631	15	9
679	623	15	9
679	617	15	9
680	611	15	9
681	605	15	9
681	599	15	9
683	592	15	9
683	586	15	9
684	580	15	9
685	575	14	9
685	570	15	9
686	563	15	9
686	557	14	9
687	552	14	9
687	547	14	9
688	541	14	9
688	534	14	9
689	529	14	9
689	523	14	9
690	518	14	9
690	513	14	9
691	507	14	9
691	503	14	9
692	499	15	9
692	494	14	9
692	490	14	9
693	484	14	9
693	480	14	9
693	476	14	9
693	472	15	9
694	467	14	9
694	462	14	9
695	458	14	9
696	454	15	9
696	450	14	9
696	447	14	9
697	443	15	9
697	439	15	9
698	435	14	9
698	432	14	9
699	427	14	9
699	421	14	9
700	416	14	9
701	412	15	9
701	407	14	9
701	402	14	9
701	396	15	9
702	391	15	9
703	387	15	9
703	382	14	9
703	378	15	9
703	372	14	9
703	368	15	9
704	363	15	9
704	359	15	9
704	354	14	9
704	348	15	9
705	343	15	9
705	338	14	9
705	332	15	9
705	327	15	9
706	320	15	9
706	314	15	9
706	308	15	9
706	303	15	9
707	297	15	9
707	290	15	9
707	284	15	9
707	278	16	9
707	273	16	9
708	267	15	9
708	260	15	9
708	254	15	9
708	248	15	9
708	242	15	9
708	237	15	9
708	230	15	9
708	226	15	9
708	221	15	9
707	217	15	9
707	212	15	9
707	206	15	9
707	202	15	9
706	197	15	9
706	193	15	9
706	189	15	9
705	183	15	9
705	178	15	9
705	174	15	9
705	170	15	9
704	165	15	9
704	158	15	9
703	153	16	10
703	148	16	10
703	144	16	10
702	139	16	10
702	134	16	10
702	130	15	9
701	127	15	9
701	125	15	9
700	123	14	9
699	121	15	9
699	120	15	9
699	119	15	9
698	118	14	9
698	118	15	9
698	117	14	9
697	117	14	9
697	116	14	9
696	116	14	9
695	115	15	9
694	116	14	9
693	116	14	9
692	116	14	8
691	116	14	8
691	116	13	8
690	116	13	8
689	117	12	7
688	117	12	7
688	118	11	7
686	117	11	6
685	118	10	6
685	118	10	6
684	118	10	6
683	119	11	6
682	119	11	7
681	120	12	7
680	120	12	7
680	120	12	7
679	121	12	7
679	121	12	7
679	121	12	7
679	121	12	7
668	120	12	7
667	120	12	7
667	120	12	7
666	121	12	7
666	121	12	7
665	121	11	7
665	121	12	7
665	122	12	7
664	122	12	7
663	122	12	7
663	122	12	7
662	123	12	7
662	123	12	7
662	125	13	8
661	126	13	8
660	126	14	8
660	127	14	8
660	129	13	8
661	130	13	8
661	132	12	7
661	133	12	7
661	134	11	7
661	135	11	6
660	136	10	6
657	136	11	6
655	136	11	7
655	137	11	6
654	138	11	6
654	139	11	6
654	140	11	6
653	140	11	6
652	141	11	6
652	142	11	6
651	143	11	6
650	143	11	6
650	144	11	7
650	145	12	7
649	146	12	7
648	147	12	7
648	148	12	7
648	150	12	7
647	151	12	7
647	151	12	7
646	152	12	7
645	153	12	7
645	154	13	8
644	154	13	8
644	155	14	8
642	155	14	9
642	155	14	9
642	156	14	9
641	156	15	9
640	156	15	9
640	156	14	9
639	156	14	9
639	157	14	9
639	157	14	9
638	157	14	9
637	157	14	9
637	157	15	9
636	157	14	9
636	158	14	9
635	158	15	9
635	158	15	9
634	158	14	9
634	158	14	9
633	158	14	9
633	159	14	9
632	159	14	9
632	159	14	9
631	159	14	9
631	160	14	9
630	160	14	9
629	160	14	9
629	160	14	9
628	160	14	9
628	161	14	9
628	161	14	9
627	161	14	9
627	161	14	9
626	162	14	9
626	162	14	9
625	162	14	9
624	162	14	9
624	162	14	9
623	163	14	9
623	163	15	9
622	163	15	9
622	163	14	9
621	163	14	9
620	163	15	9
620	164	15	9
620	164	15	9
619	164	14	9
618	164	15	9
618	164	14	9
618	165	14	9
617	165	14	9
617	165	14	9
616	165	14	9
616	165	14	9
615	165	14	9
614	165	15	9
614	165	14	9
613	166	14	9
613	166	14	9
612	166	14	9
612	166	14	9
611	166	14	9
611	166	14	9
610	166	14	9
610	166	14	9
609	166	14	9
609	166	14	9
608	167	14	9
608	167	14	9
607	167	14	9
607	167	14	9
606	167	14	9
606	167	14	9
605	167	14	9
605	167	14	9
604	167	14	9
604	168	14	9
603	168	14	9
603	168	14	9
602	168	14	9
602	168	14	9
601	168	14	9
601	168	14	9
600	168	14	9
600	168	14	9
599	168	14	9
599	168	14	9
598	168	14	9
598	169	14	9
597	169	14	9
597	169	14	9
596	171	14	9
596	173	14	9
595	175	14	9
595	177	14	9
594	180	14	9
594	183	14	9
593	186	14	9
593	188	14	9
593	191	14	8
592	194	14	9
592	198	14	8
591	201	14	9
590	204	14	9
590	207	14	9
589	211	14	9
589	215	14	9
588	218	14	9
588	222	14	9
588	225	14	8
588	227	14	8
586	231	14	8
586	233	14	9
586	237	14	8
585	239	14	9
584	242	14	8
584	246	14	9
583	249	14	9
583	252	14	9
583	256	14	8
583	258	14	8
582	262	14	8
581	264	14	9
581	267	14	8
581	270	14	8
580	273	14	8
580	277	14	8
579	279	14	8
579	282	14	8
578	285	14	8
578	288	14	8
577	292	14	8
577	295	14	8
576	298	14	8
575	300	14	8
575	303	14	8
574	308	14	8
574	311	14	8
573	314	14	8
573	317	14	8
572	320	14	8
572	324	14	8
572	328	14	8
571	330	14	8
571	334	14	8
570	337	14	8
569	341	14	8
569	344	14	8
569	348	14	8
569	352	14	8
568	355	14	8
567	360	14	8
567	364	14	8
566	367	14	8
566	371	13	8
565	375	14	8
564	380	14	8
564	384	14	8
563	388	14	8
563	392	14	8
563	396	14	8
562	401	14	8
562	405	13	8
561	409	14	8
561	413	13	8
560	417	14	8
559	422	14	8
559	426	14	8
559	429	13	8
558	434	13	8
558	437	13	8
557	442	13	8
556	446	14	8
556	450	13	8
555	453	14	8
555	457	13	8
554	463	13	8
553	467	13	8
553	471	14	8
552	476	14	8
552	480	13	8
551	486	14	8
550	490	14	8
550	494	14	8
549	499	13	8
549	503	13	8
548	509	14	8
547	513	14	8
546	518	14	8
546	522	13	8
546	526	13	8
544	532	14	8
544	537	13	8
544	542	13	8
543	547	14	8
542	552	13	8
541	559	14	8
540	564	14	8
540	569	14	8
539	575	14	8
539	581	14	8
538	589	14	8
537	596	14	8
536	602	14	8
536	609	14	8
535	615	14	8
534	624	14	8
533	631	14	8
533	638	14	8
532	645	14	8
531	652	14	8
530	661	14	8
529	669	14	8
529	676	14	8
528	684	14	8
527	692	14	8
526	702	14	8
525	707	14	8
525	709	14	8
524	710	14	8
524	710	14	8
523	711	14	8
522	711	14	8
522	712	13	8
521	712	14	8
520	713	14	8
520	713	14	8
519	713	14	8
518	713	14	8
518	713	14	8
517	714	14	8
