360,38,433,671
363,35,429,669
362,33,432,671
363,37,431,674
364,37,433,670
361,35,435,673
364,36,432,669
364,34,432,670
364,39,434,671
366,39,431,666
365,37,432,670
366,36,431,667
367,38,429,667
366,39,429,670
366,37,432,666
363,42,433,668
364,42,434,671
365,42,433,669
366,40,430,670
366,42,430,663
368,42,428,663
367,43,431,667
367,46,432,664
366,44,436,665
368,46,433,663
369,43,432,670
366,44,435,669
369,45,432,669
369,45,434,665
372,45,430,667
369,47,433,668
371,42,433,670
369,43,437,668
371,47,434,663
371,46,434,672
371,45,432,668
372,45,430,673
372,42,433,668
372,42,431,668
371,43,433,668
372,44,433,665
374,42,432,671
373,40,434,670
374,43,434,665
374,38,434,664
376,40,434,665
377,35,430,666
379,36,428,664
378,32,429,667
378,39,427,663
380,44,425,663
382,47,427,664
386,45,432,664
385,48,436,667
383,52,443,665
383,52,445,662
385,52,444,665
386,53,444,663
387,49,440,667
384,45,441,667
385,47,444,664
383,44,446,663
386,43,450,663
387,42,454,666
390,38,453,666
388,39,456,665
392,38,459,672
398,26,459,675
400,31,456,673
394,36,463,674
395,36,462,674
392,39,463,666
386,36,471,671
382,41,471,669
382,37,467,670
382,46,469,663
382,40,467,670
382,40,470,676
382,44,465,671
378,37,470,670
377,41,468,665
377,36,464,669
374,31,467,668
378,28,461,668
380,26,462,669
379,27,462,664
375,21,467,667
380,26,463,666
385,24,458,664
385,27,458,665
385,24,460,666
385,28,458,667
387,34,451,657
384,33,453,655
381,35,456,661
387,35,451,651
385,37,452,648
390,37,451,647
393,33,455,652
393,26,454,655
393,32,451,652
394,28,449,652
388,25,453,655
388,24,454,653
387,18,453,658
388,14,456,662
384,16,457,661
383,13,459,666
385,15,458,662
385,15,461,666
387,15,458,662
388,14,456,663
390,20,454,662
385,20,459,665
385,18,457,665
384,20,457,663
386,19,456,661
387,18,454,664
385,12,457,661
388,15,455,665
385,18,459,660
384,17,462,659
382,18,466,667
384,19,462,663
387,22,461,662
387,20,459,665
391,23,455,659
391,20,459,665
389,25,459,658
389,26,459,657
388,25,460,662
389,21,460,665
389,23,459,660
387,25,464,665
391,29,459,659
390,27,460,661
389,32,457,657
396,35,450,649
396,28,452,652
396,32,451,648
395,33,453,646
396,37,453,651
397,27,455,654
394,34,456,652
394,31,455,649
393,31,454,646
391,30,457,649
397,28,453,654
397,29,449,647
396,32,450,649
397,32,452,649
397,34,451,645
398,30,452,650
398,29,452,647
395,33,454,644
399,29,451,649
400,31,446,648
401,33,450,644
399,34,450,644
402,30,450,647
401,29,453,646
401,35,450,642
400,33,450,645
403,33,450,651
401,32,450,641
401,31,447,641
404,34,446,645
403,29,452,650
400,29,453,645
404,28,447,647
403,28,452,647
402,31,451,648
403,31,450,642
403,31,453,647
405,34,449,646
405,37,450,644
407,34,453,647
404,36,451,647
407,38,449,642
407,32,453,647
405,38,448,644
405,40,448,645
408,39,446,640
408,36,444,646
402,30,460,651
408,35,446,645
406,36,450,647
405,34,454,649
403,35,455,645
403,35,451,652
403,32,454,655
402,34,454,650
400,34,452,644
401,32,456,653
400,34,456,652
399,32,453,654
399,28,457,656
397,26,454,654
399,31,459,655
399,30,453,650
398,29,455,656
398,25,456,654
397,26,455,656
396,30,455,655
395,25,461,662
395,28,459,654
398,24,459,657
401,32,452,650
401,24,456,651
401,27,457,651
402,28,453,653
402,26,455,653
402,26,461,657
400,28,459,652
402,22,460,661
400,21,465,665
401,24,463,663
401,21,463,659
401,20,458,656
401,21,456,654
404,25,455,656
401,22,461,654
401,25,461,656
403,28,463,655
401,23,460,658
401,23,456,650
405,24,455,654
402,20,464,665
401,26,465,659
403,19,461,661
400,24,468,658
401,25,462,655
402,24,469,657
403,19,465,657
405,25,462,652
404,23,460,657
403,23,461,649
398,19,465,656
398,15,464,658
400,24,464,652
404,21,455,652
401,20,463,657
399,16,463,659
404,23,464,653
406,24,456,650
402,20,466,659
403,20,467,658
400,17,465,652
401,19,470,658
401,17,469,653
403,21,467,656
402,19,465,653
403,17,461,654
402,25,461,649
405,21,458,648
405,24,459,650
402,24,460,650
406,30,460,648
404,32,461,649
402,26,458,652
401,23,461,654
404,28,456,650
400,32,460,652
402,33,459,644
401,32,465,652
399,34,457,646
402,40,456,647
402,37,459,650
402,37,456,649
400,42,460,646
402,37,462,650
400,36,460,647
400,35,462,650
400,39,463,649
402,36,464,651
403,39,454,644
400,38,462,648
400,36,456,645
401,39,456,643
402,39,456,646
400,42,455,640
396,43,454,641
388,49,459,635
387,46,464,642
390,44,457,642
394,38,459,637
393,39,464,643
394,40,469,645
398,37,458,640
397,40,460,645
396,40,461,648
394,41,468,644
395,40,463,646
399,38,459,638
398,36,461,644
397,40,463,642
399,38,466,649
400,39,465,650
398,38,464,647
401,35,463,648
399,37,468,646
398,33,459,645
400,36,465,644
396,37,464,644
397,41,473,644
400,38,459,641
398,37,466,642
397,44,469,649
397,45,473,657
399,47,468,654
401,49,467,657
398,56,467,659
400,69,448,653
398,77,443,644
399,76,447,645
391,82,439,646
385,86,446,644
399,94,448,635
392,82,440,644
394,89,440,640
411,94,414,637
439,97,379,634
471,85,358,653
485,72,346,641
485,79,344,638
493,89,340,634
500,96,330,630
512,81,324,637
505,99,323,623
492,134,334,614
481,110,334,621
482,69,314,604
484,99,338,605
466,63,312,602
473,82,313,602
474,29,311,602
485,92,325,621
510,62,321,630
499,45,319,629
509,51,317,633
490,58,332,631
473,70,335,630
510,55,344,639
490,33,358,634
487,48,364,651
490,42,366,654
486,28,368,660
510,59,378,671
524,66,371,658
520,36,384,665
526,93,397,642
509,85,389,650
512,84,404,665
531,94,415,666
553,114,403,660
544,117,413,654
557,109,407,656
594,123,380,650
592,114,393,655
562,97,408,663
572,75,400,652
527,67,432,675
482,40,398,664
493,46,407,676
480,36,403,693
469,44,400,706
506,69,421,687
477,55,423,697
489,55,432,704
483,44,430,705
498,57,429,699
487,41,437,704
481,44,437,705
486,54,433,703
480,54,437,706
480,46,446,702
534,67,429,686
523,71,415,656
520,61,429,649
510,45,434,650
533,34,421,657
550,38,415,681
496,51,452,678
496,38,440,691
510,41,450,687
494,33,453,702
494,28,439,703
507,16,469,679
506,40,469,687
500,28,469,681
499,31,468,680
502,40,467,682
559,54,443,677
528,29,462,672
522,24,457,668
500,33,476,651
471,-1,499,655
463,-49,504,693
464,-52,504,704
461,-47,497,699
459,-33,520,699
462,-48,519,675
465,-53,521,686
457,-65,522,684
459,-69,520,676
462,-55,517,680
449,-59,527,670
456,-38,519,672
453,-37,523,680
438,-38,524,673
450,-20,513,686
452,-14,523,690
442,-29,531,674
452,-28,522,661
457,-19,521,667
452,-30,515,645
460,-12,511,659
462,-22,508,650
464,-19,507,646
456,-20,507,647
470,-11,503,652
457,-17,505,648
454,-4,504,669
456,-33,521,658
449,-7,508,672
457,-7,518,683
447,-12,520,685
449,-21,522,684
451,-18,512,685
455,-36,524,681
482,-40,504,681
467,-9,502,671
445,20,520,672
427,2,530,675
409,11,523,674
397,9,519,703
406,-5,482,701
425,13,483,679
441,12,472,672
444,4,485,676
439,15,480,676
433,9,478,673
433,-4,481,677
448,16,489,678
427,-2,479,676
429,19,483,685
434,1,486,687
466,28,474,686
460,11,480,698
482,25,466,685
455,-6,475,687
476,12,479,677
454,-17,508,700
467,-20,509,701
459,-24,513,724
461,-29,522,723
466,-31,503,719
509,-10,488,701
508,-7,486,700
491,1,491,698
469,10,502,688
487,13,508,688
455,3,535,698
458,3,534,698
427,-17,546,701
429,-26,541,704
437,-6,541,707
432,21,517,713
431,20,515,706
457,21,492,685
454,39,487,683
443,26,489,657
452,26,496,623
446,18,495,619
423,14,504,639
414,7,526,667
420,7,520,669
439,12,509,681
436,15,511,679
436,3,519,666
439,6,514,654
447,32,508,659
443,29,510,661
447,30,500,650
450,25,506,655
475,19,485,639
483,41,484,631
447,3,519,620
446,11,521,632
437,-22,529,619
448,-44,519,612
436,-40,521,648
459,-24,498,643
450,-32,494,632
475,-5,487,630
474,-15,501,626
468,2,495,643
479,-3,481,656
472,-2,487,667
463,38,477,688
482,32,453,662
495,45,442,634
352,123,671,628
507,115,411,616
322,178,670,628
493,198,413,595
509,185,391,584
370,186,640,599
487,224,432,579
464,244,455,579
388,188,638,597
495,234,432,571
483,219,415,567
474,212,422,570
454,238,441,576
457,220,430,579
449,222,430,579
446,181,424,583
437,179,427,587
469,153,411,596
478,137,407,601
467,140,427,599
457,131,450,601
459,137,447,590
435,118,443,604
430,117,443,615
426,113,450,614
419,101,444,608
418,101,444,609
421,106,452,600
434,91,439,604
441,92,458,606
448,90,475,609
448,93,466,605
446,96,473,606
443,95,469,609
434,90,483,612
427,90,477,612
426,93,479,609
425,92,482,613
422,91,482,611
426,89,474,610
435,82,480,611
435,82,475,608
436,76,456,610
436,82,472,605
433,79,467,609
430,87,473,614
431,82,466,613
431,79,458,614
436,88,457,603
435,85,447,610
443,92,445,601
442,92,457,602
442,79,448,604
445,83,445,605
448,80,434,601
437,103,440,591
430,103,450,595
430,107,457,600
428,96,453,602
428,82,457,613
427,72,466,616
427,69,470,618
420,66,478,616
414,63,501,614
409,47,496,624
407,53,511,621
404,51,511,625
407,54,518,623
406,51,511,616
404,46,512,624
411,48,510,626
410,53,517,627
409,52,512,628
408,54,508,621
414,56,500,619
411,55,503,619
404,58,531,624
409,51,514,624
413,51,511,629
406,53,526,627
412,50,512,625
411,50,521,624
409,50,529,629
412,45,522,629
412,47,523,626
410,42,532,630
414,39,519,631
416,40,522,626
421,35,515,630
418,42,521,632
423,36,511,633
422,38,523,637
421,33,509,642
420,31,513,642
420,34,513,639
424,33,521,641
425,31,507,638
417,37,524,646
418,42,533,645
412,37,528,642
416,33,523,647
413,33,518,644
411,34,529,643
411,39,526,640
418,34,511,641
414,33,521,643
410,34,519,645
408,35,531,650
408,31,522,648
408,36,514,641
410,39,538,649
411,36,514,643
412,32,513,646
413,32,516,645
409,28,527,657
412,33,532,651
414,39,530,647
417,31,528,651
415,32,517,646
415,28,513,649
419,39,521,641
416,38,518,642
413,44,530,644
417,50,537,643
421,47,517,643
419,47,524,642
421,52,510,635
422,53,506,631
424,52,513,634
424,50,503,632
425,61,522,629
428,61,512,624
428,55,490,629
418,62,516,627
422,62,507,630
423,66,504,630
421,66,500,634
421,78,507,625
426,73,485,625
425,80,496,619
431,80,500,621
428,85,511,620
429,83,509,620
431,66,488,631
441,80,511,632
437,73,501,630
441,72,493,630
440,80,497,623
429,79,503,628
438,84,507,624
436,81,500,625
435,79,498,632
435,78,503,630
440,77,488,629
444,75,493,637
455,86,496,627
446,84,493,628
457,86,486,625
452,81,491,630
450,70,488,639
460,70,492,645
455,73,491,645
462,74,490,641
459,68,488,642
454,76,503,645
455,70,492,640
456,70,491,642
462,75,497,640
460,69,490,647
463,72,489,641
459,75,499,642
465,77,489,636
463,71,492,639
454,69,504,645
459,68,492,641
451,62,501,649
454,68,506,645
450,60,495,645
448,60,499,651
450,57,494,647
458,59,494,642
459,53,500,652
454,63,510,647
460,58,488,644
452,55,501,649
454,57,492,648
452,56,493,644
446,48,492,649
456,60,492,642
445,52,498,642
447,53,495,640
446,54,491,644
454,55,495,644
448,58,507,648
447,52,494,650
448,56,502,644
452,60,496,638
439,56,501,647
450,57,493,646
451,55,489,643
448,59,495,641
450,56,488,641
452,67,497,636
447,56,491,641
455,56,490,636
456,57,495,639
453,54,487,640
454,59,487,638
449,60,506,641
455,53,502,647
451,54,497,643
459,55,491,640
456,54,480,635
459,56,488,641
458,56,487,638
453,55,497,643
458,54,486,639
444,52,502,646
446,48,498,649
451,49,499,651
441,46,508,652
448,51,499,647
449,47,491,644
453,54,501,645
451,51,488,644
451,54,491,639
454,53,491,641
449,51,500,645
451,52,491,646
442,47,494,639
454,54,497,640
448,47,495,641
451,42,497,646
445,43,504,649
443,36,503,646
442,38,512,646
445,40,504,645
440,38,502,649
434,37,505,648
436,43,506,644
434,38,493,647
425,38,503,648
425,35,509,656
423,36,506,651
425,37,500,646
423,37,505,649
419,39,502,650
419,34,494,648
417,34,496,651
420,47,487,651
419,51,496,647
424,57,490,651
419,68,491,653
411,77,491,658
419,99,491,654
404,90,489,654
419,102,483,643
424,106,488,645
421,102,490,649
433,104,495,644
431,100,495,648
426,94,505,653
429,94,504,646
443,86,507,649
446,72,496,646
441,68,499,645
443,64,496,641
441,60,505,646
439,50,515,654
432,46,517,654
436,50,513,642
425,54,519,647
426,60,523,651
409,57,523,650
401,77,528,643
399,81,522,635
397,81,508,624
401,81,517,629
402,82,520,628
413,82,519,630
410,79,516,628
408,80,515,625
412,86,514,620
406,72,508,626
412,76,525,623
411,69,515,629
418,72,510,626
424,69,513,627
420,61,500,628
413,48,502,629
417,46,500,632
418,45,496,630
415,59,520,626
412,58,512,623
399,51,514,624
407,54,514,627
409,54,517,626
414,52,520,630
414,51,518,626
408,46,529,629
414,42,515,630
414,43,523,629
409,36,522,632
409,38,531,631
402,24,519,635
407,35,524,635
406,28,513,632
405,32,524,636
404,34,528,635
403,32,523,636
400,32,537,639
407,35,524,633
403,35,516,635
408,40,513,632
399,35,516,635
405,36,511,633
395,42,526,634
398,36,517,636
403,43,524,635
407,42,515,636
403,46,517,633
406,52,527,629
402,38,515,636
400,44,522,633
400,35,514,632
404,42,516,635
406,41,517,635
412,42,513,633
411,39,512,633
408,42,515,631
408,43,516,635
404,42,525,633
404,41,514,628
402,42,513,631
407,57,525,621
402,51,520,624
402,51,521,625
405,51,513,624
404,42,512,629
402,51,525,624
402,45,522,627
396,41,512,626
402,43,514,625
402,49,523,620
401,47,520,619
398,48,516,619
399,41,504,624
403,39,503,621
397,53,517,613
402,47,514,620
403,40,509,620
404,45,508,621
404,58,523,607
401,42,504,621
405,37,498,625
394,45,511,623
400,45,510,625
395,43,519,631
397,41,522,632
395,35,503,635
394,33,510,634
402,34,514,637
400,39,511,635
394,49,500,630
392,60,497,632
394,58,505,633
399,62,504,636
397,62,506,635
403,69,503,631
407,71,502,629
413,79,503,624
404,81,502,622
413,78,496,620
409,72,496,624
408,71,508,625
409,69,512,632
409,63,506,634
406,62,502,635
414,65,500,631
419,57,492,639
420,56,493,636
427,62,492,633
431,58,500,640
431,57,511,650
423,51,514,650
423,58,514,653
414,54,518,654
407,57,516,650
403,56,519,655
393,55,511,655
397,60,508,649
389,60,510,645
389,59,507,649
383,61,510,650
393,66,507,647
390,67,506,647
387,60,507,648
396,66,502,643
394,71,507,639
392,61,504,646
390,62,506,646
390,57,502,647
394,62,510,648
390,55,516,656
385,56,518,659
394,64,514,650
386,61,522,658
393,68,521,655
390,60,521,655
387,66,519,656
389,66,531,659
396,68,519,658
396,69,517,653
397,72,525,658
387,69,523,653
376,74,539,661
391,70,516,654
389,71,522,655
392,74,512,645
391,67,516,651
394,68,514,647
394,67,516,655
396,56,521,656
396,55,533,659
416,62,519,660
423,63,526,667
410,74,539,665
415,75,545,668
419,60,532,673
426,62,524,663
429,55,523,663
429,68,519,660
417,61,512,659
410,54,512,669
401,58,509,668
392,62,509,669
393,54,512,673
391,63,511,674
393,66,510,669
388,71,510,668
388,64,509,671
381,68,518,674
374,81,520,673
351,133,539,664
343,137,543,662
329,144,523,640
379,152,477,628
385,126,477,636
412,121,463,637
415,123,463,633
433,115,454,622
435,137,462,613
437,159,460,601
458,178,445,591
458,170,435,592
435,228,459,565
408,259,464,557
416,235,453,559
433,233,473,570
409,214,458,570
417,200,464,562
437,185,448,561
428,147,427,563
398,109,434,566
414,108,436,566
425,95,446,567
427,97,449,580
410,99,446,581
391,130,443,574
402,132,443,576
388,140,439,581
395,158,445,587
384,172,442,578
397,160,442,579
409,164,434,569
402,135,437,575
403,153,440,572
409,153,432,561
394,160,436,564
412,141,442,571
388,144,437,579
407,126,435,582
412,144,440,578
399,154,433,574
398,138,430,570
389,155,430,579
393,144,437,586
390,136,433,584
398,157,437,585
406,138,432,583
396,126,431,589
387,136,432,591
392,125,436,595
388,119,429,583
396,106,432,591
390,104,430,590
396,83,456,608
360,83,465,624
351,45,512,640
349,44,514,645
322,41,522,625
346,-28,710,628
537,0,724,640
674,54,724,640
534,64,732,647
480,28,740,654
199,24,745,658
356,21,745,658
358,27,740,654
322,43,730,645
60,40,719,635
283,28,539,647
319,10,568,659
305,17,550,656
294,26,560,668
269,66,518,657
278,92,524,663
277,103,534,671
313,101,528,669
290,96,540,676
331,107,542,673
337,131,544,663
321,107,539,669
339,111,537,670
335,112,544,670
328,113,531,666
330,128,535,664
325,101,545,680
326,115,538,668
332,124,544,669
316,120,540,671
321,146,544,665
330,106,543,671
290,124,553,679
326,97,541,675
342,118,525,663
316,122,540,678
318,110,529,670
314,116,530,673
335,128,519,661
311,143,521,660
328,112,501,651
347,160,485,626
375,176,473,611
348,171,473,609
343,175,476,615
335,190,469,602
353,165,460,606
347,170,468,606
345,186,463,600
353,202,459,591
341,184,455,593
345,199,448,577
354,197,442,571
369,215,430,555
365,203,427,554
381,212,425,541
360,220,433,535
377,197,431,543
370,212,433,533
376,190,440,543
374,171,450,560
380,170,446,566
382,150,445,588
359,121,457,601
308,90,475,593
291,-21,522,588
280,5,523,595
245,-22,556,595
241,-47,570,585
368,41,565,613
365,31,581,614
447,42,582,615
456,43,587,609
435,42,586,606
460,49,572,593
491,56,566,594
495,59,573,608
421,36,583,603
423,43,582,601
440,41,582,606
419,33,591,610
451,36,583,610
396,32,607,622
423,32,605,621
352,19,619,640
363,16,617,634
361,26,615,636
365,8,621,643
367,24,628,653
337,14,637,668
287,-10,647,685
307,-5,642,678
339,12,627,677
319,-7,647,698
266,0,637,696
224,23,635,705
211,22,642,708
197,21,675,688
211,22,684,690
288,49,680,688
221,60,716,682
310,86,703,691
285,71,685,688
329,91,695,701
263,46,674,703
286,51,678,694
304,81,674,672
291,68,688,688
309,91,696,682
246,38,705,694
247,43,709,696
234,28,713,702
236,34,719,705
219,23,733,708
219,23,726,702
225,22,723,697
203,23,720,702
228,27,728,704
229,17,736,702
204,25,737,710
229,40,743,709
203,2,728,701
227,31,737,704
202,22,728,703
205,25,733,706
191,17,748,713
180,0,739,704
188,2,731,699
190,7,736,703
212,33,750,714
204,12,753,715
195,7,740,708
202,26,758,712
191,-20,760,708
177,-25,754,702
189,-2,763,699
173,-13,753,694
159,-14,763,697
145,-18,757,705
154,-10,781,703
159,-34,771,708
135,6,747,701
149,13,742,708
171,18,743,701
135,2,803,699
180,8,785,714
218,10,787,721
278,44,770,712
248,29,776,714
143,-21,812,734
152,8,799,729
165,-7,816,719
152,-6,806,727
151,-6,807,722
151,-17,802,724
160,8,803,724
155,-7,799,721
159,-7,812,735
129,-11,819,730
151,4,800,721
148,-10,787,710
132,3,799,714
145,11,795,706
148,18,781,701
136,18,777,688
152,24,785,685
161,20,788,680
160,32,790,686
141,24,785,686
159,28,781,684
147,22,773,677
138,16,782,684
158,19,813,684
116,19,796,694
123,20,797,698
126,30,799,702
155,20,812,697
124,19,819,703
142,25,811,704
135,23,816,700
126,18,822,712
148,10,831,703
114,10,833,719
106,25,842,725
119,2,848,718
81,10,860,726
88,13,867,727
106,19,853,710
88,27,847,717
111,3,844,718
99,11,849,723
130,0,836,724
142,0,843,716
112,10,835,721
123,22,834,723
118,18,816,718
129,13,798,704
144,16,803,710
116,20,803,707
85,18,825,697
74,14,849,700
120,33,831,703
94,34,837,693
142,33,803,726
144,22,793,710
118,20,795,710
88,-4,818,703
114,24,807,709
84,-24,835,703
107,7,816,701
111,-9,834,711
112,9,814,701
121,-16,834,704
113,1,821,699
114,12,810,703
138,26,814,711
111,8,822,707
136,6,816,707
121,-2,833,708
99,-5,845,710
123,18,843,727
43,-1,882,723
78,25,858,724
70,19,859,707
83,14,861,719
82,14,869,719
88,13,854,716
90,7,846,705
83,12,860,712
59,3,877,705
91,1,885,715
81,9,894,717
83,12,896,726
57,6,908,721
90,20,902,719
76,11,897,715
91,33,909,719
120,31,900,711
97,51,913,725
81,29,910,708
101,34,924,714
58,24,924,720
67,3,942,709
121,42,911,713
81,23,914,709
78,27,920,710
103,31,913,711
94,27,922,721
106,16,912,710
68,18,906,707
88,18,910,705
82,12,903,707
94,24,890,690
119,27,885,699
148,37,876,696
109,22,890,691
100,32,894,683
93,37,888,693
143,25,880,705
150,16,860,699
174,35,836,691
213,28,822,682
206,58,814,683
191,45,825,694
177,31,835,698
175,37,819,690
223,44,814,692
210,42,824,694
207,41,804,686
195,52,804,695
209,54,809,693
218,66,800,689
215,76,804,684
153,68,779,667
105,71,785,670
42,89,809,662
49,101,809,667
48,103,797,656
25,108,762,636
65,119,724,621
46,133,724,612
52,124,727,624
6,119,746,626
1,131,753,627
-25,118,760,627
56,114,725,631
48,115,717,618
37,139,717,606
35,140,730,610
48,115,723,616
59,128,711,606
60,142,709,602
58,132,700,599
71,158,701,597
68,128,708,608
49,154,715,599
69,151,691,590
58,134,701,593
71,173,692,583
57,144,700,595
46,152,702,590
51,157,701,589
75,149,684,588
97,165,676,585
84,162,686,577
83,141,707,586
82,113,729,603
111,113,710,606
165,100,693,619
151,86,691,625
142,86,694,632
137,85,698,638
157,91,699,643
174,130,695,610
193,106,690,624
215,98,672,637
206,55,656,653
190,75,665,640
187,71,671,640
188,69,668,638
208,75,645,644
209,90,651,626
199,83,645,628
204,105,655,620
202,104,659,621
214,108,660,624
249,113,640,620
231,104,648,625
248,85,645,634
208,82,671,640
212,76,670,646
184,86,687,642
189,71,686,648
184,74,700,663
183,74,713,656
174,70,729,664
179,69,713,658
197,65,703,667
217,67,699,663
204,66,700,663
228,71,691,657
225,69,683,650
239,69,671,644
233,70,683,645
217,69,695,643
217,70,700,641
247,69,691,645
217,66,700,645
267,64,679,648
262,59,680,654
228,55,700,654
230,57,702,650
251,57,693,657
260,50,692,668
243,52,707,665
253,48,709,668
257,52,717,667
255,50,712,671
239,53,727,663
258,59,725,663
237,50,732,662
274,50,715,659
281,46,704,670
273,51,703,660
301,54,698,649
236,64,742,655
211,50,758,653
226,55,747,658
240,54,748,662
237,55,749,662
244,54,743,660
250,40,732,656
251,47,726,654
233,43,750,656
246,42,725,652
246,40,729,652
263,46,717,654
249,48,740,654
224,43,736,673
251,51,720,667
251,55,736,669
242,67,749,669
229,51,749,678
161,42,797,682
183,73,777,667
233,67,747,674
194,58,769,676
201,49,761,682
188,55,779,680
225,44,751,682
208,61,781,684
196,43,761,676
206,51,756,673
196,51,765,666
222,57,752,661
237,44,720,665
215,62,756,653
228,46,737,662
213,49,747,667
221,53,749,664
211,56,770,670
199,52,762,669
221,43,749,670
222,45,755,675
242,44,744,677
205,41,769,674
231,46,740,661
230,41,738,675
215,39,748,662
223,38,740,667
236,45,732,660
238,35,720,662
253,37,717,662
237,38,729,665
234,35,736,665
231,39,733,663
237,41,744,670
222,45,743,659
234,44,740,660
213,37,732,654
254,53,712,649
218,33,736,658
260,47,718,658
271,48,720,656
272,45,711,654
263,44,710,651
267,41,700,646
235,42,712,650
228,41,722,650
232,39,730,658
248,46,726,656
224,57,734,653
216,43,732,650
217,34,729,653
230,49,722,649
254,50,709,644
229,37,717,650
241,43,715,647
240,35,706,649
228,31,715,647
241,38,722,650
234,33,714,650
206,41,746,652
223,45,721,639
262,43,710,648
177,44,759,654
237,49,711,643
265,46,695,645
269,64,702,639
260,64,696,635
241,68,705,634
245,72,704,630
272,65,693,637
219,70,719,630
229,78,705,621
265,66,692,636
250,76,701,626
262,74,697,627
275,67,670,627
265,81,686,618
279,78,672,614
243,76,696,619
289,70,674,627
260,81,692,624
262,67,684,632
264,75,694,631
295,83,675,622
282,75,687,632
271,74,689,631
255,65,696,635
241,84,711,622
239,73,703,631
270,64,691,636
257,67,695,633
266,64,686,630
257,67,706,637
262,52,696,646
282,59,685,641
280,67,683,635
292,67,685,632
287,68,681,632
302,75,688,629
272,61,685,641
285,67,675,627
278,71,685,628
277,72,681,627
281,65,685,631
256,70,692,629
275,68,682,630
268,51,687,639
259,54,687,637
282,59,687,639
271,49,700,651
241,58,728,645
227,51,728,650
249,48,722,659
258,46,712,662
261,51,727,661
267,47,725,670
230,50,755,673
242,42,733,670
251,45,732,665
238,55,742,665
244,41,732,668
252,31,718,670
238,49,740,659
243,37,740,673
238,37,744,676
225,30,753,684
227,35,756,679
224,42,759,678
229,28,754,685
238,30,768,692
187,31,794,693
168,48,810,691
194,45,802,699
207,36,790,700
197,33,785,697
200,34,779,697
230,42,769,693
209,45,791,693
217,40,773,690
209,33,778,693
201,40,802,689
191,29,793,690
199,25,784,691
194,23,788,696
192,27,794,686
222,24,773,686
191,26,775,686
244,35,737,669
250,27,727,666
245,36,742,670
240,25,743,675
230,35,758,668
249,28,744,672
231,25,739,664
240,26,735,665
265,25,719,659
250,27,735,658
255,27,737,666
239,24,749,664
224,23,749,664
213,27,761,674
212,25,762,665
182,22,789,677
229,20,752,667
236,18,747,667
246,11,730,667
244,26,744,670
218,32,762,672
218,20,754,673
198,13,766,677
207,25,773,676
206,30,759,663
249,34,731,659
218,36,755,663
252,28,719,664
262,37,714,656
275,53,706,646
259,46,711,649
257,40,715,658
261,35,717,666
250,38,721,653
246,50,727,645
243,48,732,648
272,52,707,640
250,44,714,641
276,32,699,649
287,42,697,638
284,41,699,640
258,32,709,650
262,29,714,657
223,26,746,660
234,33,745,658
233,21,751,676
184,33,782,664
221,23,764,682
246,25,743,675
250,25,750,678
216,27,768,666
219,13,749,679
224,23,756,673
238,19,751,676
238,30,764,672
140,25,814,663
236,23,740,662
218,27,759,664
263,26,729,660
211,29,760,662
225,19,747,669
233,25,749,665
205,20,768,664
229,22,752,669
212,21,758,666
265,28,722,656
251,22,718,656
297,27,698,658
280,40,695,658
255,47,703,663
295,61,691,653
274,72,688,643
287,85,687,642
280,112,672,625
288,115,653,625
287,126,645,626
291,132,644,613
316,151,633,610
326,192,638,589
298,189,640,591
313,190,636,592
295,198,647,584
345,188,609,583
348,187,614,582
345,180,599,581
338,174,590,573
356,164,581,576
365,184,583,564
367,188,579,557
357,195,581,553
370,191,576,553
354,192,577,547
375,195,566,545
354,194,585,550
365,196,571,545
353,201,573,543
366,185,560,549
370,196,556,541
371,200,536,529
380,204,528,527
373,220,511,516
377,215,507,513
379,229,502,504
373,251,485,491
373,257,480,485
367,269,484,482
364,265,481,488
367,259,476,489
357,260,482,493
359,257,487,492
369,248,479,501
361,242,473,501
343,251,493,500
377,242,475,505
373,243,480,500
371,242,479,502
369,245,481,501
373,246,476,500
391,257,474,490
390,263,473,482
393,273,480,483
394,277,486,483
406,284,487,482
405,289,484,479
399,289,494,476
399,288,508,471
398,284,502,475
426,299,509,464
411,263,527,471
435,271,537,468
469,253,525,473
461,243,532,476
491,241,537,479
551,231,528,478
577,230,527,469
594,219,535,474
552,223,571,474
587,223,562,475
623,222,549,460
637,225,544,460
666,223,529,461
664,226,539,459
675,213,530,457
686,225,515,451
695,224,504,448
688,226,504,438
692,228,507,442
708,229,499,443
702,229,497,444
710,231,507,447
716,214,495,444
697,228,503,439
708,235,497,434
706,229,493,433
713,231,490,435
695,240,488,428
705,232,486,434
678,248,510,435
681,228,497,435
674,236,504,439
679,228,492,438
659,232,501,431
667,231,501,441
638,230,486,437
641,203,469,436
634,200,472,435
627,193,463,426
609,185,458,423
581,185,448,423
579,191,444,419
575,197,445,413
559,207,452,409
569,189,445,417
575,187,439,417
571,173,438,415
567,176,445,418
579,170,438,424
581,168,434,423
581,175,436,411
580,168,436,412
582,181,433,404
581,167,432,407
572,131,428,406
572,143,428,408
567,138,431,408
564,164,428,398
560,134,422,402
548,121,422,393
539,85,422,392
528,78,427,395
537,87,429,417
532,95,429,406
523,79,435,410
513,74,438,414
505,84,446,411
509,76,446,424
505,81,446,418
501,72,445,423
500,69,445,430
499,64,440,425
491,65,449,421
485,61,449,410
497,58,447,430
489,56,447,410
510,64,435,415
499,54,434,405
511,62,432,408
509,54,432,412
510,61,440,419
497,58,452,414
496,58,456,421
511,72,440,416
497,67,451,420
509,66,447,429
500,70,447,421
508,71,442,421
514,62,430,419
502,73,443,409
517,60,435,418
520,67,437,418
523,89,433,403
524,59,424,408
509,59,439,417
486,79,460,412
470,78,472,415
477,65,468,419
459,72,480,417
449,62,487,424
430,65,510,427
420,73,517,433
412,73,524,435
423,71,527,437
423,77,525,434
438,87,516,429
462,95,502,424
472,102,495,423
455,92,510,432
457,111,514,428
442,106,531,442
450,132,533,447
456,141,528,446
448,141,537,451
443,138,546,457
445,163,547,458
414,161,567,461
439,147,558,469
431,148,561,475
430,174,570,476
425,169,566,474
413,162,578,480
406,166,580,482
388,150,592,497
406,163,589,492
398,158,593,500
381,148,591,495
412,146,590,501
415,150,577,495
392,157,577,493
381,156,578,493
385,155,574,489
382,152,579,498
388,151,577,499
390,144,591,505
379,148,590,505
381,150,585,505
386,148,588,512
381,138,589,507
380,146,589,502
393,140,592,512
415,138,591,515
364,152,617,519
363,139,626,522
367,137,622,524
396,135,618,527
384,131,630,528
385,142,626,528
402,136,615,521
402,131,620,525
414,140,615,517
394,137,618,516
404,136,615,516
392,135,613,512
420,139,604,512
429,133,597,515
419,123,595,503
409,131,598,510
397,134,603,513
430,131,589,516
421,132,584,501
413,131,593,507
424,136,590,509
413,127,602,513
413,125,601,510
401,125,608,516
404,128,610,516
401,124,616,521
403,122,614,523
411,125,613,521
394,132,616,513
413,130,606,515
411,117,611,516
406,127,608,504
429,127,598,511
423,143,600,508
418,135,589,506
430,139,586,494
431,139,571,488
424,141,576,492
438,127,579,495
424,151,575,489
416,145,577,483
427,149,571,491
415,149,581,494
416,154,580,487
410,144,580,493
427,144,577,489
412,157,577,485
430,139,568,488
424,137,572,489
407,132,581,491
424,133,579,497
426,131,576,503
419,134,579,493
397,141,588,490
413,143,586,495
433,134,578,502
425,138,585,506
403,140,595,500
423,124,587,505
424,136,590,509
399,145,596,502
431,132,587,509
426,132,591,509
414,131,601,509
400,139,598,503
397,131,602,502
423,132,600,521
414,120,600,515
409,120,599,511
407,129,598,512
411,119,591,506
409,123,595,508
443,113,587,513
432,101,591,511
446,110,594,512
459,98,587,515
457,103,595,511
467,99,607,506
482,93,608,505
478,89,624,511
491,94,620,506
489,91,630,512
514,93,625,509
550,94,631,505
573,100,621,497
558,105,619,489
591,109,593,480
603,106,609,486
618,110,604,487
626,119,607,486
620,113,609,488
664,115,587,486
660,129,597,479
681,129,590,484
654,135,601,481
649,140,600,479
654,135,605,479
695,141,577,471
704,138,571,468
675,134,585,474
692,143,578,468
678,136,591,478
691,138,584,469
689,125,583,471
691,126,586,468
690,121,582,469
695,113,569,469
687,108,568,460
677,117,567,450
677,101,561,454
700,92,545,453
673,95,559,453
660,97,565,450
679,88,548,445
642,87,557,442
655,87,553,443
639,76,548,442
636,70,545,443
632,57,545,447
630,51,547,450
634,49,539,450
631,40,533,447
612,28,535,453
611,34,540,451
587,29,551,458
577,30,553,461
588,18,546,456
582,17,545,453
524,20,580,465
546,19,574,464
569,13,563,464
553,18,566,462
559,10,566,463
563,9,565,464
542,15,573,462
552,8,562,460
555,13,560,457
550,10,574,463
532,2,579,465
512,0,593,473
524,6,585,468
542,6,582,468
512,7,582,461
537,14,570,459
506,10,584,465
540,-0,556,457
548,6,553,451
549,3,548,449
523,7,557,451
555,7,553,452
546,10,551,450
518,11,554,446
536,6,547,446
530,6,544,443
543,-0,545,443
551,-5,541,445
525,5,549,445
514,11,557,451
525,8,561,450
501,8,562,456
511,14,554,447
542,-1,551,449
523,6,552,447
490,2,567,452
539,4,556,447
522,4,552,447
538,4,549,446
525,7,554,445
536,10,551,448
522,7,558,451
522,11,548,444
526,-3,537,445
527,4,551,446
538,-10,539,447
520,4,549,452
531,3,548,444
512,-4,555,449
525,0,558,456
533,-11,550,450
525,4,554,449
536,-1,554,449
543,2,550,450
516,3,555,449
526,-3,549,447
533,-6,546,448
519,2,550,445
517,12,554,448
527,-0,549,444
525,-1,554,449
524,-21,551,449
534,-2,547,449
495,6,559,446
530,1,545,446
530,-10,535,439
539,0,530,431
534,-2,526,433
509,6,537,435
512,6,543,441
544,0,534,439
501,1,555,445
538,-13,537,442
526,-7,550,445
533,0,559,451
541,-5,551,451
563,-10,543,450
561,1,543,449
556,10,545,455
577,21,536,450
600,26,524,448
594,27,531,450
617,38,515,445
602,46,523,444
612,55,519,447
584,61,532,442
587,67,534,439
577,50,537,450
579,59,549,451
586,57,557,453
587,55,555,452
579,63,556,448
602,52,558,454
580,53,562,458
580,64,548,453
558,63,550,452
544,58,557,458
542,60,550,459
529,63,552,458
539,61,553,461
500,66,570,466
527,58,561,468
509,60,562,467
503,66,565,462
506,71,557,456
458,71,580,465
499,65,556,463
478,73,574,464
487,63,567,469
486,59,569,472
485,60,576,475
474,59,576,476
477,64,575,473
468,65,580,478
491,59,574,479
486,59,569,477
487,63,556,468
490,73,563,465
513,66,548,463
503,74,557,466
476,78,565,463
486,76,559,460
504,72,552,459
493,76,559,464
479,76,560,463
495,79,553,458
505,76,545,458
488,91,550,452
510,78,541,451
500,82,553,462
483,80,562,458
465,78,570,464
477,75,562,465
489,69,557,467
500,67,543,466
470,68,560,467
481,70,562,467
488,62,563,475
469,68,571,474
464,69,579,477
457,66,591,483
443,62,596,489
469,53,583,487
475,60,586,488
456,58,592,490
450,57,593,494
442,57,594,490
458,59,585,484
460,59,585,487
444,57,588,490
438,54,593,491
450,55,599,493
449,54,596,494
429,58,605,495
457,57,596,492
454,62,591,487
455,61,591,488
448,61,593,491
470,57,583,488
451,56,592,490
441,51,599,494
454,51,592,496
466,55,585,488
440,56,592,489
443,54,597,493
456,52,590,494
466,58,589,492
457,54,589,492
456,55,589,492
431,58,602,492
445,58,594,490
440,61,593,489
459,60,591,492
435,60,603,491
463,57,592,491
433,63,595,486
500,53,562,481
473,61,580,485
441,49,599,498
463,49,594,496
438,56,612,497
468,57,597,496
460,52,595,495
455,58,599,498
446,59,595,500
444,62,598,501
443,57,597,498
458,63,584,499
466,64,577,494
474,61,573,490
468,65,579,489
480,73,571,494
452,72,589,491
465,67,584,489
482,70,576,497
468,71,585,499
448,71,597,497
444,63,602,505
452,65,603,504
459,67,598,504
463,70,601,507
466,62,598,509
446,57,609,516
437,57,607,510
445,58,602,510
444,57,613,518
438,62,613,516
466,57,600,511
459,64,601,506
469,70,592,503
475,62,591,504
448,64,604,505
449,65,603,510
473,65,591,507
433,68,605,504
465,62,588,507
451,64,593,506
464,67,593,505
422,66,612,505
429,66,603,498
456,75,592,495
451,77,586,487
471,81,578,485
470,71,573,481
471,72,574,486
453,70,583,487
478,72,566,482
444,75,588,482
467,74,576,485
492,64,560,481
470,72,573,484
474,74,574,483
477,69,568,478
465,81,579,480
464,75,578,483
466,70,580,481
493,74,561,478
477,76,571,476
494,71,562,476
467,68,573,476
472,68,578,488
468,72,575,478
464,68,580,488
477,69,574,484
473,66,582,491
469,72,579,484
490,64,569,487
471,67,581,488
464,68,584,487
463,61,589,493
456,68,593,495
469,70,586,495
468,65,590,499
463,60,587,493
441,57,601,501
473,65,578,488
461,64,582,485
465,65,583,490
456,63,590,493
453,58,593,500
454,62,595,497
457,62,595,498
434,64,605,497
443,56,594,493
464,58,588,496
478,58,583,495
456,51,595,506
444,57,599,503
450,57,604,506
453,57,601,507
445,58,596,502
469,61,592,499
456,58,593,504
473,54,586,503
447,57,599,496
467,56,596,502
452,54,600,502
459,51,598,507
452,59,604,507
475,49,585,503
472,57,595,505
436,52,617,511
455,54,609,514
458,49,606,514
428,53,613,507
448,50,611,511
439,53,626,521
428,49,632,523
438,51,620,520
436,45,625,525
438,44,616,518
449,48,615,520
441,53,624,518
441,40,623,525
435,43,625,523
458,53,620,524
446,48,622,520
434,50,623,519
455,47,616,520
439,55,624,519
437,50,623,522
437,40,623,522
441,43,608,514
439,50,612,512
469,53,603,514
447,53,609,512
445,46,614,517
443,55,619,516
457,49,616,521
439,62,615,513
440,52,617,517
441,53,620,519
437,39,613,513
448,64,615,513
480,61,592,511
439,59,610,510
460,60,599,507
448,71,595,497
451,64,600,497
465,62,595,503
442,65,602,500
458,62,601,502
472,65,589,497
474,77,578,488
466,66,581,491
488,66,574,492
477,67,590,501
462,73,599,502
464,65,602,507
454,73,597,501
441,78,604,497
454,69,595,497
492,59,580,502
476,70,584,494
488,60,572,495
455,68,595,495
470,70,590,494
479,66,591,505
462,61,597,505
450,64,600,502
455,61,596,503
462,62,589,500
462,64,592,498
457,66,586,493
461,67,583,484
481,65,576,491
470,69,582,491
480,67,581,489
460,68,587,489
472,62,583,484
463,64,585,485
476,61,585,492
469,63,583,487
446,73,593,481
457,63,581,482
467,63,577,480
475,62,570,477
448,65,587,482
475,61,579,486
486,55,578,486
489,57,576,484
483,61,576,479
496,52,573,473
458,52,580,479
427,60,589,474
469,66,571,483
459,59,584,483
444,60,601,490
489,63,584,485
465,52,584,483
458,53,586,483
489,50,573,480
455,47,585,483
436,49,608,489
482,46,585,491
466,46,586,488
493,50,563,477
452,52,587,478
470,49,574,479
450,51,582,477
480,45,570,480
479,38,568,485
469,47,578,483
451,43,580,481
454,47,586,485
463,49,590,489
448,43,585,484
454,39,589,488
455,46,584,485
451,44,589,486
460,40,582,482
441,46,596,485
466,47,581,481
461,47,580,479
460,48,584,483
422,47,600,484
471,45,576,487
451,47,592,487
460,44,571,481
435,45,591,486
449,46,585,482
458,46,579,485
455,52,580,479
459,44,574,481
459,47,579,479
464,42,585,485
443,45,589,482
481,43,568,483
460,45,584,481
463,45,574,481
463,50,573,476
455,47,576,475
448,52,583,479
481,49,562,476
435,53,585,476
456,48,577,481
489,43,557,480
475,42,567,479
459,50,570,465
470,46,566,468
493,40,553,463
487,43,555,461
506,38,542,462
497,38,547,463
478,43,551,456
482,41,550,458
470,38,560,466
481,36,554,464
495,31,550,469
455,39,576,477
443,39,585,479
456,35,580,476
469,31,566,475
437,38,587,476
463,38,582,485
458,36,570,476
483,35,567,479
444,37,589,477
476,31,576,481
484,37,567,473
459,41,578,473
462,36,572,476
457,38,580,475
479,33,568,475
443,35,583,476
476,35,569,475
465,32,574,480
469,35,579,479
473,45,574,477
486,36,563,475
481,39,562,476
464,51,572,476
480,45,558,478
490,51,560,479
453,60,577,475
475,53,561,478
465,61,574,479
464,62,570,481
496,60,560,479
464,74,573,480
480,64,566,479
481,62,559,478
489,76,558,472
481,81,561,470
489,85,555,470
455,81,561,467
467,83,561,475
455,85,573,482
467,74,564,481
465,72,574,491
481,77,566,485
455,78,575,482
450,78,575,482
455,82,579,489
468,71,574,493
452,70,586,498
431,73,597,496
469,63,572,493
453,77,579,488
460,74,564,474
474,85,562,478
442,79,576,481
459,79,574,483
453,83,575,481
459,79,564,473
455,82,566,469
457,81,567,477
485,68,554,474
446,77,578,477
466,70,567,482
481,76,556,473
461,79,562,475
453,73,567,480
450,80,570,473
442,83,594,473
438,72,583,470
450,75,596,472
475,70,597,463
458,64,642,468
446,68,645,468
465,61,649,470
454,65,639,480
448,52,654,491
471,64,653,481
445,78,652,472
462,76,644,473
473,65,669,489
462,81,674,483
455,83,672,479
449,102,630,473
457,82,628,474
464,92,605,476
450,95,596,485
431,101,576,471
470,102,547,462
436,110,565,464
445,94,558,467
456,100,544,458
448,96,545,456
449,96,542,452
446,93,541,453
456,96,540,450
454,100,534,443
438,95,540,447
457,94,534,446
451,90,539,447
439,97,543,448
467,91,535,445
467,102,534,442
487,88,525,447
469,90,535,447
460,90,541,455
444,97,553,456
483,87,543,460
462,88,547,458
469,85,546,460
446,91,560,460
445,90,557,464
497,78,533,457
488,85,534,450
464,85,547,456
459,84,549,455
451,84,558,460
443,85,562,460
470,82,546,457
468,81,550,458
446,82,558,459
471,85,547,453
450,83,556,459
464,81,553,455
457,83,556,458
459,84,549,453
476,80,545,455
458,79,552,459
477,81,547,458
465,83,552,459
469,82,553,463
456,82,558,465
452,85,556,458
464,78,554,464
469,77,553,461
467,74,556,464
456,83,560,460
464,75,556,461
482,79,544,457
464,77,553,457
467,73,550,457
459,76,555,457
479,69,549,463
477,73,551,460
468,67,554,462
469,70,554,461
479,60,552,464
503,56,546,466
486,63,558,465
466,54,566,475
492,57,565,479
465,60,574,477
466,59,579,472
494,58,564,472
481,60,573,472
484,62,573,479
466,63,587,477
497,72,570,476
491,64,575,479
484,60,579,483
503,66,570,478
517,59,561,481
482,66,585,480
491,68,583,479
498,66,576,482
483,66,584,483
498,73,575,477
494,77,567,473
490,69,569,471
500,78,566,466
493,80,569,469
494,74,567,467
507,80,558,467
510,80,556,466
496,82,564,468
522,79,553,470
488,84,568,469
496,86,561,467
487,86,566,470
479,100,575,466
474,96,569,468
479,102,572,464
491,102,566,466
495,107,565,467
495,104,563,465
511,107,551,461
490,109,563,463
500,107,556,460
504,114,552,457
493,109,557,458
498,112,560,464
495,108,563,465
499,102,555,464
495,109,563,463
496,114,560,459
497,112,556,459
494,107,557,459
491,106,557,462
495,105,556,461
495,101,561,467
496,110,563,460
504,107,559,465
505,99,557,467
507,98,556,465
486,100,569,466
501,99,559,466
498,101,571,471
496,98,571,475
470,89,581,477
483,95,581,478
468,86,581,480
468,93,585,479
468,95,587,480
469,93,585,478
477,95,575,472
470,93,574,471
488,84,563,473
484,87,570,475
473,84,575,474
477,82,576,476
497,88,568,469
489,82,564,468
488,82,563,459
497,87,558,458
489,83,562,461
491,76,568,468
492,78,567,466
506,81,562,466
477,81,579,471
515,76,553,466
518,79,553,459
537,83,545,454
533,79,551,452
525,74,552,453
528,78,573,449
528,68,590,458
525,66,595,461
534,64,604,466
520,64,600,464
545,64,591,462
537,65,591,462
554,69,605,460
561,64,587,463
552,61,583,459
546,72,585,460
557,67,563,457
561,72,552,449
565,69,555,454
566,67,551,453
566,65,544,450
577,72,549,447
587,70,547,448
612,69,547,447
596,69,547,450
591,83,551,449
608,72,552,453
590,73,563,455
598,72,571,461
596,73,563,465
632,78,566,459
621,75,559,460
605,90,564,453
639,83,557,456
636,86,555,453
641,91,567,457
648,85,560,459
653,93,566,460
667,97,569,461
693,105,555,457
708,105,553,458
679,124,571,450
727,119,556,461
729,111,562,470
735,114,555,466
716,117,565,465
704,103,568,475
707,94,569,476
693,76,586,484
674,66,590,488
692,61,580,483
700,56,587,484
686,52,574,477
656,52,581,475
644,59,584,470
626,53,579,469
621,37,584,473
618,29,585,475
592,11,586,472
591,10,585,472
577,17,596,470
579,-0,577,462
563,-11,573,451
572,-16,576,447
578,-22,575,447
563,-11,578,447
538,-6,585,451
544,-6,571,447
558,-23,573,443
528,-28,585,450
529,-38,584,452
534,-25,587,449
489,-36,603,456
504,-35,600,457
525,-35,589,452
481,-35,605,456
513,-31,599,456
519,-39,587,448
513,-42,587,443
509,-23,587,448
519,-38,578,441
538,-32,569,437
516,-27,574,439
545,-25,565,434
552,-37,562,433
528,-17,567,437
567,-36,563,435
570,-22,567,438
546,-38,582,447
580,-19,574,441
585,-13,563,433
596,-9,564,435
594,-22,580,439
613,-18,563,433
622,-11,558,429
599,-14,557,436
604,-12,566,440
616,-11,554,437
614,-12,557,441
609,-14,564,444
624,-14,555,442
606,-13,561,442
613,-7,553,437
611,-7,556,431
579,-22,554,433
594,3,551,425
580,-14,556,429
581,-29,550,429
559,-34,566,433
572,-20,553,423
594,-22,544,416
566,-13,546,423
559,-21,546,417
566,-17,541,415
536,-27,547,422
557,-31,537,409
563,-26,536,408
542,-27,541,413
507,-26,548,417
519,-14,545,413
513,-25,549,410
514,-33,550,416
513,-37,554,413
519,-21,543,410
487,-31,548,413
516,-28,543,405
499,-37,545,405
482,-16,539,405
473,-24,540,406
466,-29,547,407
472,-32,549,407
452,-33,554,412
443,-30,554,415
444,-34,562,414
457,-38,563,420
486,-35,558,420
518,-20,549,426
499,-25,546,427
532,-38,545,426
541,-18,560,436
592,-10,549,435
581,-3,562,438
590,11,561,449
601,11,563,448
614,20,564,464
633,23,561,469
632,30,564,471
626,40,557,469
641,35,555,471
608,50,561,470
600,54,558,466
605,45,545,470
579,51,556,479
571,48,558,479
569,54,560,477
567,65,557,475
554,61,550,472
541,61,557,474
535,69,561,471
511,72,563,470
496,70,572,479
517,79,561,473
506,79,558,469
520,77,557,468
515,79,553,470
489,89,560,472
526,84,539,464
515,83,547,470
499,87,554,472
518,86,542,473
513,87,546,476
514,86,549,487
495,84,547,479
488,82,557,487
484,92,560,484
465,96,568,489
449,92,571,488
427,110,577,480
428,111,576,473
429,101,573,476
373,112,614,482
404,92,580,477
393,87,560,475
401,98,565,483
371,88,558,490
344,82,566,489
319,84,564,497
270,101,590,493
314,72,556,501
291,87,570,495
260,95,575,488
278,77,570,495
258,95,585,490
253,87,581,489
234,91,590,493
256,81,584,494
272,71,576,494
257,76,583,494
257,68,587,494
239,82,592,498
247,79,594,491
221,93,599,487
265,84,578,482
243,98,592,481
270,72,575,493
271,78,592,498
307,64,571,495
297,74,586,489
316,58,583,503
346,60,582,494
361,63,584,491
408,87,589,491
417,72,583,491
410,67,572,481
417,71,557,467
453,83,547,452
374,77,786,456
506,185,559,430
511,176,545,419
581,313,576,433
562,287,560,447
565,295,544,439
585,204,520,449
584,201,522,453
630,138,504,458
650,112,507,467
685,111,499,464
683,116,507,460
676,117,509,456
730,116,513,463
729,125,520,464
723,139,532,469
754,152,521,466
758,147,516,463
795,156,493,459
775,162,518,468
800,160,501,471
767,168,533,475
789,172,519,472
786,186,517,473
779,194,520,471
781,185,517,469
780,183,508,473
780,169,504,465
782,176,497,468
773,169,500,464
769,174,503,473
772,166,498,464
756,172,510,467
753,166,511,469
743,181,522,470
765,164,510,469
756,164,514,469
760,157,512,471
760,153,510,469
752,156,515,468
757,148,514,474
764,151,511,475
756,152,516,469
764,143,516,473
769,155,512,470
775,150,517,475
768,158,527,478
769,153,527,475
781,153,521,475
778,165,531,482
783,160,524,477
788,159,516,479
780,171,525,472
778,152,517,473
764,159,526,469
780,145,509,475
769,152,516,470
765,153,523,476
754,147,521,472
758,141,514,471
741,140,528,473
719,151,537,470
718,140,535,472
731,126,522,469
728,141,518,464
728,131,518,469
714,128,526,466
715,130,525,468
688,120,525,462
674,117,529,464
642,121,538,463
661,113,520,463
665,106,510,462
633,106,513,463
631,100,507,461
620,88,506,462
625,85,505,466
625,82,503,465
601,81,512,465
