19,188,908,421
10,202,928,413
2,216,960,391
14,225,985,380
5,225,993,383
50,231,985,380
52,224,1009,383
90,224,1009,386
184,223,933,432
128,234,1008,386
117,230,1021,392
156,243,1003,383
146,253,1011,380
127,257,1027,376
129,258,1004,373
124,258,968,368
96,253,1012,375
76,250,1005,374
41,239,1010,374
27,226,996,368
11,229,993,374
24,237,984,374
18,237,995,377
28,244,984,380
21,253,994,378
48,259,992,371
97,261,975,367
114,267,975,366
122,269,979,367
162,254,969,374
185,255,981,380
193,250,990,382
259,262,977,381
282,265,973,381
286,262,976,378
276,255,993,388
304,263,993,379
312,265,994,380
357,284,1000,368
357,295,994,365
415,311,939,353
370,298,974,356
372,298,960,362
344,289,961,368
354,302,931,362
321,286,938,363
356,298,919,360
326,298,916,363
293,297,916,364
239,272,943,369
217,263,944,369
174,255,966,375
177,261,966,377
158,253,972,373
160,257,961,377
162,269,968,371
166,279,975,363
170,269,982,360
170,271,983,358
204,267,967,365
244,272,945,367
269,256,942,380
277,236,931,391
272,224,937,391
276,224,928,391
292,212,937,387
280,206,947,381
305,217,935,376
296,213,947,362
289,215,958,363
348,224,915,366
303,214,953,366
343,223,914,363
310,213,931,358
260,210,943,367
253,206,922,365
268,210,919,364
253,207,909,358
226,199,904,353
210,200,896,356
146,196,929,363
144,202,933,366
118,193,955,366
134,202,946,373
111,209,946,370
115,213,935,361
107,218,939,361
122,224,936,365
138,230,919,361
134,226,936,367
136,224,949,367
162,223,923,368
179,228,930,375
222,235,917,374
215,236,921,374
234,244,920,372
264,244,915,370
265,249,931,374
299,260,932,370
299,251,940,365
305,259,940,370
314,267,942,364
339,271,954,360
322,269,963,362
322,271,966,369
291,264,978,375
307,265,981,369
295,262,956,372
286,256,939,368
247,256,945,374
223,235,940,371
204,236,935,373
200,243,941,371
200,239,924,373
126,226,959,378
83,223,991,379
85,222,981,378
65,222,983,377
68,219,976,369
49,223,972,367
52,229,955,363
33,225,957,370
27,220,950,375
38,217,943,386
38,221,939,376
49,214,930,390
53,216,930,386
53,218,941,386
61,218,955,379
82,212,950,377
86,211,949,380
102,209,941,377
124,208,938,379
121,201,942,380
153,218,944,378
183,234,946,374
216,252,916,373
228,254,933,361
254,265,942,358
321,291,925,356
335,295,936,356
401,299,908,338
397,300,907,340
434,297,896,337
412,276,902,361
435,259,883,367
444,236,857,381
429,223,858,384
452,222,836,384
432,205,855,383
389,189,886,384
355,177,912,387
339,171,924,384
331,167,931,382
336,167,928,382
345,168,921,378
332,173,914,380
328,192,887,372
291,194,896,366
264,202,893,364
265,205,884,362
253,202,894,369
201,207,909,372
171,212,915,374
124,211,925,378
106,213,915,373
143,226,887,366
115,214,897,372
59,205,933,377
43,199,931,384
54,215,924,387
54,209,923,388
45,201,931,387
59,202,920,382
78,224,918,377
109,234,898,371
112,234,903,373
140,250,903,373
128,240,909,376
128,261,922,376
174,280,890,368
156,273,918,368
182,289,912,368
194,279,918,368
199,283,917,373
201,271,936,372
241,263,925,373
277,266,910,374
281,258,924,369
289,244,929,362
280,245,934,362
298,239,925,364
314,233,934,364
300,218,951,372
310,212,961,369
325,203,958,379
341,203,945,375
336,189,953,390
365,178,932,396
376,173,918,402
426,158,878,397
420,152,857,403
417,154,861,403
451,137,829,406
441,135,803,417
465,108,773,425
449,106,763,426
442,101,754,425
479,90,726,422
455,92,733,417
438,110,726,415
402,126,739,407
362,139,776,401
325,156,807,396
324,153,813,399
269,165,859,392
250,166,868,395
243,167,870,383
221,169,887,370
234,171,885,372
223,170,896,371
228,174,901,376
216,170,907,377
240,174,896,381
241,158,903,393
274,157,885,401
283,162,885,406
335,173,856,397
401,186,806,376
424,184,800,381
414,160,800,388
463,184,789,386
484,200,781,379
539,222,757,366
504,194,804,374
520,200,806,369
528,197,822,366
513,184,842,369
516,187,835,365
490,175,826,368
437,180,861,368
405,154,905,383
438,141,917,387
441,128,928,399
466,132,908,399
477,119,886,404
473,115,895,410
473,111,896,406
452,111,895,405
455,110,864,407
443,119,866,407
438,110,837,414
433,106,802,420
372,114,796,436
381,97,767,442
349,96,763,434
366,93,748,434
340,91,755,427
290,110,778,414
280,106,782,417
263,104,795,425
227,120,827,420
231,116,834,428
202,127,877,430
199,139,886,419
191,145,887,413
195,149,879,402
200,162,873,384
197,158,871,382
203,172,866,375
210,177,850,368
231,195,861,373
231,188,848,375
282,203,839,373
287,197,829,373
385,237,793,354
378,234,791,351
428,249,744,343
444,238,731,336
508,250,694,327
511,258,677,321
560,280,666,314
549,234,681,328
562,226,689,330
580,230,672,328
578,219,693,340
575,220,693,340
592,198,689,341
601,162,699,348
583,122,708,363
558,109,720,375
528,84,756,382
530,86,752,380
507,82,769,385
493,76,768,386
494,83,743,369
495,77,717,367
487,87,695,359
481,86,700,355
420,110,700,358
385,112,690,374
376,101,669,377
371,79,654,382
335,77,651,379
336,77,661,383
322,66,647,382
285,76,660,387
265,74,647,386
242,76,654,395
224,92,675,402
211,107,685,397
188,121,712,399
166,135,739,396
147,151,770,393
140,161,789,384
139,164,798,379
141,165,806,380
146,176,809,363
154,198,820,353
168,205,801,343
187,209,782,342
219,216,769,345
248,222,750,344
258,232,766,339
328,263,736,332
359,274,710,328
378,265,700,324
433,281,671,320
416,265,686,328
424,251,674,326
468,241,649,331
454,202,662,337
474,197,682,345
449,187,722,342
448,187,722,343
481,203,713,346
421,193,768,351
412,191,770,339
407,185,768,333
387,192,795,330
403,184,782,328
389,184,794,331
381,170,800,341
334,150,846,366
297,145,889,365
304,148,864,353
308,146,856,352
327,140,803,347
304,137,790,343
272,131,786,359
242,133,780,359
208,131,782,365
198,131,790,367
174,121,797,368
132,125,820,365
112,114,830,365
101,109,831,364
95,104,834,361
97,96,824,367
95,96,821,352
102,92,805,342
84,88,818,347
91,82,810,345
86,90,813,336
86,96,820,343
116,95,790,332
153,97,758,325
200,114,737,318
242,123,722,333
312,139,681,322
343,167,682,319
392,186,671,318
403,147,714,338
434,151,709,339
469,131,692,341
542,172,667,333
544,175,658,332
606,205,640,319
643,230,621,318
601,128,651,347
615,138,657,357
614,156,657,359
609,151,663,361
601,166,673,348
559,164,694,346
543,168,701,339
474,181,753,338
453,177,763,346
459,183,759,342
438,168,778,351
407,175,806,355
361,173,853,360
369,172,843,362
350,169,843,370
351,169,845,369
346,162,819,377
336,166,792,374
319,144,781,393
323,134,747,401
297,135,736,399
299,128,731,401
293,129,722,395
264,131,735,385
228,132,763,390
211,135,778,390
171,142,826,387
178,143,820,386
151,152,843,385
139,162,864,371
148,164,845,372
153,172,853,362
161,181,864,352
146,180,876,353
161,182,872,359
183,183,862,354
217,180,830,356
243,187,828,366
311,204,778,366
304,195,778,365
347,196,768,369
383,214,753,364
410,209,752,359
428,195,758,353
455,210,771,350
444,206,772,354
463,221,776,351
498,230,773,353
512,224,772,356
486,216,789,353
472,213,802,353
472,209,800,351
459,203,816,352
453,189,812,353
441,169,813,356
413,160,822,351
390,147,834,347
409,147,822,345
359,141,865,351
340,136,872,362
330,133,868,365
310,135,866,377
309,135,835,370
321,139,817,367
276,137,833,374
277,127,797,378
280,127,755,392
252,121,750,394
220,121,768,400
220,118,768,406
177,123,803,402
129,136,854,397
101,148,875,383
108,149,872,381
95,152,873,373
105,151,872,375
110,156,869,362
97,158,884,357
113,164,859,348
117,171,861,353
135,163,850,353
143,170,846,358
166,158,818,366
232,173,773,360
305,207,722,342
363,213,687,332
375,192,696,336
368,192,694,338
394,200,695,336
400,173,722,346
449,182,704,338
446,147,727,346
456,145,753,351
478,161,728,339
490,144,739,346
489,159,764,352
460,143,797,348
467,143,792,342
473,137,783,344
479,143,780,343
467,136,777,347
457,120,795,357
433,116,829,367
413,116,844,370
409,111,829,373
410,108,824,375
429,105,792,371
407,104,790,381
422,100,757,379
411,92,739,377
378,100,721,381
366,99,733,385
353,102,722,377
330,99,731,383
305,111,720,380
261,125,755,391
217,141,803,399
213,140,804,400
184,160,837,386
170,172,854,378
167,180,841,367
172,194,839,356
153,202,855,344
160,199,850,346
159,199,843,346
158,203,850,344
176,214,868,356
235,237,829,361
252,227,810,371
280,244,796,372
295,246,787,359
317,220,769,359
338,213,768,358
370,211,771,359
408,209,765,349
420,213,764,348
443,201,766,348
452,200,780,347
458,186,797,354
451,182,813,357
457,176,797,356
472,169,787,358
442,155,800,363
460,134,801,377
441,113,831,376
432,100,845,386
423,88,848,385
437,92,834,384
435,73,820,396
463,56,779,393
461,41,757,407
449,33,751,393
404,30,762,398
398,31,772,402
383,21,747,410
358,13,722,404
315,8,710,409
306,-4,690,403
267,-3,697,402
277,-0,682,397
244,5,676,385
214,12,689,383
189,25,693,371
177,37,689,370
146,50,715,381
143,47,714,382
123,71,729,379
107,93,731,380
90,110,747,384
69,149,774,370
56,171,783,357
50,161,798,367
45,175,813,360
33,186,838,357
47,203,824,353
71,204,802,350
105,221,795,346
99,220,794,345
109,210,771,347
168,219,718,339
210,217,690,330
251,239,677,324
276,242,671,317
280,235,677,321
342,258,670,306
377,253,662,312
372,249,680,321
400,241,703,328
490,248,678,322
479,239,671,320
485,228,687,322
503,214,674,316
498,178,676,324
515,173,695,334
530,159,700,335
534,165,699,336
507,148,747,338
509,133,756,337
505,123,748,341
516,100,735,349
502,78,740,361
485,73,757,366
445,64,782,375
453,46,775,387
477,29,745,389
482,36,722,371
468,16,728,383
475,10,723,381
457,10,728,367
436,3,704,372
424,3,666,377
397,6,637,380
354,20,628,372
356,2,660,385
325,0,653,384
296,-12,638,391
271,-10,671,399
252,-8,665,394
244,-14,668,394
247,-8,664,390
226,-3,658,393
217,2,673,390
202,3,679,398
197,15,693,394
196,15,697,403
195,20,696,402
192,43,696,396
203,57,680,388
192,74,696,381
172,113,737,373
137,126,790,379
135,124,792,383
130,146,809,371
136,144,804,363
145,159,817,344
145,168,815,342
202,175,788,352
209,176,772,344
258,193,743,350
316,215,710,343
349,236,704,342
405,241,679,347
406,236,677,344
434,234,659,343
459,221,650,357
452,215,653,353
465,226,650,346
470,236,654,342
479,226,648,354
482,246,643,349
520,281,615,336
493,288,632,339
514,279,625,353
458,249,659,352
429,227,687,365
447,224,677,367
415,210,697,369
410,181,695,359
418,193,696,358
416,207,709,348
425,204,716,358
401,173,725,360
412,160,731,365
404,151,746,365
391,140,769,364
371,134,792,365
364,130,811,365
347,123,808,359
342,104,803,350
339,103,785,343
327,84,787,353
314,66,801,359
291,56,819,371
301,52,809,373
326,42,768,379
347,25,732,386
354,19,697,383
344,15,670,386
312,26,649,398
313,29,645,396
291,41,656,404
290,34,652,404
274,38,661,401
274,44,648,397
266,44,653,401
258,50,662,406
273,46,648,403
277,49,646,399
286,48,659,399
290,60,661,394
302,47,663,399
300,52,650,397
297,58,663,397
307,62,648,389
305,64,653,387
309,71,651,380
307,71,655,377
312,68,658,378
295,82,669,374
292,86,672,378
302,91,672,375
290,100,675,369
307,93,682,378
301,104,680,372
300,109,690,372
292,122,713,376
286,142,723,372
265,151,754,372
265,174,765,357
276,176,754,356
264,173,763,358
252,194,755,340
237,200,777,331
251,207,773,330
291,210,757,345
304,212,746,344
322,217,753,354
388,255,722,340
411,247,707,343
416,234,721,345
457,233,707,342
478,241,691,334
514,248,676,329
545,241,670,324
528,223,687,341
561,231,679,345
595,264,665,333
586,247,671,342
572,251,675,345
546,240,687,353
547,243,670,355
544,252,680,356
548,282,672,351
543,296,668,341
531,285,674,348
529,298,671,345
510,288,677,345
466,264,712,349
437,247,735,350
436,228,728,354
433,240,751,354
433,244,754,349
420,223,763,358
371,221,804,350
321,211,835,353
336,200,833,369
286,183,826,375
281,172,833,390
253,115,873,416
246,117,851,402
262,73,799,414
268,65,799,418
252,46,784,419
233,27,775,426
218,15,758,421
188,16,742,418
164,8,742,418
170,3,737,411
145,-8,748,407
132,-4,735,418
112,-6,739,427
101,-2,747,415
105,8,734,406
99,16,735,407
111,14,720,401
121,11,714,402
131,25,697,388
123,33,698,384
131,28,697,399
136,39,682,381
132,42,682,376
129,36,691,387
125,22,701,391
136,26,694,387
137,34,701,391
139,16,697,394
134,36,696,384
135,19,705,398
147,23,703,396
136,34,723,394
143,43,729,399
138,47,733,398
143,58,743,396
137,79,762,392
137,81,784,397
152,96,764,380
156,99,763,360
157,110,766,359
163,102,779,354
174,102,758,359
242,127,716,363
259,124,711,343
285,167,720,358
279,154,717,356
307,186,717,363
343,211,705,356
380,219,690,365
403,226,683,355
442,222,677,359
434,215,676,354
458,206,670,356
468,197,661,364
494,201,641,367
490,213,647,366
495,211,636,357
508,204,621,353
516,215,622,356
527,227,627,353
537,215,637,361
548,199,643,368
553,164,647,367
545,162,653,367
565,151,655,367
499,81,731,373
461,34,772,377
454,31,777,383
443,-3,787,381
437,6,796,380
410,-16,815,390
419,-31,790,385
376,-36,820,394
315,-33,871,394
274,-41,870,405
287,-33,876,402
253,-33,857,401
251,-34,817,403
238,-23,773,400
178,-8,788,413
152,0,779,413
147,-2,784,411
115,12,770,426
94,26,768,443
67,58,777,422
45,68,777,432
24,105,758,416
18,99,758,415
21,120,750,414
4,137,777,415
-5,133,805,415
-14,148,833,400
-1,149,853,391
-17,154,864,392
-32,168,891,383
-2,168,862,378
9,169,865,373
30,164,852,378
-3,165,879,374
0,165,882,375
-10,161,885,370
-4,156,868,365
7,157,862,371
25,166,870,383
47,165,861,393
50,154,846,388
88,168,826,394
134,180,780,387
249,231,739,360
292,248,730,355
332,237,712,364
339,218,722,371
349,241,714,359
423,226,688,362
473,251,670,339
533,249,648,337
572,260,644,330
556,247,642,332
576,249,634,332
593,260,624,329
628,266,613,323
637,270,616,322
628,251,624,332
612,263,623,329
645,269,607,324
639,268,612,323
645,257,622,323
670,270,611,314
679,255,623,313
673,265,622,310
634,232,645,324
613,170,660,336
570,112,690,348
550,88,708,341
533,101,718,338
521,98,721,340
491,87,742,344
409,80,777,359
359,60,818,381
373,44,800,394
371,45,782,388
387,48,767,381
361,44,756,379
344,30,748,389
345,12,709,398
311,7,710,408
292,15,696,403
302,9,685,401
282,8,684,400
270,6,678,388
262,7,677,392
261,7,666,379
264,-4,670,380
271,4,650,374
251,24,664,369
278,10,641,369
284,16,632,370
301,5,622,375
280,22,622,359
290,20,619,356
295,17,623,366
271,22,642,368
284,10,634,370
253,34,654,363
249,33,653,360
266,19,637,366
270,12,629,367
261,20,635,362
249,16,643,362
244,26,646,359
240,18,651,360
256,12,644,366
256,14,641,371
249,13,654,376
238,23,665,376
235,29,672,381
232,39,673,374
243,23,673,388
233,29,682,386
234,38,679,384
229,50,681,385
230,68,675,382
235,85,673,375
219,94,691,374
218,115,702,369
193,118,729,377
210,146,738,365
226,150,743,355
201,160,752,348
211,158,760,350
237,131,743,360
242,119,760,367
235,110,767,382
278,120,742,371
362,206,723,379
351,205,732,380
392,255,732,377
399,255,732,378
452,275,722,374
485,296,701,366
499,319,699,357
493,298,703,366
507,332,713,358
532,357,702,345
560,376,682,336
567,355,694,346
540,335,695,356
558,357,688,348
578,370,676,345
553,352,683,358
537,357,681,353
541,338,679,361
506,292,701,373
532,315,681,362
543,355,678,353
549,338,678,356
549,348,678,345
549,367,669,338
548,364,668,341
574,373,654,330
591,377,644,325
577,376,648,322
557,397,644,313
554,391,657,316
536,366,671,324
530,372,676,325
533,379,671,318
530,385,680,314
523,373,684,316
489,344,699,332
502,344,709,326
495,346,707,329
480,304,708,347
493,317,700,338
484,270,702,358
457,263,719,369
428,229,751,384
448,254,744,372
445,221,766,378
418,191,800,385
385,176,824,385
399,138,790,392
396,122,800,400
369,100,823,409
352,84,848,419
336,35,852,431
358,18,811,427
346,1,805,416
332,-9,793,426
336,2,775,423
318,2,765,421
298,7,746,418
293,4,723,428
277,-4,737,435
245,-5,755,438
239,-1,753,437
207,6,764,436
198,4,756,422
227,2,731,429
240,1,713,417
246,18,693,404
259,9,697,406
269,16,677,397
264,21,671,398
255,30,679,399
274,28,661,401
264,30,668,401
263,44,676,392
275,24,652,391
254,31,669,401
275,21,654,395
279,17,650,392
280,26,656,393
282,20,647,391
285,18,648,394
272,30,652,385
270,27,653,385
266,45,655,373
264,39,661,383
268,29,654,387
245,34,673,381
276,23,647,388
274,30,648,385
267,34,647,380
261,32,653,386
265,34,655,384
251,38,668,391
275,39,656,391
262,59,674,382
257,51,687,395
235,69,700,387
243,69,701,390
243,85,708,396
226,92,736,399
206,108,758,391
220,124,767,376
213,115,760,379
210,111,764,381
161,103,802,384
239,119,770,379
264,120,747,381
367,187,691,370
453,262,682,361
440,249,682,360
444,250,704,363
467,256,700,353
451,241,718,359
503,251,695,362
526,263,677,356
536,273,675,353
548,298,667,347
541,313,685,348
551,296,682,357
563,300,676,348
548,297,668,352
536,291,671,354
546,307,658,345
534,313,667,347
528,321,675,340
514,317,684,350
506,305,689,350
523,317,677,345
529,333,668,330
528,303,658,335
494,298,682,339
507,297,685,339
504,283,682,341
506,284,679,337
513,269,670,340
517,288,673,337
483,267,692,341
482,263,686,336
504,264,681,340
490,259,685,338
511,279,673,331
486,250,685,342
504,255,682,337
488,261,682,335
499,262,683,337
491,253,687,342
476,252,708,345
464,230,709,350
487,233,706,347
494,231,710,352
473,212,730,363
465,201,740,369
465,170,752,378
444,137,787,390
392,120,826,397
348,114,850,390
379,88,837,401
363,80,836,408
381,41,843,416
364,31,861,423
397,0,838,430
420,-25,825,421
416,-27,815,409
430,-36,804,396
397,-34,807,404
369,-34,793,411
346,-41,775,411
321,-34,751,414
297,-35,740,417
299,-30,729,414
278,-27,719,410
268,-22,701,416
255,-23,697,408
247,-5,705,416
268,-6,695,405
244,-3,694,413
259,-0,688,406
278,-7,692,409
288,2,674,398
279,14,698,402
298,5,679,401
288,12,687,401
296,7,689,401
285,25,698,396
280,21,697,401
291,19,683,395
287,20,674,394
286,26,690,395
287,24,680,398
294,18,675,398
269,34,678,383
286,23,682,390
282,27,680,391
290,33,688,391
276,35,689,396
278,44,701,394
284,28,701,402
284,29,697,394
274,44,699,389
273,54,702,386
291,36,697,394
286,32,701,394
287,30,698,398
270,30,712,391
258,33,731,383
275,20,735,390
239,18,782,398
253,17,788,381
244,25,783,364
265,27,758,357
260,-4,770,364
267,-3,771,367
245,-7,777,370
241,-29,762,369
294,-5,750,363
350,23,702,361
468,201,654,362
482,200,644,358
504,240,634,339
469,249,656,346
484,263,657,341
484,287,656,337
508,317,641,330
510,325,638,331
551,351,617,327
563,392,612,316
592,413,605,307
590,383,604,316
556,385,610,311
572,383,598,310
575,351,610,321
574,375,614,321
553,365,632,321
549,358,638,325
573,344,626,317
578,361,612,311
554,348,622,317
552,338,619,309
546,330,624,312
553,331,618,306
549,333,621,313
549,340,614,306
537,344,611,307
561,339,599,307
540,318,611,308
562,323,603,306
526,284,625,308
534,292,628,313
519,261,644,326
526,256,649,322
513,246,660,329
506,230,670,335
504,209,675,344
505,233,671,335
496,200,680,354
523,195,679,351
500,163,692,366
450,145,728,372
446,128,755,376
453,124,750,377
431,100,787,387
349,81,829,383
343,83,839,372
357,62,818,377
364,30,811,388
367,21,817,395
320,8,851,418
327,-13,866,433
365,-32,830,414
363,-21,820,410
367,-47,814,409
362,-46,808,409
323,-34,789,409
309,-35,763,417
281,-34,757,415
257,-28,736,418
252,-31,755,421
240,-26,754,418
255,-39,748,419
242,-26,738,409
220,-16,737,414
236,-17,730,419
267,-24,720,417
262,-22,717,414
264,-24,732,416
259,-15,725,413
259,-24,732,414
247,-10,734,412
234,-6,733,417
236,-5,734,418
253,-24,742,423
240,-20,745,416
219,-19,762,426
233,-19,747,419
225,-16,750,418
237,-25,749,419
220,-22,755,411
228,-22,756,423
221,-25,757,426
221,-18,755,417
232,-22,744,419
219,-15,738,408
226,-13,744,413
213,-6,743,410
222,-14,732,409
217,-8,737,403
209,-14,746,409
210,-15,741,411
197,-10,757,418
209,-17,754,416
226,-13,744,418
224,-11,757,421
214,0,755,424
219,-4,755,424
218,2,770,424
219,13,773,431
210,26,792,431
212,44,810,420
207,70,804,393
194,59,825,402
206,65,793,395
154,102,841,393
189,107,825,402
257,131,773,391
282,155,754,379
284,165,747,377
319,229,769,365
398,262,744,366
437,258,734,369
484,273,710,362
494,301,709,356
484,287,719,362
544,282,679,353
592,324,662,340
599,310,651,347
605,368,652,344
622,329,661,360
619,349,656,353
611,312,664,360
613,343,659,356
593,273,664,363
598,289,652,355
584,310,651,352
577,322,661,352
577,310,661,354
593,331,647,343
585,328,648,341
582,311,644,341
596,328,630,340
598,290,632,345
581,288,644,345
588,285,639,346
578,266,645,347
580,287,653,341
576,263,644,346
580,286,640,339
592,273,628,338
561,275,652,339
545,243,665,344
554,242,669,338
530,233,691,346
504,221,706,359
503,212,725,362
472,188,763,369
410,184,811,366
428,171,816,371
418,158,827,378
384,159,856,383
366,167,847,376
323,143,872,397
321,115,877,426
307,101,873,434
331,94,807,426
316,89,810,429
293,60,799,428
264,52,765,416
217,75,762,411
164,69,799,418
146,67,792,413
145,67,797,418
125,77,805,424
103,74,808,431
74,83,825,418
98,95,805,413
117,97,804,408
119,95,800,404
135,100,805,408
157,109,803,401
173,108,798,412
187,114,795,413
197,115,794,417
201,113,797,421
202,120,804,419
203,126,803,420
215,120,796,414
197,130,827,416
221,119,795,416
225,114,792,417
235,110,774,411
223,114,787,417
220,116,782,411
228,104,759,407
235,96,758,416
227,105,756,406
211,109,768,410
200,112,774,417
204,121,764,410
197,119,774,419
195,140,797,419
192,129,806,427
197,139,834,422
241,181,814,387
279,214,804,361
326,193,814,371
406,232,813,386
406,226,819,388
441,262,836,356
465,266,840,349
451,256,860,359
487,252,837,364
503,266,859,358
505,281,853,354
561,302,811,339
559,309,797,335
546,302,803,331
543,293,819,334
568,312,798,331
558,295,803,338
549,307,803,337
541,304,803,337
534,306,802,343
561,314,803,338
526,306,822,347
561,337,811,340
537,302,805,342
542,338,804,329
564,323,787,332
538,319,774,324
564,353,770,313
554,346,776,315
541,336,786,324
567,343,774,319
568,356,766,316
580,361,755,308
573,348,758,314
562,343,767,319
570,348,766,316
582,340,745,319
553,323,768,328
552,323,774,331
587,333,769,326
574,330,767,325
576,326,771,324
560,330,777,322
575,353,753,313
552,319,774,334
555,290,787,353
525,291,794,353
485,255,837,378
457,244,838,385
427,192,816,402
350,184,818,403
293,130,830,406
300,122,842,420
232,66,848,421
207,25,838,420
185,10,810,397
153,24,809,383
139,42,816,387
124,41,832,394
103,56,839,403
53,56,859,419
38,43,866,436
35,36,885,432
50,26,860,445
47,31,871,443
60,23,849,438
52,35,857,434
56,35,862,447
57,45,859,443
59,52,853,443
61,63,851,443
53,69,853,437
64,55,846,440
60,67,842,437
63,61,840,435
57,56,847,450
55,63,842,454
49,57,843,455
42,50,845,458
42,44,841,464
46,34,833,461
44,38,832,461
32,43,843,458
30,57,839,444
40,52,835,447
34,54,837,452
44,43,831,448
20,46,847,450
35,57,836,454
32,42,837,466
23,52,836,456
31,47,839,463
24,63,833,460
14,53,845,452
12,46,851,456
2,67,855,457
7,55,862,464
29,58,841,465
39,74,846,457
61,84,854,437
60,73,860,448
85,109,876,429
110,131,903,418
118,121,916,411
202,147,908,390
319,173,875,394
317,169,879,393
424,178,827,390
449,156,824,396
504,166,817,385
507,180,836,390
553,208,815,378
528,200,832,386
562,235,842,371
522,253,856,353
519,251,858,354
595,237,793,360
579,211,789,376
576,212,796,374
582,221,804,364
529,187,846,377
567,207,813,365
556,247,823,349
534,247,821,354
566,257,800,352
568,258,804,354
586,276,789,349
579,300,787,339
589,311,776,335
553,271,773,349
578,294,773,342
603,302,760,331
580,298,772,334
579,276,763,341
602,279,773,339
580,288,772,333
596,290,759,327
598,273,756,333
591,305,743,322
559,281,774,331
585,296,763,327
555,276,777,336
565,290,767,327
574,286,762,331
577,278,763,335
538,244,781,358
551,219,775,370
523,178,798,390
561,202,773,371
502,168,789,379
506,125,790,393
461,80,778,410
374,32,794,404
336,-17,816,397
333,-15,811,395
275,-57,827,388
251,-62,781,377
214,-58,773,377
204,-43,753,387
162,-33,763,395
145,-34,786,403
102,-30,813,406
66,-37,852,425
59,-42,837,442
47,-39,835,441
60,-42,837,437
63,-38,841,437
70,-47,844,444
66,-45,868,437
85,-35,840,445
86,-19,846,450
80,-23,848,462
76,-23,852,464
83,-18,845,471
94,-15,836,464
110,-7,822,461
125,-6,795,451
111,-5,815,456
116,-12,812,452
115,-6,813,455
92,-2,825,454
114,-9,817,458
83,-3,828,447
83,0,828,447
90,-6,826,454
80,1,843,459
96,-6,838,452
103,-5,833,454
114,-9,838,456
108,-8,847,454
107,4,842,466
97,3,850,464
104,5,833,459
103,14,821,451
117,12,817,443
111,21,819,438
126,31,800,437
128,21,817,458
185,33,793,421
205,42,798,402
229,49,840,388
270,46,819,375
290,37,819,372
310,40,848,364
392,65,833,371
477,86,823,393
483,113,797,408
539,171,751,389
528,155,758,395
539,215,778,372
556,261,780,355
498,266,810,342
481,261,835,348
506,240,814,360
495,231,822,362
507,232,812,362
492,219,812,364
451,175,819,372
476,205,821,363
454,209,841,370
442,195,834,374
489,236,814,362
458,245,814,360
463,269,799,346
469,282,799,347
456,284,818,345
465,277,807,351
472,302,808,342
474,303,798,340
484,312,784,340
486,301,773,341
481,289,779,344
482,314,774,340
484,287,780,346
489,280,772,351
488,277,781,349
479,262,788,356
472,233,784,372
469,245,784,367
468,216,794,381
460,186,803,389
423,173,816,386
377,138,816,387
302,100,825,388
306,106,820,382
252,105,838,379
199,68,867,390
151,43,834,392
142,13,813,411
152,6,782,409
150,5,780,409
154,28,774,405
109,59,797,402
110,91,782,398
120,118,782,393
103,136,795,401
115,125,776,395
101,153,786,400
104,151,775,407
106,138,773,411
101,142,783,405
102,133,788,409
100,144,789,405
96,128,792,409
110,137,783,402
105,157,788,398
116,146,781,400
92,177,799,390
113,168,787,392
103,170,799,394
101,163,799,394
109,163,787,388
102,167,786,391
112,176,766,382
114,174,766,382
108,166,777,383
104,179,772,383
108,172,765,380
102,182,763,371
114,178,758,370
96,175,774,376
89,169,789,368
88,176,803,367
71,161,820,372
43,156,857,376
108,160,788,366
87,152,806,372
118,152,784,370
136,160,792,356
176,184,802,360
242,210,755,359
298,238,714,346
314,232,710,347
356,229,703,349
410,262,699,333
472,250,705,335
508,268,700,325
523,265,693,325
524,267,695,327
553,291,692,313
589,306,683,319
598,294,687,334
610,295,698,338
583,278,725,336
593,279,725,338
587,275,734,342
595,303,718,340
571,278,698,341
541,300,722,336
549,300,708,330
544,281,699,336
529,284,719,331
525,276,717,335
522,279,708,329
519,252,693,343
535,272,692,326
526,262,697,332
538,253,685,332
522,254,694,335
526,257,704,335
521,248,715,340
507,264,726,332
522,258,719,333
473,235,737,346
445,246,758,345
428,224,778,356
419,215,792,356
395,216,793,367
364,207,827,373
357,193,812,381
321,190,840,377
265,192,878,384
269,203,869,386
293,193,829,389
284,192,826,388
270,192,814,393
267,191,781,393
228,177,799,401
196,175,795,400
168,164,783,406
164,168,780,400
133,162,793,409
135,145,772,414
117,145,774,413
117,129,763,403
96,135,783,396
97,140,780,394
107,124,780,399
102,135,791,398
97,143,795,398
106,146,785,395
110,147,790,396
113,148,786,391
111,153,787,392
112,162,786,386
118,166,780,383
124,169,781,382
110,175,804,382
124,173,790,384
92,182,820,386
95,182,825,390
60,187,873,393
86,188,848,393
74,190,858,386
56,195,870,384
79,205,841,368
114,208,797,363
115,215,792,354
117,214,808,364
186,243,795,355
180,248,800,356
210,244,762,356
268,267,728,351
370,306,688,326
399,288,680,328
420,269,688,329
445,271,678,325
458,250,676,323
468,273,675,318
507,277,670,318
540,287,675,324
530,284,692,340
543,288,686,338
554,306,686,337
556,295,673,338
563,293,688,343
560,293,682,334
574,309,688,341
561,312,700,342
574,327,687,333
550,293,698,338
553,305,721,341
537,272,717,343
546,242,713,345
536,247,725,347
527,225,732,347
527,211,745,354
501,202,789,359
492,196,813,356
494,196,822,353
495,199,807,346
501,190,783,344
507,180,762,342
444,179,779,352
408,163,807,370
392,161,812,371
401,173,804,365
381,143,802,383
392,144,752,374
350,122,743,381
339,93,712,383
273,101,718,389
280,96,721,395
250,92,704,384
231,85,695,380
209,87,683,373
167,105,677,358
138,94,693,365
140,102,701,368
127,98,695,372
97,93,712,374
85,86,733,390
75,87,739,382
66,87,750,393
73,85,741,390
75,89,751,392
67,81,747,387
64,92,761,386
63,104,758,380
63,108,767,371
63,103,767,371
35,92,800,378
18,91,839,385
24,85,846,370
50,102,844,362
22,94,853,357
25,89,858,361
31,110,853,360
41,98,847,372
101,139,814,368
173,190,763,361
220,217,721,363
207,212,727,363
238,225,729,362
238,212,763,379
313,225,751,380
330,226,742,380
355,240,719,362
392,223,713,370
391,268,721,361
467,264,703,353
490,277,707,355
527,285,698,343
525,285,703,347
540,304,676,334
559,280,694,334
570,281,699,336
561,244,726,352
574,203,716,353
573,188,721,361
586,184,702,356
580,158,732,357
533,116,773,361
500,104,819,365
502,107,820,358
481,80,813,356
469,83,819,357
481,64,793,360
432,54,807,373
383,47,842,377
379,43,830,372
381,31,785,371
383,37,782,368
382,37,743,350
345,46,736,355
292,55,713,370
260,54,696,381
223,64,689,377
231,60,672,373
207,62,678,380
174,53,692,386
133,51,718,391
82,57,759,389
58,66,762,390
48,70,775,389
21,67,786,388
13,77,798,383
3,80,812,378
-10,88,825,368
-12,93,837,364
-16,87,853,373
-15,82,856,368
3,86,848,362
4,80,851,369
20,88,852,366
42,98,838,367
42,90,829,369
53,121,838,368
139,153,799,367
187,187,766,355
226,215,743,355
271,213,745,366
261,212,740,362
304,229,744,360
318,224,748,361
404,227,723,354
467,228,698,349
476,246,710,343
490,240,703,340
513,252,708,332
526,237,706,335
554,245,697,333
580,217,715,344
546,184,748,361
550,179,748,365
534,143,778,369
520,138,791,369
507,133,825,371
484,130,833,374
450,120,853,365
448,115,865,365
422,104,863,367
419,87,845,373
364,76,861,378
339,66,872,392
333,56,871,392
332,60,874,390
331,48,853,392
353,40,798,392
349,39,776,384
316,51,763,387
286,54,756,391
289,56,753,389
269,60,750,391
231,66,766,391
194,67,791,389
143,61,833,382
127,52,842,380
119,51,846,383
96,42,863,378
91,42,850,371
94,32,825,368
94,23,832,363
85,19,827,361
79,17,839,362
85,16,842,361
100,25,818,364
123,22,779,366
156,24,746,365
280,162,700,349
253,155,707,343
286,172,684,347
291,175,678,353
372,197,656,351
375,225,659,344
405,230,658,339
437,224,654,345
467,247,659,333
501,253,669,339
538,241,680,333
571,252,679,318
611,213,696,332
623,211,694,333
592,143,732,358
566,90,757,359
543,69,775,358
529,73,756,351
486,54,772,371
474,43,776,375
483,43,791,371
481,27,779,381
472,19,768,391
469,9,728,392
456,11,692,385
461,13,695,382
429,31,689,375
399,24,669,375
366,29,662,378
314,34,658,383
262,33,665,374
275,17,649,377
231,22,672,372
196,16,701,382
154,8,728,374
138,15,721,362
89,17,763,362
94,20,758,357
66,15,789,356
44,27,797,349
39,20,785,355
52,36,772,337
92,44,776,335
80,51,777,331
136,82,758,328
143,87,736,329
182,105,701,335
257,183,693,333
259,173,683,335
282,176,674,340
293,189,671,333
339,190,660,345
377,202,655,340
398,221,670,328
434,203,675,335
439,210,668,327
436,192,697,335
461,171,704,339
471,157,726,344
467,136,748,347
445,96,749,332
454,82,743,335
465,86,736,341
434,75,763,347
433,54,781,362
420,46,804,373
400,34,818,384
388,39,830,385
415,26,778,383
409,20,745,395
406,20,718,382
378,22,704,384
332,37,709,396
332,33,686,390
300,42,682,395
264,47,694,402
229,52,706,387
184,64,724,372
136,71,757,371
140,70,753,373
89,75,806,371
51,84,848,365
16,89,872,353
39,85,845,354
25,89,853,348
34,89,843,347
40,94,837,344
43,88,841,360
95,117,806,356
188,164,741,354
220,183,713,333
216,185,709,333
254,214,706,342
320,227,671,335
356,238,667,335
392,245,675,334
455,234,657,340
449,237,663,340
483,242,665,334
507,234,692,327
604,237,681,316
598,197,712,336
639,162,706,341
615,164,715,343
569,114,738,347
521,95,748,348
488,88,755,354
470,73,779,365
410,48,839,384
401,54,854,380
389,31,862,396
388,18,850,397
397,8,812,398
386,2,799,394
341,-1,807,407
343,8,798,416
328,-4,783,399
302,15,753,407
262,18,765,407
229,15,768,407
181,23,793,401
193,20,787,396
141,23,826,403
102,29,862,390
47,23,911,398
42,23,902,399
52,24,881,390
48,24,884,388
35,30,909,391
72,47,892,396
88,61,876,381
97,58,831,374
148,85,798,375
149,77,791,371
213,118,749,362
283,168,707,348
297,186,689,344
293,202,683,344
368,205,641,334
394,214,617,327
418,196,624,332
442,194,623,335
477,195,626,338
517,201,625,330
567,166,634,335
535,150,653,344
500,105,717,341
529,104,719,339
538,89,702,336
529,62,710,351
466,47,753,364
468,46,747,360
431,43,785,367
414,47,794,370
427,34,758,376
406,33,759,369
409,34,730,360
429,32,716,356
404,15,707,369
370,14,706,363
322,12,719,372
301,3,707,370
273,-0,700,363
275,9,695,356
249,5,696,355
222,4,704,336
193,-1,728,341
180,-1,719,334
129,12,738,336
129,10,741,342
117,23,733,341
79,55,722,329
89,64,729,333
98,61,719,325
113,78,707,315
119,79,705,318
169,121,684,317
247,196,665,302
329,235,614,289
324,243,625,293
327,249,640,295
332,241,636,295
373,248,618,288
402,241,612,290
448,226,597,296
460,240,626,304
481,214,649,303
494,246,639,295
471,172,682,305
490,164,692,299
453,130,731,309
451,114,740,312
464,100,731,327
447,106,750,325
465,104,742,331
457,81,770,350
459,57,792,367
440,42,810,376
446,34,786,379
460,32,773,378
452,20,755,389
439,12,738,391
407,13,730,392
377,11,723,384
358,14,709,386
359,16,707,382
316,24,724,385
281,38,728,371
235,55,758,354
194,65,769,348
171,70,782,355
169,71,791,363
141,71,821,362
136,80,800,353
108,89,809,338
98,90,812,349
118,105,796,346
122,113,789,346
163,118,764,350
204,177,758,363
262,228,717,347
297,243,693,341
345,253,682,323
350,262,684,325
380,243,675,321
434,233,669,323
467,221,675,323
512,210,680,324
537,202,699,331
535,198,706,332
541,173,736,342
523,118,763,357
505,86,788,379
504,75,787,372
512,74,781,367
506,62,786,375
477,56,825,377
467,46,840,377
473,35,832,374
482,19,791,388
474,14,757,384
478,14,749,384
465,6,728,377
443,21,693,364
420,31,676,357
367,54,674,355
307,65,677,355
312,67,675,358
273,79,678,357
236,95,692,332
196,98,718,334
161,124,748,331
115,134,792,347
122,121,796,351
107,125,810,347
102,136,801,342
107,153,796,338
120,149,781,338
144,164,777,350
150,160,772,345
246,225,738,345
283,227,725,336
339,229,695,333
358,211,692,342
403,204,716,355
380,194,733,363
409,158,734,369
412,128,749,369
414,103,774,378
475,94,769,372
458,61,790,371
441,60,797,376
489,45,769,362
481,17,795,368
486,15,791,363
435,-7,863,380
425,-14,872,379
440,6,852,375
428,-12,859,375
476,-4,777,375
469,4,766,380
452,16,743,380
429,35,721,377
429,35,714,380
406,44,719,382
368,71,703,383
320,101,707,380
295,110,705,377
245,147,724,365
238,149,731,367
184,168,775,373
132,206,818,352
126,198,838,360
120,208,838,350
101,220,847,342
99,204,849,347
120,219,828,360
147,227,774,351
244,299,741,345
281,316,704,339
307,305,688,330
307,313,691,326
296,302,726,325
313,269,719,335
333,257,720,340
364,217,744,360
381,211,764,352
374,201,767,353
389,195,789,361
428,202,774,357
431,155,803,361
442,133,792,371
444,111,784,378
455,99,789,382
433,83,831,392
425,74,849,394
393,68,863,394
408,75,829,391
406,85,813,378
403,86,814,384
412,101,775,358
388,108,758,369
353,115,751,379
319,127,755,374
278,140,752,374
283,144,732,368
225,153,778,383
177,160,820,390
146,171,846,373
135,179,846,357
117,179,862,353
120,180,852,352
137,188,822,344
148,198,808,346
155,181,800,355
201,213,771,353
262,238,745,337
252,235,744,333
292,261,731,317
349,269,698,314
370,239,688,325
370,213,717,329
360,180,747,340
357,171,751,348
360,174,772,354
390,147,750,374
380,137,764,372
354,112,801,385
357,84,808,405
359,82,804,405
342,74,835,399
322,65,844,399
287,61,856,395
292,67,835,383
303,82,801,369
298,82,800,368
267,96,800,384
237,117,805,383
210,129,800,394
169,154,812,392
132,161,829,388
133,165,837,387
91,178,895,369
78,190,906,359
108,191,858,365
166,191,793,361
182,189,799,357
156,159,811,359
213,197,784,355
267,220,764,358
323,249,741,358
351,258,717,345
379,246,703,340
382,244,697,336
416,247,697,332
470,232,695,323
507,221,716,323
513,206,747,336
522,197,761,344
520,200,759,341
501,179,756,357
487,142,789,394
446,135,833,405
477,122,813,396
483,118,800,403
471,114,808,411
489,110,782,400
501,98,752,392
486,100,722,381
449,120,710,376
410,140,711,370
408,138,713,368
349,154,730,367
305,174,743,365
236,196,793,363
176,200,853,371
174,205,853,362
165,212,860,355
194,209,832,358
195,205,832,353
232,220,830,337
279,214,813,340
311,231,781,339
322,234,770,338
334,231,752,346
388,255,730,341
444,293,715,327
466,284,719,328
489,302,717,326
492,308,711,323
510,310,716,315
546,287,686,318
573,281,680,319
562,246,698,336
557,233,711,339
555,227,729,347
550,186,732,359
533,172,736,351
516,154,726,351
448,138,764,355
432,113,783,376
434,109,792,377
391,98,808,389
379,85,787,370
382,74,743,371
359,80,697,370
315,96,698,383
315,96,703,382
281,104,730,398
246,132,719,391
226,149,724,396
190,166,760,390
143,183,821,383
144,180,813,384
112,182,880,371
95,197,911,352
115,206,904,344
134,199,897,349
130,210,893,350
134,199,880,354
175,225,851,337
208,241,847,342
242,256,822,349
257,268,827,352
292,261,813,349
289,259,813,345
335,259,775,344
379,248,761,341
404,230,771,346
420,229,779,351
446,200,758,354
429,201,782,360
465,169,746,367
479,148,733,372
468,101,766,395
444,80,810,410
428,59,816,414
419,64,827,418
418,55,828,412
423,48,788,400
431,46,734,369
398,77,706,373
357,92,688,372
355,100,687,369
298,114,707,384
278,129,700,375
252,151,690,377
197,174,731,377
148,188,797,380
143,206,797,364
113,203,860,370
113,212,880,356
117,203,879,355
139,229,871,346
155,234,858,357
145,223,867,354
210,255,822,355
238,276,801,362
259,279,790,355
294,309,793,332
318,276,785,344
348,300,767,332
381,290,757,326
392,264,786,336
414,258,805,340
463,239,778,356
475,210,773,368
471,210,768,367
504,171,763,384
506,138,773,389
473,108,824,408
485,88,817,404
479,90,808,390
467,88,817,399
484,63,784,399
486,66,750,379
464,62,721,372
425,83,705,361
383,101,705,371
376,102,695,374
333,110,707,372
302,130,696,370
261,162,716,366
207,159,781,379
171,166,832,376
162,159,839,385
161,178,853,358
191,174,824,349
205,181,827,339
218,186,826,340
278,214,804,346
280,202,787,338
323,230,767,344
325,238,773,343
368,249,759,344
398,247,749,330
450,253,738,334
439,244,742,336
454,245,762,329
467,230,794,339
489,209,781,346
474,180,789,366
450,157,823,384
461,154,821,388
451,135,810,395
451,121,814,394
455,120,816,386
477,102,774,384
472,98,758,387
474,104,754,384
454,108,738,376
432,126,727,364
371,158,727,369
328,178,718,368
286,190,743,373
283,184,733,369
251,210,730,361
219,215,743,362
139,226,799,361
88,231,845,358
82,244,841,351
70,251,844,344
63,261,850,331
81,263,861,332
102,272,852,329
157,291,826,330
199,287,811,338
191,296,816,333
278,319,758,340
261,280,796,353
293,269,790,348
298,236,814,349
320,217,814,357
334,205,801,357
374,189,776,365
380,169,768,367
376,136,785,391
358,121,807,392
357,109,820,388
370,108,809,385
367,97,807,391
388,92,772,381
381,94,750,365
367,96,710,353
347,107,697,362
341,113,698,362
302,145,706,350
245,161,721,353
207,178,736,360
168,190,778,358
131,192,815,375
126,199,822,362
115,203,839,369
140,223,820,341
146,238,837,324
156,243,847,323
223,254,817,322
241,266,809,324
251,250,784,331
263,260,780,326
290,269,777,322
326,278,785,337
356,284,787,339
343,278,791,343
377,268,787,345
424,257,764,345
407,234,779,364
396,209,788,382
349,191,821,387
363,187,805,387
339,162,806,400
324,137,813,401
296,106,811,404
284,94,787,383
283,98,727,358
293,93,724,356
254,117,715,348
218,131,726,351
168,141,743,362
128,157,772,369
106,167,784,366
99,168,800,373
65,179,839,373
64,195,848,362
42,177,873,355
84,182,830,349
108,167,822,352
122,186,810,353
164,210,792,340
190,206,779,340
206,193,783,343
247,212,802,344
275,216,806,332
298,221,794,328
312,213,822,333
356,187,802,347
368,163,809,363
367,145,807,384
386,126,784,393
385,126,784,391
394,115,744,397
379,127,723,398
382,105,715,400
367,84,708,393
341,86,685,383
342,84,685,383
315,94,682,384
236,117,703,370
184,148,726,356
184,169,715,354
116,182,792,367
113,178,788,369
68,175,844,371
116,181,804,363
108,185,814,361
145,213,783,347
204,241,757,340
181,212,759,338
237,229,739,328
244,213,756,316
268,211,759,300
303,220,780,299
341,210,798,312
336,213,803,315
384,202,785,320
433,174,753,334
417,161,756,359
435,147,766,379
464,136,747,380
457,140,743,376
458,124,743,387
455,94,735,393
433,100,739,389
423,113,719,363
401,119,706,355
407,121,703,360
369,149,699,343
314,178,711,354
265,200,745,363
215,228,774,361
201,245,781,349
191,245,787,348
171,271,824,333
193,279,801,336
265,292,740,346
262,274,725,339
271,253,719,347
279,258,704,345
293,266,700,344
301,268,710,341
323,287,722,329
385,295,691,317
405,292,693,313
404,289,694,310
456,282,665,307
495,256,655,309
526,236,667,307
502,184,718,336
531,149,719,354
527,153,720,351
540,123,691,344
476,116,741,356
481,116,748,369
493,93,750,378
473,74,733,377
473,82,729,371
479,63,708,356
475,52,701,340
429,51,679,342
387,59,649,348
346,52,638,358
336,52,652,366
289,69,668,358
251,81,668,349
217,81,686,344
154,82,756,358
136,80,775,349
139,85,779,346
149,95,782,331
188,104,773,330
226,113,733,329
316,172,687,349
351,204,677,359
355,212,690,361
384,225,675,365
398,241,676,355
425,262,668,344
471,271,648,339
524,298,639,324
539,304,636,320
547,310,662,318
554,306,680,310
567,287,688,307
569,249,718,317
570,231,750,329
550,221,756,329
549,196,771,345
568,168,753,361
588,160,766,359
547,144,794,369
560,135,778,357
552,136,783,359
558,123,753,358
567,118,706,346
536,112,696,344
507,123,687,331
448,141,691,329
443,151,684,321
386,181,677,317
321,199,693,314
275,219,696,309
215,230,718,314
178,220,744,328
166,232,747,319
139,223,772,327
154,226,773,318
175,230,758,307
231,243,724,297
269,269,707,279
262,269,707,277
294,278,717,276
352,293,711,278
414,319,719,283
453,337,725,280
507,362,731,281
499,359,742,285
536,375,755,278
560,378,756,280
584,361,732,285
612,341,710,301
603,313,737,312
599,295,731,312
599,306,754,307
570,302,769,305
523,295,795,302
509,281,773,305
428,280,788,303
435,263,796,311
346,255,812,317
299,250,805,328
242,222,807,340
241,201,765,350
204,201,746,343
207,201,742,339
176,200,739,343
166,195,733,361
153,215,746,361
143,238,776,355
143,249,803,350
147,247,797,350
129,257,853,348
176,263,835,333
271,292,770,303
366,296,760,299
442,325,739,291
421,320,755,293
488,323,723,296
474,295,734,309
544,322,715,299
568,320,714,299
589,318,717,303
585,301,711,304
585,297,715,302
594,304,727,306
580,284,730,308
584,277,724,305
568,280,722,298
555,274,728,300
519,257,741,307
481,227,749,324
448,225,740,304
363,212,768,302
322,180,804,330
322,186,808,329
296,176,785,325
268,162,746,329
254,154,704,333
190,148,747,361
180,160,751,378
182,160,752,380
175,196,760,372
172,218,790,371
164,230,832,369
161,254,846,345
202,259,829,332
204,259,832,335
298,284,793,311
321,278,816,310
384,288,789,305
438,305,773,298
483,311,773,306
477,315,766,296
515,330,747,296
503,326,767,303
520,334,772,305
531,341,775,301
503,302,799,321
531,328,777,313
526,288,772,338
518,266,770,341
503,239,780,355
510,222,772,350
483,186,781,356
477,192,776,358
452,167,787,360
430,132,785,367
381,121,820,369
372,104,795,358
341,109,758,335
348,121,748,328
326,103,720,328
301,108,675,331
250,116,673,343
196,133,697,372
194,152,688,371
183,155,696,373
173,174,703,365
184,189,715,359
218,201,711,345
228,208,747,340
226,214,787,326
237,217,785,327
279,229,795,311
352,214,778,321
450,242,733,313
491,258,747,310
526,264,768,311
506,269,780,310
524,288,785,310
534,299,793,300
558,309,796,300
554,303,807,307
540,284,819,320
541,284,817,319
535,257,788,345
552,249,759,340
519,217,792,355
480,213,795,344
477,185,759,351
453,173,782,360
365,183,838,349
325,154,851,357
363,133,785,357
346,133,751,338
334,122,711,334
336,122,712,335
275,130,723,356
264,134,718,370
235,142,739,378
232,165,763,371
250,169,763,346
256,172,762,345
280,170,783,338
275,174,828,328
313,156,844,329
381,151,834,336
435,144,819,346
443,153,812,340
490,153,811,350
473,152,834,367
494,173,815,359
485,198,828,350
526,228,822,343
508,218,842,353
531,249,837,344
492,265,852,328
476,246,854,343
447,238,855,349
425,227,830,353
435,230,820,351
392,215,817,355
341,213,830,352
291,214,830,345
261,185,851,358
225,169,856,370
219,171,863,371
247,169,807,361
244,179,767,349
234,203,732,354
215,198,738,368
207,195,748,384
210,204,754,379
220,208,764,378
200,222,816,375
207,240,840,364
231,244,844,352
272,245,846,344
254,237,865,352
326,253,861,336
387,257,847,336
444,281,835,334
481,289,824,337
498,309,811,334
497,298,808,338
518,325,818,319
556,361,803,311
592,358,790,314
542,327,809,327
547,327,792,320
549,303,792,330
544,296,789,331
532,283,805,338
471,260,825,344
445,261,811,333
372,247,850,325
379,251,837,325
344,241,837,325
292,234,825,327
241,215,842,340
195,213,858,338
209,215,815,338
211,220,807,334
198,229,785,336
171,222,796,366
128,245,824,370
103,259,864,368
105,260,870,370
104,268,872,363
129,264,854,362
190,287,802,328
226,265,810,339
233,263,821,337
280,254,812,341
269,237,824,348
319,252,802,347
400,283,772,329
430,273,759,328
466,301,764,321
491,306,771,325
504,300,755,326
487,286,765,329
522,292,758,328
535,304,769,325
528,278,776,342
512,252,794,352
511,252,794,352
510,242,792,349
484,230,790,350
447,211,789,346
394,189,817,341
323,186,837,335
320,178,850,344
253,154,881,360
239,154,843,359
237,144,790,365
221,139,752,365
164,140,770,385
176,145,757,382
158,151,765,384
159,165,758,383
133,184,792,378
142,190,797,372
124,204,836,365
107,211,852,357
130,208,833,358
187,211,810,343
189,227,850,328
265,248,811,321
284,251,814,310
269,251,825,311
316,255,814,313
358,277,801,310
419,305,779,305
473,319,769,307
494,319,773,314
487,321,776,313
473,305,810,324
455,280,839,338
435,265,848,347
429,262,844,348
448,242,823,367
452,239,819,360
413,229,814,357
383,213,810,344
288,199,860,346
233,184,892,355
186,166,890,367
185,168,890,363
180,165,843,365
171,165,834,369
161,171,818,376
134,192,839,378
179,201,815,382
164,204,828,385
180,223,860,377
187,239,885,368
215,250,892,354
245,249,892,347
348,266,852,337
363,272,839,332
428,290,859,326
450,295,864,322
437,283,903,334
455,285,895,341
452,284,891,345
480,299,862,333
469,304,861,330
465,302,839,330
426,286,833,351
411,286,809,345
359,269,820,355
333,255,843,362
292,235,852,368
217,213,896,386
216,193,843,388
187,195,825,379
220,179,768,382
214,182,777,378
186,187,779,375
165,204,791,379
168,210,794,381
142,226,831,383
118,244,871,379
121,243,869,379
138,262,874,358
195,260,855,349
230,254,854,349
266,266,871,342
333,268,837,348
356,278,813,338
414,273,785,340
434,257,783,345
453,272,791,337
504,296,777,322
524,306,791,324
511,285,796,327
529,278,782,331
512,264,811,348
494,255,840,356
459,213,853,376
470,195,816,378
458,200,825,376
449,172,821,388
390,155,846,401
356,130,865,409
353,105,845,409
365,77,811,406
369,85,805,406
366,57,773,404
338,48,747,406
312,57,717,398
294,44,714,406
259,55,738,403
256,52,736,404
212,68,745,389
190,76,758,400
145,80,797,400
137,93,823,386
139,114,831,356
137,105,826,356
171,120,826,341
204,146,817,319
271,154,775,317
321,180,757,323
394,217,780,335
424,227,745,330
434,242,745,319
497,271,725,306
519,259,734,311
539,242,739,317
565,240,763,327
553,237,773,329
552,239,790,327
544,223,790,336
568,190,773,358
553,162,796,372
504,154,842,374
524,153,822,370
523,142,802,364
497,124,785,375
511,95,744,372
489,68,721,381
465,68,703,369
465,61,699,365
404,83,713,360
341,99,742,358
281,119,750,362
236,127,756,367
176,133,814,376
178,133,810,375
201,149,796,358
213,160,813,341
241,178,792,327
288,186,784,326
350,191,755,325
324,176,764,321
382,191,747,329
430,202,738,334
476,244,768,332
513,261,752,321
545,266,732,319
549,268,729,319
549,263,734,323
580,266,717,329
588,260,729,327
577,250,766,334
547,227,800,339
547,231,797,339
533,215,820,345
534,211,825,339
530,177,837,363
512,153,854,376
512,139,835,377
477,138,859,383
495,122,812,383
513,92,755,391
468,64,756,404
451,36,758,399
394,30,759,408
393,28,765,402
360,23,727,413
325,25,697,405
269,32,705,399
220,21,753,410
179,22,769,398
172,22,770,400
142,24,802,399
129,35,824,377
137,44,814,360
213,63,752,334
294,86,709,323
293,81,705,322
348,124,685,327
394,166,692,334
411,203,689,325
465,262,711,316
498,306,723,297
503,302,720,296
533,323,730,296
524,324,760,311
508,331,779,320
513,325,764,327
499,317,776,333
511,316,768,331
484,314,782,329
443,298,778,347
407,279,801,334
363,257,805,335
305,210,844,376
277,203,867,386
236,192,860,382
225,182,816,375
183,183,827,370
142,184,848,393
98,201,888,395
101,195,888,396
98,213,888,388
112,231,893,353
170,242,858,341
253,264,832,334
281,244,850,340
292,250,838,338
338,247,859,328
429,273,844,309
473,273,833,313
522,286,800,315
511,271,805,325
491,264,819,327
495,262,808,331
484,263,822,340
486,260,812,348
443,261,860,354
461,272,820,346
447,267,840,348
447,273,795,347
363,248,846,362
332,221,853,383
293,201,888,389
245,189,888,395
240,183,901,391
239,171,871,391
167,167,926,397
132,168,951,399
96,172,978,403
82,179,982,390
83,177,985,392
134,188,934,368
179,192,917,359
223,205,924,358
295,199,908,353
328,203,905,351
369,216,877,343
417,214,861,349
424,191,869,354
447,203,871,352
442,216,890,358
445,222,907,360
449,219,905,357
436,228,877,352
440,234,856,347
416,245,826,340
352,233,860,348
333,218,847,362
333,223,847,361
264,202,900,379
239,187,894,381
205,157,891,398
193,158,881,387
180,167,870,378
170,163,887,384
180,176,848,383
138,187,890,393
113,187,923,400
156,206,893,376
183,216,864,358
193,222,855,352
236,212,846,354
300,224,838,341
400,240,790,328
440,237,780,330
526,249,757,328
502,240,771,335
529,233,776,340
545,232,775,338
528,241,794,342
536,240,817,348
478,245,882,351
468,236,893,352
437,222,901,357
425,218,873,355
432,232,825,335
393,211,827,349
375,202,816,367
357,202,833,370
338,196,834,366
312,184,834,366
274,169,848,372
243,167,847,380
218,171,861,385
218,171,864,388
171,177,902,398
122,178,941,406
117,186,922,389
153,197,894,376
166,206,901,365
172,203,898,366
217,210,867,353
286,217,823,352
347,214,787,342
424,236,753,329
443,242,757,332
456,240,746,330
510,268,752,321
544,269,754,312
549,258,755,333
550,256,772,337
536,257,795,337
535,263,805,340
507,250,817,345
482,226,829,367
450,201,861,388
457,186,830,392
471,166,786,392
438,170,809,402
436,141,788,400
401,122,804,396
383,120,771,381
345,120,772,375
264,132,823,391
281,120,810,391
258,142,808,388
169,141,887,410
164,159,864,403
157,178,844,386
127,199,869,367
126,200,881,370
125,209,899,361
211,227,823,360
250,218,787,354
319,241,753,344
359,244,753,342
364,254,749,337
399,269,764,332
455,275,741,325
460,293,749,307
491,297,760,321
459,291,799,338
442,277,804,340
438,272,821,335
414,267,825,344
441,239,784,358
415,224,776,361
370,211,801,367
362,218,800,363
342,190,813,381
333,158,793,377
290,154,780,370
277,141,757,357
237,147,765,347
226,146,775,349
212,156,770,364
159,178,804,376
105,188,852,377
83,194,865,371
108,215,859,344
104,208,861,347
142,215,851,332
178,206,844,335
236,213,813,329
327,220,769,317
393,234,749,317
417,250,739,313
463,247,737,306
503,266,738,298
528,267,744,304
539,271,767,323
504,255,795,334
493,249,800,333
468,253,810,337
450,263,809,325
413,244,807,331
389,223,826,344
335,185,862,372
318,193,874,367
244,165,881,372
208,150,886,372
163,133,890,379
121,131,902,391
113,145,892,401
95,141,915,402
75,156,936,407
64,177,952,395
102,197,932,383
171,225,892,357
205,230,908,359
198,227,918,365
251,244,928,361
387,296,853,342
413,288,904,335
447,280,880,339
482,281,850,341
470,262,846,349
471,273,866,359
478,282,869,351
472,290,870,355
452,297,866,353
402,289,873,353
426,284,851,349
405,292,822,346
362,272,849,357
321,256,868,357
228,225,912,365
156,208,952,387
165,212,943,382
108,199,980,388
131,208,942,384
97,208,963,403
89,223,955,399
105,247,952,380
98,247,955,380
147,267,930,359
192,277,903,343
243,278,890,342
290,272,892,345
341,280,880,335
342,272,884,339
401,293,874,323
444,281,847,328
455,274,861,332
471,288,853,330
484,286,863,337
456,272,885,348
453,280,882,344
462,315,835,325
434,318,817,328
407,322,798,326
356,303,812,333
352,304,818,334
265,282,856,346
207,254,877,354
153,234,917,370
123,225,957,375
119,216,936,393
118,227,936,387
127,229,919,396
175,258,886,358
249,290,840,328
267,303,863,323
293,288,877,332
327,302,858,331
383,293,852,337
391,279,861,345
391,277,869,341
412,293,869,337
409,291,854,343
386,290,872,348
380,296,862,349
361,306,841,344
309,305,842,346
211,293,897,362
169,269,913,383
165,266,920,385
172,250,913,395
167,245,945,378
180,237,927,372
233,246,888,373
274,274,870,356
260,274,883,356
294,283,885,352
330,294,881,345
348,287,914,356
345,274,933,354
341,281,933,361
349,278,929,360
367,286,890,352
357,288,893,358
292,278,897,372
266,288,878,360
222,285,893,366
223,286,889,363
177,267,915,384
148,260,934,382
169,262,922,362
173,265,902,360
204,273,904,363
222,272,885,363
282,298,869,353
346,318,837,334
362,299,837,345
387,296,837,349
382,286,865,345
369,276,874,349
394,280,847,336
394,295,823,333
346,291,839,361
291,291,854,366
270,302,841,349
265,305,840,347
236,298,849,344
192,277,868,379
194,269,860,384
194,271,867,354
205,270,887,352
202,270,889,351
240,278,893,357
339,316,842,339
400,329,818,326
439,330,819,326
451,306,822,341
451,320,814,336
432,303,846,330
431,299,848,323
391,286,851,346
365,300,848,357
359,311,822,349
357,305,832,354
303,303,849,354
270,292,847,369
240,268,873,388
231,253,880,369
277,285,861,349
262,266,864,351
322,282,869,349
385,293,848,340
411,324,855,325
467,325,825,333
439,274,842,361
446,267,835,361
504,269,804,357
516,273,808,350
480,243,850,353
478,261,846,350
443,241,844,373
451,247,846,368
417,253,835,377
395,290,823,370
372,309,841,353
320,299,879,363
263,261,910,403
251,264,909,400
269,258,896,391
291,256,886,370
326,270,891,360
380,286,866,347
376,298,879,337
398,301,864,331
418,295,863,340
423,267,875,359
403,261,912,360
398,250,912,355
382,245,890,371
383,240,897,377
370,258,895,372
330,264,883,368
277,278,910,372
220,268,921,388
217,236,890,412
209,225,894,421
201,202,894,420
184,164,910,421
215,118,878,408
203,88,880,396
176,74,934,389
195,86,916,392
236,82,893,398
274,104,871,398
330,168,849,400
343,195,862,397
345,221,850,376
355,229,852,369
284,220,885,366
220,229,898,373
195,247,900,373
148,249,926,380
99,227,929,396
111,232,916,389
105,202,882,390
51,183,898,393
45,170,878,383
23,167,917,367
21,171,918,382
20,170,915,382
36,185,905,383
105,206,857,371
124,224,863,349
170,246,870,336
166,251,893,337
168,246,902,345
180,249,923,351
195,244,911,355
237,246,868,350
215,241,854,327
192,239,866,332
196,240,865,334
144,238,884,348
96,239,895,351
68,231,891,358
43,219,888,366
36,218,891,366
28,218,901,364
33,226,892,359
86,232,851,356
145,241,829,358
178,263,839,337
210,257,844,340
206,264,846,341
261,263,827,338
343,251,802,352
352,229,800,367
368,227,807,354
377,237,800,348
377,246,806,350
365,240,803,359
339,240,825,358
253,235,880,352
249,230,852,349
204,207,870,368
201,204,873,370
165,183,891,373
127,158,903,369
140,142,850,369
147,139,844,350
130,140,885,356
145,144,876,353
157,151,853,360
217,178,827,340
259,211,804,336
252,206,835,328
322,233,809,354
341,228,785,346
355,221,785,359
375,226,789,359
403,250,775,353
425,258,759,348
312,236,812,352
324,235,804,351
294,252,787,341
252,261,804,341
212,255,812,352
196,225,822,367
199,232,867,335
205,226,862,336
196,231,894,331
275,242,843,348
306,267,823,341
355,287,803,341
338,299,857,332
339,303,855,333
317,288,887,342
316,287,883,336
304,278,894,344
274,271,895,347
229,264,898,345
246,264,887,340
211,256,878,342
216,249,853,343
197,238,866,343
241,252,854,342
269,267,856,345
263,272,868,344
310,299,845,336
367,327,816,329
355,330,850,327
345,306,866,338
372,293,813,339
377,298,800,339
338,280,818,335
272,258,836,341
237,241,844,350
208,242,823,336
140,237,856,344
147,238,850,346
116,231,872,362
164,247,832,356
217,273,806,350
266,304,791,341
309,338,809,320
305,335,813,322
318,321,827,325
319,292,831,358
342,276,824,364
316,271,854,354
268,256,857,349
255,247,864,345
176,246,906,355
149,244,893,344
108,239,909,352
128,245,894,349
178,247,838,366
182,254,844,362
230,274,822,350
256,296,835,330
286,311,862,328
288,296,871,347
283,280,888,350
290,284,883,347
312,278,842,345
224,266,862,336
162,253,885,346
115,252,880,342
75,237,907,357
88,246,886,354
87,249,879,348
106,253,888,350
172,261,843,355
221,287,840,348
277,317,830,322
294,321,816,326
284,315,859,340
304,285,848,368
278,284,893,350
273,265,858,349
193,244,884,356
186,240,889,360
131,239,915,352
117,232,918,359
154,232,883,342
204,222,841,348
226,229,842,371
238,232,833,367
316,272,783,357
368,318,773,327
380,307,772,338
375,261,792,361
374,241,806,356
361,237,813,353
264,230,894,346
256,230,858,344
216,223,878,345
196,223,869,358
193,223,864,366
177,222,882,365
257,244,816,345
303,255,806,339
415,311,756,323
459,332,733,301
483,294,715,316
493,300,712,313
490,259,747,325
458,250,783,322
474,242,747,323
389,240,776,334
324,211,814,370
309,214,824,370
303,198,825,367
345,176,787,356
362,186,813,346
469,219,745,340
498,251,719,344
504,267,721,338
496,299,735,326
480,272,743,337
465,279,766,323
460,259,743,330
361,252,793,344
350,255,804,347
302,235,826,373
281,207,838,389
304,215,828,350
304,198,826,356
386,227,780,346
395,230,778,346
399,248,786,344
409,284,800,317
351,266,810,316
306,243,825,332
261,241,822,335
251,242,834,342
211,230,867,343
244,236,840,349
288,245,824,346
330,260,824,361
379,295,813,345
383,298,811,344
383,302,837,346
398,308,828,339
393,295,821,343
361,273,815,355
310,244,830,350
293,245,841,353
249,211,844,374
229,198,865,381
224,171,888,384
253,131,855,399
281,96,822,390
280,91,823,391
264,37,833,373
234,18,877,361
234,5,874,370
252,43,821,404
236,102,858,405
246,116,853,401
206,154,920,356
251,155,866,367
235,119,867,377
220,100,887,359
223,89,869,396
209,89,879,397
241,142,835,402
182,176,882,378
198,173,875,379
207,140,871,381
196,126,902,350
194,127,904,346
195,112,909,391
202,151,894,392
208,188,881,358
239,175,868,371
235,144,880,384
256,149,865,376
248,119,869,368
265,124,861,387
323,159,807,396
256,202,873,351
191,184,914,378
195,186,906,377
190,140,903,398
205,101,898,380
198,89,937,362
221,104,888,409
211,146,909,365
219,147,899,364
221,108,880,390
229,71,875,388
244,51,892,368
262,47,870,383
307,89,835,417
285,82,852,420
257,159,877,390
214,178,929,360
262,156,860,370
209,112,918,382
186,98,966,375
188,99,968,379
209,106,923,424
175,162,971,377
183,157,947,385
247,129,906,395
265,80,902,401
271,85,883,403
248,77,920,387
286,109,854,425
221,157,933,387
221,158,935,386
217,111,934,403
244,125,906,396
212,68,935,406
214,54,972,387
239,69,906,436
205,133,964,391
251,152,954,380
218,145,981,380
300,118,900,399
243,78,975,384
274,80,931,419
289,127,899,424
276,170,951,375
248,166,975,380
279,132,916,402
314,93,918,404
274,73,982,401
278,105,961,422
235,125,1004,391
253,132,974,384
272,90,932,410
302,54,940,407
297,38,951,411
295,71,925,440
266,141,951,382
248,131,962,384
269,119,909,396
305,72,885,417
261,41,952,381
244,30,937,416
259,105,899,414
261,103,900,413
220,158,953,357
235,153,923,382
279,136,899,394
304,135,889,392
301,133,872,394
318,131,863,392
263,137,908,394
220,140,931,369
246,138,920,379
362,157,859,394
326,173,874,387
327,176,875,386
272,148,912,392
251,135,901,384
220,128,945,382
297,124,876,400
320,160,886,413
346,164,865,412
345,173,846,392
339,156,863,380
281,141,889,385
282,132,880,377
301,107,870,381
294,108,867,383
335,106,846,388
383,119,799,393
370,185,801,386
289,206,846,380
229,215,886,371
242,215,879,371
244,172,872,405
263,116,827,402
262,33,850,407
308,-23,840,387
263,-36,889,363
275,-37,875,362
270,-33,873,412
275,75,864,432
230,148,926,403
232,200,939,358
259,157,889,389
246,151,905,387
215,128,948,363
270,150,880,414
186,193,969,364
189,158,942,403
246,112,900,398
242,109,906,397
179,81,999,374
213,97,942,421
187,160,962,376
197,142,954,398
264,110,889,389
276,114,883,390
235,98,939,372
256,124,921,410
195,155,959,368
236,121,920,394
219,83,941,393
266,94,898,391
234,75,916,391
227,113,914,419
160,169,990,370
205,143,931,402
237,83,903,402
282,89,872,403
187,68,976,376
235,93,925,413
179,145,974,374
231,134,900,390
224,105,917,377
223,101,914,376
171,89,973,379
181,114,956,403
180,140,955,378
244,110,890,393
234,67,918,379
223,68,924,378
210,67,950,405
220,117,939,414
166,137,969,381
167,106,970,393
183,89,950,367
169,85,956,367
174,87,950,409
166,121,950,408
148,132,957,385
153,101,941,398
169,64,920,373
195,70,909,374
137,59,940,416
130,126,948,437
93,192,990,375
71,192,1010,386
117,156,947,413
108,154,950,415
92,116,946,388
65,114,953,434
48,181,961,417
69,205,958,392
80,172,941,414
100,185,921,403
72,133,943,404
56,131,956,403
93,167,928,443
20,249,997,390
-2,242,996,395
8,241,984,396
26,196,965,421
32,170,977,399
3,154,984,457
4,222,983,437
-57,262,1051,403
-52,263,1054,402
-15,245,1011,415
75,215,929,412
45,196,942,401
7,196,945,443
-9,248,965,398
-15,242,969,401
-45,224,998,422
-9,171,958,445
43,121,936,427
-3,86,980,386
17,92,956,443
23,96,949,446
49,174,951,451
8,238,1030,401
59,242,968,412
70,198,954,430
50,144,974,428
60,141,972,432
56,129,987,398
107,165,967,460
104,254,998,416
108,283,1008,389
93,215,996,428
109,220,995,427
137,166,987,421
135,156,1052,381
238,169,982,460
193,239,1053,416
237,239,1006,409
211,231,1032,416
237,172,1011,434
239,134,986,426
302,126,975,420
301,155,993,453
339,266,1033,395
314,255,1058,404
329,214,1009,429
350,152,973,423
325,131,1027,401
393,151,984,432
337,216,1066,389
324,213,1080,391
373,178,988,416
349,88,950,441
396,17,957,429
403,6,991,422
360,57,1000,457
348,55,1009,462
325,137,1065,416
387,161,1001,411
357,114,988,414
344,100,1024,403
350,119,985,438
381,124,972,434
329,182,1054,383
379,145,966,408
367,65,938,424
389,17,968,411
397,26,956,439
427,29,948,439
373,110,961,427
407,172,966,389
403,110,935,410
395,53,951,407
386,20,994,406
376,25,1002,402
420,43,950,451
393,136,969,423
371,164,976,407
424,97,916,431
410,17,937,432
443,25,908,431
386,3,964,399
393,9,951,435
329,63,1013,401
393,29,900,419
367,-38,921,413
356,-31,909,412
273,-65,994,394
273,-62,980,425
204,-17,1019,393
221,-32,962,405
233,-78,949,413
209,-90,957,419
205,-105,941,399
157,-110,920,375
118,-94,946,398
64,-93,1000,405
68,-68,967,381
77,-62,961,375
55,-68,944,366
50,-69,932,382
44,-30,897,419
13,29,897,372
54,9,826,383
52,19,829,379
46,-51,835,394
-2,-88,869,386
15,-84,874,342
-29,-84,881,403
-23,-16,838,421
-24,-23,848,427
-36,70,826,368
-51,73,819,364
-36,21,802,379
-45,-24,808,368
-55,-28,828,382
-52,-25,827,380
-48,34,797,406
-70,114,851,359
-39,110,810,358
-41,58,802,378
-43,7,834,364
-35,12,831,361
-32,2,846,372
-8,44,828,410
-67,111,918,354
-16,105,842,366
13,57,812,384
1,50,821,387
-0,13,832,369
-5,15,838,375
1,41,837,428
-41,137,911,370
-4,120,875,380
-6,120,875,383
20,69,872,394
44,28,881,372
16,26,923,371
28,64,920,418
19,141,957,354
38,142,936,349
80,122,873,378
129,64,816,400
141,4,834,393
164,-31,875,371
200,-13,860,404
198,-9,862,403
195,90,885,383
166,109,943,358
225,61,896,374
275,16,896,371
276,11,945,339
293,13,925,335
399,20,838,387
386,104,884,348
361,95,894,356
443,43,835,377
503,-28,853,386
488,-31,870,390
508,-30,899,348
453,-27,902,413
508,64,880,408
515,139,929,359
521,105,883,389
541,111,869,384
582,56,845,387
578,28,865,371
618,40,835,406
591,112,862,405
638,179,879,356
612,176,882,361
641,161,842,374
647,105,829,385
649,47,845,392
658,56,839,412
637,109,834,410
647,107,818,411
685,166,841,369
665,130,795,382
660,57,783,392
677,-4,833,384
687,-20,836,384
658,-0,795,382
655,44,783,412
607,103,847,392
634,140,820,356
649,87,796,376
682,26,781,386
705,28,770,379
683,-7,823,363
680,-13,821,392
583,73,810,389
577,118,844,349
578,98,821,365
590,101,842,367
522,27,866,370
469,-23,894,361
463,-28,928,365
448,22,853,393
412,94,890,375
422,93,878,372
397,118,895,351
369,66,869,381
367,10,865,386
306,-8,917,356
290,1,871,400
281,4,873,399
256,69,895,404
154,114,974,352
146,84,907,383
150,47,883,380
117,13,922,362
114,15,927,361
99,16,908,384
62,68,890,426
-1,136,962,384
-34,126,969,402
15,79,881,415
22,86,870,410
1,18,873,409
-38,-12,935,376
-45,-2,890,442
-73,92,908,452
-105,179,960,387
-72,179,926,380
-44,168,895,400
-19,121,876,411
-23,43,875,409
-58,27,934,364
-25,43,908,431
-36,42,918,431
-7,131,917,433
-78,199,980,370
-14,193,902,396
14,145,869,403
11,71,876,403
5,66,872,400
-40,30,925,366
-4,40,900,430
4,117,916,437
-11,202,974,360
29,192,929,386
29,193,925,385
28,124,925,397
47,56,898,394
27,34,923,359
40,54,900,418
22,144,949,423
37,135,936,426
-25,207,1016,357
17,177,945,390
14,97,899,412
30,25,896,411
32,0,927,376
25,-7,934,378
39,21,918,431
68,118,918,431
32,192,988,364
47,173,987,394
105,107,948,416
104,99,951,421
106,29,958,418
102,11,1036,367
136,24,987,431
165,126,966,423
112,178,1016,363
124,180,1016,358
172,152,947,399
232,100,889,408
240,37,905,407
230,17,955,372
244,5,907,437
227,5,920,434
266,90,909,453
235,183,979,378
291,169,944,404
339,100,896,418
372,24,893,406
365,21,899,408
346,-12,963,379
395,0,924,436
356,103,940,449
347,203,991,370
352,179,982,388
350,181,976,386
342,123,938,397
397,67,921,405
384,2,959,388
389,0,973,428
382,76,977,457
405,77,983,454
409,202,1013,385
430,211,997,377
429,137,955,414
434,61,940,430
450,4,972,417
481,3,955,415
455,5,979,421
473,64,961,460
459,203,976,412
456,241,1020,379
470,183,949,402
481,188,936,398
509,115,894,417
527,40,935,416
537,11,987,408
488,47,968,465
476,171,968,440
514,173,962,436
470,226,1015,388
506,202,919,393
503,118,927,422
495,48,940,425
488,32,972,392
507,40,977,390
487,80,918,442
516,171,911,438
466,262,1009,367
496,215,929,386
497,152,896,408
498,152,893,407
510,65,901,426
520,24,956,401
521,15,951,419
535,80,906,453
482,204,943,420
484,194,946,425
500,243,950,377
473,196,927,387
468,101,909,418
467,3,927,435
502,-37,951,416
504,-35,952,416
514,-39,975,428
521,20,940,455
447,151,988,456
438,228,1022,393
435,215,1022,406
444,211,1025,409
451,134,995,439
431,46,1000,455
473,-22,1036,441
473,-18,1063,404
456,-5,1028,486
479,-0,1007,477
441,121,996,475
422,227,1029,414
432,247,1034,394
420,178,992,422
432,91,983,436
429,92,984,438
458,-28,969,443
449,-97,979,424
455,-116,957,397
443,-115,965,373
454,-119,959,420
491,-97,936,408
454,-88,985,469
471,62,970,476
452,202,970,429
413,261,1013,402
409,251,992,414
439,265,962,403
441,196,941,416
439,120,901,427
450,-3,909,436
471,-67,908,411
437,-88,915,381
463,-85,904,377
451,-92,923,348
450,-85,909,390
419,-87,953,442
427,30,937,454
452,190,921,416
402,173,959,435
378,238,1023,407
381,246,1017,400
423,184,971,417
411,83,947,438
395,-25,933,435
445,-25,907,430
434,-78,918,408
429,-100,900,384
454,-90,878,361
446,-89,886,383
417,-91,937,409
427,-92,929,409
430,-12,921,442
406,131,944,431
418,201,966,380
415,174,950,394
452,97,935,413
423,87,964,425
445,-14,949,433
463,-84,952,426
441,-97,934,396
439,-96,916,361
486,-95,888,386
481,-100,893,388
462,-100,924,427
453,-36,940,467
408,145,938,440
394,239,1011,399
404,242,1009,393
422,243,991,393
421,178,965,408
427,94,930,413
429,17,921,398
455,-3,921,351
444,-2,889,407
452,8,876,406
447,109,895,421
407,211,954,381
436,225,920,368
441,159,894,389
399,113,944,371
403,117,940,370
414,115,904,411
463,202,894,404
391,242,965,373
430,184,914,395
388,126,942,384
363,124,966,388
380,132,947,422
401,219,973,385
399,183,957,399
393,125,965,397
387,119,958,407
388,114,962,416
392,185,975,395
344,179,993,399
341,122,984,409
320,113,1033,412
330,158,999,395
332,156,996,396
360,155,935,393
326,82,946,413
317,72,963,413
298,112,978,417
307,124,951,402
325,133,940,399
368,88,910,400
245,43,1038,393
275,64,987,428
266,113,1009,382
297,62,924,420
294,57,929,416
293,26,929,393
302,20,918,429
290,92,926,442
210,143,980,385
188,66,947,408
184,64,958,410
103,18,1056,391
128,31,1020,444
121,100,1013,421
112,113,1007,408
114,54,969,417
103,58,971,416
85,31,1020,387
89,44,1008,446
64,108,1012,402
62,101,993,416
96,45,973,425
150,51,941,428
94,0,1030,404
86,-2,1015,442
38,72,1030,405
63,51,1012,425
31,5,1057,430
31,5,1048,428
26,-12,1095,408
12,17,1044,464
-14,87,1011,404
14,57,967,429
42,26,966,406
31,28,969,404
3,-11,1001,418
10,50,947,435
-48,118,1016,400
-7,86,993,430
-11,48,997,413
-20,40,1007,412
-43,32,1064,406
-20,74,998,446
-68,124,1017,405
-33,94,979,433
-33,54,992,413
-24,52,983,414
-73,23,1048,410
-13,72,952,454
-78,145,1021,419
-52,132,1013,426
-20,98,1004,418
-5,103,991,423
-54,87,1076,410
-36,123,1023,460
-32,199,1015,400
-47,148,1023,440
-32,71,1011,455
-38,73,1012,453
-55,28,1083,414
-9,48,1013,448
-29,111,1024,468
-59,164,1095,412
7,141,1022,432
11,141,1012,430
16,87,1029,435
42,56,991,415
24,-2,1003,414
7,-33,1019,422
30,-58,1045,424
43,-63,1033,420
71,-91,1021,431
100,-88,959,397
145,-100,934,376
142,-102,920,371
109,-105,942,431
107,-109,951,436
130,-44,962,476
106,100,979,425
101,113,994,401
146,60,968,433
133,42,991,398
165,52,962,401
131,63,986,480
104,160,1007,434
83,178,1044,411
125,147,985,420
122,128,1007,396
113,121,1004,395
152,142,947,461
122,214,997,409
149,156,971,452
199,101,927,437
183,66,967,391
208,71,946,393
196,75,976,445
154,136,1004,450
206,156,972,424
191,73,983,451
232,19,959,427
210,21,971,424
250,17,968,391
244,23,981,447
223,95,1010,416
264,87,969,427
305,32,941,430
290,31,949,430
298,10,989,383
287,10,995,440
305,83,1002,422
266,85,1030,419
345,43,959,422
334,47,938,418
367,18,970,390
386,18,975,421
380,77,955,431
334,107,995,402
379,58,950,424
350,48,974,428
377,2,999,421
397,-1,979,412
389,27,987,449
312,95,1043,420
372,110,976,414
360,93,982,426
374,30,965,432
399,11,956,394
386,0,951,410
374,44,948,446
372,113,984,389
357,110,1002,388
362,85,946,413
396,23,940,407
400,-10,948,376
392,-13,943,411
346,34,952,423
368,39,950,425
344,86,987,387
389,51,921,409
394,0,925,401
388,6,925,380
336,23,934,436
335,15,934,433
326,102,958,388
358,106,911,398
335,43,911,414
374,35,882,377
326,42,906,402
320,42,903,400
284,86,948,391
274,85,930,399
302,26,916,409
279,-40,937,412
276,-49,940,375
278,-48,930,375
265,-36,911,417
275,27,907,397
266,57,905,369
256,0,908,393
268,-46,898,395
260,-57,910,397
234,-67,933,380
189,-43,929,420
155,26,931,390
164,39,911,374
166,-23,919,409
162,-25,924,410
165,-76,930,410
155,-72,940,375
122,-72,952,432
84,-6,956,388
97,-31,940,405
110,-26,930,400
128,-79,903,407
121,-107,887,392
109,-100,905,375
98,-86,891,396
87,-66,914,413
106,-66,915,425
71,-10,943,368
114,-43,901,404
143,-71,890,385
120,-79,913,404
122,-30,905,429
110,-31,906,432
86,55,926,419
85,101,939,390
86,36,928,408
117,-18,915,406
94,-22,928,400
119,-15,916,398
79,4,934,417
69,83,942,406
75,122,959,372
117,71,909,401
136,27,900,384
125,24,919,387
107,16,951,393
84,52,958,428
61,127,989,400
50,117,982,409
84,53,948,424
90,50,938,416
115,7,919,397
107,7,932,396
130,50,899,413
81,115,952,398
66,114,960,397
74,118,954,400
85,64,921,409
107,14,918,395
119,13,917,386
97,37,931,419
109,118,953,437
68,105,983,441
60,174,996,376
113,115,948,418
146,43,923,416
149,-25,923,407
135,-38,953,387
142,-32,961,392
142,-22,936,434
120,75,945,444
141,182,963,413
152,228,949,371
181,166,903,412
147,164,918,410
188,79,895,427
215,13,885,414
195,12,923,404
189,52,943,442
131,162,967,408
168,164,944,405
164,210,935,362
201,160,869,397
229,110,830,392
193,86,874,354
184,95,884,413
189,95,880,416
195,176,906,418
145,234,944,364
201,195,869,380
223,139,853,378
225,137,855,367
216,134,861,367
214,165,872,402
189,238,902,350
214,210,858,363
236,147,810,375
236,113,833,338
247,118,809,340
272,131,808,384
268,196,831,379
228,228,864,348
254,173,817,370
249,111,817,358
267,116,801,355
255,105,821,346
240,132,830,383
230,204,868,342
243,185,844,359
274,145,791,362
268,139,800,362
235,100,810,335
240,103,828,350
260,149,813,388
226,240,869,331
250,221,820,345
250,221,821,343
274,145,794,364
271,103,779,337
273,107,778,344
251,144,813,384
218,218,864,331
209,217,867,331
252,207,812,341
262,139,788,360
268,88,772,352
254,78,800,336
248,114,803,374
246,112,807,378
240,197,842,357
247,232,832,321
291,189,764,356
289,124,738,358
316,91,711,340
296,80,715,344
281,78,742,349
240,105,796,381
251,192,817,355
257,223,817,329
281,172,751,350
279,174,747,346
281,90,745,352
304,43,730,341
263,34,774,332
250,50,790,374
265,134,800,379
268,134,796,377
227,209,850,328
250,187,803,353
243,117,775,369
248,23,760,386
226,-57,776,403
235,-55,776,399
221,-84,797,372
219,-103,796,346
249,-95,775,328
243,-93,762,320
267,-87,760,308
246,-107,774,317
261,-108,774,325
252,-92,784,338
202,-83,799,385
233,31,774,407
208,151,800,395
207,157,805,397
193,212,836,350
217,146,787,401
230,56,797,402
259,37,814,354
293,67,799,406
287,64,802,404
276,174,820,389
226,176,900,381
242,122,852,386
254,79,901,357
261,82,902,380
267,81,897,385
232,142,917,382
209,141,916,383
260,89,859,391
245,46,874,358
235,48,892,396
255,53,873,394
223,118,892,416
187,165,928,370
211,119,890,399
277,77,860,375
255,69,881,381
256,70,880,385
219,114,903,408
194,165,946,367
223,133,902,393
234,72,879,391
210,46,914,349
224,48,907,350
232,61,894,393
206,121,916,402
214,146,931,381
256,106,867,399
241,20,879,399
237,19,885,401
216,-22,922,366
208,-12,928,410
213,67,911,414
190,128,939,359
231,82,885,393
228,80,892,399
259,23,868,387
226,18,912,374
238,57,892,404
206,102,912,360
221,61,877,385
215,66,869,384
229,19,891,369
223,11,913,369
220,51,892,404
181,123,925,350
224,87,881,381
221,80,890,387
233,16,875,393
218,-26,921,362
208,-21,914,396
233,64,883,408
183,136,929,355
