162,114,318,247
165,115,309,245
162,115,314,245
161,117,309,239
162,116,308,239
161,115,307,240
159,115,311,240
156,115,311,238
153,111,313,238
151,108,315,241
142,109,329,235
144,101,319,239
141,101,321,242
141,96,319,245
137,98,321,234
134,99,320,240
134,96,313,238
131,96,312,231
130,97,312,231
127,95,309,229
126,94,303,230
127,94,305,230
123,95,303,229
123,94,303,226
120,97,302,229
120,96,302,223
120,98,302,226
120,101,300,223
118,101,301,222
120,101,298,223
120,104,300,223
124,104,295,218
123,107,297,222
128,107,295,216
127,107,296,219
128,108,296,221
130,108,296,219
129,112,292,220
129,108,297,218
130,111,295,220
129,111,297,219
129,113,291,220
130,112,295,215
132,112,295,213
131,115,295,215
131,114,294,212
129,112,296,214
129,118,291,213
128,114,296,215
129,115,298,214
125,118,296,216
126,115,300,214
124,119,302,217
124,118,296,216
124,116,299,216
126,116,296,216
127,114,299,214
124,114,301,217
127,113,300,214
126,115,297,214
126,112,300,216
125,112,301,216
128,113,298,214
129,115,295,214
127,116,295,215
130,115,295,211
129,115,298,209
130,117,293,211
131,115,298,209
132,115,294,209
132,115,296,208
132,118,295,210
134,115,297,208
133,117,296,208
136,116,293,205
134,114,297,209
135,117,293,206
134,117,294,209
135,116,294,210
137,115,291,208
136,116,292,209
137,117,290,210
138,116,290,206
137,115,293,206
139,115,290,207
141,114,288,207
138,113,291,208
140,114,288,208
140,113,291,208
139,114,289,211
139,114,290,208
140,110,292,209
142,112,289,206
144,114,286,208
145,113,286,206
148,114,282,205
149,114,281,207
149,116,280,204
154,114,277,203
155,116,278,204
158,116,276,203
157,118,276,203
158,120,275,199
159,119,275,201
162,118,271,200
160,120,273,200
160,121,272,201
161,120,273,203
163,121,271,204
163,121,273,202
165,121,271,201
165,125,268,201
166,123,268,198
168,123,265,196
166,122,271,198
167,118,271,198
167,122,268,200
168,120,268,203
167,121,270,202
167,122,269,201
168,121,269,198
167,121,271,199
166,121,273,202
168,120,269,200
166,119,274,202
167,118,273,200
165,118,274,206
167,113,274,202
164,117,274,208
167,116,273,206
166,115,275,209
164,113,276,206
161,114,279,205
163,110,279,209
163,110,282,208
162,112,281,209
163,107,284,213
163,105,285,211
163,106,285,212
163,109,286,211
165,107,284,212
163,103,293,211
162,106,289,208
165,104,287,215
164,107,288,209
166,102,289,211
165,104,291,214
166,106,291,213
164,109,291,214
164,107,294,212
165,105,293,215
162,108,294,213
160,109,297,214
159,111,297,216
163,103,294,219
163,108,295,216
159,110,297,215
162,106,299,219
163,107,300,221
159,105,304,221
161,106,302,223
162,104,306,224
161,109,303,223
156,112,308,223
160,109,305,221
159,107,308,224
157,107,310,225
156,109,311,223
157,108,310,221
157,108,311,225
157,109,308,220
159,110,303,222
160,108,306,223
156,111,308,222
160,107,307,224
154,108,314,227
155,110,312,228
159,109,306,234
152,110,314,233
156,107,311,233
156,108,310,235
154,108,315,233
152,108,314,237
153,109,314,236
156,111,308,237
152,113,312,233
152,109,318,234
158,109,310,237
153,110,314,235
153,111,314,235
153,108,316,233
155,109,315,234
155,112,312,234
154,110,317,233
153,112,312,232
152,111,314,232
150,109,316,230
150,106,318,231
145,110,319,234
150,109,311,233
150,106,314,235
150,106,313,236
146,104,321,236
145,110,315,233
144,108,315,235
145,110,315,234
144,105,320,236
145,107,316,234
145,107,314,232
145,102,318,235
145,107,316,235
138,108,319,235
138,105,326,236
139,103,324,234
139,100,323,236
138,103,324,236
137,96,332,239
132,106,325,234
137,106,322,232
135,103,321,234
141,95,327,235
134,102,325,233
135,102,325,235
131,105,326,234
128,100,331,235
140,99,329,235
132,105,326,232
131,100,333,237
131,99,337,236
131,97,336,236
138,88,339,239
129,104,334,232
130,100,335,234
126,97,337,238
123,99,338,239
127,96,341,239
127,99,336,237
121,101,338,237
120,99,340,236
127,97,337,237
121,97,340,238
125,94,344,236
123,92,342,241
124,92,343,241
128,81,348,242
131,86,341,240
122,95,340,236
120,91,347,237
128,88,343,238
128,84,344,239
119,96,344,238
121,96,351,242
118,106,335,237
120,93,347,245
120,93,348,247
113,104,340,241
117,99,338,243
112,107,330,237
112,96,342,246
110,102,336,241
113,98,339,244
109,106,326,240
111,109,324,236
110,108,326,236
117,93,344,242
110,103,332,237
109,104,332,236
111,99,338,240
112,95,336,238
112,98,337,238
113,95,338,240
110,104,329,233
117,98,331,234
116,102,329,231
119,95,330,232
118,96,329,232
113,106,325,228
112,103,322,228
112,101,325,231
117,94,327,232
111,95,328,232
112,101,319,227
108,104,321,226
111,97,325,231
106,106,314,225
111,107,314,224
110,105,315,222
113,102,320,223
108,114,308,219
110,115,306,219
112,110,316,221
108,106,323,223
116,111,314,221
115,116,309,219
110,118,310,218
118,113,311,220
112,118,307,217
117,116,309,220
120,113,313,220
119,116,310,219
116,117,306,218
115,116,310,220
116,117,310,220
115,116,308,219
119,117,306,218
116,120,305,217
116,118,307,217
116,115,313,216
117,124,301,212
115,124,301,210
113,122,306,208
110,126,300,206
107,121,310,209
117,124,303,209
122,122,303,208
113,121,307,208
114,123,304,210
113,120,307,211
119,120,307,213
116,122,303,211
115,125,303,208
113,122,307,212
122,116,311,214
122,119,308,211
118,121,305,212
122,119,304,213
113,123,307,209
116,118,310,213
118,125,302,213
115,125,302,208
114,123,306,208
117,124,301,207
119,121,304,209
112,125,302,205
117,126,299,204
121,122,300,206
119,122,302,205
120,128,298,204
120,126,298,206
122,128,293,203
123,125,297,203
117,124,298,202
120,124,302,205
122,124,300,203
119,126,300,204
111,130,305,203
118,127,308,204
115,128,303,199
121,130,303,202
114,127,310,203
114,125,309,204
122,125,305,206
116,126,309,204
124,125,301,203
119,125,304,203
113,127,306,203
114,129,303,202
120,128,298,205
114,128,303,203
117,128,300,203
114,126,305,204
117,132,301,202
116,123,306,208
110,131,299,201
116,126,302,205
117,122,305,207
118,123,302,206
113,125,304,204
116,125,299,205
108,126,301,204
122,124,300,207
112,123,305,206
111,131,302,203
114,126,302,205
115,126,299,201
113,126,298,199
110,124,294,198
107,126,298,196
113,119,296,200
106,122,292,198
106,123,290,197
112,124,287,196
108,123,290,195
117,121,289,194
110,121,291,197
116,118,292,199
112,120,291,197
119,115,292,198
114,120,289,195
113,117,295,197
111,120,290,196
117,121,289,195
116,122,284,196
107,124,288,196
118,121,282,195
114,120,284,196
114,121,286,196
120,117,287,197
113,119,288,197
116,120,285,193
114,123,280,193
108,121,285,192
117,122,279,190
119,123,279,191
117,122,281,191
111,125,279,190
112,122,282,192
116,119,285,195
121,120,281,193
117,120,283,192
117,120,282,194
112,118,287,196
119,119,284,195
110,119,286,196
121,122,277,192
116,117,284,192
111,121,282,193
112,120,278,197
112,114,283,197
111,123,273,192
121,113,277,196
115,115,281,196
113,115,277,197
110,121,272,194
111,119,272,195
117,112,272,195
114,115,272,197
116,111,273,196
109,119,266,192
117,117,262,189
115,118,261,192
117,118,260,187
123,111,260,187
112,117,267,189
121,110,264,189
121,108,265,190
115,121,257,188
120,117,255,185
115,120,257,185
117,122,252,184
115,125,251,181
115,124,252,182
114,122,255,182
114,125,251,182
117,121,249,182
114,125,249,180
118,124,245,181
121,117,243,178
118,127,238,177
116,126,243,178
119,125,239,177
126,113,241,178
124,111,243,177
121,120,241,178
125,115,241,178
123,117,240,178
121,119,243,181
120,118,248,181
116,121,253,183
121,116,249,181
115,123,249,183
118,126,246,181
115,124,248,183
118,117,250,180
126,108,246,182
122,117,249,179
122,112,248,181
120,117,246,179
117,121,244,179
121,115,244,178
122,109,243,178
121,115,244,177
119,114,244,180
118,114,246,181
118,113,248,181
120,112,247,181
123,110,245,178
119,116,246,176
118,114,246,175
124,115,238,174
120,122,244,173
121,111,244,173
120,119,240,173
123,114,244,173
122,114,242,172
123,117,239,172
123,114,242,171
126,112,242,171
116,119,242,175
120,116,240,173
115,116,242,175
121,108,244,174
117,113,244,174
121,105,241,175
119,104,246,174
123,108,244,172
124,104,242,169
120,109,244,172
115,107,243,172
114,101,245,177
112,107,244,177
113,110,241,175
110,105,237,175
112,117,233,171
116,120,227,166
116,113,228,165
115,124,225,166
110,126,227,168
109,113,232,171
116,117,232,167
111,121,235,172
108,125,235,174
113,130,235,172
112,122,238,174
110,116,240,176
114,121,235,172
112,118,237,173
112,111,235,172
109,107,240,175
109,113,234,173
110,112,234,173
112,117,236,174
108,114,236,174
109,110,238,177
108,107,238,176
111,117,233,175
112,117,232,171
115,112,232,171
109,118,234,175
113,114,232,172
114,115,234,173
113,115,236,175
114,123,232,173
109,114,236,176
112,118,235,175
108,111,237,177
112,115,234,176
114,115,235,175
111,115,237,177
113,117,237,179
112,123,236,177
118,116,234,174
121,116,235,174
118,127,237,176
120,119,240,175
118,128,238,177
123,135,234,177
127,137,233,171
127,139,236,171
125,142,235,175
124,140,240,176
123,146,236,177
128,140,243,175
125,145,238,175
129,139,244,175
130,145,243,171
130,145,245,171
134,146,250,172
143,157,253,173
160,169,244,175
155,167,245,176
182,172,234,175
203,169,226,178
195,170,226,178
233,199,224,176
240,206,223,175
224,203,222,174
227,205,222,174
211,202,219,172
199,201,221,174
235,201,219,173
227,202,217,171
236,206,218,171
215,203,223,175
157,174,221,173
225,202,219,171
215,199,220,172
139,163,222,173
129,135,223,173
128,103,218,169
190,193,216,168
183,197,215,167
174,190,214,167
193,191,215,168
175,192,216,169
185,193,215,168
181,191,214,167
184,190,213,167
169,184,214,168
148,188,215,169
156,191,214,168
174,192,209,148
170,194,206,144
175,191,207,143
177,189,208,142
170,192,203,142
173,191,205,142
169,191,201,143
170,193,198,140
171,193,199,140
171,189,206,141
169,189,203,141
167,189,201,141
166,190,201,141
165,188,201,141
165,187,203,141
163,187,201,141
164,184,204,145
165,183,201,146
162,183,203,147
164,184,197,142
165,184,201,146
162,183,198,145
159,182,199,145
158,182,203,148
159,180,204,149
156,182,201,146
157,182,201,145
158,181,202,146
158,180,203,146
157,182,202,144
155,181,200,144
156,182,200,145
159,182,201,143
153,182,199,142
158,182,201,142
153,184,201,141
156,184,200,142
154,184,201,141
156,186,197,139
154,186,196,138
153,187,200,137
156,184,206,141
148,184,202,140
152,183,201,139
154,184,200,139
150,184,198,137
152,187,199,136
153,186,199,135
152,187,195,134
151,186,197,135
149,188,196,134
152,188,194,132
148,190,193,131
151,190,189,130
153,189,190,130
150,192,190,130
147,191,186,129
153,189,186,128
151,193,187,127
147,194,185,125
147,193,183,126
145,194,184,124
144,193,182,124
145,191,183,126
139,192,182,127
142,192,183,125
142,192,185,128
135,190,182,131
141,190,184,128
142,190,188,130
141,190,187,130
140,190,185,129
148,188,186,128
145,191,185,127
145,191,185,127
145,185,186,128
145,187,183,128
149,189,184,127
148,192,182,125
149,187,181,126
152,189,181,125
152,189,184,126
150,190,181,125
155,189,179,123
149,188,182,124
150,186,187,127
148,190,186,127
149,187,188,129
150,181,190,131
148,185,191,130
146,183,192,131
149,184,189,130
149,189,189,127
153,181,187,129
151,182,191,130
155,174,194,132
153,177,194,133
150,180,189,131
152,179,192,131
150,178,192,133
150,175,195,135
148,175,195,137
151,169,199,139
147,169,200,142
142,172,203,142
149,165,204,144
147,168,202,142
144,165,204,146
146,167,204,144
146,168,203,144
146,166,201,144
142,170,196,142
144,173,198,141
147,174,197,138
147,166,199,143
147,171,194,139
144,173,198,140
144,169,195,141
149,168,192,140
142,171,194,141
145,168,195,142
146,167,193,141
142,164,194,144
144,165,190,141
140,168,186,140
141,167,186,139
138,175,184,136
140,164,183,137
138,173,184,137
138,167,180,136
140,152,180,137
132,183,175,134
134,183,173,130
131,187,172,129
133,171,172,131
137,162,171,128
133,174,172,132
133,173,172,132
134,162,172,132
138,155,172,133
135,144,173,130
136,151,171,127
132,153,171,128
136,159,176,135
136,160,178,136
133,164,179,136
138,143,180,133
140,147,183,136
138,159,182,138
138,146,186,141
137,142,187,144
136,148,187,142
140,149,187,142
137,144,188,142
138,149,189,143
136,145,191,143
136,160,190,145
137,150,192,143
137,142,193,145
138,148,193,147
134,153,197,149
133,152,197,147
133,148,201,150
132,145,200,149
133,147,200,150
131,147,202,152
128,149,203,151
125,155,203,151
126,152,204,150
123,152,202,150
118,144,203,153
115,150,202,153
115,147,200,151
112,148,202,153
115,146,201,153
110,141,199,153
108,147,198,153
106,149,198,152
98,162,198,151
102,166,198,150
98,167,199,153
102,154,198,157
102,158,199,155
112,139,196,156
110,139,197,155
114,136,198,155
118,137,202,156
116,141,201,153
118,147,198,152
120,147,199,147
126,137,198,146
124,148,198,147
122,146,202,152
123,144,206,152
124,141,204,151
123,143,204,151
122,146,204,153
121,148,204,152
122,146,204,156
120,148,205,156
120,147,203,154
121,145,199,151
123,141,198,153
118,150,203,156
116,148,204,158
115,141,201,155
108,157,205,155
106,161,203,155
109,152,204,158
110,156,207,160
108,154,203,158
113,140,199,158
111,154,208,159
107,152,205,159
111,147,203,160
111,148,205,160
114,154,206,159
115,143,207,161
111,145,209,161
113,141,208,162
113,148,209,161
117,141,205,160
111,141,211,164
108,151,216,165
109,139,213,168
102,136,221,175
100,138,219,173
101,134,217,172
94,143,219,172
87,154,216,171
87,152,215,172
85,150,214,171
80,148,213,170
81,153,213,171
77,154,213,172
75,156,210,168
78,155,209,169
78,147,205,171
76,157,206,166
78,152,206,167
83,153,207,166
86,150,208,166
90,148,209,165
92,153,207,162
95,151,208,164
101,152,209,159
98,149,206,162
106,148,205,164
110,148,204,160
112,140,209,161
113,140,211,166
118,143,211,163
120,145,213,162
122,141,213,163
124,148,217,164
130,143,223,165
131,144,222,163
133,150,225,163
140,150,224,163
140,145,230,167
145,153,227,164
147,155,228,164
149,156,225,163
151,148,228,168
148,145,229,170
153,144,228,169
150,144,229,170
152,147,226,166
149,141,225,169
148,143,225,169
146,141,221,169
146,139,221,170
145,142,222,170
143,139,223,171
144,139,220,170
142,139,220,171
142,144,221,170
139,135,222,174
141,140,219,171
141,139,222,171
142,137,225,172
144,137,225,171
145,139,225,173
143,140,226,171
148,137,229,171
146,141,227,169
144,138,229,170
143,137,231,171
146,141,229,170
144,139,230,169
144,141,229,165
142,144,226,165
145,146,225,164
146,145,228,163
137,146,227,167
145,146,226,163
146,149,225,160
141,147,226,163
142,150,228,160
149,151,224,157
145,154,225,156
139,155,221,156
143,157,219,152
143,154,219,154
144,154,224,155
142,154,222,153
140,161,219,151
138,156,220,152
139,157,217,150
144,159,216,148
138,157,211,149
141,158,213,148
136,157,213,148
133,156,214,150
135,156,211,149
135,154,213,149
134,155,210,147
133,158,208,145
134,163,208,144
132,156,209,144
131,156,208,144
131,161,207,142
132,158,205,140
132,157,203,141
129,159,207,143
130,156,205,146
129,154,204,146
127,159,203,146
127,159,206,149
125,153,208,153
127,151,208,151
129,150,207,151
126,149,207,154
125,148,209,154
128,150,210,153
129,148,209,152
128,147,210,152
130,146,211,153
130,149,210,152
129,144,214,154
128,144,212,154
128,146,215,154
128,141,212,157
128,139,213,157
128,141,212,157
130,153,206,153
129,138,205,155
131,142,207,155
129,136,207,160
126,143,204,156
129,139,206,159
130,141,204,157
129,145,205,156
131,134,208,158
128,138,209,160
126,139,212,160
131,135,214,159
133,136,214,156
133,140,216,157
140,135,219,158
143,136,217,154
149,138,218,153
154,132,226,155
154,129,229,156
158,131,232,154
152,134,228,156
157,138,223,155
152,134,223,157
155,133,222,156
146,138,219,158
143,136,222,158
143,136,221,156
141,133,222,160
145,131,223,159
144,133,222,160
143,130,222,162
148,133,220,158
148,132,221,159
145,134,220,158
140,135,222,160
143,133,221,160
139,135,225,161
139,132,227,163
141,132,225,163
141,136,225,163
136,130,228,167
137,138,223,163
138,135,225,162
139,136,225,161
144,139,221,158
139,137,222,159
137,139,220,159
141,140,220,157
138,142,217,156
137,140,217,156
138,136,223,160
139,139,221,158
133,141,219,160
137,140,220,158
137,138,224,160
132,138,219,163
136,142,220,156
133,145,216,153
131,144,217,154
135,146,217,149
133,147,212,150
137,152,208,144
130,147,206,149
136,152,204,142
135,152,205,142
135,151,205,142
137,149,207,142
135,150,205,142
135,149,203,143
136,150,203,143
136,146,202,143
139,148,202,141
138,148,198,139
141,150,195,137
139,151,195,137
140,150,193,136
141,148,197,139
140,148,199,140
139,144,198,143
144,149,197,141
143,147,200,141
142,148,195,141
142,148,194,141
144,148,195,139
145,150,194,138
146,151,193,139
143,142,197,143
147,149,192,140
148,147,193,141
146,147,192,141
147,149,190,140
148,150,189,139
147,145,194,142
147,146,196,143
144,143,195,145
147,143,196,145
144,142,198,144
145,144,195,144
145,142,197,144
145,143,193,143
148,144,194,143
147,139,199,145
145,140,197,145
145,144,194,143
145,142,195,146
145,138,196,148
146,137,198,147
145,139,197,147
145,136,200,149
146,135,195,148
148,137,194,147
145,140,189,143
143,141,191,143
144,143,189,142
145,136,195,146
142,140,191,146
142,135,195,149
140,138,191,148
144,137,195,149
142,138,193,147
140,131,196,151
146,134,198,149
145,135,195,148
143,130,195,151
148,134,197,147
146,137,194,147
146,131,200,152
147,130,202,152
145,129,206,153
146,132,198,150
145,126,203,153
149,132,200,151
142,126,204,154
148,129,203,151
146,126,202,152
146,126,201,150
147,128,201,151
148,127,200,152
143,126,203,152
144,125,203,152
145,125,204,152
140,121,209,155
143,120,209,155
143,121,211,154
143,122,213,156
142,121,210,155
139,121,209,156
137,117,209,157
136,121,209,156
137,124,210,155
136,120,210,156
134,122,213,156
129,122,212,157
131,119,213,159
129,120,211,158
129,121,213,158
129,120,214,157
127,122,212,156
120,120,211,157
125,123,213,155
125,123,211,153
120,123,213,154
121,123,212,153
114,122,213,155
116,127,211,151
116,125,211,150
112,130,212,150
112,130,211,149
120,129,211,147
112,124,212,151
113,130,213,148
114,127,213,147
117,125,215,145
110,122,213,149
114,126,215,147
112,125,215,149
112,126,214,148
109,126,211,150
112,126,211,146
113,126,214,146
116,125,213,143
119,126,211,144
114,123,212,150
116,125,210,147
120,133,208,144
119,128,206,143
117,126,207,145
125,130,204,139
121,132,201,143
120,133,199,141
127,132,197,138
127,133,200,135
133,133,198,134
136,123,194,135
133,125,195,138
134,122,195,141
131,126,200,145
134,123,203,142
128,124,201,152
127,122,202,150
131,117,206,152
133,114,202,150
134,115,204,150
125,111,203,155
128,112,205,153
133,115,206,150
126,109,206,155
133,114,205,147
136,118,201,147
134,115,201,147
132,109,199,149
136,114,202,146
132,114,202,149
133,113,203,150
133,110,200,149
135,111,202,148
133,112,200,150
133,111,202,148
135,110,202,149
136,109,200,146
134,111,199,146
134,110,202,148
136,104,205,150
132,104,205,152
136,108,207,150
133,102,207,154
131,99,204,156
135,106,207,152
135,103,207,153
136,102,208,153
138,103,208,151
138,99,206,150
139,101,206,149
139,101,205,148
137,101,202,148
139,103,203,146
141,107,205,147
144,107,204,145
135,104,206,149
135,99,204,149
139,98,206,147
144,102,203,142
142,102,205,141
144,102,204,141
142,104,206,144
141,99,207,144
145,100,206,141
146,101,201,140
148,99,204,139
149,106,202,137
145,100,208,141
146,102,206,140
147,99,206,139
146,99,207,141
149,95,207,142
146,97,206,140
146,99,207,143
146,95,210,143
143,91,213,148
142,87,219,147
143,91,216,147
146,93,216,145
144,91,217,147
144,90,217,148
151,89,215,144
141,93,214,148
148,89,213,144
145,88,216,147
149,87,217,147
148,83,221,148
143,79,223,154
144,78,224,152
137,80,222,156
143,83,221,150
144,81,225,152
139,78,230,156
144,74,229,154
141,77,231,156
142,76,236,155
146,78,235,153
140,70,236,159
139,68,239,163
139,68,242,164
145,67,242,161
142,64,244,166
144,61,243,166
145,63,248,164
141,58,250,169
145,56,251,169
145,63,250,171
150,61,247,164
146,53,249,170
148,62,246,167
147,57,252,167
144,54,254,173
150,57,254,168
154,58,253,167
155,55,254,166
156,59,251,166
154,53,252,169
161,60,246,165
153,59,251,167
167,58,243,165
158,58,249,167
162,60,246,168
162,59,246,168
161,57,247,171
166,56,244,168
162,61,243,168
167,56,244,169
161,60,243,173
165,55,246,172
169,63,239,169
169,66,236,164
173,60,237,163
179,65,229,157
175,66,232,157
182,62,231,154
180,63,229,154
182,62,226,152
179,64,227,151
183,69,224,148
184,65,226,147
182,63,224,148
188,64,223,146
188,61,223,147
190,56,223,147
187,57,224,148
187,54,220,148
180,57,222,150
194,57,206,153
219,37,228,168
220,48,198,154
179,137,229,169
194,106,224,165
213,51,225,166
230,56,209,140
235,54,208,141
235,58,207,141
244,55,203,139
257,37,201,153
259,35,204,154
262,28,197,158
281,29,223,168
288,34,195,164
260,25,228,172
268,16,226,171
273,18,224,169
276,6,223,169
281,1,225,170
298,-26,223,169
308,-15,222,169
300,-13,220,168
299,-32,224,171
310,-13,229,175
304,-27,226,173
316,-40,227,174
317,-36,230,176
322,-35,224,172
286,-23,223,171
313,-28,220,169
326,-33,222,171
274,-24,224,173
274,-28,220,170
287,-26,222,172
332,-36,226,175
298,-39,227,176
282,-26,228,177
243,-27,231,179
290,-33,234,181
254,-16,236,182
279,-28,237,183
253,-24,236,182
302,-17,236,182
301,-26,231,178
311,-16,232,179
300,-15,229,177
316,2,226,175
324,1,203,167
314,10,207,156
311,18,207,160
309,18,204,158
302,28,205,166
308,29,203,165
300,27,206,165
292,38,205,168
290,50,209,171
284,55,216,169
279,63,219,168
269,75,227,171
265,77,235,173
263,78,239,172
255,86,237,172
251,89,242,171
247,95,243,171
242,98,245,167
240,103,253,168
232,102,255,170
231,107,255,167
229,108,256,169
228,109,256,169
225,109,256,171
220,108,263,173
219,109,264,173
215,109,270,177
218,109,271,177
224,112,264,175
218,109,265,176
225,110,262,177
224,109,257,176
228,110,256,177
226,113,253,175
234,119,256,174
233,119,253,173
227,117,252,173
229,118,251,173
238,121,248,173
233,123,253,175
229,120,245,173
232,124,251,174
232,126,250,172
234,128,251,171
228,127,244,174
221,125,239,173
228,131,244,173
223,131,245,175
225,133,244,175
218,135,245,175
221,139,246,170
217,139,244,169
208,136,248,172
206,141,246,170
218,146,245,168
207,142,247,168
215,147,243,166
203,141,245,167
210,144,247,170
214,142,246,171
215,145,243,168
208,143,245,166
203,143,245,166
203,144,245,166
205,144,247,165
210,147,242,165
203,145,246,171
200,147,244,171
196,145,244,172
202,150,245,171
195,147,249,171
189,148,246,171
188,149,244,169
190,152,247,167
190,153,247,168
189,154,245,167
189,155,244,167
193,154,244,167
190,156,242,165
200,155,237,164
195,155,233,162
201,156,233,160
196,156,236,160
197,155,235,158
193,154,237,159
198,155,233,157
204,158,228,152
208,158,227,152
205,159,227,153
206,158,232,153
210,161,228,151
209,158,230,154
210,159,227,152
219,159,227,152
216,159,228,153
213,159,229,153
218,159,225,150
210,152,229,154
212,154,227,152
210,151,223,152
205,148,225,153
207,148,224,152
210,146,224,151
206,148,224,149
212,146,226,153
207,147,226,151
211,143,227,151
211,144,227,151
212,139,229,154
214,137,228,153
214,136,226,155
218,132,227,156
219,132,226,156
213,129,229,158
223,131,224,157
220,128,227,155
211,131,227,156
217,129,227,156
221,129,229,154
222,129,229,153
214,127,234,156
220,128,230,154
213,131,228,154
211,129,231,156
214,129,233,155
216,129,232,155
214,131,232,155
214,128,235,157
210,130,235,158
215,129,235,158
213,129,234,160
211,130,235,159
212,130,233,157
217,130,232,155
221,128,231,156
218,128,230,157
224,127,229,154
222,128,229,154
218,130,227,152
225,128,225,153
223,126,229,155
224,127,226,152
226,124,229,155
224,124,228,155
227,121,232,155
231,121,228,157
227,125,227,156
237,122,225,155
233,122,226,156
236,122,225,156
234,120,226,155
242,124,218,154
242,122,219,153
244,123,216,152
246,122,215,152
248,125,211,152
241,125,213,150
245,125,212,150
240,126,215,151
242,125,216,152
246,128,211,150
241,125,216,150
237,125,218,150
238,126,215,149
245,127,213,151
241,125,215,150
242,127,213,151
235,124,219,154
232,124,220,152
237,128,214,153
234,127,217,153
233,125,219,155
230,125,221,154
224,126,224,155
227,127,223,155
227,128,223,154
224,128,226,156
219,128,230,157
219,131,228,156
219,127,231,159
218,130,228,158
219,128,232,160
218,131,232,160
219,129,233,159
211,131,234,159
211,133,233,159
213,132,234,158
211,131,234,160
210,131,235,160
214,131,235,159
210,133,235,159
208,132,235,158
213,132,231,159
208,133,235,158
211,130,233,157
209,131,234,157
219,130,230,159
212,133,231,158
216,134,228,156
213,133,230,158
215,131,232,159
221,131,227,158
218,132,230,158
220,133,228,159
220,132,228,159
218,135,227,158
223,132,229,161
215,134,230,159
221,135,227,159
220,131,231,160
220,131,230,160
220,133,227,158
219,136,227,158
215,133,229,158
222,135,227,158
226,133,226,160
221,133,229,159
221,133,229,159
221,137,227,159
221,135,226,158
227,136,224,158
225,135,224,156
225,139,221,155
224,139,220,155
221,140,220,153
222,139,222,154
222,141,221,154
221,146,216,150
219,143,221,152
220,146,223,154
221,145,223,154
218,146,221,152
217,148,221,152
218,149,220,152
217,147,223,153
214,148,225,153
208,149,229,154
204,151,228,152
209,151,227,152
211,151,225,152
209,153,223,152
210,154,222,152
217,153,217,152
213,154,217,149
219,151,218,152
213,154,219,150
220,149,219,152
213,152,221,153
209,153,222,153
220,150,220,154
215,150,221,154
211,151,222,153
211,150,223,154
213,150,221,153
216,149,221,155
215,150,218,151
220,149,220,153
216,149,222,153
215,147,224,150
222,146,219,148
221,148,217,149
230,144,218,151
229,143,219,155
228,144,217,153
224,139,222,154
218,143,221,152
221,142,221,152
216,143,224,152
218,141,225,155
225,141,223,155
220,144,222,154
217,142,223,154
217,142,226,154
220,142,224,154
219,143,223,153
215,143,226,153
219,143,225,156
214,142,228,155
217,140,228,156
218,141,225,155
215,142,226,154
222,141,225,155
214,141,226,153
219,142,224,153
216,140,226,154
216,141,226,154
214,142,228,155
221,139,227,157
216,136,232,158
217,136,231,159
217,140,230,157
218,138,231,159
218,140,229,160
214,135,234,161
209,133,238,163
215,135,234,162
209,134,237,162
212,136,235,161
216,136,231,161
217,133,230,162
214,135,233,161
220,134,229,160
219,133,231,160
218,134,230,160
218,130,234,161
216,134,232,161
219,132,230,162
216,131,232,161
218,133,230,160
218,133,228,158
219,132,231,160
217,131,231,162
218,132,229,162
216,132,231,160
218,131,231,161
223,132,228,161
219,128,234,164
219,134,229,160
217,131,231,159
222,128,231,162
218,129,231,161
218,130,228,158
220,132,227,157
225,131,224,160
220,131,226,157
222,128,230,163
221,128,227,161
218,129,229,161
220,125,232,165
218,126,231,164
219,128,229,161
221,125,228,162
216,128,227,158
219,129,225,157
217,128,227,158
217,127,227,158
216,129,224,157
221,127,223,159
219,128,224,156
217,128,225,158
220,129,224,156
218,129,222,156
217,129,224,157
220,128,223,157
217,127,224,157
219,128,224,158
216,127,227,159
214,125,227,158
213,128,226,158
214,127,226,158
217,129,222,156
215,128,224,157
213,128,223,155
218,128,220,156
215,128,220,156
213,127,225,157
216,128,221,156
221,124,222,157
218,129,219,154
221,127,218,154
220,127,220,153
219,126,220,152
220,125,219,152
220,125,220,152
219,126,222,154
219,126,221,154
215,125,219,153
218,125,217,152
213,124,220,154
215,124,219,153
214,124,220,154
212,123,222,156
209,122,225,157
215,126,217,154
214,126,217,154
212,124,219,154
222,127,214,151
220,128,213,151
220,127,213,152
220,126,213,151
220,126,215,153
221,126,212,152
221,123,216,155
221,125,215,154
221,126,211,153
224,126,213,152
218,126,214,152
219,127,213,152
227,128,210,152
228,127,213,153
226,127,212,152
218,128,211,152
222,130,208,151
228,130,208,149
226,130,208,149
224,133,206,150
221,130,211,151
224,130,210,150
229,131,210,150
222,130,213,150
219,134,210,148
217,132,212,150
225,133,210,150
226,130,212,150
220,131,212,150
220,130,214,151
221,130,214,152
219,131,212,151
225,133,210,149
227,133,209,148
227,132,210,149
221,134,211,147
227,133,209,148
224,134,209,147
223,133,211,148
222,134,209,147
230,133,208,148
226,132,209,149
229,135,206,146
229,132,207,147
230,135,205,147
228,133,207,146
229,133,206,146
223,135,206,147
221,131,209,147
224,134,206,147
222,131,211,148
224,131,210,149
225,131,209,151
228,133,208,147
222,133,206,149
231,132,206,145
230,132,208,145
234,131,206,145
233,131,205,144
238,133,201,145
235,131,199,145
235,130,202,145
234,131,203,146
236,130,204,146
237,130,205,146
241,130,203,146
239,129,203,145
237,130,205,146
231,132,205,146
236,129,207,146
237,129,207,147
239,126,205,149
238,126,206,151
234,126,208,149
229,122,213,151
240,122,212,153
237,124,212,151
234,122,215,154
235,125,210,153
236,125,209,152
235,125,211,150
237,124,212,154
234,127,207,154
230,127,208,153
236,126,212,152
238,127,210,152
240,127,210,151
235,130,206,151
239,131,205,151
236,130,210,151
238,126,217,156
236,130,212,151
239,132,213,153
240,129,216,153
239,127,216,153
243,133,209,148
240,131,212,148
245,133,209,147
245,138,205,147
247,136,208,148
242,133,212,148
242,132,214,151
241,134,210,148
244,135,210,149
247,134,209,146
246,133,209,146
248,131,210,147
247,132,208,145
247,134,207,145
249,132,209,148
248,130,213,148
245,131,210,147
251,131,213,150
250,130,215,151
243,129,212,150
255,129,213,148
253,130,210,147
252,127,213,150
253,128,211,151
252,124,216,154
243,121,215,155
248,120,217,157
247,120,218,156
251,120,216,157
249,120,217,157
244,119,218,156
252,120,218,157
250,118,218,157
250,118,221,157
249,118,220,157
247,119,220,158
248,117,222,161
244,114,228,164
240,113,227,161
241,113,226,163
239,110,230,164
240,111,231,166
241,112,228,162
242,111,229,163
236,111,229,163
237,110,235,165
235,110,230,163
235,111,226,161
240,111,231,162
237,111,229,161
239,110,233,164
238,109,233,162
233,110,228,158
234,107,232,161
228,110,227,161
230,108,230,160
228,108,231,161
226,108,238,165
224,107,237,163
217,105,232,162
216,106,234,162
215,107,234,163
213,107,234,163
214,104,237,164
204,105,234,164
204,104,235,166
204,105,235,166
199,102,238,169
198,105,240,166
194,105,242,168
200,104,242,168
198,105,244,168
193,106,242,167
194,106,244,168
192,107,242,167
201,105,242,168
191,105,241,169
188,107,243,170
190,105,244,170
179,104,251,174
184,108,245,171
184,106,246,171
182,106,248,172
183,105,250,172
182,110,246,171
183,110,248,171
186,113,241,170
187,112,242,167
189,111,240,165
184,114,236,164
184,116,231,161
182,115,237,163
185,116,236,162
188,116,234,163
186,117,234,162
188,118,236,163
188,119,236,165
184,119,235,162
190,119,237,163
192,120,236,164
199,118,237,164
207,121,231,161
202,119,236,163
208,120,232,163
210,123,227,160
217,117,229,161
211,120,225,160
215,118,226,159
221,118,228,160
225,118,228,159
222,119,228,159
227,116,234,162
227,111,234,163
232,115,234,161
228,117,224,157
226,113,232,161
227,117,224,157
226,112,235,162
222,113,225,158
225,114,224,156
224,113,225,157
222,112,226,158
224,112,225,157
224,111,225,158
224,112,222,157
224,112,221,155
224,111,221,156
222,109,220,157
225,110,221,154
220,108,221,156
213,107,224,159
214,105,229,159
210,105,227,162
210,106,228,161
210,105,228,162
210,106,227,161
208,105,229,162
207,101,228,164
205,102,230,164
206,102,230,165
212,101,230,165
210,102,229,166
207,100,233,167
209,102,231,165
211,102,230,164
214,102,230,163
210,101,230,166
211,98,233,165
210,102,231,165
210,101,230,166
212,99,230,167
222,98,226,165
212,98,229,164
218,97,228,166
214,98,228,165
212,99,229,165
221,96,230,166
219,99,231,167
220,100,227,165
222,95,234,169
221,101,231,165
219,99,231,167
223,100,235,167
229,103,235,166
229,103,234,166
226,101,237,167
229,105,236,165
232,108,232,164
231,106,235,167
225,102,237,168
226,106,233,164
226,106,233,163
223,104,231,162
226,102,229,161
221,101,227,164
220,102,228,164
217,100,227,163
216,101,226,163
217,98,231,165
207,103,225,163
207,98,230,163
210,105,227,160
211,105,226,158
209,104,226,160
205,103,226,160
207,106,226,159
202,103,226,161
206,100,229,163
207,103,224,160
209,102,224,159
206,101,225,161
207,97,229,162
209,100,227,161
211,100,229,162
208,99,228,164
208,100,227,162
207,99,227,163
214,100,225,161
212,99,228,161
214,103,222,158
213,99,226,161
215,101,222,158
213,100,226,161
212,99,230,162
207,96,229,166
207,99,226,164
214,100,226,159
213,99,229,160
209,94,232,165
212,98,230,162
211,99,229,162
215,97,234,165
214,94,237,168
217,98,235,165
216,96,233,165
216,94,238,167
220,96,234,166
220,91,240,169
219,92,235,164
221,92,237,165
220,92,238,169
221,91,247,170
219,93,241,168
220,92,244,169
220,92,241,168
219,91,239,167
222,92,240,168
220,89,238,168
222,93,240,166
224,95,236,167
223,93,235,164
225,94,234,164
222,89,240,169
220,90,239,167
222,89,239,166
219,88,239,168
221,92,234,165
217,87,232,167
219,86,236,168
221,86,236,167
222,91,232,164
225,86,239,168
223,83,242,170
225,87,239,167
222,84,238,168
225,85,240,168
224,84,239,168
220,84,231,164
228,83,237,169
222,82,235,166
223,84,236,167
226,84,236,165
221,86,233,164
221,82,233,164
223,83,237,165
222,86,237,166
222,87,233,164
223,83,238,167
223,87,234,163
220,86,233,165
221,86,238,166
218,84,239,168
219,84,245,168
222,85,240,167
217,86,235,165
220,86,239,165
219,88,234,163
216,84,238,167
219,86,238,166
218,85,239,166
215,87,232,164
219,82,240,167
217,87,236,165
218,85,239,165
215,83,242,166
217,84,242,164
218,86,237,162
214,82,237,165
218,81,235,162
219,81,237,163
219,82,236,163
220,85,232,163
216,81,233,165
217,82,234,165
217,78,238,169
218,82,236,167
218,80,238,168
218,81,240,169
217,80,239,169
216,81,239,170
215,79,237,169
215,74,244,174
218,80,237,169
217,79,239,169
217,78,235,168
215,78,235,167
218,76,236,169
215,79,230,166
218,80,230,165
217,77,228,166
217,77,233,167
218,80,230,165
216,76,233,167
217,79,229,166
216,76,232,167
218,79,226,165
221,80,221,162
219,78,227,165
216,77,228,167
219,78,228,166
217,78,227,167
216,75,234,169
216,77,230,168
216,74,232,168
215,75,228,168
216,76,230,169
216,74,229,170
216,76,228,168
215,75,224,167
215,76,220,165
216,73,223,165
215,75,225,167
218,77,225,166
217,75,228,168
215,74,224,167
215,75,226,167
216,71,229,168
219,76,227,165
219,76,223,166
220,77,222,164
220,77,222,164
216,73,221,166
217,75,224,166
215,71,228,167
216,72,230,169
216,70,233,172
218,71,238,174
216,68,239,174
214,71,236,173
217,69,240,174
212,68,239,175
208,69,237,174
212,72,237,173
213,70,240,174
213,69,242,175
213,67,244,175
213,71,239,172
215,69,244,174
214,74,241,171
210,73,236,171
209,72,237,173
211,76,234,170
209,74,234,169
207,76,231,167
212,80,231,165
211,81,229,165
209,80,230,165
208,82,229,165
212,83,226,163
207,81,228,164
208,84,227,164
210,91,220,161
213,96,218,159
209,96,218,159
209,95,217,159
208,97,213,160
213,99,218,158
209,95,217,159
213,95,220,160
212,93,217,160
211,93,216,159
211,91,217,160
210,82,222,163
211,86,218,161
213,85,217,160
216,83,221,160
218,83,220,159
218,84,217,158
218,86,213,158
215,85,217,158
213,83,220,160
216,86,215,158
216,84,212,159
215,88,208,156
215,87,211,157
212,85,204,156
212,84,211,160
215,82,211,159
213,85,210,158
215,84,212,158
214,83,214,158
213,83,214,159
211,82,211,158
211,82,209,159
212,85,209,157
212,81,214,159
212,80,211,159
218,84,207,154
208,80,202,155
210,79,202,156
214,81,205,155
213,76,209,159
209,76,209,157
210,78,209,158
215,81,206,155
213,78,207,157
215,79,206,155
218,82,207,154
214,81,202,153
212,80,200,155
214,80,202,155
215,78,204,153
213,81,201,155
216,83,201,152
214,80,200,153
213,85,201,152
216,84,203,153
209,83,202,152
211,84,201,152
214,86,200,151
210,84,199,149
213,84,200,149
213,86,197,148
213,86,198,148
212,84,198,149
208,80,199,150
208,83,200,150
211,84,200,150
210,86,196,148
215,87,196,146
214,89,194,148
209,87,195,150
210,86,195,148
209,85,201,149
204,85,200,150
204,87,198,149
204,88,201,149
207,92,201,149
208,95,200,146
204,93,200,147
204,90,204,146
203,89,201,147
205,91,202,145
205,87,206,150
201,87,203,149
200,86,202,150
206,89,203,152
201,84,202,153
201,82,204,153
200,82,206,153
202,79,206,156
201,78,209,156
204,81,206,155
196,79,203,154
191,81,202,153
192,78,208,154
192,80,209,155
190,81,208,153
189,78,210,154
186,83,207,152
183,80,210,152
187,82,211,153
187,81,209,151
189,86,205,150
185,81,207,151
186,83,207,150
188,82,205,150
188,83,205,150
188,83,207,151
187,79,210,154
185,81,209,154
187,81,210,154
185,84,209,153
183,82,210,157
184,84,211,156
186,86,209,155
185,85,210,153
188,84,212,152
184,86,207,153
189,86,207,152
186,84,210,153
184,84,207,153
187,81,210,153
188,84,206,154
191,80,212,155
190,81,206,154
196,79,207,154
198,84,201,152
198,82,202,154
197,80,202,155
196,81,201,152
190,77,202,154
192,77,203,153
190,78,202,152
192,80,197,150
194,83,201,151
191,83,198,149
190,82,198,148
195,86,197,147
194,88,195,147
193,84,193,147
192,88,192,145
190,87,195,146
188,84,192,144
189,85,195,145
187,86,194,144
184,86,194,143
192,90,194,141
187,90,190,141
186,89,192,143
191,94,189,141
187,92,187,141
188,90,190,141
190,93,192,142
187,90,194,142
185,89,190,141
188,91,190,140
186,89,190,141
193,93,188,140
193,90,193,141
197,91,194,141
195,89,193,142
191,85,195,145
191,85,199,145
193,84,199,145
195,84,197,145
204,92,195,147
203,88,200,149
206,94,195,150
204,96,190,150
208,96,195,151
201,93,192,152
203,95,197,153
197,93,192,152
197,92,195,153
193,89,194,152
188,85,197,152
190,88,196,155
183,83,196,151
182,80,202,152
182,83,197,150
184,84,200,150
182,83,201,152
174,74,203,156
172,76,208,155
173,76,206,156
175,77,212,155
174,76,211,155
170,74,210,155
175,79,208,154
174,76,212,153
171,76,208,155
178,79,205,152
171,75,206,152
176,75,206,153
176,77,204,150
173,73,210,152
175,75,207,151
172,72,204,152
179,75,205,153
174,67,210,154
181,72,206,151
184,73,205,152
182,74,209,152
183,72,210,153
183,69,210,155
184,73,214,155
189,73,213,155
192,75,216,154
187,75,211,154
191,80,212,153
192,81,213,153
191,81,212,155
189,80,213,151
189,82,207,152
184,78,211,153
193,82,207,152
188,80,210,151
184,75,206,151
184,74,209,152
181,74,210,150
177,73,210,153
175,72,210,154
179,77,211,152
173,70,210,153
177,73,209,153
170,70,208,153
165,67,211,157
167,64,207,155
165,66,209,156
170,68,212,158
169,69,212,158
166,67,212,158
165,66,213,159
173,72,208,155
174,72,209,157
173,75,207,155
170,72,208,154
177,75,208,151
177,80,200,151
183,81,204,148
185,82,206,149
185,82,206,150
184,80,210,152
183,78,207,152
187,83,205,150
185,83,204,149
181,82,197,148
182,79,198,147
180,82,199,148
180,81,203,148
177,81,195,146
180,84,197,144
173,81,197,146
176,83,198,144
174,80,201,145
170,79,198,146
165,77,194,146
170,81,195,145
174,83,197,147
173,82,199,145
180,84,197,145
177,85,192,142
180,86,190,140
180,88,190,141
183,89,190,141
185,88,194,144
186,89,195,143
183,86,191,144
189,90,191,144
196,93,190,142
196,91,190,142
194,91,194,143
202,94,190,143
201,92,190,143
194,90,191,145
201,95,189,144
196,92,193,145
198,94,193,146
194,92,193,146
191,92,191,145
196,94,193,147
191,90,194,147
196,94,197,149
194,93,195,149
199,97,194,147
196,95,192,147
196,95,191,146
201,96,191,145
196,96,189,144
202,98,189,143
202,95,193,146
200,97,192,147
200,99,188,145
199,97,189,145
199,98,192,145
206,97,189,144
202,100,186,145
210,100,187,144
206,100,184,141
204,100,187,141
200,98,185,141
203,98,187,142
204,97,187,142
206,97,188,142
204,100,187,142
197,97,192,144
199,98,187,142
195,99,187,143
193,98,188,142
194,98,189,144
193,97,192,144
191,97,191,143
193,99,191,143
192,98,190,141
189,97,188,141
189,98,188,140
192,97,191,141
186,94,192,143
183,92,189,141
186,95,192,142
183,94,190,141
183,95,188,141
184,95,190,141
185,95,190,139
187,95,191,140
185,95,192,141
179,92,193,141
181,93,194,143
186,96,191,140
179,94,188,140
175,92,191,141
177,93,189,140
180,94,188,138
182,93,191,138
181,95,187,138
181,96,188,139
180,95,191,140
180,94,192,140
182,96,190,141
180,95,191,139
184,100,188,139
184,100,189,139
183,100,188,139
181,99,190,140
182,102,193,139
179,100,195,142
181,102,193,140
176,100,192,141
171,98,198,142
167,97,196,143
168,99,196,142
165,98,199,143
165,98,197,142
164,98,200,143
162,99,199,141
165,100,202,144
171,103,200,142
164,102,198,141
166,104,195,140
168,105,196,138
171,105,195,139
164,104,195,140
169,106,196,140
162,105,199,139
162,104,200,140
160,104,196,142
164,104,196,141
166,103,197,141
166,104,198,141
164,103,197,141
161,100,203,144
160,101,202,146
159,99,205,146
157,98,206,147
164,100,205,145
162,102,202,145
163,101,200,146
162,99,201,146
164,99,201,149
158,98,201,146
157,96,202,148
163,98,203,149
161,97,208,148
159,97,206,148
158,96,205,148
161,98,205,149
160,96,204,148
157,94,205,148
165,98,204,150
166,98,205,150
165,99,205,150
164,95,212,149
166,98,209,151
160,96,207,149
164,99,208,151
160,99,207,152
163,100,210,153
164,98,214,151
164,101,210,151
162,99,214,152
166,100,207,153
163,98,210,153
165,101,211,151
164,102,209,152
164,102,211,150
161,99,211,150
166,103,210,150
158,99,210,151
165,100,212,151
160,99,211,152
152,93,207,153
160,99,210,153
162,98,211,154
156,99,210,153
154,97,207,152
152,96,211,152
154,99,214,151
153,98,215,154
147,97,207,152
145,96,205,149
151,102,204,149
156,100,201,149
157,101,204,150
164,101,202,149
160,101,205,149
158,101,204,148
164,100,204,150
154,99,203,148
157,100,204,150
151,96,203,149
154,96,206,150
160,98,209,149
155,98,202,148
163,98,203,149
159,97,204,147
160,102,197,148
165,102,195,145
163,102,195,146
169,105,193,143
166,104,194,142
167,105,190,141
164,104,191,142
168,105,189,142
169,105,190,142
166,102,196,144
164,102,194,145
167,102,198,145
166,103,196,145
166,103,195,143
168,103,196,144
165,101,199,147
169,104,198,145
168,100,203,147
166,99,202,147
166,99,205,148
169,100,204,148
167,99,204,148
166,99,201,146
169,100,201,148
174,101,202,148
177,103,201,147
176,102,203,151
170,99,204,151
171,99,208,149
174,99,205,149
176,100,206,151
180,101,209,150
177,100,205,150
178,100,202,147
187,106,201,144
185,104,200,146
187,106,201,147
184,104,199,146
187,104,202,147
187,104,199,147
184,101,203,149
186,103,202,149
185,105,202,149
187,107,201,148
189,107,200,146
185,104,197,145
186,106,196,146
181,105,195,147
179,103,200,147
172,102,201,150
174,103,202,149
173,103,203,147
168,101,203,148
171,102,204,147
170,102,205,148
164,102,203,150
164,100,207,149
165,102,204,149
163,102,200,148
158,101,202,148
164,101,205,151
165,101,204,150
163,101,202,151
166,100,201,148
163,97,201,149
159,96,202,149
162,99,201,151
162,98,204,149
159,96,207,151
162,98,205,149
158,96,207,150
162,98,206,149
164,100,203,148
158,98,199,149
160,99,204,148
156,100,201,149
160,104,199,148
159,102,203,147
161,105,202,147
159,103,201,144
163,104,201,145
164,105,200,144
157,103,199,145
163,105,200,145
161,105,198,145
159,102,198,146
163,104,197,146
157,100,197,147
160,101,199,146
167,104,200,147
166,101,198,147
169,102,205,145
170,103,204,144
163,102,199,146
168,103,201,145
175,104,204,147
170,102,200,147
173,100,207,149
173,101,207,148
170,100,207,149
171,100,208,148
168,98,209,149
173,99,211,151
169,97,208,150
171,95,207,151
164,93,206,152
164,91,207,152
165,93,209,152
159,91,209,151
160,91,209,153
159,84,207,155
164,78,211,159
162,77,211,159
167,80,208,157
174,92,202,154
174,90,205,157
176,98,204,151
172,94,202,152
176,98,199,150
176,97,200,151
169,91,201,155
178,90,201,150
186,96,197,152
185,93,199,152
192,108,188,154
188,116,190,146
189,116,189,146
187,116,191,148
180,108,193,148
182,111,190,147
173,99,193,150
185,107,196,147
185,105,200,148
180,104,200,149
173,99,202,155
170,98,203,155
167,90,203,158
167,85,208,161
167,87,208,160
177,93,207,160
174,90,209,161
164,86,213,163
169,87,215,162
157,81,215,163
167,87,212,160
158,83,212,161
169,91,212,160
161,87,218,160
165,89,214,160
166,91,214,159
162,90,213,157
161,92,208,153
167,96,210,154
166,100,208,151
159,98,205,153
161,100,203,153
157,100,201,153
151,93,206,152
156,97,205,151
153,95,209,153
155,96,207,154
151,93,210,153
148,92,206,153
148,95,205,153
144,91,206,153
146,93,207,155
144,93,210,156
140,94,212,155
143,94,213,155
164,104,208,152
166,108,206,153
168,109,207,153
177,116,206,153
178,121,198,150
177,122,198,151
179,124,198,148
180,127,195,149
178,125,198,150
180,125,201,150
170,122,198,153
180,120,206,155
179,121,203,154
175,118,201,156
172,116,202,158
170,114,205,157
172,115,208,161
169,111,209,161
162,104,213,163
158,104,212,164
155,103,209,159
154,103,208,159
160,106,206,157
159,104,203,156
148,97,201,157
149,97,198,156
131,95,195,150
120,90,189,147
118,93,191,150
132,104,188,153
132,115,192,150
138,117,189,149
143,113,186,149
158,117,193,150
166,117,188,151
172,120,189,151
181,126,186,148
197,139,178,143
199,141,177,142
196,140,176,140
214,149,178,142
215,147,177,142
219,148,179,143
227,149,177,141
229,149,180,141
228,149,177,141
233,152,177,139
235,150,177,139
236,151,176,139
228,146,179,141
227,150,183,140
225,147,183,142
226,149,185,142
222,155,186,141
223,155,189,143
225,153,188,143
223,156,191,144
227,157,192,143
223,159,191,144
224,156,192,144
223,160,196,145
223,159,198,145
217,158,197,147
221,160,199,147
218,158,204,150
218,158,205,151
215,160,207,151
225,163,207,149
213,160,208,153
213,158,208,153
220,163,206,149
215,163,206,150
216,163,210,152
207,163,211,153
212,162,208,151
214,165,208,148
213,167,206,149
207,164,205,150
211,165,206,148
207,162,206,151
215,164,206,148
207,165,207,151
211,166,206,148
203,160,208,153
214,166,208,150
210,167,207,148
208,166,209,150
210,166,207,149
209,167,207,147
199,167,208,149
206,169,207,147
196,168,207,148
201,171,206,146
199,169,208,146
193,168,209,147
190,169,211,146
199,172,206,143
192,170,209,145
197,171,208,145
190,167,213,148
190,169,207,146
194,169,208,147
186,167,212,147
188,168,211,147
188,166,215,150
184,163,221,153
185,160,222,157
180,163,221,154
181,163,223,156
179,162,221,155
184,166,218,152
175,162,220,153
187,163,217,153
184,162,221,155
183,164,216,152
184,165,216,150
175,160,217,152
184,162,217,152
188,166,209,148
182,166,209,149
180,162,212,149
182,163,211,150
175,157,217,153
184,163,211,150
179,161,214,149
186,162,212,147
179,160,214,150
178,159,216,152
191,163,212,147
186,161,215,151
186,162,214,151
183,162,217,150
180,161,218,152
183,161,215,150
185,160,216,151
180,157,220,153
174,154,224,156
183,157,225,157
183,155,226,157
184,156,224,157
186,156,223,156
185,156,220,155
186,153,224,157
184,152,225,159
185,153,220,159
187,150,223,158
186,152,225,158
184,150,221,159
186,150,224,159
187,151,223,159
188,151,221,157
187,150,218,157
187,150,222,157
185,151,219,158
185,148,225,157
190,151,221,156
185,150,222,157
185,150,224,158
189,151,223,156
187,151,221,155
190,153,219,154
187,150,223,156
189,155,221,157
189,154,222,156
184,150,223,157
185,152,221,156
184,151,224,158
183,150,224,157
187,154,228,159
186,153,224,157
183,153,220,158
181,149,229,160
183,150,229,161
176,147,231,160
176,146,230,161
177,148,228,158
168,144,229,158
170,144,230,158
170,143,234,161
160,140,236,165
168,137,239,166
164,141,238,165
161,139,238,166
159,139,239,165
159,136,241,167
156,135,245,169
160,133,247,168
156,133,246,170
157,132,248,169
154,129,247,171
148,131,252,170
155,130,251,171
150,129,249,169
151,128,252,172
145,127,251,173
142,127,249,171
142,127,250,169
143,126,251,170
140,127,250,172
143,128,248,173
138,130,245,170
139,127,245,171
142,131,248,170
138,130,242,169
141,129,243,168
138,127,244,169
140,128,246,169
149,127,251,169
139,129,244,169
143,127,247,169
144,126,249,171
141,126,248,170
141,126,251,172
147,125,253,173
141,121,252,176
144,125,250,173
148,124,253,173
144,123,252,177
145,121,251,177
140,121,258,177
144,120,259,179
143,121,260,180
144,116,264,183
152,119,257,178
158,121,254,177
162,123,256,181
157,120,255,177
159,119,254,176
160,116,256,177
158,116,260,179
154,116,257,177
157,117,259,179
161,118,255,179
168,119,252,176
170,119,252,179
164,116,256,180
171,118,251,177
170,118,249,174
175,121,242,171
176,120,245,173
170,117,247,175
177,117,247,173
186,125,245,173
181,119,245,172
189,128,240,174
189,130,239,169
191,127,238,169
189,126,238,168
184,126,239,169
186,125,241,169
186,126,239,169
186,126,241,170
184,125,239,168
188,131,235,166
184,127,234,164
192,128,235,165
187,128,234,165
186,127,233,164
188,129,235,166
187,129,234,166
187,124,239,168
188,127,238,167
189,129,236,165
188,127,237,167
190,128,235,166
191,125,235,164
193,127,235,166
191,125,233,165
191,123,238,168
192,121,239,168
188,119,238,169
192,124,235,166
194,126,237,166
192,125,236,166
193,125,235,166
199,128,234,165
195,122,239,169
194,124,242,172
196,123,235,170
195,120,239,171
195,121,238,169
199,126,233,172
194,120,237,172
194,122,236,173
197,122,240,171
196,124,235,172
196,123,238,172
193,118,241,175
197,117,241,173
198,122,238,172
196,120,237,172
201,123,236,170
196,118,237,174
197,118,238,172
197,115,239,173
198,119,238,172
199,119,237,173
199,122,230,171
197,120,232,172
200,124,228,169
200,122,229,169
200,121,235,170
202,126,228,167
204,125,229,167
201,123,232,167
201,124,230,166
203,125,228,166
203,125,227,164
202,122,227,166
200,120,227,167
204,127,220,165
202,126,222,162
204,123,226,164
205,128,223,162
203,126,219,161
204,127,221,162
203,124,217,163
203,125,221,163
206,127,224,162
202,125,219,165
203,125,220,162
201,122,219,166
203,126,220,163
206,128,221,163
204,127,221,164
203,127,225,165
203,122,227,165
203,127,225,164
204,127,222,162
204,124,219,161
204,128,220,162
202,126,222,163
204,129,220,160
201,127,222,162
202,129,222,161
202,131,223,162
200,129,226,164
203,132,224,162
199,129,226,164
200,128,227,166
201,129,227,165
198,124,229,166
200,128,227,164
201,132,225,161
199,134,226,163
197,127,229,165
199,128,227,165
199,131,227,166
200,132,225,164
200,129,226,164
198,124,226,165
199,129,227,165
193,127,228,165
195,127,230,166
190,119,234,168
195,127,234,168
190,121,236,171
189,121,234,170
189,118,237,170
189,122,234,170
190,122,234,170
190,123,233,169
189,121,237,169
184,120,237,172
184,117,241,172
185,121,242,174
184,120,244,173
183,121,244,174
183,121,243,174
181,120,241,176
181,120,244,174
181,121,242,170
180,123,241,170
180,122,243,167
182,126,240,167
186,127,237,167
178,124,243,169
181,125,241,168
179,125,240,167
176,123,237,165
178,125,239,167
180,126,239,168
176,122,246,169
184,128,240,170
183,126,242,169
175,119,245,168
177,122,245,168
172,119,242,166
175,120,243,168
177,120,245,169
176,122,246,173
176,121,244,168
175,120,244,167
172,119,242,168
171,116,243,169
176,122,245,170
173,118,248,169
176,119,250,170
178,118,249,169
174,121,250,175
175,118,249,173
173,118,250,175
172,118,250,174
174,120,255,173
175,112,253,175
173,119,255,175
180,118,251,171
171,119,251,176
173,118,256,173
172,118,257,175
172,118,257,177
176,120,259,177
172,115,259,177
172,116,254,175
171,115,254,177
173,116,257,178
177,115,256,176
172,117,252,175
177,118,253,176
174,112,260,177
175,113,261,179
177,112,257,182
175,108,264,181
176,109,263,180
176,109,257,179
176,106,260,177
176,109,261,177
178,110,257,176
183,110,253,178
179,110,256,178
177,113,254,177
181,109,252,175
183,111,246,172
185,111,247,173
190,114,245,171
183,112,247,170
185,112,249,171
185,111,250,171
185,109,248,170
186,110,246,170
189,110,245,171
187,110,245,172
191,109,247,173
188,108,249,174
189,107,250,173
188,106,251,176
184,104,256,175
186,105,253,175
188,105,254,176
186,106,250,176
186,107,250,172
185,106,249,174
185,107,250,176
184,103,252,175
182,104,254,175
186,107,249,175
179,104,255,176
183,105,253,175
182,106,252,177
178,104,255,178
178,104,254,179
183,105,255,176
184,104,260,177
181,102,260,176
182,104,257,175
181,103,255,178
188,109,254,176
177,106,251,175
180,104,255,173
180,106,255,173
181,107,254,172
179,108,252,173
187,110,249,170
183,110,250,171
184,112,246,173
180,112,250,172
178,112,247,171
194,111,243,167
190,114,242,168
181,113,244,168
180,112,245,168
184,112,246,166
188,112,245,167
188,111,250,171
186,111,252,172
188,110,249,171
185,113,251,171
184,111,252,171
186,113,254,176
183,110,255,171
185,112,253,174
183,111,253,171
187,111,251,173
190,113,248,172
191,108,252,172
180,110,249,174
189,111,247,169
189,110,250,171
193,111,250,171
192,110,252,174
185,107,255,173
177,108,257,177
179,103,261,179
186,104,255,176
178,105,257,177
184,109,254,175
180,104,255,176
189,104,253,176
179,102,257,179
195,104,250,175
189,106,254,176
183,102,256,176
183,106,250,175
193,105,253,177
190,102,253,177
189,103,254,176
187,108,253,176
179,101,260,182
190,101,258,180
196,107,253,177
186,105,255,176
191,106,253,176
195,103,252,175
188,105,253,175
194,104,253,175
185,102,258,178
183,103,258,178
184,100,255,178
181,100,259,181
181,101,261,181
189,102,259,180
180,99,264,180
185,101,263,181
182,98,261,182
183,101,263,182
185,99,259,180
180,98,263,180
182,97,260,180
190,101,259,180
184,101,260,181
188,103,259,180
180,97,262,183
184,100,260,180
187,96,262,180
182,96,261,182
180,94,263,181
181,95,263,183
183,98,262,182
186,100,259,183
185,97,259,184
186,98,255,182
184,95,258,183
185,99,258,182
192,98,256,181
182,95,260,183
183,97,257,182
190,99,254,181
180,93,258,183
187,97,257,182
183,93,259,183
185,95,259,184
186,94,259,183
186,94,258,185
192,97,258,182
186,95,260,184
188,97,255,185
189,94,254,183
185,95,256,182
188,95,258,183
189,98,257,184
191,99,253,183
187,93,257,184
187,95,260,183
189,98,255,183
186,97,256,183
191,96,255,182
180,94,253,182
192,99,252,179
186,95,258,179
189,101,253,178
185,97,254,178
189,98,251,176
192,98,253,177
187,96,258,175
188,96,259,178
194,97,257,175
185,98,255,180
195,100,253,177
188,97,259,178
183,94,262,177
197,99,255,176
193,99,256,176
190,100,253,176
186,98,258,176
188,97,258,177
195,99,255,176
188,100,257,179
190,101,258,179
189,101,257,177
185,98,260,177
186,98,258,177
184,98,259,177
191,98,256,175
197,97,257,174
192,98,257,176
190,97,259,178
192,102,254,175
196,100,256,177
199,97,256,177
201,100,254,173
202,102,250,169
200,103,249,172
203,101,250,172
195,100,253,173
196,105,247,174
201,102,245,171
196,101,251,172
187,100,252,176
192,102,250,177
200,103,247,174
194,98,257,175
189,97,256,178
193,95,258,176
197,96,255,176
193,98,255,177
192,97,254,178
189,98,254,178
198,98,254,177
191,95,260,177
189,97,258,179
194,96,253,178
193,96,254,176
193,94,258,175
199,94,252,177
195,96,253,175
202,99,251,175
196,95,255,177
189,94,254,180
193,91,259,178
200,94,255,179
198,94,257,180
197,94,257,180
198,94,259,181
199,92,257,177
198,92,254,177
201,95,252,180
194,93,258,178
198,91,256,181
197,90,257,180
196,94,255,181
198,91,256,180
198,91,258,182
196,92,257,181
196,86,264,183
196,92,259,183
191,88,264,182
196,91,260,180
198,92,257,182
197,93,254,186
200,91,258,184
198,87,261,182
196,87,260,185
201,89,257,183
196,87,256,181
199,87,256,181
199,87,257,185
197,87,255,184
200,87,256,184
196,85,261,184
196,87,258,183
198,88,258,182
203,88,255,180
202,89,255,184
200,90,255,184
198,86,260,182
202,90,255,182
200,91,258,184
202,90,255,182
203,88,257,179
204,92,253,180
202,90,255,182
212,94,250,180
203,89,255,179
205,90,252,182
201,88,256,183
201,86,258,182
204,89,255,182
201,89,257,182
206,90,253,181
203,87,259,182
204,88,255,181
204,88,256,180
205,89,252,182
207,89,251,183
204,88,254,180
204,88,255,182
207,91,250,180
207,90,252,181
209,92,250,181
202,87,257,180
208,91,249,182
206,90,255,181
203,86,259,183
207,89,254,184
205,87,256,185
205,89,253,186
205,89,256,187
204,88,257,187
205,86,258,185
204,86,256,184
206,87,254,184
208,86,256,182
204,85,255,183
202,82,258,187
205,85,257,185
204,85,257,184
206,86,255,187
204,82,260,186
206,86,258,186
209,87,257,186
204,84,258,186
207,85,255,187
210,86,251,185
204,82,257,186
204,80,257,187
208,85,253,187
209,86,251,186
208,84,253,185
205,84,252,184
210,86,252,185
209,85,252,186
