548,180,192,161
541,181,185,164
542,181,187,164
538,185,178,172
520,187,185,168
506,193,197,162
489,193,215,166
473,194,225,170
470,198,225,169
455,199,229,169
432,198,233,171
432,194,225,177
432,189,219,177
433,184,219,175
404,183,225,173
412,183,223,180
415,183,221,181
431,180,233,183
431,181,236,178
438,183,226,180
428,182,232,186
429,185,231,186
444,193,225,182
426,200,227,183
425,207,236,187
424,211,236,187
417,216,231,187
418,229,218,176
480,223,190,169
476,215,191,159
443,219,210,161
445,208,209,161
437,206,217,167
434,202,229,170
446,203,232,175
461,200,216,179
467,199,208,187
454,204,203,188
444,212,200,179
426,223,221,184
443,218,223,167
471,215,212,161
522,218,192,156
487,219,219,162
468,234,238,166
457,230,235,169
444,222,227,170
468,217,211,176
471,219,194,173
488,219,196,180
502,221,189,184
491,226,194,175
473,237,204,174
531,220,200,165
564,210,204,154
608,205,199,153
623,213,197,153
632,227,196,151
597,230,199,151
527,229,217,164
513,227,194,164
533,226,186,170
552,227,184,170
572,226,179,164
556,229,193,165
557,235,200,168
582,218,201,163
585,208,212,155
601,212,204,146
619,221,198,149
564,216,228,157
581,222,220,165
583,210,203,163
601,208,182,165
621,207,176,174
628,207,170,167
597,212,186,167
591,222,189,169
600,224,197,168
623,222,202,155
619,217,210,144
603,223,214,143
619,232,199,143
586,235,207,153
595,228,194,154
602,219,175,152
580,214,169,155
563,201,162,152
564,198,160,150
549,199,170,152
537,200,177,153
521,188,191,149
499,190,207,142
488,197,215,141
481,199,211,147
457,201,212,148
474,195,189,152
499,190,174,144
517,197,168,148
524,191,158,156
500,186,161,153
485,185,159,150
469,188,160,151
484,194,159,151
480,200,164,138
478,198,169,136
482,189,167,138
490,182,164,142
490,194,172,138
491,196,169,143
504,209,159,150
511,222,147,153
501,230,145,135
480,234,155,131
471,236,159,135
477,244,163,137
494,257,151,135
494,262,148,137
498,246,159,137
496,238,166,133
515,216,159,130
526,210,153,127
480,177,179,145
533,203,179,145
533,181,179,145
499,173,181,147
486,181,180,146
483,188,181,147
508,212,177,144
532,231,151,140
522,237,149,136
514,233,156,131
524,238,148,125
529,225,147,134
515,229,158,132
508,229,165,137
482,231,184,131
484,220,183,148
505,227,154,139
507,240,154,133
511,252,157,133
508,261,144,137
498,264,151,137
483,261,163,138
483,253,169,135
472,256,169,125
489,251,160,133
502,242,156,146
511,241,154,148
497,236,162,144
492,240,169,146
480,246,166,141
469,247,169,143
463,242,176,144
453,243,197,138
453,237,207,139
468,240,200,142
462,245,202,140
462,244,183,145
427,247,176,140
414,246,165,145
443,242,152,145
430,242,161,143
425,242,164,139
413,242,179,137
405,244,188,136
430,240,164,124
430,242,166,118
415,243,188,125
405,246,198,133
388,244,194,139
388,243,175,139
403,237,164,148
413,239,160,150
396,239,170,143
363,248,185,145
361,244,181,140
353,240,178,133
369,235,165,127
383,243,161,123
399,248,156,126
377,250,158,132
277,251,193,151
270,245,178,147
284,244,180,158
285,241,180,159
284,239,189,153
307,235,191,158
336,224,196,145
384,217,182,138
409,215,178,135
413,222,179,139
405,230,190,145
381,241,208,155
362,239,214,155
375,227,197,153
385,230,190,160
406,225,189,164
417,231,200,164
425,236,218,163
455,237,195,144
471,239,185,142
467,246,197,142
467,255,196,144
464,268,202,152
379,261,214,162
305,248,207,162
312,253,207,168
320,250,210,173
325,250,217,179
310,241,230,184
333,235,229,166
338,238,224,155
353,237,213,154
332,240,213,159
321,249,213,162
274,252,220,171
196,244,235,173
201,242,221,173
215,237,215,184
225,236,220,181
229,242,229,184
249,231,231,171
270,231,215,163
286,233,216,157
284,236,221,164
264,245,226,169
211,247,258,179
172,238,265,190
200,237,256,191
205,236,242,206
200,234,235,191
201,231,247,196
216,224,260,187
227,225,258,173
252,226,245,168
274,233,239,166
264,236,243,170
276,247,235,174
228,246,250,186
192,241,269,192
202,235,246,197
204,232,241,195
214,237,241,193
211,233,259,199
223,236,280,191
254,230,255,175
276,227,245,174
274,242,252,176
272,246,254,180
285,254,259,186
163,242,295,203
191,236,272,204
213,239,262,210
230,241,254,207
224,233,257,200
238,230,275,201
257,227,279,183
290,230,253,174
287,226,264,180
290,237,272,182
285,244,267,185
292,253,265,199
208,244,296,215
231,240,265,205
249,238,259,207
262,236,252,204
256,232,264,206
293,225,269,192
318,228,265,179
354,226,251,175
344,227,262,176
351,234,253,174
343,246,253,182
349,256,256,197
280,246,268,199
304,242,251,202
315,244,246,213
309,242,250,204
312,237,270,208
341,240,271,190
365,232,263,177
401,228,250,179
390,234,271,184
375,254,276,186
350,254,283,196
325,257,288,211
332,250,277,212
353,252,260,220
353,251,260,213
352,254,260,211
369,226,282,206
372,235,296,188
423,243,256,177
419,236,272,184
409,244,277,185
378,268,280,190
379,268,274,200
338,258,276,209
356,241,259,209
369,239,254,216
361,218,255,207
361,217,267,212
360,197,281,199
365,200,283,185
412,204,262,176
435,200,267,186
437,207,273,181
419,220,275,186
377,225,289,203
403,228,271,207
433,225,255,206
447,233,245,205
456,227,244,196
429,234,261,201
410,231,279,194
412,241,282,183
414,248,279,178
421,248,283,186
421,252,283,191
399,256,298,198
408,256,298,209
426,254,273,205
451,256,258,204
457,251,250,204
472,248,248,195
471,242,263,205
493,240,259,191
498,245,265,181
509,249,272,181
515,256,278,180
506,262,282,182
521,273,266,191
499,283,273,201
484,279,251,197
487,286,238,198
519,282,234,198
521,288,241,193
528,286,256,197
541,285,263,187
556,285,253,172
562,289,257,171
569,294,257,174
567,299,258,176
549,304,258,187
513,308,258,194
495,313,251,195
511,311,220,191
517,303,213,184
507,307,231,186
544,299,232,182
536,299,242,173
544,294,237,164
550,294,231,162
555,297,230,163
544,297,237,166
542,299,235,177
486,298,250,187
492,291,238,186
488,294,221,186
514,286,207,181
493,290,229,183
527,283,224,176
521,281,242,171
528,280,238,161
547,283,225,159
524,280,235,165
515,289,237,173
470,285,252,183
459,283,245,179
477,283,222,179
476,281,211,180
490,284,203,173
498,275,219,181
497,274,228,167
504,274,228,157
531,275,220,154
526,282,222,157
503,286,228,163
464,284,245,175
467,281,234,174
474,279,223,176
493,281,209,176
514,265,197,167
511,263,207,170
522,260,214,164
526,257,222,156
536,258,216,146
530,266,216,148
515,274,216,151
480,270,227,161
462,268,220,165
468,268,216,166
486,267,196,166
503,264,190,161
504,265,196,158
509,264,208,160
531,260,200,144
547,263,195,137
552,270,189,133
548,272,192,134
519,279,204,145
495,270,210,150
486,272,197,149
512,272,195,157
518,271,182,155
522,265,183,150
529,262,195,156
536,261,202,154
550,256,198,141
563,259,197,134
567,265,193,133
564,273,190,134
534,274,199,145
509,274,205,151
517,273,198,152
537,273,179,154
549,266,180,154
553,266,187,154
570,262,185,144
578,269,191,139
589,265,189,131
609,276,181,130
600,281,185,132
592,285,187,138
532,276,202,143
552,276,194,145
571,271,188,156
580,271,176,153
586,270,175,147
585,271,186,153
605,268,181,140
602,267,189,135
619,267,188,133
633,275,188,134
629,278,193,136
615,282,195,147
561,279,207,153
577,280,197,156
585,278,183,158
592,270,185,154
610,272,191,153
620,269,197,151
633,267,196,142
646,265,189,135
660,272,187,138
640,279,191,137
622,285,192,141
592,276,205,152
607,277,191,151
622,273,172,149
621,272,170,146
627,273,178,144
650,271,183,146
656,270,187,136
663,269,187,131
668,270,182,132
678,273,182,134
677,282,176,137
646,275,192,144
625,269,187,144
646,267,181,149
658,258,169,147
661,257,170,145
668,258,182,147
680,259,181,136
681,259,186,131
692,262,184,130
695,273,181,132
684,282,185,139
635,285,207,150
638,289,199,153
643,290,180,151
656,290,170,149
666,287,172,146
666,287,184,153
687,279,187,144
689,274,187,133
705,281,188,131
698,286,190,133
692,292,182,140
653,289,199,150
655,287,191,150
661,291,182,152
661,286,168,145
669,281,170,141
674,278,175,145
680,277,177,141
674,274,191,135
688,273,184,129
698,278,183,129
677,282,192,134
648,276,199,142
646,276,191,148
639,274,184,147
657,274,169,149
669,269,165,145
663,269,173,144
670,273,174,140
664,276,185,136
671,279,187,129
674,287,186,128
669,290,187,130
656,294,191,140
653,291,188,142
648,290,177,143
670,287,164,145
685,280,165,137
700,281,167,138
700,279,173,135
687,280,182,132
690,280,187,126
699,289,180,126
679,293,188,130
673,291,188,138
670,294,184,135
692,291,169,142
700,287,155,140
717,283,160,137
728,286,162,136
756,284,163,136
755,284,168,129
759,284,173,121
767,283,173,121
785,287,167,119
766,294,180,133
764,293,177,132
781,285,161,136
787,279,149,134
806,272,147,129
806,274,151,130
819,274,159,134
817,273,165,127
824,275,175,122
834,279,178,124
854,292,172,124
843,297,177,132
846,303,174,130
867,303,156,132
877,309,146,138
879,306,144,128
875,310,148,126
873,311,145,125
859,307,152,123
856,299,157,116
850,294,169,117
869,299,155,112
844,302,160,117
825,297,151,117
820,298,146,121
813,294,139,123
831,286,132,121
832,279,133,118
822,277,134,117
815,272,138,119
804,266,146,117
799,267,147,109
789,270,155,110
793,276,150,111
787,282,144,112
805,275,134,117
805,272,126,117
812,266,121,118
809,262,124,112
813,260,126,114
826,260,128,116
830,254,130,111
822,255,143,105
817,258,143,102
826,257,129,101
823,260,126,105
828,259,118,102
832,255,114,107
828,245,111,106
814,240,112,101
812,234,112,100
816,239,109,106
824,233,110,99
823,234,114,94
817,229,124,90
832,231,119,91
823,235,109,85
823,237,105,93
822,239,104,97
825,240,104,100
828,236,109,95
845,239,102,93
846,247,99,91
862,252,97,92
864,251,101,87
855,252,108,87
854,257,105,82
847,261,105,82
849,263,97,84
850,259,96,87
856,256,94,91
860,252,94,89
855,251,96,89
852,250,98,88
854,244,103,87
856,238,112,87
867,242,109,86
861,238,105,88
855,233,101,86
848,229,96,91
851,221,95,93
853,219,94,91
854,222,95,89
863,223,90,89
859,225,97,87
845,223,102,81
840,224,101,82
829,225,105,84
827,224,99,85
823,219,96,89
817,210,91,91
820,204,90,90
824,208,90,86
822,207,93,87
812,205,96,84
807,202,99,83
797,203,105,81
789,206,107,82
795,212,105,87
796,213,95,90
794,208,90,87
776,205,92,88
768,210,89,87
759,212,89,86
763,206,89,84
759,205,93,82
753,203,102,81
749,195,102,77
739,202,106,81
741,201,101,79
733,206,99,84
738,205,87,86
728,205,89,84
711,208,88,81
708,209,90,81
705,205,89,80
711,206,91,79
698,206,101,78
691,205,108,78
683,206,112,78
671,209,109,79
660,209,99,81
655,201,96,83
650,194,92,84
649,189,92,81
643,186,97,82
640,189,97,83
642,184,94,81
636,183,98,81
621,182,108,78
623,183,107,78
598,187,112,76
586,190,111,82
592,188,100,83
587,190,97,83
586,186,96,86
583,187,97,84
584,191,100,85
576,195,104,84
572,198,104,79
569,200,109,76
573,203,108,79
557,201,107,78
535,205,108,78
548,200,105,85
549,194,99,87
541,189,99,86
541,187,96,83
527,188,103,81
541,186,102,79
545,186,104,75
562,189,100,73
565,193,100,74
548,191,106,73
543,197,104,76
503,193,102,78
509,193,108,86
507,191,104,91
503,195,103,89
502,200,102,84
493,212,107,84
489,216,106,80
484,217,102,74
483,223,103,72
469,225,106,71
451,230,108,73
446,235,103,77
413,235,106,82
423,234,105,86
405,236,105,87
400,234,105,86
394,234,109,86
393,235,112,82
394,233,114,81
394,231,115,80
389,232,114,79
375,237,117,79
355,233,115,84
316,227,119,86
314,228,121,93
325,223,120,97
318,222,120,98
315,220,119,94
320,220,118,91
317,219,121,86
320,218,121,87
301,216,127,87
306,221,128,88
313,223,128,88
293,227,128,93
264,226,129,98
262,224,124,100
266,227,118,100
251,232,123,99
255,233,123,96
250,244,121,93
243,250,124,92
243,254,126,90
245,259,126,88
251,266,132,91
241,271,131,93
228,264,135,95
211,257,134,102
214,253,125,100
217,253,118,97
211,252,119,95
200,251,126,93
197,250,126,92
187,253,130,91
189,258,128,90
190,259,128,89
182,258,130,88
169,257,135,94
157,250,137,97
154,248,128,96
147,251,124,94
135,251,125,92
118,257,129,94
127,255,121,90
131,260,123,89
135,262,127,90
133,261,127,90
116,264,134,89
120,266,137,93
121,264,138,99
116,261,137,102
104,261,132,105
101,258,125,103
115,257,126,102
102,258,137,98
108,265,132,97
107,264,136,99
105,266,138,95
102,270,137,93
113,270,134,94
114,268,134,98
113,256,138,104
107,249,133,103
112,250,130,104
127,244,128,101
133,245,132,100
143,249,140,100
161,249,132,94
182,254,132,94
198,258,136,92
207,261,137,93
216,263,144,98
231,263,141,100
234,261,142,103
227,256,144,108
215,251,140,108
223,245,135,108
245,247,146,110
275,252,144,108
274,252,142,102
272,253,151,101
287,256,149,99
288,259,153,100
292,259,155,103
291,257,146,104
286,255,139,106
276,255,136,108
290,247,135,102
297,252,136,98
314,250,131,94
338,254,138,96
359,264,137,96
338,261,142,101
320,257,142,104
311,255,138,100
337,254,136,103
341,242,126,105
347,229,122,100
347,229,124,100
345,232,126,95
336,235,132,95
334,234,132,92
336,238,130,89
334,237,133,87
338,237,135,89
338,240,134,90
337,243,138,94
353,245,131,93
346,247,131,96
352,242,130,104
361,232,129,105
373,227,126,104
391,229,126,101
406,228,128,98
421,231,131,97
422,234,137,98
447,236,133,96
448,237,136,100
439,236,144,102
429,239,141,103
430,236,134,104
435,235,127,106
433,230,130,106
428,226,133,107
427,227,135,102
434,226,136,104
432,228,141,104
441,236,138,100
455,236,140,102
456,231,143,105
459,235,144,103
468,238,136,104
454,233,131,105
464,233,123,105
474,226,121,104
478,225,119,103
498,227,118,102
520,229,121,102
520,234,118,98
519,238,122,98
523,240,125,97
539,241,126,96
554,245,124,95
558,241,125,95
559,240,124,96
548,236,127,96
559,230,123,95
577,228,116,95
578,230,112,93
585,233,112,93
583,232,115,95
590,235,119,95
605,238,121,98
623,246,121,95
628,248,124,96
630,247,125,96
637,249,125,91
640,249,124,91
654,253,116,89
663,257,118,93
671,256,114,92
666,255,119,92
670,252,118,93
673,251,123,96
682,250,125,100
694,248,122,98
702,245,123,102
716,243,126,102
717,245,132,106
721,240,130,104
731,241,131,105
735,243,135,104
739,245,132,102
730,248,137,104
712,252,139,109
703,263,138,112
706,281,134,111
710,301,133,109
704,318,131,111
697,330,131,109
692,337,133,116
698,338,135,117
717,334,132,116
729,328,131,118
741,317,127,117
746,303,121,117
740,287,118,120
733,279,117,121
745,271,113,122
755,265,109,120
757,264,111,119
765,265,110,118
775,271,104,116
761,271,103,114
743,267,104,117
743,265,101,115
748,268,100,114
756,264,99,115
765,265,98,117
765,267,99,115
758,270,96,112
757,270,97,113
748,273,94,110
740,273,94,109
738,272,92,109
735,272,94,108
737,269,94,107
748,272,92,106
742,270,92,103
750,253,95,102
763,261,94,104
750,267,97,104
730,274,97,100
705,278,98,102
718,279,99,99
744,287,100,98
754,291,99,99
756,289,100,97
755,297,99,97
762,310,102,101
775,327,105,102
793,340,104,101
808,355,105,101
811,376,103,100
797,384,102,100
809,399,102,100
820,411,101,101
803,409,98,98
813,397,99,98
822,384,102,98
809,383,105,98
795,385,109,99
789,395,111,97
791,406,119,99
768,419,121,101
763,435,120,102
749,448,122,103
750,470,123,105
754,496,126,109
732,518,125,104
678,530,122,103
661,544,123,107
648,547,126,109
607,541,120,107
589,551,117,110
567,546,123,112
545,551,129,117
564,550,135,120
526,557,139,122
510,561,138,123
491,551,139,124
505,545,141,125
515,531,139,123
494,507,140,121
489,483,141,119
503,451,143,120
510,430,145,122
493,402,148,124
500,366,148,126
513,340,152,127
549,309,149,127
572,271,152,130
595,214,151,131
638,171,151,132
677,128,154,135
696,87,161,138
712,56,161,142
712,17,162,144
729,-12,156,122
724,9,155,121
651,47,156,121
736,17,135,135
768,29,142,129
821,31,145,127
852,34,147,131
870,45,147,134
906,60,154,136
929,79,149,131
978,89,170,144
953,107,174,144
909,130,177,149
883,157,176,150
860,184,171,150
843,213,175,150
811,236,177,151
766,262,176,151
722,272,175,155
650,292,167,156
612,328,156,155
601,345,156,160
576,359,152,149
558,359,153,140
525,364,156,141
481,378,154,137
477,387,150,142
463,398,154,142
442,399,154,143
407,399,159,143
412,407,157,151
410,428,157,151
406,442,161,152
396,475,164,158
395,493,177,170
414,503,179,169
417,503,177,163
405,494,178,157
405,483,177,152
432,491,169,148
469,504,165,145
480,515,164,142
484,526,163,145
494,541,163,147
506,560,164,147
520,567,160,148
517,574,163,146
536,577,156,144
551,580,159,147
562,586,166,145
582,593,163,144
592,594,166,143
606,599,168,142
622,596,161,142
634,604,156,140
649,617,153,132
678,626,138,119
673,625,156,121
681,621,152,118
685,626,150,117
689,629,150,117
697,634,135,109
698,638,137,108
693,631,136,112
701,620,138,121
700,611,143,127
700,603,140,126
711,600,139,127
716,608,143,129
730,617,138,123
749,625,132,115
754,629,133,112
772,629,130,110
806,629,127,110
830,628,133,112
832,612,135,121
836,583,133,121
846,565,135,117
848,546,137,120
850,528,138,124
855,510,136,124
854,507,140,125
847,497,144,125
837,487,148,126
828,470,146,125
817,448,145,124
795,434,152,127
783,419,154,128
773,405,155,128
765,394,157,129
760,383,156,131
745,378,160,130
730,370,162,132
726,374,163,132
739,386,146,126
742,402,143,126
743,415,139,126
740,428,137,122
742,444,137,120
745,443,133,123
753,451,128,122
749,453,131,124
746,451,132,123
754,453,129,120
760,454,144,111
777,451,124,117
784,451,127,117
786,448,127,116
789,458,149,114
802,461,130,117
810,468,128,116
811,471,127,115
820,481,125,113
837,491,124,113
847,499,122,111
852,503,120,110
851,505,119,109
846,503,122,112
843,507,127,114
835,496,125,115
832,494,128,115
828,484,128,118
824,475,127,119
817,468,129,121
809,466,133,120
794,460,137,120
775,454,141,121
754,441,146,124
750,436,146,123
739,428,150,124
724,419,154,127
715,412,156,129
704,404,154,130
691,401,158,133
679,396,163,133
676,384,159,132
666,378,160,134
653,371,163,136
652,370,165,139
640,362,168,142
634,359,169,143
635,355,166,143
630,352,166,144
609,348,182,149
602,336,182,150
592,332,188,153
588,327,192,154
594,315,183,152
587,313,189,152
585,307,188,152
594,304,185,151
593,302,188,152
607,304,176,145
619,305,165,139
630,304,164,135
641,304,159,134
662,312,151,131
673,323,150,132
679,325,148,133
691,329,144,132
705,334,143,134
711,337,142,134
715,335,144,138
721,339,145,138
724,334,142,139
731,345,145,137
732,338,145,142
730,337,149,146
728,334,152,147
732,345,153,147
721,340,153,148
