269,186,144,165
269,187,144,165
269,187,145,164
269,187,144,164
269,185,144,165
270,184,144,167
270,184,145,167
270,184,144,166
271,185,142,167
271,185,142,168
271,186,142,167
271,185,141,168
271,185,142,168
272,185,142,167
273,184,141,168
274,186,140,167
274,187,140,167
273,186,140,167
272,183,141,170
271,184,141,169
270,184,143,168
269,185,143,167
268,185,143,166
267,185,143,166
265,186,145,167
264,188,144,163
264,188,145,164
264,186,143,164
262,186,146,165
262,185,145,165
262,186,145,164
263,186,145,165
263,187,144,164
263,188,144,162
264,188,143,162
265,189,142,162
266,188,142,163
270,189,139,163
272,190,136,163
273,191,137,164
277,195,132,163
279,195,130,162
285,194,126,164
284,196,128,163
284,197,128,163
284,195,128,162
285,196,128,162
285,191,129,168
286,197,126,158
288,196,123,161
288,199,122,159
287,196,125,163
288,195,123,164
284,193,127,163
279,188,132,169
276,188,135,170
275,188,136,169
272,191,138,165
270,193,139,161
267,190,141,165
264,188,145,165
263,190,144,162
261,190,145,162
259,191,146,161
258,189,148,162
258,189,147,162
257,188,148,162
257,187,148,164
257,187,148,163
259,190,145,162
261,192,144,159
263,192,144,161
265,192,142,160
265,189,145,166
269,189,142,165
272,190,139,165
275,191,137,166
277,191,136,165
278,192,136,165
280,193,133,164
281,191,134,165
281,192,134,165
283,192,132,165
282,192,134,165
282,191,134,167
282,191,134,167
282,192,135,165
282,193,134,166
281,191,134,167
280,193,135,164
281,194,133,166
280,192,135,167
279,193,135,165
278,192,137,167
278,193,137,165
278,193,137,165
278,191,136,166
277,191,136,165
275,191,140,166
274,188,140,168
274,188,140,168
273,189,140,167
274,190,140,167
273,190,140,166
273,189,139,168
272,189,140,168
272,187,140,170
273,188,139,169
272,187,140,169
272,188,139,167
272,190,138,166
273,187,139,169
272,186,140,170
273,188,139,168
273,188,139,168
273,188,138,168
273,187,139,168
273,187,138,168
273,187,138,167
273,187,138,168
273,187,138,167
271,189,139,166
271,190,139,165
271,188,139,164
270,188,139,164
270,188,139,166
268,187,141,166
268,186,142,167
268,187,141,166
267,187,142,166
267,185,141,167
268,185,141,167
268,182,141,169
268,182,142,170
268,182,142,169
269,184,140,167
269,184,141,167
269,185,141,168
269,184,141,169
270,186,140,168
270,186,141,167
270,185,141,166
271,186,140,167
271,185,140,167
271,186,140,166
271,187,139,167
271,187,139,167
271,187,141,166
271,186,141,166
270,186,141,167
270,185,140,167
271,184,139,168
270,183,141,168
272,184,139,167
271,184,140,167
271,185,140,167
270,185,141,166
268,183,143,168
267,183,141,166
266,182,142,166
267,183,141,165
267,182,140,166
263,183,144,166
264,183,143,165
264,183,141,162
267,184,137,160
268,186,134,157
275,185,130,156
278,184,126,154
281,185,122,152
284,182,120,151
282,190,119,148
284,188,117,149
291,187,115,146
286,190,115,149
290,185,114,150
295,183,112,147
289,193,112,147
292,189,112,147
292,187,112,147
291,186,111,148
289,188,112,146
292,187,111,145
289,188,113,146
288,189,113,146
293,189,110,143
289,190,113,144
288,191,113,144
288,190,113,144
290,192,111,141
288,187,114,143
287,189,115,142
283,190,117,142
283,193,117,139
283,195,117,138
282,195,118,138
281,195,118,138
279,192,119,140
278,191,120,139
277,192,121,141
274,193,122,141
274,194,123,141
276,195,121,142
276,196,122,139
275,194,122,139
274,195,122,141
276,193,119,143
277,192,119,141
276,191,121,140
275,192,121,142
275,193,120,144
277,194,120,141
275,193,121,142
275,190,122,142
276,191,120,142
273,190,123,145
276,190,121,142
277,190,121,143
278,191,120,141
278,191,119,142
278,189,119,142
277,191,118,144
277,191,117,142
278,193,117,142
278,194,115,141
285,195,111,136
286,196,109,138
289,193,110,137
290,193,109,136
291,192,108,135
293,192,107,137
294,187,107,137
293,191,106,137
293,191,105,135
293,189,105,134
292,189,106,138
292,189,106,138
291,192,104,137
291,192,104,136
292,190,105,137
290,186,106,138
291,185,106,137
293,186,106,136
290,186,109,140
292,187,108,137
292,184,110,137
291,187,110,136
291,185,113,133
289,189,112,140
287,189,115,142
284,190,118,147
282,189,121,150
281,187,123,151
281,192,124,154
279,193,126,154
275,190,131,157
272,190,134,158
270,188,139,161
269,186,140,161
270,187,140,163
270,186,139,163
268,186,142,163
269,185,141,164
269,184,141,165
268,186,142,163
267,186,142,164
264,188,144,162
262,187,145,163
260,189,147,161
259,189,145,161
256,188,147,161
255,187,148,162
254,186,148,162
253,186,146,162
253,186,146,162
252,185,145,162
251,187,147,161
250,188,148,161
251,187,147,163
251,188,148,161
252,186,148,163
252,187,147,164
254,187,146,163
258,189,143,163
258,188,143,162
261,188,143,162
262,186,143,163
265,184,141,166
267,184,140,168
266,185,140,168
270,188,138,168
271,188,138,169
271,193,139,164
270,190,141,167
271,194,139,164
270,190,140,166
271,190,140,166
270,191,140,166
269,191,141,165
268,191,141,164
264,187,144,166
264,188,144,165
264,188,143,164
262,188,144,166
261,185,145,167
260,183,145,167
260,186,145,164
257,185,149,164
259,184,145,166
260,185,143,163
259,185,144,163
260,185,144,163
260,184,144,162
262,183,143,165
263,182,141,166
263,183,140,163
265,184,140,164
266,182,139,166
265,184,139,164
267,183,139,167
267,182,140,169
267,183,139,168
267,184,139,166
266,185,139,166
266,185,139,167
265,186,139,167
264,185,139,167
263,184,142,168
262,185,143,167
261,186,142,165
260,184,142,166
259,184,144,166
260,183,142,168
259,183,143,167
260,183,142,167
260,184,143,167
259,184,143,166
258,185,143,166
257,185,144,164
257,185,145,167
256,185,145,165
256,184,144,165
255,184,145,167
254,184,145,167
254,184,146,166
255,184,145,166
255,183,144,168
255,182,144,168
254,180,143,168
254,180,144,168
253,180,146,169
253,181,145,167
252,181,145,167
252,182,146,167
253,184,145,164
252,185,146,163
253,183,144,162
253,183,145,163
252,183,145,163
253,183,143,162
250,185,146,161
249,183,148,164
248,182,148,163
247,183,149,163
247,182,148,164
246,181,148,164
247,182,146,165
247,183,148,165
247,181,147,165
247,181,146,164
247,182,147,164
247,182,146,163
247,182,146,163
247,183,147,163
246,183,147,162
248,183,144,161
248,183,144,162
249,182,143,163
247,182,145,163
248,183,146,165
248,183,145,164
248,182,145,166
249,181,145,166
249,182,145,166
248,183,145,165
249,182,144,167
250,183,144,165
249,181,144,166
249,181,145,167
249,183,146,166
249,184,145,164
249,184,145,165
251,186,142,163
250,186,143,162
249,186,144,163
249,185,143,163
248,186,145,162
249,185,144,162
249,186,143,162
249,184,144,166
248,185,145,166
249,186,145,165
249,187,144,163
248,186,145,163
249,186,145,163
249,185,145,164
250,186,145,165
249,186,144,164
251,187,144,164
251,187,143,163
253,186,145,165
253,188,143,163
253,191,144,162
254,194,143,161
255,193,143,161
255,190,143,161
255,190,144,161
255,189,145,164
256,187,146,164
256,187,146,164
258,186,146,165
259,187,146,164
260,186,146,163
260,185,147,165
261,185,147,163
261,184,147,165
262,184,147,165
263,186,146,164
263,186,147,164
264,185,146,165
264,186,147,164
264,187,146,163
264,186,147,163
264,186,146,164
264,186,146,165
263,186,146,165
263,186,147,164
263,187,147,163
264,185,146,166
264,184,146,166
264,184,147,164
264,184,147,165
263,183,148,166
264,183,146,166
265,184,146,167
265,185,144,166
266,182,145,169
266,182,146,170
266,183,144,166
266,183,144,169
266,183,144,169
265,181,147,173
266,184,145,170
267,185,144,168
267,184,145,169
266,182,144,172
267,183,144,170
266,183,143,171
266,183,143,170
265,186,143,168
266,185,141,168
264,185,143,169
264,185,142,167
262,185,143,168
262,184,144,169
260,186,143,166
260,186,143,166
260,186,143,167
260,186,144,168
259,187,143,166
258,187,145,167
257,187,146,166
258,187,145,167
256,187,146,166
256,186,145,165
256,187,146,164
256,186,147,167
256,186,147,165
256,186,146,167
256,185,146,167
257,185,146,167
258,184,143,167
257,182,144,169
256,183,145,167
256,184,146,167
256,184,144,166
255,187,146,162
256,186,144,163
255,187,144,164
255,186,144,162
255,186,145,162
254,187,146,161
254,187,144,163
252,185,146,164
249,186,148,163
249,185,147,163
246,184,149,163
246,183,148,164
246,184,148,165
245,183,148,165
246,182,145,165
245,183,147,164
244,185,150,165
246,184,146,165
246,185,146,162
245,186,148,162
245,184,149,164
246,185,147,162
249,186,145,161
251,185,145,162
252,185,143,163
252,185,146,164
254,185,143,163
256,187,142,164
258,186,140,164
260,187,140,164
261,187,138,165
262,187,140,165
263,189,139,164
263,188,139,165
264,187,139,168
264,188,139,166
263,190,138,164
264,188,139,164
263,189,140,164
262,190,139,165
261,190,140,164
262,192,136,155
258,189,142,160
257,191,143,160
255,190,146,159
251,188,147,161
251,188,146,159
248,188,148,160
247,188,150,158
246,189,149,157
244,188,151,157
243,187,150,160
240,187,153,159
239,188,153,157
238,189,154,155
236,192,151,153
234,190,152,153
234,190,149,153
233,191,151,153
234,192,148,153
233,194,145,152
233,193,148,153
233,193,148,153
232,192,148,152
231,191,143,153
231,190,142,155
232,190,143,152
232,189,148,153
233,188,149,156
234,188,149,155
234,186,150,157
236,182,148,161
237,181,150,162
240,184,148,159
242,184,146,161
245,185,146,162
248,188,145,159
251,187,145,163
255,188,143,165
259,187,142,166
262,187,142,167
265,192,139,166
265,193,139,166
264,193,137,164
265,193,136,163
265,193,137,164
264,195,139,161
264,192,138,164
263,190,139,165
259,187,141,166
259,186,141,167
258,185,142,169
256,184,142,168
257,187,137,159
255,186,140,163
253,185,142,164
252,183,141,164
251,183,143,164
251,184,142,164
250,185,141,161
251,182,144,166
251,183,142,164
251,182,145,167
251,185,142,161
252,183,143,164
252,183,144,162
254,184,140,163
254,182,142,167
254,184,141,163
254,185,141,162
255,186,140,162
254,187,141,161
254,187,141,161
254,187,140,162
254,188,141,162
253,187,141,163
252,188,142,161
251,188,143,160
250,185,145,164
249,184,148,164
249,185,145,163
249,184,146,166
249,183,146,165
249,184,145,162
249,184,144,162
251,184,144,163
251,182,145,166
251,183,145,165
251,183,144,164
251,184,144,164
250,184,144,162
250,184,146,164
250,183,145,164
250,185,145,161
250,185,145,162
250,185,145,160
250,185,146,163
249,185,147,162
250,185,146,161
249,184,147,163
248,184,148,163
246,183,150,163
245,181,148,165
244,180,149,165
243,183,149,164
243,182,146,164
242,181,148,165
242,181,147,166
243,181,146,166
243,183,146,163
243,183,145,164
243,183,145,163
244,183,146,164
244,184,145,162
244,185,146,160
243,184,147,161
244,183,144,161
246,185,143,158
246,189,144,157
246,184,142,161
247,185,143,159
247,186,142,157
247,185,141,160
247,187,142,158
249,188,140,157
250,187,142,160
249,186,141,158
250,187,142,159
250,186,142,160
250,186,142,161
251,187,141,158
252,188,139,158
252,189,139,158
253,188,139,157
253,189,139,158
253,190,138,159
253,190,139,158
254,192,139,155
253,191,141,158
253,190,142,158
253,191,143,157
254,188,143,160
253,188,144,161
253,186,145,162
254,186,145,162
254,188,145,158
253,185,147,161
253,187,148,160
251,183,149,162
250,185,151,160
248,184,153,160
248,185,152,157
247,186,151,157
245,185,153,157
244,185,153,158
243,187,155,155
242,188,153,154
241,187,153,155
239,188,152,154
238,190,148,151
237,189,149,152
236,188,152,153
237,187,150,154
237,187,151,153
238,185,149,154
238,184,154,155
238,183,152,157
239,185,146,154
237,186,151,155
239,188,149,153
240,186,151,155
240,182,150,157
241,182,150,157
241,179,151,159
243,179,151,162
244,177,149,164
245,174,148,167
246,174,146,169
249,178,146,166
251,180,144,165
253,179,142,164
253,176,143,168
254,176,143,169
255,178,143,167
258,180,141,168
260,181,139,169
261,181,139,169
260,182,139,168
261,182,140,167
261,182,139,168
260,181,141,169
259,181,141,168
260,182,141,167
260,182,141,167
259,182,142,166
260,181,142,167
259,180,142,168
259,181,142,167
259,183,142,166
257,182,143,167
257,182,143,165
256,183,144,166
255,183,145,164
254,184,145,164
254,183,147,165
253,185,147,163
252,185,146,163
251,184,148,163
251,185,147,163
252,187,147,161
251,184,148,165
251,185,148,162
252,183,148,165
252,183,147,164
252,183,148,166
252,182,148,165
253,183,147,164
253,182,147,165
254,183,147,165
254,182,148,166
255,182,147,165
255,182,147,166
256,182,147,166
256,181,147,167
256,181,148,166
256,181,148,166
257,181,146,165
256,182,147,163
256,182,147,165
255,183,147,164
256,181,146,165
255,183,148,164
255,183,146,164
253,183,148,163
254,184,146,163
254,185,146,163
253,184,146,163
252,183,145,164
252,185,148,161
252,185,147,162
252,184,147,164
251,184,146,164
250,186,148,162
250,185,147,164
251,185,146,163
250,187,147,162
250,186,146,163
250,187,148,161
250,186,147,162
251,188,146,160
251,188,146,160
251,187,145,162
251,187,146,161
251,189,147,159
251,187,146,161
251,185,147,163
251,185,147,163
251,186,148,162
250,185,149,164
251,185,147,163
251,186,148,163
252,185,148,164
252,185,147,164
253,186,146,163
253,185,146,161
253,184,147,162
253,184,146,163
253,182,145,165
253,182,145,166
253,182,144,165
253,182,145,165
253,181,146,168
253,182,146,166
253,181,146,168
252,183,147,166
254,183,145,167
254,183,146,164
252,182,147,166
254,183,145,166
253,182,146,166
253,182,146,166
254,182,144,165
253,182,146,166
253,181,145,166
255,184,146,163
255,183,146,165
255,182,147,165
254,183,146,163
254,182,146,164
255,183,145,165
254,182,146,166
255,182,143,165
255,182,144,165
255,181,143,164
255,181,143,165
255,182,145,165
254,180,144,167
255,181,144,166
255,182,145,165
254,181,145,166
255,181,145,165
255,181,143,165
257,183,143,164
257,181,143,165
256,181,143,166
257,181,143,164
256,180,142,165
256,181,143,166
256,181,144,166
255,180,143,165
256,179,141,165
256,181,142,165
256,180,143,167
256,180,143,166
255,179,142,167
256,178,141,167
256,178,141,167
256,177,139,168
256,177,139,168
257,179,140,168
257,176,139,170
257,177,141,170
257,176,140,169
258,174,139,171
257,175,142,173
257,173,142,174
257,173,141,173
258,173,141,172
258,174,139,172
259,175,140,171
260,174,140,172
260,172,140,173
262,171,140,175
264,174,139,172
265,176,141,172
266,174,143,175
267,175,145,177
270,172,143,179
271,169,145,181
271,167,148,181
271,167,151,178
269,167,152,178
268,163,154,175
266,162,154,173
264,160,155,174
262,157,158,174
260,153,158,177
255,156,161,175
254,153,160,175
253,154,159,174
252,154,155,176
249,154,159,176
247,153,162,179
246,155,163,178
246,156,163,178
246,159,160,175
246,158,159,178
249,161,157,181
248,160,157,181
250,164,154,178
252,164,154,180
255,166,151,178
257,166,153,177
256,164,153,180
259,169,152,174
259,172,152,171
261,175,152,167
261,176,153,169
263,175,152,167
264,176,153,168
267,177,151,168
269,182,147,164
269,181,148,165
269,181,148,166
269,182,147,167
271,183,145,165
270,181,145,167
270,182,145,166
270,183,145,167
270,183,145,165
269,185,144,164
268,184,143,166
267,183,143,167
266,184,144,165
265,184,144,165
264,185,143,165
263,184,144,166
261,186,145,164
259,186,146,164
259,187,144,163
258,186,145,163
258,185,144,163
259,186,144,164
258,186,145,163
258,184,144,166
257,184,146,167
257,183,145,166
259,184,145,166
259,185,145,164
260,183,143,166
259,185,145,166
260,184,145,165
262,186,143,165
261,185,145,164
263,183,144,164
263,184,144,165
264,182,144,166
264,182,145,166
264,180,146,168
264,180,146,168
265,180,146,168
265,180,146,169
266,179,145,170
267,181,145,168
267,180,144,168
267,181,145,168
267,181,145,167
268,180,144,169
266,180,145,168
267,181,144,169
268,180,145,168
268,182,144,166
268,180,145,167
268,181,145,166
268,179,145,170
268,180,144,167
269,181,143,166
270,182,142,165
270,180,143,168
270,180,142,166
270,180,143,168
269,180,142,166
268,180,142,168
267,181,143,167
267,181,142,167
267,181,143,168
266,181,142,169
265,180,143,170
264,181,144,167
263,182,145,167
263,181,145,168
263,180,144,168
264,177,146,170
263,176,145,169
263,175,146,170
264,174,145,170
263,174,144,168
262,175,146,167
262,174,148,168
260,174,149,169
258,175,150,168
256,177,152,166
253,176,153,165
251,180,157,162
249,177,156,164
247,176,156,165
244,175,158,165
244,174,159,166
242,173,158,165
239,173,157,164
239,177,157,163
238,176,157,165
239,178,155,165
236,171,152,168
237,170,155,168
236,170,150,169
235,170,151,169
234,170,151,169
232,172,149,169
233,177,148,166
232,170,149,173
232,171,148,172
232,169,150,171
232,166,154,173
233,167,152,173
231,164,155,175
231,165,154,175
231,163,156,175
231,162,155,175
231,159,156,178
231,159,157,179
232,159,158,177
231,158,161,179
230,152,161,185
229,154,161,184
228,154,164,184
229,156,163,183
227,153,164,184
226,151,165,186
226,147,166,189
227,151,166,187
227,149,165,189
227,147,166,189
230,156,160,182
229,153,161,183
228,148,163,187
228,149,165,189
230,152,160,185
231,154,159,182
233,157,158,180
235,164,158,174
234,168,159,170
235,169,157,169
237,172,156,166
239,172,155,165
241,174,153,165
241,174,154,166
243,176,153,164
244,176,152,165
245,174,151,166
245,176,152,166
247,176,149,166
248,178,148,166
248,177,148,167
250,177,146,168
250,176,147,169
252,176,146,166
252,176,146,166
253,176,147,165
252,176,150,166
252,175,149,167
254,177,150,166
255,177,149,164
255,177,148,165
254,177,149,165
255,177,147,166
255,178,148,164
255,178,148,163
256,176,146,166
255,178,147,164
255,178,147,166
255,178,146,167
256,179,146,166
255,182,146,163
255,180,144,165
255,181,144,163
254,181,145,164
253,182,145,162
254,183,145,164
253,181,144,164
254,183,143,161
254,182,143,163
254,181,144,163
254,182,143,164
255,182,143,164
254,182,142,162
256,183,142,162
256,182,142,162
255,181,143,163
257,182,143,162
257,184,142,159
256,182,142,162
256,182,142,162
256,182,144,163
256,181,143,162
257,183,142,161
257,181,142,164
256,180,144,163
257,182,143,163
259,181,142,162
258,181,142,159
258,178,142,164
259,178,140,163
258,178,142,163
258,178,143,164
258,176,143,168
258,178,144,165
258,180,143,162
258,180,143,163
256,180,145,162
260,183,141,160
257,179,143,164
255,179,145,163
255,179,145,163
258,181,144,162
259,181,144,161
259,180,143,162
260,180,143,163
259,179,144,162
261,178,143,163
260,177,145,163
261,177,145,163
261,175,146,165
262,176,145,165
262,177,146,164
262,178,145,163
262,176,144,167
261,178,146,164
261,177,145,166
260,175,147,166
260,176,146,166
260,178,145,164
260,176,146,165
260,174,146,167
260,174,146,168
260,175,147,167
259,174,146,167
259,174,147,168
259,177,146,166
258,176,147,167
258,177,148,164
258,176,149,165
257,176,149,165
256,175,150,167
256,175,149,166
255,175,150,166
255,176,150,166
254,175,151,166
254,175,151,167
254,173,151,168
254,175,151,166
253,173,152,167
253,173,152,168
253,174,152,167
252,173,154,166
252,174,154,166
251,176,154,164
251,173,153,166
251,173,153,166
252,176,151,163
251,173,153,166
251,175,151,165
251,176,152,165
250,176,153,165
250,175,152,165
251,176,152,164
251,174,152,165
252,175,151,166
252,173,150,168
253,175,151,166
255,175,149,166
255,176,149,164
256,177,149,164
256,177,149,165
255,176,149,167
256,177,148,165
256,177,148,166
256,178,147,165
256,177,147,166
256,179,147,165
256,178,146,165
256,179,146,165
256,178,146,166
257,178,146,165
256,178,148,166
257,179,147,164
257,179,146,165
257,179,146,165
257,179,145,166
257,178,146,166
258,179,145,165
258,180,145,165
258,181,145,164
259,181,145,164
258,181,145,164
258,181,145,163
259,182,144,162
259,182,145,162
259,181,144,163
258,181,145,162
259,183,144,161
259,183,143,163
259,182,142,163
258,182,143,163
258,183,143,162
258,182,144,163
257,181,145,164
257,181,144,165
256,180,145,165
257,180,144,166
256,180,145,165
257,179,144,166
257,179,145,166
257,179,145,168
257,178,145,168
257,179,145,169
258,177,145,169
259,178,144,169
259,179,144,167
260,178,144,168
261,177,143,170
261,178,143,168
261,179,145,167
262,181,144,167
263,182,144,166
263,181,144,167
262,180,145,168
263,183,143,162
263,182,143,164
263,182,142,166
261,180,144,166
261,180,144,167
259,179,145,168
258,179,145,170
257,180,145,168
256,179,144,167
256,180,144,167
252,181,145,164
252,177,146,169
252,180,145,165
250,180,146,165
251,180,145,163
250,181,145,162
251,181,144,162
250,181,144,161
249,179,145,164
248,179,146,164
249,182,146,160
249,184,145,159
250,184,143,159
251,184,143,159
252,183,142,162
253,183,142,161
253,182,140,162
253,182,144,161
254,182,144,162
253,182,143,163
254,182,142,161
254,181,142,162
255,182,141,162
253,181,142,163
253,181,144,164
252,181,144,164
252,181,144,162
251,181,145,163
251,179,144,163
250,180,145,163
250,180,145,163
248,178,146,163
246,176,148,164
244,178,149,161
244,175,150,163
243,178,152,160
242,176,152,162
241,175,153,162
240,174,153,164
240,172,155,165
240,172,153,166
239,171,155,167
240,171,154,165
240,172,155,165
241,172,151,165
242,172,154,166
242,172,155,167
243,172,155,166
244,174,152,165
245,174,154,165
246,172,153,167
247,174,151,164
249,174,151,166
249,173,151,167
249,172,153,168
249,172,153,168
251,173,153,166
251,172,153,168
251,171,154,168
252,171,153,168
253,169,153,169
254,168,152,169
255,169,152,169
257,170,152,169
257,170,154,169
258,170,153,169
258,171,153,168
258,170,153,169
258,172,153,168
257,172,154,167
257,173,154,168
257,174,153,166
257,173,155,168
256,174,154,168
255,174,154,168
254,174,155,167
254,174,154,169
254,173,153,169
253,173,153,169
254,174,151,167
253,175,151,168
252,173,153,168
252,173,152,168
251,173,153,168
251,174,151,168
251,174,151,169
253,175,150,169
254,176,148,167
254,176,149,168
254,175,148,169
255,175,147,167
253,175,149,170
254,175,149,168
254,174,149,170
254,175,148,169
255,177,147,167
256,177,147,168
255,176,149,168
