303,87,24,15
303,87,24,15
303,87,24,15
303,87,24,15
303,87,23,15
302,87,24,15
303,87,24,15
303,87,24,15
302,87,24,15
302,87,24,16
302,87,24,16
302,87,24,15
302,87,24,15
303,87,24,15
303,87,24,15
303,87,23,15
303,87,24,15
303,87,24,15
303,87,24,15
303,87,23,15
303,87,24,15
303,88,24,15
303,87,24,16
303,88,24,16
303,88,24,17
304,88,23,17
304,88,24,17
304,88,24,17
305,88,23,18
304,88,25,19
306,88,24,19
306,89,25,18
308,91,25,15
307,89,25,19
309,89,24,19
310,90,23,19
311,91,22,20
312,91,22,20
313,91,23,20
313,91,22,20
314,91,22,19
316,90,22,19
316,89,23,18
318,86,21,18
321,84,20,20
321,83,20,20
322,81,20,20
323,78,20,20
325,74,20,22
325,72,20,21
327,70,20,21
327,69,21,22
328,66,23,23
329,66,26,22
333,65,25,21
337,70,24,15
341,67,26,20
342,62,26,20
345,62,26,19
346,67,24,15
345,64,24,15
343,60,24,15
343,61,23,15
344,61,23,15
343,60,23,15
342,61,24,15
343,61,24,15
342,60,24,15
342,61,24,15
344,66,24,15
349,75,24,15
351,80,24,15
356,88,24,15
364,104,24,15
374,119,21,16
375,124,23,17
373,119,20,16
372,124,23,17
372,131,25,15
373,131,24,16
373,131,24,16
373,131,24,16
374,137,24,16
378,137,24,16
388,143,24,16
390,145,24,16
386,136,24,16
388,141,24,16
388,140,24,16
405,138,24,16
411,138,24,16
409,131,24,16
409,131,24,16
417,129,24,16
424,120,24,16
425,120,23,16
426,118,23,16
425,117,23,16
424,117,23,16
426,119,23,16
426,119,23,16
425,120,23,16
424,119,23,16
426,118,23,16
424,117,23,16
425,118,23,16
424,118,23,16
425,117,23,16
424,117,23,16
425,118,23,16
424,120,23,16
425,118,23,16
424,117,23,16
425,115,23,16
425,118,23,16
425,119,23,16
425,120,22,16
425,118,22,16
425,119,22,16
425,120,22,16
425,119,22,16
425,118,22,16
425,117,23,17
424,122,23,17
423,114,23,17
425,117,23,17
424,116,23,17
430,121,23,17
425,117,23,17
424,122,23,17
430,122,23,17
424,114,23,17
424,118,23,17
424,115,23,17
423,115,23,17
424,115,23,17
424,115,23,17
423,120,23,17
425,117,24,17
423,121,24,17
429,119,24,17
430,123,24,17
446,137,24,17
451,143,23,16
444,137,23,16
449,139,23,16
450,142,23,16
455,147,23,16
447,141,23,16
444,138,23,16
443,136,23,16
448,139,23,16
449,141,22,18
446,138,25,19
446,137,25,19
446,138,24,19
446,138,25,19
447,139,24,19
446,138,24,19
446,137,25,20
446,137,25,20
446,138,25,19
448,138,24,19
446,136,24,20
446,138,24,19
446,137,24,19
446,137,24,20
447,138,24,19
446,137,24,20
447,138,24,20
446,137,25,19
446,137,24,20
447,137,25,20
447,139,24,19
447,138,25,20
446,137,25,19
447,137,25,21
446,136,25,21
446,135,24,21
446,135,24,22
446,135,24,23
448,136,24,22
447,135,25,23
447,135,24,23
447,135,25,24
447,135,24,24
447,135,25,23
447,135,24,23
447,135,24,23
448,136,24,23
447,135,24,23
447,135,24,23
447,136,25,22
447,135,24,22
448,135,24,22
447,135,24,22
447,135,24,22
447,135,24,22
447,135,24,22
447,136,24,22
448,135,24,22
447,135,24,22
447,136,24,21
448,135,24,22
448,135,23,22
448,135,23,21
448,136,23,21
448,136,23,22
448,136,23,21
448,136,23,21
448,136,22,20
449,135,22,21
448,136,22,21
449,136,24,22
448,136,24,23
449,136,24,23
449,135,24,23
448,135,23,23
448,135,23,22
448,135,24,23
448,135,23,22
448,136,24,23
448,135,24,23
448,135,24,23
448,135,24,23
448,136,24,22
448,136,24,22
447,135,25,22
446,134,25,22
447,135,25,22
447,136,25,22
447,136,24,21
448,135,24,21
448,135,25,22
448,136,25,21
448,135,24,21
448,135,25,22
448,135,25,21
447,135,25,22
447,135,26,23
447,135,25,22
447,135,25,22
447,135,25,22
447,136,26,23
446,136,26,23
446,135,26,23
447,135,26,23
446,136,26,22
447,136,25,23
447,135,26,23
447,136,25,22
447,135,24,23
448,135,24,23
448,135,25,23
447,135,25,22
447,135,25,23
446,136,26,22
447,135,25,22
447,135,25,23
447,135,25,22
447,136,25,22
448,135,25,22
448,136,25,23
448,135,25,23
447,135,25,22
447,135,24,22
447,136,24,21
447,136,25,22
448,135,24,22
447,136,24,22
448,135,24,22
447,135,23,22
447,135,24,22
448,135,24,22
447,135,24,22
448,136,25,22
448,135,25,23
448,136,25,22
448,135,24,22
447,135,24,22
448,135,25,22
447,135,25,22
447,135,25,22
447,134,25,23
447,135,25,23
448,135,25,23
447,135,25,23
447,135,25,22
447,135,25,23
447,135,25,22
447,135,25,23
448,135,25,23
447,135,24,23
446,135,25,23
447,134,25,24
447,135,24,23
448,134,24,23
447,135,25,23
447,135,24,23
447,135,25,23
447,135,24,22
447,135,25,23
447,135,25,22
447,135,25,23
447,135,25,23
447,135,25,23
447,135,24,23
447,135,25,23
447,134,25,23
447,135,25,23
447,135,26,23
447,135,25,23
447,135,25,22
447,135,25,22
447,135,26,23
447,135,26,23
447,135,26,23
447,135,26,22
447,135,26,22
446,134,25,22
447,135,26,22
447,135,25,21
446,135,25,22
446,136,26,22
446,137,25,21
446,136,26,23
446,136,25,22
446,135,26,22
445,135,26,22
445,135,26,22
445,135,25,23
446,134,25,22
445,135,25,22
445,135,25,23
446,135,25,23
445,134,26,23
445,135,25,22
445,135,25,22
445,135,25,22
445,134,25,22
445,135,25,22
445,135,25,22
445,134,24,21
447,135,24,21
446,135,24,21
447,135,23,21
446,135,23,21
446,136,23,20
445,136,24,19
446,136,24,20
446,136,23,19
447,136,22,18
446,136,23,18
446,136,23,18
447,136,23,18
447,136,23,18
446,136,23,18
447,136,23,18
447,137,22,18
447,137,22,18
447,136,22,18
447,136,22,18
447,137,22,18
447,137,22,18
447,136,21,18
447,137,22,18
447,136,22,18
448,137,22,18
448,136,23,18
447,137,22,18
447,136,22,18
447,137,22,18
447,137,23,19
447,137,23,18
447,137,23,18
447,136,23,18
447,136,23,18
447,136,23,18
447,136,23,18
447,136,23,18
447,136,23,18
447,136,23,18
447,136,23,18
447,135,23,19
448,136,23,18
446,136,23,19
447,135,23,19
447,135,23,19
446,135,23,19
446,136,22,20
447,135,22,19
447,136,22,19
447,135,22,19
447,136,22,19
446,135,22,19
446,135,22,19
447,135,22,18
446,136,23,18
447,136,23,18
447,136,23,18
446,136,23,18
446,136,23,18
446,136,23,18
446,136,23,19
447,136,22,18
447,135,23,18
447,135,23,18
447,135,23,20
447,136,22,19
447,135,23,19
447,136,23,19
447,136,22,18
447,135,22,18
447,136,23,18
447,135,22,19
448,136,22,18
448,135,22,19
448,136,21,19
447,135,23,20
447,135,22,20
447,135,22,20
448,135,22,21
447,135,23,20
447,135,23,20
447,135,23,20
448,136,23,20
447,135,24,20
447,135,23,20
448,135,23,21
448,136,23,21
447,135,23,21
448,136,23,20
449,136,22,20
449,136,22,20
449,136,22,19
449,136,23,20
448,137,24,20
448,136,24,20
448,135,23,21
448,136,24,21
449,135,23,21
448,136,24,21
449,135,23,22
448,135,23,21
448,135,24,22
448,135,24,21
448,136,24,21
447,135,24,21
448,136,24,21
449,135,24,22
449,135,23,21
449,135,23,21
449,135,23,21
448,135,23,21
448,135,23,22
448,135,23,21
449,135,24,21
448,135,24,21
448,135,24,21
449,135,24,21
449,136,23,21
449,136,23,20
449,137,24,20
449,137,23,20
449,136,23,20
449,137,23,20
449,137,23,20
449,137,23,20
450,136,22,21
449,137,23,20
449,136,22,21
449,137,22,20
449,136,22,21
449,136,23,20
449,136,23,21
449,137,22,20
449,136,22,21
449,137,22,21
449,136,23,21
448,136,23,21
448,135,23,21
448,136,23,21
448,136,23,21
448,136,23,22
448,136,24,22
448,135,24,22
447,134,24,23
447,135,24,22
448,135,24,23
447,135,25,22
447,135,25,22
447,135,24,22
447,134,24,23
447,134,24,22
447,135,24,23
447,134,24,23
447,134,25,23
447,136,25,21
447,135,26,23
446,134,25,22
446,135,25,21
446,135,25,21
445,135,25,21
445,135,25,22
445,135,25,20
445,135,25,21
446,135,25,21
446,135,24,20
446,135,23,20
446,136,23,19
446,135,24,21
446,135,24,20
445,135,23,20
446,135,24,21
445,135,24,21
445,135,24,20
446,135,24,21
446,135,24,20
446,135,24,20
446,135,23,20
446,136,23,20
446,136,24,21
446,136,23,20
446,135,23,20
446,136,23,20
446,135,23,20
446,135,22,19
446,136,23,20
446,136,23,20
446,135,23,20
446,135,24,20
446,135,23,20
446,136,24,21
445,136,24,21
446,136,24,21
446,136,24,21
445,135,24,20
446,135,23,21
446,135,24,21
446,135,24,21
446,135,23,21
447,135,24,22
446,135,23,21
446,135,24,22
447,135,24,22
447,135,23,21
447,135,23,22
447,134,23,22
447,135,23,22
447,136,22,21
447,134,23,22
447,135,23,22
447,135,22,21
447,136,23,21
447,135,23,22
447,135,23,21
447,136,23,21
447,136,23,22
447,135,23,22
447,136,23,21
447,135,23,21
447,135,23,21
447,135,23,21
448,135,23,21
447,135,23,21
448,135,23,22
447,135,24,23
447,135,24,22
448,135,23,22
447,135,24,23
447,135,24,23
448,135,24,23
447,135,24,22
448,134,24,23
448,136,22,22
448,135,22,22
448,135,22,22
448,135,23,22
448,134,23,23
448,135,23,22
447,134,24,23
447,135,24,23
447,135,24,22
448,135,24,22
447,135,25,24
446,134,26,25
446,135,25,24
446,134,26,24
445,135,27,23
446,134,26,23
446,134,26,23
446,135,26,23
445,135,27,23
445,134,27,24
445,135,26,23
444,134,26,23
445,134,26,24
445,134,26,24
445,134,26,24
445,134,26,26
445,134,26,24
444,134,26,24
445,134,26,24
445,133,25,24
445,133,26,24
445,134,25,23
445,134,25,24
445,134,25,22
445,134,25,23
445,134,25,23
445,134,25,22
445,134,25,22
445,133,25,22
445,133,25,24
445,134,26,23
445,133,26,23
445,134,26,23
445,135,25,23
446,135,25,23
446,135,25,23
445,135,25,23
446,134,25,23
447,136,23,22
444,136,26,22
445,135,26,21
446,136,25,21
445,136,25,21
446,135,25,21
446,135,25,22
446,135,24,22
446,135,25,22
445,135,25,22
445,135,25,22
446,134,25,22
446,135,24,21
446,135,24,22
445,135,24,22
446,135,24,22
446,135,24,22
446,136,24,21
446,135,24,20
446,135,23,21
446,135,24,22
445,135,24,22
446,135,24,23
446,135,24,22
446,135,24,21
445,135,24,21
446,135,24,21
446,135,23,20
446,137,23,18
447,137,23,18
447,134,22,20
447,136,22,20
446,136,23,20
447,135,22,20
446,136,23,19
446,136,23,20
446,136,22,20
447,136,23,20
446,136,22,20
446,136,23,20
446,136,23,20
446,136,23,20
446,136,23,20
447,136,23,20
447,136,23,20
446,135,23,20
446,135,23,21
447,136,23,20
446,135,22,19
447,136,23,19
446,136,23,20
447,136,22,21
447,136,22,20
447,136,22,20
447,136,22,19
447,136,23,20
446,136,22,20
447,136,23,20
447,135,22,20
447,135,22,21
447,136,23,20
447,135,23,20
447,136,23,20
447,135,23,20
447,135,23,20
447,136,23,21
447,136,23,21
447,135,23,21
447,135,23,21
448,136,23,21
447,135,23,21
447,135,23,21
447,136,23,20
447,135,23,21
447,135,23,21
447,135,23,20
447,135,23,20
447,135,23,20
447,135,23,21
447,135,23,21
447,136,23,20
446,136,24,20
445,135,25,21
447,137,24,23
446,136,25,22
446,135,24,21
446,135,24,22
447,135,24,21
446,134,24,21
446,135,24,21
446,135,24,22
446,136,24,21
446,134,24,22
446,136,25,21
447,136,24,22
446,136,24,21
446,135,24,21
447,135,23,21
446,135,24,22
447,136,25,21
447,135,25,22
447,136,24,22
447,135,25,22
446,135,25,22
446,135,25,23
446,136,25,22
447,135,24,22
446,135,24,22
446,135,24,22
446,134,24,21
445,134,24,22
445,134,25,22
445,134,25,22
445,135,25,22
446,135,24,20
444,135,25,19
445,136,26,19
443,135,26,20
444,136,26,20
443,135,25,22
443,136,26,22
441,140,23,18
443,137,26,19
445,135,24,22
445,136,25,23
445,136,24,24
445,134,24,25
449,134,24,26
451,134,24,25
453,134,22,25
455,135,24,25
458,139,26,22
460,139,25,21
460,137,24,21
461,136,24,21
460,138,23,18
461,134,23,21
461,134,23,21
460,132,22,22
460,129,23,24
458,129,25,20
459,124,24,25
459,123,24,24
459,123,24,24
458,119,24,26
457,117,24,25
456,121,24,24
454,124,24,23
452,128,25,20
458,117,24,25
458,114,24,26
457,112,25,28
457,113,25,27
458,112,25,27
458,111,25,28
458,111,25,28
457,110,26,28
457,109,25,29
458,112,25,26
458,109,26,28
458,110,26,27
459,114,25,20
459,112,25,25
460,112,24,25
458,110,27,26
460,111,25,25
460,112,25,24
459,111,25,24
460,112,25,23
459,112,26,23
460,112,25,23
460,111,26,24
460,110,25,23
459,110,27,24
460,109,26,24
459,110,26,23
460,110,26,22
458,110,27,22
459,109,27,23
458,109,27,23
458,110,28,22
459,109,27,22
458,107,28,22
458,111,28,22
457,111,28,23
457,111,28,23
458,111,27,23
457,110,28,23
458,110,28,22
458,110,27,22
458,110,27,23
458,110,27,23
458,108,28,24
458,111,26,24
459,111,25,22
459,110,26,23
459,109,26,23
459,110,26,22
458,109,27,24
459,109,26,23
459,109,27,24
459,108,27,25
457,105,29,24
458,107,28,24
459,109,27,25
459,109,27,23
460,109,26,24
460,109,27,23
460,110,27,23
461,111,25,23
460,109,27,23
461,110,26,24
460,109,27,25
459,103,27,22
458,103,27,22
459,104,27,22
459,110,28,23
458,107,28,22
460,111,26,23
459,113,26,22
461,113,24,22
460,113,25,22
460,112,26,22
460,112,25,23
461,112,25,23
461,111,24,22
461,111,25,22
461,112,24,23
461,111,24,22
460,111,25,22
461,113,25,23
461,112,25,24
460,113,27,25
459,113,27,25
462,111,24,24
461,111,25,24
462,111,25,23
463,111,23,24
462,111,23,24
463,111,23,24
464,111,22,24
464,111,22,22
464,111,21,23
463,110,22,23
463,110,22,22
463,110,22,23
462,111,23,24
463,111,22,23
463,111,22,24
464,111,22,24
463,111,22,24
463,111,22,24
463,110,23,24
462,111,23,24
462,111,23,24
462,111,23,24
463,111,22,24
463,111,23,24
462,111,23,24
462,111,23,24
463,111,22,24
463,111,23,24
463,110,23,24
462,110,23,23
462,110,23,23
463,110,23,24
462,111,23,24
463,111,22,23
463,110,23,23
462,110,23,23
463,111,23,23
463,111,22,23
462,110,23,23
462,110,23,23
463,110,23,23
462,110,23,24
463,110,22,23
462,110,23,24
462,110,24,23
463,110,22,24
462,110,23,24
463,109,23,24
462,110,23,24
462,110,23,25
462,110,23,25
462,109,23,24
463,110,22,24
463,109,22,24
463,110,22,23
463,110,22,24
463,110,23,25
463,110,22,24
463,110,22,23
462,110,23,24
463,110,23,24
462,110,23,24
463,110,23,24
462,109,23,24
462,110,23,24
463,110,22,24
463,109,23,24
463,110,22,24
462,110,23,23
463,110,23,23
462,110,23,23
462,110,23,24
462,109,23,25
462,109,23,25
462,110,23,24
462,110,23,24
462,109,23,25
462,109,23,24
462,109,23,24
462,109,23,25
461,108,25,26
461,108,24,26
461,107,24,26
460,108,24,27
461,108,24,26
460,108,25,26
461,108,24,25
461,108,24,26
460,108,25,25
461,109,23,24
461,108,24,25
460,108,25,26
460,108,25,26
460,108,25,25
460,107,26,26
460,108,25,25
459,108,25,26
460,108,25,26
459,108,25,26
458,107,27,27
459,108,25,26
460,108,25,25
459,107,26,26
459,107,26,26
460,108,25,26
460,108,25,25
460,108,25,24
460,109,25,25
460,108,25,25
460,108,25,26
461,109,24,26
460,108,25,27
460,108,25,25
460,108,25,26
460,108,25,26
460,109,25,25
461,109,24,25
461,109,24,25
461,109,24,24
461,109,24,25
461,109,23,25
461,109,24,24
462,109,23,25
462,109,23,26
461,109,24,26
462,109,23,24
461,109,24,25
461,108,24,27
461,108,23,25
462,109,22,24
462,109,23,25
462,109,22,24
462,109,23,25
462,109,23,25
462,109,23,25
462,109,23,25
462,109,22,25
462,109,23,25
462,108,23,25
461,109,23,25
462,109,23,24
462,109,23,25
462,109,23,25
463,109,22,25
462,109,23,25
462,109,22,25
462,109,22,25
462,109,22,25
462,110,22,25
463,109,22,24
462,109,22,25
462,109,23,25
461,109,23,26
461,109,24,25
461,109,23,25
461,109,24,26
461,108,24,26
461,108,24,26
462,109,23,26
462,109,23,26
461,108,24,26
462,109,23,25
461,108,24,26
461,108,24,25
461,108,23,25
461,108,24,25
461,109,23,26
461,109,24,25
461,109,24,25
461,109,23,26
461,109,24,26
461,110,23,25
461,109,24,25
460,109,24,25
461,109,23,25
461,108,24,26
461,109,24,25
461,108,24,26
461,108,24,26
461,108,25,26
461,109,24,26
461,108,25,26
461,108,25,26
460,108,25,26
461,107,25,26
460,108,24,26
461,108,25,26
461,109,24,26
461,109,24,26
460,108,25,26
461,108,24,26
460,109,24,26
461,108,24,25
461,108,24,25
461,108,24,25
461,109,24,25
460,108,25,25
461,109,24,25
461,108,24,26
461,109,24,24
460,108,25,25
460,110,25,25
460,109,24,25
461,108,24,25
462,109,23,24
460,109,24,25
461,108,24,26
460,107,24,26
461,109,24,25
462,109,23,25
461,110,23,25
462,110,24,25
462,109,23,24
462,110,23,24
462,110,23,24
462,110,23,23
462,110,23,24
462,110,22,23
462,110,22,23
462,109,22,23
462,110,23,23
462,110,23,23
462,109,22,23
462,110,23,24
461,109,23,24
462,109,23,24
462,108,23,24
462,109,23,25
462,109,23,24
462,109,23,24
461,109,23,25
461,109,23,24
461,109,23,24
462,109,23,24
461,109,23,24
461,109,23,24
461,109,23,24
461,109,23,24
461,109,24,24
461,109,24,24
461,109,24,24
461,109,24,23
461,109,24,24
461,108,24,24
461,109,24,24
461,108,24,25
461,109,23,25
460,108,24,25
461,109,24,25
461,109,24,24
460,108,24,25
460,108,24,25
461,108,23,25
460,108,24,25
460,108,25,26
460,108,24,26
460,108,24,26
460,108,24,25
460,108,24,26
461,108,23,26
460,108,24,26
461,108,24,25
460,109,24,25
460,108,24,26
460,108,24,25
460,108,24,25
460,108,25,25
460,108,24,26
459,108,25,25
460,109,24,25
460,108,24,25
460,108,24,26
460,108,24,26
460,108,24,26
460,108,24,26
460,108,24,26
460,108,24,26
460,108,24,28
461,108,24,26
460,108,24,27
461,108,24,26
460,108,23,27
461,108,23,26
461,108,23,27
460,107,24,26
460,108,24,26
460,107,24,27
460,108,24,27
461,108,24,26
460,108,24,26
460,108,24,26
460,108,24,25
461,109,23,25
460,108,25,26
460,107,25,26
460,107,25,28
460,107,25,28
460,107,25,28
460,107,25,27
460,108,24,28
460,108,24,27
460,108,25,28
460,108,24,28
460,108,24,28
460,108,25,28
460,108,24,28
461,108,23,28
460,107,25,27
460,107,24,28
460,108,24,27
460,108,24,28
460,108,24,28
460,108,24,28
460,108,24,28
461,108,24,27
460,108,24,28
461,108,24,27
461,108,24,28
460,108,24,28
460,108,24,27
461,107,24,27
460,107,24,29
460,108,24,27
460,107,25,27
460,107,25,27
460,107,24,29
460,107,24,28
460,107,25,28
460,108,24,28
460,108,24,28
460,108,24,28
460,108,24,26
461,108,24,26
460,108,24,26
461,108,24,27
461,108,24,28
461,108,24,27
461,108,24,26
460,108,24,27
460,108,24,27
461,108,24,27
461,108,24,27
460,108,24,26
460,108,25,27
461,109,24,27
460,108,25,27
460,108,24,27
460,108,24,27
461,108,24,27
460,108,25,27
460,108,25,27
460,109,24,27
459,107,25,27
460,108,24,27
460,109,24,27
460,108,25,27
459,108,25,27
460,108,25,27
460,109,24,27
460,108,25,27
460,108,25,27
461,108,24,26
460,108,25,27
461,108,24,26
461,109,24,27
461,108,24,27
460,108,24,28
460,108,25,27
460,108,26,27
460,109,25,27
460,108,26,27
460,109,25,27
461,108,24,26
462,109,24,25
461,109,23,26
461,110,24,25
462,109,23,24
462,109,23,25
462,110,23,24
462,110,23,24
461,109,23,25
462,109,23,24
461,109,24,26
462,109,23,25
462,109,23,25
461,110,23,25
461,109,24,25
462,110,23,24
461,110,23,25
462,110,23,24
462,109,23,25
461,110,23,25
462,109,23,25
462,110,23,24
462,110,23,25
461,109,23,25
461,109,23,25
462,110,23,25
461,109,24,25
461,110,23,24
461,109,24,25
462,109,23,25
461,109,24,26
461,109,24,25
462,109,23,25
462,110,23,24
461,110,23,24
461,109,24,25
461,110,24,25
461,110,23,24
462,110,23,24
461,109,24,25
461,109,24,25
461,109,24,24
462,110,23,24
460,110,24,25
461,110,24,24
461,110,24,24
461,109,24,24
461,110,24,24
460,109,24,25
461,110,24,24
461,109,24,25
461,109,24,25
461,110,24,24
461,109,24,25
461,109,24,26
460,109,26,26
460,108,26,26
460,109,25,27
460,109,25,26
459,108,26,27
460,109,25,26
460,108,25,26
460,108,24,26
461,108,24,26
460,108,24,26
460,108,24,26
460,108,24,27
460,108,24,26
460,108,25,26
461,108,24,26
460,108,24,26
460,108,24,26
461,108,24,26
460,108,24,27
460,108,24,27
460,108,25,27
460,108,24,26
460,109,24,27
460,108,24,26
460,109,24,26
461,109,24,26
460,108,24,26
460,108,25,25
460,109,24,25
460,108,25,26
460,108,25,27
460,109,24,26
460,108,24,26
459,108,25,26
461,108,24,25
460,109,24,26
460,109,24,25
461,109,24,24
461,109,23,25
460,108,24,26
461,110,23,25
461,109,23,25
461,109,23,25
460,108,24,25
461,109,24,25
460,108,24,26
461,109,24,25
461,108,24,26
461,108,24,27
460,108,24,26
461,108,23,25
461,109,23,25
461,109,23,26
460,108,24,26
460,108,24,26
460,108,25,26
460,108,25,27
460,108,24,27
460,108,25,26
460,108,24,25
460,108,25,26
460,108,25,26
460,108,25,27
459,107,25,27
460,108,24,26
460,107,25,26
459,107,25,27
460,107,24,27
460,107,24,28
459,106,25,28
459,106,25,28
459,106,25,28
459,107,25,28
459,107,25,27
459,106,25,28
459,106,25,28
459,107,25,27
459,107,25,28
459,106,26,28
459,106,26,28
458,106,26,28
458,105,27,29
458,105,28,30
458,105,28,30
458,107,27,29
458,106,28,29
457,105,29,28
457,106,29,28
457,106,29,29
456,104,31,30
456,105,30,29
457,106,29,30
457,105,29,30
458,106,28,29
457,106,29,29
457,106,29,29
457,105,30,29
456,105,31,30
456,104,32,31
456,105,30,30
456,105,30,31
455,103,32,31
456,105,30,31
457,105,31,31
457,105,29,31
456,105,30,31
456,105,31,31
456,104,31,31
456,105,30,30
457,105,30,30
457,105,30,29
457,105,30,29
457,105,30,30
457,106,29,30
458,106,28,29
457,105,30,30
458,106,28,29
457,105,30,31
457,106,29,30
457,106,29,30
457,105,30,30
457,106,29,29
457,106,29,28
457,106,29,28
457,106,30,29
458,106,29,28
457,106,29,29
457,106,29,29
457,105,30,29
457,106,29,29
457,106,28,29
458,107,28,28
458,106,28,28
458,106,28,29
457,105,29,30
458,106,28,29
458,106,28,29
458,106,28,29
457,106,29,29
458,106,28,29
458,106,28,29
458,107,27,28
458,106,28,30
458,106,28,29
458,107,27,28
458,107,27,29
458,107,27,28
458,106,28,29
458,106,28,29
459,107,27,29
458,106,28,30
458,106,27,29
459,107,27,29
458,106,28,30
458,106,28,30
459,107,27,30
459,107,27,29
458,106,28,29
458,106,28,29
458,106,28,29
458,106,27,28
458,107,27,28
458,106,27,28
459,106,27,29
458,106,27,28
458,107,27,28
457,106,29,30
458,106,28,29
458,107,27,30
458,106,28,30
458,106,27,30
458,106,28,30
458,107,28,30
457,106,28,30
458,106,28,29
458,107,27,28
457,106,28,29
457,107,28,29
458,107,27,29
458,106,28,29
458,106,28,29
457,106,28,30
