279,256,504,404
280,258,501,405
274,269,507,400
279,273,504,397
277,277,510,397
274,276,513,398
267,283,513,396
259,290,515,395
250,297,515,392
247,297,508,393
240,297,512,392
246,296,507,391
235,295,509,389
228,296,507,384
226,295,501,373
220,291,497,372
226,292,495,379
213,294,489,374
229,298,495,379
241,301,489,382
246,315,483,376
249,325,484,370
241,326,480,372
245,329,483,368
233,340,473,376
222,364,481,367
185,391,486,348
145,403,489,365
134,422,478,373
135,425,478,368
127,488,467,341
38,502,471,378
33,534,458,335
13,533,467,329
-19,539,466,330
-22,534,467,328
-55,526,448,360
-79,549,455,332
-76,562,445,328
-85,565,436,322
-72,564,448,321
-67,563,446,316
-75,573,432,314
-76,581,420,304
-72,583,418,297
-63,586,412,291
-44,580,399,289
-44,575,396,285
-31,516,391,279
-32,459,373,268
1,343,376,279
16,284,372,279
17,258,379,272
9,258,373,270
23,251,365,261
61,234,366,255
87,220,379,261
109,211,375,257
129,201,371,256
131,200,368,255
158,198,364,258
168,192,355,253
175,191,354,253
175,179,341,257
198,153,347,260
186,151,350,265
200,82,353,283
187,-10,370,317
192,-6,375,320
183,13,380,320
137,18,368,295
133,26,365,331
146,92,380,342
116,132,370,346
120,156,365,338
95,140,354,332
123,170,383,341
135,173,392,347
118,172,395,344
131,180,395,341
117,176,399,343
118,172,396,340
119,169,397,344
119,169,404,349
107,167,407,350
113,166,412,349
115,167,403,347
115,169,403,349
117,173,396,350
111,173,392,345
120,174,396,347
119,175,406,352
111,175,407,352
107,171,416,355
102,180,401,354
104,180,397,354
99,188,397,363
89,199,404,357
81,198,412,360
82,199,412,374
68,210,416,361
67,213,411,361
69,212,416,362
63,218,415,359
50,226,417,368
38,234,417,364
34,230,425,360
31,232,426,368
15,234,428,363
13,237,427,360
3,236,422,357
-23,234,436,364
-14,233,438,366
-20,233,441,371
-21,237,433,367
-35,232,433,370
-39,233,428,370
-46,234,432,375
-20,231,417,357
-30,234,414,362
-41,236,417,360
-45,236,419,362
-46,240,410,361
-53,235,416,363
-49,235,417,358
-48,236,407,357
-52,234,408,358
-58,233,413,363
-59,235,406,358
-64,236,406,356
-61,240,403,363
-64,239,405,363
-73,244,413,360
-69,250,405,361
-60,252,400,354
-56,254,397,354
-67,250,410,360
-59,252,396,353
-62,249,402,354
-49,251,401,349
-56,250,417,345
-47,250,413,340
25,255,397,332
21,254,401,329
27,247,405,337
37,242,421,333
59,242,412,330
88,236,409,343
115,236,402,338
104,231,407,341
106,226,405,347
109,222,414,353
108,217,413,356
106,218,406,351
104,205,411,358
101,204,418,362
110,201,428,363
104,202,421,358
122,193,431,364
134,192,429,360
145,190,429,353
127,190,437,358
138,196,440,345
171,188,450,351
186,189,447,355
189,192,437,353
199,188,427,365
203,189,430,362
204,189,435,367
215,190,438,373
213,186,453,380
214,184,451,384
219,180,449,389
203,180,453,390
201,162,445,405
195,138,447,400
198,132,460,407
184,116,469,405
142,127,480,379
140,126,473,374
123,127,495,376
94,131,488,375
89,135,490,372
70,136,492,373
55,139,493,376
58,141,488,375
49,145,483,372
42,142,483,370
26,153,479,357
-21,151,488,362
-48,149,488,360
-47,151,484,365
-79,154,489,366
-70,159,478,359
-70,162,461,357
-59,155,429,368
-55,154,427,365
-61,154,428,364
-51,148,419,361
-60,146,427,360
-58,142,428,366
-56,144,435,364
-57,139,435,369
-60,140,436,366
-56,132,436,363
-48,131,432,364
-57,132,435,367
-51,134,434,366
-59,136,439,365
-51,135,435,367
-62,139,437,366
-57,145,434,368
-48,151,430,365
-52,152,423,361
-52,162,412,363
-38,163,407,359
-49,172,406,357
-47,178,407,358
-51,188,401,356
-53,192,398,354
-52,194,397,358
-49,194,393,352
-50,201,395,360
-54,212,396,355
-49,217,402,357
-37,226,397,355
-39,228,399,355
-43,227,403,350
-36,231,401,347
-37,228,404,349
-42,225,414,353
-43,225,414,350
-42,226,417,356
-50,227,415,356
-42,227,421,355
-45,230,418,354
-49,228,424,358
-38,229,427,359
-50,223,432,368
-43,224,433,364
-44,223,433,362
-41,227,430,365
-48,229,433,365
-42,233,427,365
-45,236,426,370
-35,237,423,360
-51,234,434,366
-45,233,428,363
-55,233,431,367
-48,238,427,368
-35,241,422,361
-41,238,430,366
-47,241,428,368
-38,245,420,364
-29,250,416,358
-43,253,414,360
-49,255,418,357
-33,254,407,356
-46,256,413,361
-27,261,400,355
-43,268,403,355
-49,273,402,348
-51,276,399,353
-45,276,397,352
-48,285,396,355
-40,287,398,354
-49,285,392,348
-54,286,377,351
-58,286,379,349
-59,286,378,348
-56,284,375,348
-56,283,378,348
-58,281,386,350
-58,280,391,350
-60,280,390,354
-63,279,394,353
-58,276,396,351
-61,277,391,351
-58,279,389,352
-56,278,395,355
-58,276,394,356
-47,276,392,354
-53,273,397,354
-63,267,402,361
-51,269,400,360
-61,269,409,366
-55,270,406,365
-64,268,411,368
-53,270,416,364
-67,266,424,366
-58,260,428,364
-51,259,431,367
-56,262,445,352
-45,268,434,349
-16,261,433,342
4,258,433,351
-1,256,424,363
11,255,418,356
8,255,418,356
14,255,416,358
4,257,423,363
10,252,423,360
15,252,427,365
14,247,430,365
20,244,433,368
9,243,436,373
25,236,430,368
20,223,435,368
26,219,440,377
21,211,439,379
22,207,446,385
21,206,452,386
21,201,448,388
22,194,442,388
9,188,449,390
17,186,442,384
8,183,447,386
18,188,435,385
14,185,445,387
13,182,447,390
13,178,445,385
10,173,449,386
20,175,442,385
14,172,449,386
-4,167,458,394
19,170,439,381
9,167,451,388
16,165,440,385
12,160,445,389
21,164,441,386
13,156,446,390
-3,147,464,400
23,150,442,390
-5,135,463,399
-3,131,457,396
18,136,441,387
7,127,450,392
5,123,452,391
1,122,452,391
-4,119,456,391
9,126,440,386
-1,125,443,386
-5,125,449,387
-2,126,440,386
-16,123,444,385
-24,123,447,387
-27,123,441,387
-25,124,439,388
-40,121,447,391
-46,119,447,390
-35,125,438,385
-35,126,437,384
-38,125,443,387
-45,121,447,396
-34,124,437,390
-40,132,439,386
-48,133,446,390
-67,134,461,378
-69,135,453,377
-81,135,461,384
-61,140,427,381
-70,140,418,378
-68,142,406,382
-69,147,411,379
-56,149,400,374
-69,151,404,373
-51,152,392,371
-57,156,396,375
-56,157,397,375
-60,158,397,375
-61,159,406,378
-53,159,399,376
-63,166,405,378
-56,168,407,375
-60,169,418,384
-66,173,439,395
-58,192,463,385
-61,193,463,384
-44,195,451,391
-34,205,458,387
-24,210,451,385
-9,207,453,383
-0,202,454,381
1,202,456,383
-4,200,454,389
17,200,436,378
4,197,446,385
-4,191,450,389
1,185,449,389
7,186,441,387
-7,178,446,389
7,171,445,387
-2,168,445,390
0,159,447,395
2,148,451,398
13,151,439,391
14,148,438,387
11,141,437,387
8,140,443,393
8,137,445,391
18,139,439,388
13,139,439,389
8,138,442,389
16,136,445,388
19,136,442,386
33,135,436,384
29,132,443,388
33,132,446,391
30,136,441,391
35,136,445,390
39,135,445,389
47,134,440,388
42,135,440,387
43,137,440,384
39,134,441,389
44,139,433,385
50,137,431,383
50,144,430,383
44,141,439,388
30,138,444,394
40,140,439,390
35,143,446,393
51,151,440,390
47,150,445,395
57,157,440,391
53,157,445,392
53,162,445,393
60,166,442,390
57,166,445,390
64,167,442,391
68,171,445,392
71,169,446,395
69,170,447,392
63,172,449,393
70,171,450,396
61,173,449,398
69,174,456,401
67,173,459,402
70,173,451,401
72,173,454,402
74,173,456,399
76,175,452,400
77,172,456,405
74,173,456,403
76,177,457,399
85,175,456,394
77,178,450,394
77,176,450,394
70,178,451,396
70,177,458,396
73,177,456,396
78,178,456,396
74,178,456,394
81,175,457,396
78,175,449,395
77,175,459,395
81,172,459,400
85,170,463,397
84,169,461,401
85,166,463,398
89,168,460,397
95,168,457,393
87,167,454,395
90,166,451,387
83,162,456,394
81,161,453,390
93,158,451,392
100,157,453,392
90,153,456,394
88,149,452,393
83,145,454,397
90,139,453,399
71,140,459,398
79,139,461,398
80,136,463,399
82,138,457,396
75,136,462,395
77,133,461,396
75,130,463,401
80,131,462,396
76,129,460,398
75,130,465,396
80,127,465,398
83,124,460,394
74,120,462,399
68,119,472,401
73,118,471,401
64,117,474,399
63,113,475,403
69,109,470,404
63,108,474,405
62,110,471,401
62,107,475,406
65,106,468,408
60,105,473,406
65,105,469,403
61,105,473,401
63,105,474,402
64,108,471,400
67,111,469,397
66,106,468,402
59,107,473,403
65,109,471,400
59,108,466,404
59,108,475,404
62,110,474,406
62,107,469,410
58,106,473,408
65,105,467,404
63,102,473,409
59,103,470,408
54,101,481,412
57,99,473,409
60,101,471,410
66,100,471,409
64,99,469,412
65,102,471,404
59,103,469,409
57,103,472,409
55,106,470,405
64,110,464,398
60,109,467,403
61,111,465,399
60,110,467,397
66,114,464,397
64,114,462,399
69,120,458,394
72,117,455,396
68,121,455,395
63,122,462,398
74,126,458,399
66,127,464,402
68,133,460,399
67,133,462,400
69,135,456,397
62,137,454,398
65,138,458,396
70,140,460,396
78,141,454,390
73,140,460,395
62,140,460,397
72,143,458,393
66,140,461,396
67,140,459,395
71,140,460,395
66,141,462,396
67,141,459,394
67,142,459,393
70,142,459,393
55,139,467,399
63,141,460,393
60,140,464,398
69,141,461,394
70,141,458,393
70,140,461,392
69,138,465,396
66,139,465,394
70,138,463,393
63,136,464,397
65,133,465,398
59,128,466,401
55,126,468,400
58,119,477,401
60,121,469,396
60,116,475,401
60,106,472,402
67,102,464,402
65,95,464,397
64,87,465,403
72,88,465,405
66,79,472,410
66,80,473,403
66,75,471,405
57,77,465,403
67,77,470,399
64,73,471,405
57,72,471,405
63,75,467,406
64,75,468,406
64,79,461,399
60,81,459,402
65,82,463,396
62,81,462,395
57,80,465,401
64,82,468,398
59,79,468,404
59,77,464,404
55,78,463,406
60,78,462,405
55,81,457,399
62,85,454,398
61,92,450,398
61,87,448,423
55,87,450,427
58,113,454,417
54,119,456,419
59,132,453,423
64,142,459,416
68,139,459,415
69,136,461,422
58,129,468,421
58,121,470,430
68,96,457,436
48,89,481,426
16,84,505,425
28,83,499,423
8,91,507,428
11,86,489,431
-20,93,511,428
-48,104,513,427
-38,106,487,436
-39,108,484,433
-32,102,480,423
-34,103,481,422
-26,107,479,425
-30,114,482,427
-18,130,473,424
-16,128,475,427
-11,146,480,418
13,159,457,420
27,248,449,405
46,275,487,398
47,280,475,406
53,280,473,404
40,293,471,396
53,292,472,397
52,290,466,392
73,293,468,396
69,296,471,392
56,297,473,391
81,288,477,401
68,290,476,401
53,292,480,399
59,294,476,403
54,306,469,397
50,303,474,397
37,313,475,397
30,318,481,401
18,321,496,394
-16,336,498,399
-15,344,487,399
-15,345,483,392
-11,352,483,390
-17,357,482,389
-25,365,473,387
-19,370,470,384
-6,375,457,374
-4,376,454,376
-22,381,457,376
-12,379,455,374
-25,379,460,378
-23,378,460,380
-17,369,456,380
-31,372,462,383
-34,366,464,383
-26,349,451,388
-18,320,445,405
-30,299,447,416
-35,284,456,424
-32,284,456,422
-34,281,458,411
-30,276,455,409
-39,273,450,413
-43,266,449,411
-35,247,445,420
-45,247,454,427
-46,236,460,426
-32,226,447,424
-49,217,453,427
-55,208,454,430
-51,197,451,428
-52,198,454,427
-53,192,452,423
-49,181,455,418
-50,175,456,420
-53,170,451,414
-58,167,450,411
-48,166,453,404
-56,162,454,412
-56,159,452,406
-58,150,448,408
-54,148,443,403
-53,145,437,398
-51,143,440,395
-58,141,444,399
-53,137,439,391
-63,134,445,396
-63,131,441,394
-66,129,442,395
-67,131,437,394
-69,124,444,398
-65,124,441,394
-70,123,443,397
-66,122,442,395
-63,118,439,396
-64,121,442,393
-69,117,437,396
-70,114,438,394
-56,110,429,384
-61,107,428,388
-64,110,431,385
-63,107,429,387
-60,106,430,385
-61,104,423,383
-58,100,420,382
-55,96,423,381
-58,93,424,382
-69,96,427,386
-64,97,422,386
-64,101,427,390
-61,108,421,393
-56,116,413,387
-52,121,408,394
-50,119,407,396
-55,140,413,393
-54,150,417,397
-52,163,412,395
-57,177,423,399
-55,190,428,394
-59,192,424,394
-57,198,428,388
-62,204,430,395
-57,208,432,387
-63,210,429,392
-62,208,434,386
-55,207,433,385
-59,209,433,386
-57,208,428,383
-58,207,430,386
-56,209,426,383
-60,207,434,384
-69,208,440,395
-63,206,438,391
-62,211,439,390
-64,213,441,396
-58,216,442,391
-50,220,442,389
-64,220,445,400
-55,225,448,401
-54,230,451,398
-54,231,448,403
-55,236,451,403
-55,241,454,404
-59,240,455,405
-59,243,455,407
-57,245,460,408
-46,252,456,399
-54,252,459,401
-53,254,463,410
-50,256,458,405
-57,254,465,407
-56,260,472,407
-46,264,463,404
-54,265,473,409
-50,270,471,408
-38,272,466,403
-49,269,472,405
-45,272,464,405
-50,270,471,407
-52,270,471,406
-52,272,471,406
-44,276,463,403
-51,275,469,400
-55,274,471,405
-58,275,475,410
-50,281,470,405
-58,284,479,406
-62,282,477,408
-50,290,472,401
-51,291,471,404
-53,293,469,405
-51,299,463,399
-56,300,470,403
-48,300,466,402
-51,302,471,403
-50,305,467,403
-52,308,473,401
-41,314,457,393
-57,314,469,400
-54,316,459,396
-48,319,457,394
-53,315,464,401
-49,322,457,397
-38,329,456,389
-44,327,458,390
-56,324,470,397
-54,327,464,394
-55,326,461,395
-56,324,460,394
-64,324,470,393
-54,327,464,389
-52,327,463,388
-43,334,456,385
-54,324,468,390
-53,324,470,391
-46,329,459,384
-49,326,463,385
-41,330,463,382
-47,325,464,383
-26,335,452,378
-40,331,456,380
-46,327,458,380
-43,323,458,382
-53,320,467,382
-52,322,463,383
-61,318,465,383
-39,325,456,377
-45,315,454,382
-57,313,462,383
-45,317,453,379
-53,310,454,388
-53,308,455,386
-55,300,448,382
-56,298,453,380
-55,288,453,393
-59,289,455,392
-53,287,449,395
-68,277,461,402
-61,284,456,380
-53,295,461,369
-76,316,479,367
-47,321,462,356
-93,315,473,368
-121,312,463,363
-122,303,436,359
-139,284,435,357
-125,345,431,354
-134,331,428,352
-108,354,423,348
-36,379,421,346
-46,367,418,344
-51,356,417,343
-45,372,418,343
-44,395,412,338
-58,411,414,340
-51,434,420,345
-27,450,423,348
7,465,421,346
8,473,421,346
-3,456,429,353
-49,439,425,349
137,328,431,354
236,327,428,352
258,316,430,354
199,321,438,361
22,373,431,355
-3,266,431,355
-34,272,437,360
-5,269,441,363
-43,225,438,361
33,289,435,359
81,258,437,361
-53,294,433,358
-37,318,438,362
-47,421,445,368
-80,481,449,327
-50,470,452,373
-61,494,457,319
-35,441,447,370
-49,446,450,372
101,452,439,363
-56,464,435,360
16,459,433,358
-33,456,430,356
-54,442,429,355
-43,440,428,354
-43,398,432,357
-17,281,436,360
-28,120,441,364
-45,177,441,364
32,280,439,362
-61,30,433,358
32,13,433,358
43,73,428,354
295,26,424,351
197,16,429,355
-50,7,442,379
-57,-9,461,383
-19,-20,434,359
-32,-25,458,381
-15,0,434,360
-38,-8,470,357
-50,-3,472,344
-51,-16,457,353
-65,-18,466,346
-48,-19,460,343
-18,-24,459,345
-23,-32,460,349
15,-28,440,352
26,-24,459,350
124,-25,413,342
134,-26,444,335
146,-31,442,333
156,-26,444,332
215,-15,431,319
248,-14,436,323
297,-31,427,323
339,-20,430,321
352,-23,433,321
363,-25,412,341
337,-23,447,331
398,-31,440,328
388,-41,416,344
416,-42,437,335
408,-35,436,331
444,-32,432,333
480,-42,431,330
499,-51,435,330
532,-52,418,327
574,-55,422,328
608,-51,424,329
598,-53,426,331
654,-51,426,329
689,-52,439,340
743,-56,439,340
785,-31,436,352
770,7,458,353
793,4,462,360
798,1,465,352
840,13,452,357
839,54,438,353
864,56,433,333
882,63,426,354
880,61,431,359
883,84,421,338
893,80,401,327
930,71,417,346
935,85,386,328
955,78,376,330
970,62,409,340
973,71,371,324
982,65,362,327
1005,71,354,325
1002,68,348,322
1017,68,343,316
1006,71,341,316
1015,56,346,319
1024,60,336,311
1024,60,335,310
1040,56,330,306
1036,60,319,296
1037,56,320,299
1048,61,328,300
1051,45,322,300
1037,58,323,298
1036,35,321,301
1027,23,325,302
1052,40,318,296
1034,42,313,298
1038,35,309,298
1032,32,308,295
1032,40,303,289
1025,42,309,290
1027,37,305,288
1025,35,310,289
1022,38,306,289
1022,30,305,286
1012,36,314,283
1000,28,317,290
1015,33,305,285
1020,28,303,283
1029,17,301,286
1039,18,292,279
1039,14,293,278
1049,16,296,278
1053,11,296,281
1070,6,292,280
933,28,332,277
893,22,348,280
916,31,333,275
935,45,324,265
927,44,323,265
949,45,319,264
960,55,313,262
943,53,311,258
954,63,309,259
951,58,306,256
944,59,303,251
954,64,303,252
938,56,306,251
949,40,305,259
937,19,311,271
957,-0,318,275
967,0,322,278
960,9,315,269
982,-2,316,273
984,2,310,253
1006,-3,306,257
1016,-1,288,257
1009,-14,295,260
1041,-7,279,242
1060,-11,269,235
1055,-14,274,237
1005,-28,288,250
994,-32,292,256
992,-38,296,261
988,-49,299,261
969,-48,305,264
986,-39,294,259
978,-41,294,255
986,-42,289,254
971,-38,292,250
972,-36,292,250
975,-36,291,250
983,-44,290,252
983,-33,286,254
971,-38,293,251
972,-38,291,249
986,-36,286,246
959,-42,299,253
964,-42,298,255
965,-44,297,250
990,-47,289,250
978,-40,287,244
994,-25,279,245
1038,-18,267,238
1042,-14,268,242
1055,-4,267,238
1067,-13,256,236
1078,-15,259,237
1081,-23,248,244
1052,-25,286,243
1003,-31,284,241
998,-24,287,241
978,-36,282,242
970,-27,283,243
958,52,295,251
975,92,304,243
926,15,309,242
891,-21,297,253
871,-27,318,246
876,-30,317,247
835,-54,326,240
853,-53,324,243
836,-59,320,239
869,-52,314,243
911,-60,294,250
871,-62,295,234
883,-58,295,237
882,-59,288,232
883,-79,290,246
893,-80,288,244
900,-74,290,246
903,-77,285,241
865,-46,285,241
846,205,284,240
772,174,286,241
807,223,281,237
803,210,282,238
819,223,281,237
827,222,279,236
784,255,281,237
810,192,283,238
898,9,285,239
930,-62,292,233
910,-63,294,233
903,-54,296,231
899,-53,297,229
893,-31,302,232
908,1,296,233
893,3,314,235
890,7,319,239
883,16,309,237
858,26,317,234
850,22,317,233
842,18,322,234
825,12,328,239
818,9,335,243
815,4,332,242
809,7,323,236
793,18,315,231
799,20,313,231
783,8,317,233
788,8,314,232
779,21,314,231
803,1,302,236
801,3,302,241
783,18,311,233
817,13,305,236
819,8,306,236
810,17,304,240
806,59,293,242
786,65,314,242
783,73,309,233
782,68,316,237
778,64,320,238
770,60,318,236
763,72,306,232
761,74,305,232
758,87,289,238
748,89,290,241
750,89,288,237
797,70,281,237
805,74,282,231
814,81,277,227
806,72,280,233
799,70,287,233
801,64,292,236
801,61,293,238
805,72,289,234
809,59,281,231
818,54,286,232
813,66,293,231
815,64,291,229
825,51,287,223
833,53,286,222
815,59,284,220
824,48,285,217
827,28,274,227
813,24,279,230
823,10,289,226
812,3,290,230
816,-2,287,223
796,1,282,226
786,-19,274,227
780,-14,275,230
781,-9,282,222
714,-22,285,223
675,-31,282,225
608,-16,279,224
552,-7,282,225
544,-2,286,228
517,-7,284,225
521,-21,284,224
513,-22,286,228
521,-31,288,223
546,-32,275,228
543,-37,277,229
570,-33,286,225
567,-36,283,225
610,-36,276,222
619,-48,286,232
637,-39,275,239
629,-37,274,243
648,-44,281,249
658,-9,279,243
676,48,288,232
695,51,298,238
697,60,289,240
696,66,288,240
677,86,295,235
680,77,296,235
667,90,291,235
650,100,293,233
642,91,291,231
638,91,292,230
622,93,294,231
615,86,292,231
596,95,268,237
572,71,281,230
544,78,276,224
537,86,277,227
511,79,278,227
488,76,284,229
476,78,280,227
443,78,288,231
432,84,292,235
434,81,295,238
423,80,299,241
398,78,296,241
375,83,293,246
372,93,289,245
373,93,291,243
372,92,293,244
377,84,292,244
363,88,296,245
363,100,298,247
356,94,295,246
372,92,296,241
371,94,292,239
373,92,296,238
387,87,297,239
382,92,301,239
410,97,291,234
409,96,293,233
412,99,288,231
397,95,303,238
402,104,295,237
389,110,297,241
379,113,298,241
381,117,297,240
378,113,300,243
385,113,304,246
385,106,312,248
407,107,308,248
419,105,307,250
417,110,309,251
417,102,311,247
449,93,306,248
442,84,312,252
432,78,320,250
430,83,318,249
438,88,307,247
432,75,314,244
431,69,311,240
398,81,311,243
397,65,316,242
394,60,310,238
401,54,300,247
402,57,302,250
396,31,304,247
380,31,301,248
379,7,295,255
366,8,308,247
356,2,310,249
343,2,318,254
358,-7,317,257
383,8,310,245
419,4,304,244
407,10,307,242
437,9,290,245
435,10,295,247
421,1,301,248
422,-2,300,246
420,-15,300,249
407,-20,301,243
419,-19,290,242
418,-18,292,242
418,-34,278,258
416,-33,291,244
406,-34,284,253
398,-34,282,248
407,-33,281,245
410,-33,277,236
403,-37,276,240
409,-35,278,243
391,-35,282,238
386,-38,280,242
371,-35,279,241
379,-39,279,243
375,-43,275,244
382,-52,284,252
372,-65,287,249
365,-69,290,250
371,-57,280,249
364,-55,281,248
364,-66,287,251
369,-47,278,248
366,-64,285,249
345,-67,296,251
354,-61,295,254
358,-60,292,252
347,-62,300,254
341,-54,302,261
341,-43,294,266
360,-36,306,256
365,-31,308,261
360,-39,315,264
362,-28,312,263
366,-34,316,266
364,-29,317,266
373,-26,309,265
367,-28,315,268
371,-27,314,270
356,-28,319,272
364,-35,324,276
356,-40,326,273
372,-36,326,271
372,-34,326,275
382,-46,327,276
367,-37,330,279
381,-31,329,271
403,-36,314,289
415,-17,313,281
399,-26,323,284
426,-28,315,280
410,-25,319,282
406,-26,325,277
409,-17,317,275
404,-10,314,268
414,18,315,259
423,14,313,257
386,58,313,263
357,82,318,254
320,89,325,259
333,90,321,262
317,87,329,261
323,87,323,259
332,85,321,258
331,91,325,259
328,88,323,261
337,88,320,253
357,92,315,255
349,89,320,255
355,89,317,259
357,86,330,263
355,92,332,264
354,89,329,259
412,77,326,260
425,83,317,256
403,73,328,260
411,65,320,255
409,58,310,273
424,54,313,256
416,46,320,258
415,51,317,259
408,51,319,260
409,52,309,255
411,43,308,250
410,52,305,246
405,50,301,249
401,45,310,251
409,42,309,253
391,49,320,260
382,56,322,265
371,64,325,259
363,60,333,256
346,70,332,257
356,67,327,262
335,75,333,264
322,63,333,258
337,65,325,259
300,66,332,258
320,74,322,259
320,66,316,274
312,81,324,263
317,63,312,276
316,56,307,277
308,17,319,287
329,22,314,288
318,-1,315,271
310,-26,325,285
298,-38,321,296
301,-39,321,277
299,-44,320,280
296,-43,323,280
297,-51,323,282
284,-48,314,282
287,-50,310,277
281,-49,301,268
279,-51,295,265
272,-48,299,267
258,-47,303,269
270,-42,300,270
260,-45,297,265
268,-44,298,267
256,-51,300,267
269,-50,296,265
267,-45,294,276
272,-8,300,269
313,19,316,261
332,10,305,289
343,29,311,273
338,38,311,275
333,31,315,271
343,36,312,267
350,26,315,267
352,29,314,263
351,26,318,266
332,32,321,269
339,26,315,272
348,17,328,276
360,5,324,276
367,-8,327,277
373,-13,323,277
366,-8,328,284
373,-14,332,277
385,-19,324,274
387,-9,318,274
401,-14,312,271
410,-20,317,268
408,-9,313,267
416,-26,313,276
403,-36,315,281
416,-39,309,281
413,-44,317,278
435,-39,312,275
440,-44,309,271
439,-39,310,283
453,-33,303,286
460,-3,300,290
452,7,311,287
452,21,319,265
450,29,317,265
446,28,317,261
453,23,309,259
450,24,315,264
450,24,305,256
447,20,309,258
444,26,308,257
443,18,309,257
441,17,309,261
456,13,309,263
442,15,311,266
440,10,317,270
443,19,310,266
453,21,308,264
456,17,301,257
447,23,303,258
451,17,301,257
457,24,299,258
451,17,304,261
445,16,304,260
438,23,303,256
441,26,302,255
438,28,305,257
437,41,297,256
438,32,296,251
443,33,292,249
446,31,290,247
445,39,289,247
432,42,294,249
438,49,292,249
432,39,293,247
424,34,299,251
428,43,293,249
437,33,293,247
416,44,289,255
436,54,287,248
431,44,294,246
429,46,289,245
432,50,290,248
428,52,292,249
430,41,294,249
425,50,290,248
426,39,292,246
420,45,290,248
413,30,296,246
415,32,289,244
407,18,291,239
410,24,283,236
412,26,278,235
396,18,280,231
390,14,288,235
385,13,292,241
387,20,289,237
404,18,287,238
401,17,284,235
401,18,282,231
397,12,285,237
401,17,282,239
402,13,287,240
397,12,290,240
402,8,289,238
404,7,286,237
402,10,284,238
406,4,286,240
388,-11,294,244
400,0,291,249
387,3,290,243
389,-3,292,245
392,-4,288,242
386,-4,288,241
379,2,286,241
384,-2,290,242
378,4,288,241
365,-1,288,238
360,0,286,236
374,5,282,234
370,4,282,232
374,3,282,234
361,3,283,233
358,3,287,237
362,2,286,234
349,1,289,236
345,11,285,232
351,3,283,231
356,-3,287,236
355,1,288,237
343,2,285,230
349,7,283,230
338,14,284,232
345,4,285,232
328,9,287,234
324,13,290,235
333,8,287,232
322,11,285,229
330,15,285,230
344,13,283,231
331,12,287,230
352,17,280,229
342,24,280,230
343,13,287,232
343,20,279,225
351,20,277,223
337,20,286,229
352,25,280,227
365,18,279,228
371,15,278,229
375,10,284,233
359,10,292,239
353,11,296,240
355,9,294,239
355,11,291,239
377,9,285,239
364,6,290,240
363,5,287,237
368,9,282,233
364,6,283,234
363,5,283,235
370,-1,282,233
370,8,281,233
373,9,277,231
370,5,280,231
378,1,277,230
376,7,276,228
382,-3,280,231
388,2,279,233
384,5,284,231
384,-4,284,227
389,-7,287,232
397,-7,284,231
405,-12,285,231
423,-8,268,248
426,23,272,250
424,16,272,246
469,33,270,234
476,33,280,238
515,130,271,244
517,152,281,240
535,161,285,243
536,159,286,245
530,208,278,241
511,210,288,244
498,218,282,235
444,208,286,247
442,179,273,236
446,189,274,239
418,182,276,239
368,174,285,246
390,102,284,238
385,78,284,241
373,88,284,241
365,86,287,240
408,72,269,236
396,19,285,235
371,11,295,242
395,-5,280,239
386,-16,294,242
383,-19,297,246
408,-31,285,244
458,-44,275,240
448,-47,281,243
444,-45,279,242
484,-43,274,236
486,-50,275,237
502,-66,277,239
482,-66,279,241
490,-66,285,247
459,-67,291,252
431,-66,294,254
445,-75,297,257
423,-60,301,261
282,47,300,260
309,-3,301,261
271,24,295,256
266,128,295,256
343,94,294,255
341,4,291,253
329,91,287,249
506,-31,285,247
543,-47,290,251
509,-49,290,251
550,-44,292,253
491,-58,295,256
508,-61,297,258
529,-63,294,255
516,-60,293,254
517,-49,294,255
512,-46,293,254
525,-51,290,251
538,-40,291,252
516,-51,293,254
494,-59,290,252
534,-45,281,244
516,-57,287,249
508,-42,285,247
503,-40,287,249
491,-32,279,259
465,-39,290,256
454,-32,293,256
463,-33,289,256
447,-26,289,253
451,-25,289,252
435,-29,295,251
433,-13,294,254
433,-20,294,251
431,-8,288,250
423,-4,298,254
426,0,296,251
418,-1,291,247
408,6,298,248
402,15,296,246
403,8,296,244
400,9,290,245
391,18,295,249
380,24,303,249
375,30,300,248
374,32,297,241
371,38,295,241
365,32,296,238
356,38,295,241
353,38,296,241
342,36,294,238
336,38,298,239
341,37,303,245
342,47,296,243
343,36,298,242
333,31,304,245
330,33,301,242
331,32,298,243
334,31,299,249
330,23,303,250
335,4,294,268
332,-4,292,268
325,-20,298,274
340,-32,290,268
338,-28,291,270
328,-29,294,267
333,-38,287,264
334,-47,297,249
344,-43,294,247
365,-37,293,252
368,-39,294,253
377,-40,290,249
380,-44,295,256
384,-40,292,252
387,-42,293,254
402,-37,296,256
394,-34,297,258
408,-34,296,255
423,-24,301,254
455,-10,309,255
480,-4,312,258
482,2,301,259
492,2,301,259
483,2,302,257
477,0,303,256
487,-8,305,258
478,-17,301,254
488,-26,289,251
489,-26,285,248
484,-32,277,250
506,-30,265,244
508,-38,266,262
516,-49,265,252
526,-58,271,234
531,-56,268,246
518,-66,274,246
514,-67,280,254
509,-60,271,248
483,-73,286,252
502,-69,284,257
504,-63,279,254
482,-73,293,260
510,-60,283,257
504,-66,286,255
520,-54,278,257
517,-44,270,261
517,-47,269,255
499,-54,281,246
491,-41,279,251
474,-47,284,246
462,-49,281,248
467,-44,276,245
459,-50,276,241
458,-49,274,239
462,-49,279,242
468,-44,278,242
449,-48,283,242
448,-44,285,246
456,-41,283,245
436,-41,287,243
432,-40,281,244
439,-41,277,240
427,-36,277,239
421,-31,282,247
404,-46,288,245
403,-38,284,244
403,-44,283,243
403,-48,287,246
379,-47,298,256
382,-44,295,255
373,-43,297,255
380,-40,297,256
380,-46,297,256
365,-40,297,256
373,-37,295,259
363,-46,298,259
356,-39,296,257
357,-35,294,259
349,-24,300,258
349,-30,295,264
339,-14,305,264
332,-13,306,262
327,-4,299,258
343,-5,293,268
325,12,303,253
335,17,302,255
330,33,300,256
326,37,302,256
334,29,304,258
325,49,307,258
343,58,306,258
340,57,305,254
339,62,307,256
352,62,309,256
353,63,304,254
360,56,304,252
351,56,300,249
356,52,295,245
362,49,297,243
360,52,288,238
364,50,291,237
368,41,288,236
358,48,286,236
355,40,289,239
355,33,293,240
371,42,290,239
