664,443,163,59
665,442,164,59
663,441,167,59
663,441,165,59
662,441,168,62
661,441,168,62
657,440,168,62
654,439,170,64
657,440,164,63
653,439,168,64
652,439,168,62
648,438,165,61
646,438,168,62
642,438,169,61
643,437,167,61
643,438,165,60
636,438,168,60
635,439,171,59
635,440,168,58
637,440,167,59
633,440,173,59
628,441,178,59
631,442,176,59
637,444,170,56
639,445,169,57
635,446,173,57
636,448,172,58
633,451,172,57
631,452,172,58
629,451,176,60
630,452,174,60
623,452,177,59
624,451,175,59
625,451,174,60
626,452,174,59
627,451,175,60
630,453,171,59
629,454,172,59
635,454,169,59
637,455,169,60
640,456,169,60
644,458,167,59
643,459,168,59
646,459,167,60
646,462,166,59
647,463,166,59
649,463,164,59
649,464,162,59
646,463,166,57
644,462,165,57
644,461,166,57
651,461,158,58
651,463,161,57
649,461,164,58
652,462,161,56
648,462,168,56
651,462,166,57
651,461,165,57
653,460,163,58
652,460,161,58
649,460,163,56
652,459,159,56
648,459,160,56
649,457,159,57
650,456,158,57
647,457,160,55
648,458,160,55
652,458,159,56
653,459,159,56
657,459,157,57
652,459,163,57
650,459,163,57
653,460,160,57
657,460,159,56
658,460,157,57
652,460,165,57
653,460,163,57
655,459,161,57
655,461,160,57
658,463,157,56
652,464,160,56
653,464,158,57
651,466,160,56
648,466,162,57
651,465,160,57
646,465,163,57
647,465,160,57
644,466,162,57
651,467,153,57
641,466,165,56
638,464,164,57
644,466,156,56
646,466,157,56
650,466,154,55
646,465,158,55
644,462,157,55
638,456,156,56
630,454,156,55
622,452,157,57
609,455,158,56
595,462,157,56
597,466,128,55
579,483,153,55
546,477,154,55
511,480,153,56
481,486,158,57
463,499,159,58
456,511,159,59
433,520,162,58
416,529,157,60
392,543,162,60
388,551,153,61
376,560,156,62
364,568,159,60
365,568,155,61
365,570,155,60
373,573,152,61
385,573,152,60
396,571,155,59
421,561,154,60
443,551,154,58
468,529,154,60
485,512,166,54
499,489,156,55
550,459,155,54
551,453,158,57
596,445,148,56
629,435,157,56
653,422,161,55
674,412,153,56
699,408,141,54
703,406,152,57
721,410,145,55
728,416,146,55
741,421,148,55
753,427,147,55
762,432,142,55
755,433,151,55
772,439,141,55
770,441,146,55
772,442,145,55
767,442,144,54
764,443,145,55
755,445,149,55
753,446,149,56
752,448,145,55
752,446,147,56
750,442,149,55
754,438,145,56
750,435,149,55
733,428,158,59
730,426,157,57
735,425,147,55
719,423,156,55
718,420,158,56
714,415,158,57
717,408,157,59
713,408,157,58
709,414,164,58
719,420,159,59
728,426,153,58
708,423,155,58
695,424,161,59
697,429,156,59
693,433,153,58
682,435,158,57
684,432,157,58
677,430,163,59
684,429,164,57
690,425,163,59
698,421,161,59
698,422,166,59
703,422,166,60
699,420,171,59
698,420,175,60
701,418,171,62
703,416,165,62
695,419,171,61
696,417,168,61
682,417,176,61
685,420,174,61
682,422,173,60
681,422,175,59
692,422,166,59
679,422,176,59
682,420,176,60
677,420,179,60
684,420,174,59
682,417,176,60
680,416,178,59
681,415,176,57
692,411,176,60
688,410,178,60
698,409,173,60
699,410,173,60
701,412,174,60
709,410,166,60
706,409,161,64
714,410,156,64
702,410,165,62
684,413,178,60
687,414,174,60
684,417,176,59
690,418,170,60
688,418,173,59
680,416,179,59
687,413,174,57
690,410,172,59
688,409,174,58
691,405,173,60
688,404,173,60
684,402,172,60
679,402,171,59
675,404,174,59
676,405,170,59
670,404,173,59
673,407,170,58
674,411,171,59
678,413,175,59
680,414,176,59
682,415,175,61
688,418,172,58
688,421,170,58
689,422,165,60
685,424,168,59
678,425,171,60
676,426,169,58
676,425,167,58
674,422,167,57
662,417,175,58
656,415,180,58
663,413,176,60
660,412,176,58
660,410,173,58
661,412,172,58
661,415,174,58
660,414,174,58
661,416,173,58
662,415,172,59
662,414,175,58
664,416,173,57
661,417,176,59
664,417,173,57
666,419,171,57
663,421,173,57
661,420,175,56
670,419,168,56
664,418,172,56
667,417,169,55
673,416,164,56
676,414,164,55
673,412,167,56
680,411,163,56
678,412,163,56
676,413,164,56
676,415,164,56
668,414,167,56
671,415,164,56
672,415,161,55
672,411,162,56
673,413,161,55
673,415,160,56
672,413,161,56
675,413,159,57
681,412,154,56
669,412,164,57
669,412,163,57
678,412,156,57
672,410,160,57
671,408,162,57
681,409,157,58
676,408,163,59
679,408,160,56
686,407,155,57
682,407,160,57
679,410,160,57
681,410,156,58
678,410,159,59
684,409,154,59
682,408,157,60
683,408,156,60
681,405,159,60
694,407,148,58
677,406,159,59
683,406,155,59
678,405,159,58
685,406,153,59
681,406,156,58
686,405,151,59
685,406,153,58
679,407,156,58
684,408,152,57
683,407,153,58
684,406,152,58
683,404,155,59
684,406,151,58
683,406,152,58
685,407,150,58
684,407,152,57
683,410,153,57
686,411,151,56
687,411,149,57
688,413,146,57
694,417,140,54
690,417,143,55
691,420,141,55
692,422,141,55
685,422,147,54
680,423,150,54
687,424,143,54
692,423,139,54
689,423,141,53
691,423,138,53
684,424,143,53
680,424,146,53
681,423,146,54
676,421,150,55
679,422,144,54
681,422,144,53
679,423,144,53
677,424,146,54
677,427,144,53
681,428,138,53
674,428,145,53
675,428,145,54
669,430,150,53
673,432,147,54
675,434,142,53
672,435,142,54
672,435,142,53
676,438,136,53
673,439,140,53
677,442,136,50
671,444,140,51
671,445,138,52
675,448,131,51
666,448,139,52
666,451,133,52
662,451,138,53
661,451,138,54
660,453,134,53
654,453,143,53
658,453,138,54
662,453,135,53
658,453,139,53
661,452,137,53
659,452,139,53
658,452,142,53
661,452,140,53
666,453,135,52
663,453,143,52
665,453,141,51
667,453,140,52
671,454,135,52
670,451,137,52
671,450,137,52
672,450,136,52
671,449,138,52
674,447,135,52
678,445,133,52
676,443,136,51
682,439,131,52
673,438,139,52
676,436,142,52
674,436,141,53
677,437,138,52
677,435,141,51
679,432,142,51
684,430,139,52
679,430,142,52
683,430,139,52
682,431,139,51
678,434,140,51
684,434,140,50
684,433,139,51
684,434,140,51
684,437,139,51
686,440,136,51
684,444,139,52
681,450,138,51
683,455,135,52
682,461,138,52
681,466,139,52
686,469,135,52
687,473,139,53
694,483,134,53
693,493,132,53
686,503,134,53
677,512,139,54
682,522,134,54
672,530,146,55
676,533,142,55
679,530,135,55
671,526,141,55
669,523,141,56
672,516,136,57
667,505,137,58
655,491,141,58
638,479,149,58
637,478,151,60
643,483,150,61
639,487,151,63
631,499,151,64
619,508,159,64
614,515,158,64
601,531,157,66
596,549,161,67
595,557,163,66
588,558,160,68
573,556,164,69
553,553,160,67
540,542,160,67
528,525,164,71
514,523,159,71
506,514,159,71
500,503,158,72
493,496,161,72
476,499,162,58
466,491,157,72
464,480,161,72
457,478,158,75
464,473,150,76
454,461,156,73
456,459,151,72
451,449,155,72
464,437,154,71
470,434,157,70
473,432,156,69
479,430,158,69
483,434,159,68
479,432,161,70
470,434,163,70
462,430,161,71
461,423,164,71
461,419,161,72
449,416,164,72
448,416,163,71
446,417,164,72
446,419,162,71
452,410,164,74
449,417,165,72
440,422,168,74
441,428,160,72
437,421,165,73
440,415,162,74
434,402,168,75
432,403,164,74
431,396,172,78
436,395,168,77
448,397,166,77
441,408,169,76
439,415,168,77
433,421,171,74
444,406,169,76
446,395,168,76
438,397,171,76
439,397,171,77
439,393,172,78
443,394,171,78
446,394,170,78
449,396,170,78
443,398,175,77
449,393,173,80
447,394,175,80
443,398,177,80
438,397,180,79
446,391,174,80
444,390,177,82
447,392,176,82
453,392,175,81
454,398,178,81
462,403,175,81
467,404,176,82
472,410,173,82
479,414,175,82
488,422,170,83
488,424,173,84
488,427,176,86
475,431,184,85
484,432,176,85
475,439,179,87
470,442,182,86
466,447,185,86
466,451,180,85
453,456,184,87
463,455,178,84
465,454,174,83
464,452,176,82
465,451,175,83
457,450,180,85
464,448,173,84
465,447,175,85
468,449,171,82
460,454,169,83
460,449,171,81
461,449,163,80
451,450,167,79
444,451,167,80
443,447,167,80
434,446,173,78
427,447,172,80
425,447,170,80
426,446,171,79
433,444,166,79
430,446,171,80
431,442,176,80
436,439,170,83
442,438,168,85
442,434,169,84
440,432,172,84
441,429,170,86
432,431,175,85
443,428,166,81
435,430,170,82
438,430,167,85
437,428,171,83
443,427,168,83
439,427,170,84
442,424,168,84
444,421,169,86
443,419,170,85
439,420,172,83
443,416,169,84
430,420,173,87
432,416,176,87
425,419,178,90
427,417,177,86
423,420,179,88
423,420,179,89
426,419,177,87
425,421,177,86
428,421,177,86
429,422,175,88
423,421,182,88
418,423,183,90
418,425,182,89
415,427,187,90
410,427,190,90
413,426,189,89
405,429,192,92
411,427,188,90
412,425,186,92
410,429,187,90
409,427,189,91
406,427,190,93
406,426,192,93
410,426,189,92
408,429,192,95
406,428,190,92
403,431,191,93
407,429,187,91
403,430,189,92
410,428,185,93
403,430,189,94
406,428,188,91
406,430,186,93
406,429,187,93
407,430,186,91
400,433,192,93
409,428,183,90
406,431,185,93
398,435,186,90
405,434,181,91
400,432,181,90
395,435,183,90
400,436,177,91
391,435,184,91
385,438,186,94
386,438,185,93
381,439,188,93
380,436,189,92
385,437,183,94
379,437,193,96
387,435,188,94
379,439,194,96
382,437,191,94
385,437,189,92
389,436,187,95
393,434,187,93
394,432,186,94
399,424,186,92
390,432,191,96
396,429,187,94
393,430,188,93
385,431,194,93
384,432,194,94
388,429,191,93
394,430,187,94
391,432,191,94
396,431,191,95
391,434,193,97
381,435,199,99
390,432,197,97
384,433,202,98
389,428,199,100
388,428,201,97
394,427,195,97
391,428,200,96
389,429,199,99
392,428,199,100
383,430,205,99
381,433,208,101
385,432,207,98
385,434,209,102
391,430,203,99
395,428,202,101
392,430,204,101
401,426,202,101
394,426,204,101
401,425,198,102
402,425,201,101
401,426,201,101
403,426,196,99
399,430,199,100
393,435,204,100
390,437,205,99
394,440,203,99
392,448,203,100
380,454,206,102
378,461,207,104
374,469,208,103
378,473,204,102
369,482,208,103
363,488,208,104
360,497,210,105
360,503,208,102
359,508,208,102
355,512,208,104
358,513,207,102
364,513,204,104
367,514,204,103
382,508,200,102
397,503,205,102
409,497,211,101
436,485,208,103
452,481,206,103
469,469,211,104
489,460,206,104
508,454,204,103
528,447,204,102
542,441,204,102
558,437,207,102
568,430,213,104
576,426,218,106
594,423,216,106
615,414,213,107
634,409,214,106
651,406,214,105
667,399,217,106
684,396,218,109
708,395,210,107
727,396,209,109
744,396,213,108
766,394,213,108
780,397,213,108
797,395,215,109
814,398,216,108
827,397,218,111
842,396,215,112
845,391,221,112
843,388,221,111
842,385,214,112
831,382,220,111
815,384,220,112
791,382,219,115
750,385,231,114
727,386,226,113
704,388,221,112
676,389,223,112
641,394,227,112
616,399,224,110
593,401,222,110
563,408,227,111
548,412,221,109
532,414,221,109
525,419,219,111
519,428,219,112
529,436,218,108
562,438,215,107
620,444,216,109
693,449,217,106
778,443,218,106
850,435,236,104
943,422,248,102
1039,425,252,106
1088,474,250,94
1075,539,244,104
1071,585,261,98
1074,620,260,98
1089,644,260,98
1103,639,255,96
1026,518,255,96
956,593,255,96
812,620,254,95
793,590,255,96
887,581,257,97
881,554,254,96
851,427,255,96
797,400,256,96
813,372,253,95
822,438,252,95
843,396,252,95
901,352,252,95
904,252,250,94
883,310,249,93
917,399,251,94
938,398,250,94
967,365,251,94
969,258,254,95
1006,201,255,95
1043,161,258,96
1044,191,261,97
1033,157,263,98
1039,135,262,98
1051,126,259,97
1025,131,257,96
999,120,257,96
978,126,262,98
978,116,262,98
979,110,262,98
966,115,263,98
986,116,267,100
973,114,266,99
956,119,259,96
986,112,257,95
963,196,259,96
955,184,262,97
974,107,262,97
945,104,262,97
972,147,260,96
947,142,262,97
954,150,260,96
932,226,257,95
979,287,256,95
916,330,258,96
911,387,262,97
1020,400,265,98
1039,491,266,98
1045,476,268,99
1021,493,273,101
1019,428,272,101
985,410,273,102
1051,465,268,100
1030,494,267,100
1015,437,271,101
1017,396,265,99
974,432,264,98
895,271,264,98
889,266,271,101
901,248,268,100
919,220,268,100
983,190,264,99
942,167,265,99
913,241,260,97
896,283,260,97
886,307,261,97
869,291,261,97
923,304,264,98
925,316,265,98
865,341,266,98
877,280,264,97
944,300,264,97
928,310,267,98
946,288,261,96
917,233,263,97
927,195,267,99
880,277,268,99
915,349,267,99
964,364,274,101
934,302,275,102
969,235,278,103
926,208,279,103
892,248,274,101
929,202,271,100
950,122,273,101
933,229,274,101
958,217,276,102
943,187,280,104
984,212,278,103
1001,165,283,105
1040,93,285,106
1029,-8,282,105
1020,-10,281,105
1020,-18,280,104
1032,-17,277,103
1020,-16,281,105
1005,-12,290,108
1014,-18,292,109
1057,-5,285,107
1065,12,287,108
1025,105,285,108
1008,109,279,106
994,134,283,108
951,156,283,108
981,124,281,107
1039,16,279,106
1014,68,277,106
1045,35,278,106
1035,155,276,105
1031,217,272,103
1060,242,268,102
984,382,270,103
936,386,273,104
987,346,274,104
1005,513,273,104
1055,491,270,103
1060,526,272,104
1018,478,274,105
1058,541,271,104
1027,479,269,103
1025,492,273,104
1065,523,268,102
1058,524,270,103
1055,527,270,103
1018,467,272,104
1057,524,274,105
1073,533,271,104
1004,486,268,103
1059,535,267,103
1053,504,265,103
1018,469,263,102
1019,497,270,105
1072,543,269,105
1069,528,275,107
1064,532,279,109
1042,481,275,107
1063,532,282,110
1041,500,283,110
1031,526,284,110
949,432,280,108
930,372,280,108
919,402,279,108
931,363,279,108
922,317,283,110
892,351,277,107
843,325,277,107
862,415,278,108
892,471,276,107
906,447,276,107
901,438,279,108
849,422,278,107
908,468,276,107
876,422,277,107
869,352,279,108
873,404,280,108
899,423,286,110
940,473,288,111
1003,459,287,111
920,439,289,112
813,414,286,111
949,489,283,110
962,480,277,108
1004,501,272,106
951,486,273,106
959,441,273,106
924,427,271,105
987,420,269,104
983,457,269,104
967,426,268,104
926,435,267,103
981,414,268,103
937,413,273,105
881,339,273,105
830,331,270,104
848,290,270,104
939,272,272,105
994,441,272,105
1045,501,278,107
1051,470,280,108
1026,505,278,107
1036,489,276,106
1039,476,280,108
929,375,278,107
987,443,272,105
1044,512,268,103
1021,488,265,102
1056,491,264,101
1025,487,263,101
1044,498,263,101
1012,461,264,101
944,427,265,101
934,354,265,101
1053,503,269,102
1028,498,269,102
1017,484,268,102
1026,493,265,101
1042,488,267,102
1032,485,271,104
1035,504,269,103
996,441,269,103
1065,506,274,105
1036,509,279,107
1032,513,279,107
1039,493,277,106
938,500,283,108
878,503,286,109
770,512,290,110
782,497,286,108
605,549,290,109
515,557,291,110
374,472,298,113
216,540,300,114
156,552,303,115
187,591,300,114
81,548,302,115
9,525,305,116
132,413,297,113
289,353,301,115
195,311,306,117
131,295,305,117
105,276,290,143
69,272,299,148
34,261,297,142
3,253,305,142
-15,248,303,141
-22,241,294,137
-30,233,292,133
-30,216,291,137
-36,217,282,133
-34,207,271,135
-37,204,272,132
-34,188,266,134
-35,192,264,131
-35,190,266,132
-31,194,262,129
-34,194,268,131
-33,185,271,135
-34,189,268,132
-33,192,262,130
-35,191,265,131
-33,192,262,131
-37,197,260,127
-34,200,258,127
-33,200,260,129
-26,203,255,127
-25,200,257,128
-23,200,256,130
-24,201,253,128
-26,206,257,127
-19,205,255,128
-24,206,260,129
-22,206,259,129
-24,205,259,127
-21,209,258,127
-23,211,258,126
-15,212,253,123
-13,216,256,123
-16,211,260,125
-15,210,259,124
-16,214,258,122
-12,215,259,123
-9,208,258,125
-12,214,259,123
-9,217,254,119
-12,215,257,122
-14,214,260,123
-7,220,254,119
3,221,246,119
3,221,246,117
7,219,250,117
13,217,246,117
16,217,249,116
12,218,251,116
15,219,252,117
12,217,257,119
15,219,253,118
18,221,252,116
26,218,247,117
13,220,257,118
30,223,244,117
17,225,252,116
32,222,248,116
32,226,247,116
39,221,245,118
37,226,247,115
31,224,253,117
31,225,252,116
34,225,249,116
40,226,247,118
24,229,256,114
36,224,250,116
38,226,245,114
32,228,253,115
40,227,248,117
38,233,247,112
49,229,244,114
43,232,248,114
38,234,257,116
43,234,254,115
48,229,254,118
51,236,250,115
52,230,251,117
50,233,254,116
52,232,257,118
58,231,254,117
54,233,256,117
60,235,251,117
58,234,255,116
58,229,254,115
62,231,252,114
65,230,250,114
70,229,249,116
67,227,256,117
68,228,259,117
66,232,262,117
79,230,255,117
78,232,254,114
82,232,258,116
85,238,251,110
94,229,247,115
95,234,247,112
90,233,249,111
104,233,241,110
92,237,246,109
99,230,248,112
93,235,247,111
95,230,253,115
93,236,248,111
106,235,239,112
95,237,247,110
103,232,245,114
100,235,244,112
100,236,245,112
104,237,243,111
107,235,242,112
102,234,248,112
106,238,241,110
108,237,242,111
112,237,237,109
111,239,239,110
100,237,250,111
112,235,239,110
106,240,241,109
111,241,237,109
106,242,240,109
105,242,242,109
116,241,236,110
117,241,238,110
108,245,241,110
109,242,242,110
110,243,246,112
114,245,240,111
112,241,244,113
116,240,242,113
111,241,247,113
115,236,249,114
113,242,246,113
111,242,247,112
116,243,241,110
117,244,238,109
121,242,241,109
121,243,239,108
122,244,239,109
118,241,243,109
122,238,242,111
122,237,243,112
121,237,245,111
119,239,246,111
121,240,245,111
123,235,245,113
122,240,245,111
129,235,242,112
118,235,247,111
131,234,240,113
125,233,245,113
123,235,245,111
129,234,240,111
135,233,235,111
122,236,240,110
127,233,241,110
120,236,241,109
122,237,239,109
128,233,238,110
135,232,233,111
123,239,238,107
128,236,232,107
124,236,240,109
123,237,242,109
119,231,249,113
124,232,245,112
121,234,245,112
115,231,251,112
117,227,249,115
115,231,244,113
108,228,250,115
115,230,244,112
113,227,245,114
109,224,246,115
112,228,241,112
110,230,244,113
103,226,246,112
102,224,246,113
97,223,248,113
99,224,245,112
94,218,247,114
85,219,240,112
78,214,240,111
66,212,240,109
45,205,243,110
38,200,239,111
24,206,236,108
16,201,239,111
8,200,233,110
8,198,230,109
0,204,228,107
2,198,229,109
-4,200,229,109
-4,204,227,108
-12,203,233,111
-9,200,234,110
-3,202,230,109
-8,203,230,108
-8,201,233,110
-2,200,230,110
-1,203,224,106
-3,207,222,104
-10,206,226,105
-2,199,225,105
-12,207,230,107
-8,203,229,107
-5,203,230,106
-10,208,229,107
-13,207,229,105
-11,206,230,107
-15,205,235,109
-18,207,239,111
-15,202,239,112
-21,206,238,112
-22,208,240,114
-22,209,236,113
-16,206,230,111
-19,208,230,108
-22,210,231,108
-17,212,225,108
-11,206,221,106
-20,213,225,106
-19,213,224,107
-20,214,221,104
-20,215,219,103
-20,220,212,101
-17,216,210,102
-26,222,212,101
-21,218,209,105
-29,224,213,104
-21,222,210,106
-29,225,208,105
-24,226,206,105
-19,223,207,105
-20,224,206,106
-24,225,206,106
-24,226,204,105
-25,227,202,106
-23,226,200,106
-30,231,202,106
-37,237,202,105
-36,239,201,105
-38,238,195,105
-42,242,197,107
-40,246,195,107
-40,252,191,105
-45,254,185,104
-49,255,182,104
-52,252,178,106
-57,256,178,105
-64,266,210,83
-79,258,208,82
-80,259,205,81
-93,250,206,81
-100,275,206,81
-101,293,202,80
-99,297,201,80
-98,291,198,79
-56,245,198,79
-62,209,195,78
-37,208,193,77
-33,208,191,76
-34,197,189,75
-43,194,188,75
-31,192,186,74
-17,193,189,75
-38,188,189,75
-27,185,192,76
-83,259,190,75
-93,264,189,75
-57,206,191,76
-26,180,191,76
-33,211,194,77
-45,218,198,79
