140,178,83,57
168,177,82,57
168,177,82,57
168,177,82,57
168,178,82,57
168,177,82,57
225,178,81,56
226,178,81,55
253,178,81,54
253,178,80,54
279,178,80,55
280,178,80,55
307,179,77,52
332,178,77,53
333,178,76,53
357,178,76,53
357,178,76,53
381,179,74,52
405,179,73,52
405,179,73,52
418,178,73,52
418,179,72,52
419,179,72,52
418,179,72,52
418,179,72,52
419,178,70,50
418,178,70,51
418,178,69,51
418,178,68,51
418,179,69,51
418,179,69,50
417,178,67,50
418,178,67,50
418,178,65,49
418,179,65,49
417,178,66,50
418,178,65,50
417,178,65,49
417,177,65,50
418,177,64,50
418,177,65,50
418,177,64,50
418,177,64,50
419,177,63,50
419,178,63,49
419,178,63,48
418,177,62,50
418,177,63,50
418,178,63,49
413,178,63,48
413,177,63,49
405,177,62,48
405,176,62,49
398,176,63,48
398,176,63,49
392,176,63,50
392,176,63,50
386,176,62,50
383,176,63,48
383,175,62,50
383,174,62,50
382,175,62,50
382,175,62,50
380,175,63,50
380,176,63,50
379,176,64,49
379,175,64,50
379,176,64,49
380,176,63,49
379,175,63,50
380,175,63,50
381,176,63,48
380,176,63,49
381,177,64,48
382,177,63,48
380,177,65,48
381,177,64,48
381,177,64,47
380,176,64,47
379,177,66,48
379,177,65,48
380,176,64,49
380,177,65,48
380,176,66,48
380,176,66,48
382,177,63,48
382,178,64,47
383,177,64,48
383,178,64,48
384,177,64,47
383,177,65,47
384,178,66,47
384,178,65,47
384,178,65,47
384,178,66,48
385,177,66,48
385,178,66,48
384,179,67,47
385,178,67,49
384,177,67,49
386,177,66,49
386,179,67,47
386,177,66,49
386,176,67,50
385,178,67,49
386,178,67,49
384,179,69,49
384,179,68,49
384,178,68,49
383,178,70,50
383,178,70,50
384,179,69,50
384,179,70,50
384,178,70,50
384,178,70,51
385,178,68,51
385,178,69,51
385,179,70,51
385,180,70,50
387,179,69,51
388,178,69,51
387,178,70,52
389,179,70,51
391,179,70,52
392,179,71,51
391,178,72,52
392,179,71,51
391,178,71,52
392,179,71,51
393,180,72,52
394,180,74,53
396,180,72,53
396,180,73,52
398,181,72,52
398,180,73,53
399,180,73,53
400,180,74,54
400,180,73,53
400,180,74,53
402,181,74,54
403,181,73,54
403,181,72,54
403,181,72,54
404,181,73,53
404,182,73,52
404,181,75,54
404,181,75,54
405,181,76,55
404,182,76,55
405,181,76,55
407,181,76,55
407,181,75,55
407,181,75,55
407,181,76,56
407,181,76,56
407,181,78,57
406,182,78,57
407,181,79,56
407,181,79,56
406,181,78,57
407,183,78,56
409,183,78,56
408,184,78,56
407,183,77,57
407,181,78,58
408,183,79,57
408,183,79,58
406,182,78,59
408,183,79,58
415,182,79,58
414,182,79,59
435,182,82,60
435,183,82,60
455,183,84,60
455,183,83,60
473,183,83,60
473,183,83,60
474,183,83,60
490,183,84,62
508,183,84,62
509,184,84,63
527,184,83,63
527,184,84,63
529,183,83,63
528,183,84,64
530,184,83,63
530,184,83,64
528,184,83,63
532,185,82,62
530,182,83,65
530,183,83,64
531,183,82,63
530,183,81,64
529,181,81,65
532,183,81,63
532,182,81,63
532,183,81,64
532,182,81,64
532,183,80,63
532,182,81,63
532,182,80,63
532,181,80,63
533,182,81,63
534,182,81,63
535,181,80,63
534,179,80,63
538,180,79,63
538,178,79,63
537,178,80,64
538,178,78,64
540,177,78,65
543,178,77,64
544,179,76,63
544,178,76,63
543,176,77,64
545,179,76,64
544,177,76,64
544,177,75,63
546,182,76,61
543,176,77,65
544,175,77,64
543,180,76,62
542,177,75,64
535,176,77,63
532,175,77,64
526,173,76,65
527,176,76,64
519,175,76,64
519,176,76,63
511,173,76,63
510,174,76,64
505,175,75,62
503,174,76,62
493,170,77,65
497,173,76,63
491,173,75,63
490,173,76,63
487,172,77,64
481,172,76,62
483,173,74,60
476,170,76,62
475,171,75,62
477,173,74,61
478,171,74,60
476,170,73,60
471,171,72,60
474,171,72,59
474,170,72,60
472,172,72,59
475,172,72,59
472,171,72,59
471,170,71,59
473,170,71,59
472,170,71,58
472,169,70,58
471,171,70,57
473,170,70,57
472,172,70,57
472,170,69,57
474,172,69,56
472,172,70,56
472,171,70,57
473,170,70,56
476,172,69,56
475,172,68,56
474,172,69,56
476,172,69,56
479,173,68,55
480,173,67,55
483,174,66,55
481,171,67,56
482,171,67,56
484,172,67,55
484,172,68,55
485,173,68,56
485,173,69,55
485,171,69,55
486,174,69,54
487,172,69,55
487,171,69,55
487,171,70,55
485,172,70,55
490,173,69,54
490,174,68,53
487,172,68,54
485,171,68,54
485,171,67,53
489,173,66,53
487,171,67,54
486,171,68,55
485,171,68,54
489,175,68,53
488,174,67,54
486,170,68,56
488,173,68,55
486,170,67,55
488,172,68,55
487,171,68,55
487,172,67,54
490,175,67,53
489,173,67,53
488,172,68,54
489,173,68,54
487,171,68,55
489,173,67,55
492,173,68,55
491,174,68,56
493,175,67,54
493,173,68,55
495,175,67,54
493,172,68,56
495,174,67,54
495,175,66,54
501,176,66,53
499,174,68,54
497,174,68,54
499,172,68,56
495,170,69,56
501,174,68,55
503,173,68,55
501,175,69,55
499,174,71,56
502,173,70,56
502,175,70,55
502,176,70,54
502,174,70,57
505,175,70,56
504,172,71,58
506,174,72,57
505,173,72,58
506,175,72,57
506,174,73,59
508,174,73,59
509,173,76,60
510,174,75,60
511,176,77,60
512,175,76,59
508,174,77,60
507,175,77,60
513,174,76,60
516,175,76,60
520,177,75,60
521,178,76,59
521,175,75,60
523,178,75,59
523,176,77,60
524,177,77,60
528,179,76,58
527,178,77,60
528,177,78,60
529,178,78,59
531,177,78,60
529,177,78,60
531,177,78,60
531,177,78,60
530,179,78,60
530,178,78,60
533,178,78,59
531,177,77,60
534,178,78,59
531,177,80,63
530,177,82,63
530,178,82,64
530,177,82,64
528,176,83,65
527,176,82,64
529,175,82,65
529,176,83,65
526,178,84,64
524,177,84,65
526,178,84,64
524,175,84,66
526,176,83,66
520,177,84,66
521,180,85,65
519,178,85,65
521,181,85,65
520,178,85,65
518,177,84,65
516,175,85,67
511,174,85,68
505,176,86,69
506,177,86,69
508,178,87,68
500,173,86,70
492,174,88,71
492,173,89,71
492,174,89,70
489,174,89,71
487,171,91,72
484,174,92,72
482,177,90,71
482,176,90,70
484,174,89,71
477,174,89,71
477,173,89,72
479,173,89,72
480,176,89,70
478,173,90,73
479,175,90,72
475,174,90,73
478,173,90,74
478,175,91,73
474,172,91,75
475,171,91,76
470,171,93,77
478,174,91,75
473,172,93,78
471,171,92,78
469,171,92,78
469,170,91,77
471,171,91,77
467,173,92,77
464,172,94,78
463,171,95,80
456,172,96,80
458,172,95,80
454,171,96,81
452,171,96,79
448,169,98,81
449,172,98,80
444,172,97,79
443,173,96,78
442,171,97,79
439,171,97,79
430,170,100,80
432,170,99,80
429,173,99,78
425,170,102,79
424,168,102,79
415,169,104,79
409,171,105,81
408,170,107,82
402,171,111,83
398,168,110,82
387,173,113,83
390,168,112,82
390,167,112,82
378,173,113,82
376,168,112,83
376,170,114,84
375,169,111,83
364,169,110,82
355,166,108,82
356,168,108,81
350,167,109,81
353,171,109,82
352,168,109,81
346,168,111,80
345,168,109,80
343,170,107,79
343,168,107,80
341,166,106,78
344,169,107,80
340,166,109,80
338,168,107,80
341,168,108,83
342,166,110,81
337,169,109,82
339,170,110,83
338,169,110,84
340,168,107,81
339,168,109,81
342,168,106,79
340,168,104,77
341,170,104,78
343,171,103,77
341,170,103,77
343,168,106,78
342,168,105,76
343,169,106,77
341,170,105,77
343,173,105,79
346,169,106,76
346,170,106,76
346,170,106,76
345,169,103,76
352,169,103,74
349,168,102,74
349,169,101,75
349,169,100,73
350,171,100,73
349,170,101,72
353,169,98,72
354,170,98,72
352,168,100,72
356,169,100,73
355,170,98,73
354,171,96,72
356,169,96,72
357,169,98,72
354,171,95,71
358,172,95,70
355,170,94,69
357,171,95,70
356,171,94,70
354,170,95,71
354,168,96,70
355,170,95,71
357,172,94,70
353,170,93,71
357,170,94,71
356,169,92,72
354,169,92,71
353,168,91,71
355,170,89,71
354,171,89,69
357,173,92,69
356,174,91,69
356,171,89,70
354,171,88,70
355,171,88,69
352,170,87,71
354,170,89,69
352,171,87,69
353,172,85,69
353,173,85,69
354,171,87,69
353,172,84,69
353,172,85,70
351,170,84,69
354,171,84,68
353,171,84,69
352,172,85,68
355,172,86,69
354,173,86,70
353,171,85,69
354,171,84,67
353,172,84,69
354,171,84,67
353,171,84,68
354,172,83,67
355,172,83,68
355,172,85,67
355,173,86,69
356,169,86,68
356,169,84,68
355,171,85,69
355,170,86,69
354,171,87,69
356,169,89,71
357,170,88,70
355,170,85,69
356,169,86,70
356,170,85,70
356,169,84,69
356,170,85,70
358,171,85,69
359,170,86,70
357,170,87,68
358,174,87,69
356,172,87,69
359,171,87,67
359,170,87,69
361,170,88,69
362,171,88,71
364,172,86,70
362,172,85,69
361,172,86,70
362,171,85,70
364,171,86,69
364,171,86,71
363,171,83,70
362,168,86,71
362,168,86,72
364,168,88,72
364,171,87,71
365,169,89,72
363,170,87,72
363,169,87,72
365,170,89,73
366,170,86,71
366,172,87,71
366,170,87,72
366,170,89,73
368,168,91,74
370,169,90,73
369,170,89,73
372,172,87,73
376,172,88,73
373,169,88,73
373,170,86,72
377,174,89,72
376,173,88,73
378,174,89,74
378,173,90,74
379,171,91,76
380,171,92,78
378,171,92,79
378,175,93,79
380,174,94,79
375,170,95,79
376,172,95,81
378,175,96,81
376,176,96,79
375,174,98,82
373,172,98,82
372,172,100,85
371,174,102,84
366,176,103,84
368,180,103,85
367,179,101,84
361,177,102,86
356,176,103,85
357,179,105,88
360,178,105,86
356,178,105,88
351,174,109,87
345,175,110,90
345,175,108,90
344,174,108,90
341,177,111,91
343,174,115,92
335,174,114,94
334,175,114,95
331,175,117,96
330,173,117,96
331,175,117,96
330,171,117,97
330,173,118,98
334,170,118,100
332,172,122,99
332,170,125,99
335,172,126,102
331,172,124,103
336,171,124,103
334,170,125,104
336,171,123,104
333,172,126,102
332,171,128,102
330,171,130,102
329,174,134,106
326,172,137,108
326,169,136,106
323,171,140,110
324,170,141,110
322,173,145,110
329,175,138,111
326,173,139,110
330,173,142,112
324,172,145,113
325,174,143,113
329,175,139,113
330,176,142,116
332,179,140,113
330,177,143,116
328,175,147,117
331,176,145,117
328,166,150,121
332,179,147,119
335,172,144,117
339,178,145,120
340,173,143,117
334,172,146,118
347,175,137,123
345,177,136,122
352,178,136,118
346,174,136,116
343,170,136,114
348,170,134,112
346,179,131,111
347,173,128,107
346,168,128,105
352,172,122,102
359,178,121,103
361,179,117,103
368,186,113,101
357,175,114,99
364,178,113,99
367,180,110,95
363,180,109,96
364,180,108,97
365,185,106,95
367,182,106,95
365,192,104,94
374,201,100,94
372,196,101,94
374,203,99,92
371,201,99,88
375,203,97,88
372,202,98,88
374,201,97,87
375,200,97,87
373,199,98,88
375,203,98,88
379,203,97,88
379,203,97,87
380,205,95,84
380,202,93,83
383,204,92,82
384,205,93,81
387,205,91,80
385,207,90,79
386,205,90,80
387,206,88,78
382,208,90,78
384,206,88,78
387,207,88,77
384,206,89,77
384,207,89,76
388,208,87,77
374,205,92,77
374,206,92,79
370,206,94,81
372,206,96,79
381,206,93,79
377,202,94,79
377,207,93,80
383,206,98,77
384,209,97,76
369,203,92,78
348,200,98,78
344,198,99,79
350,200,99,79
332,201,104,82
341,201,104,84
354,202,98,80
335,199,103,82
327,195,108,84
328,194,109,86
329,192,110,87
325,195,110,89
328,195,109,89
326,196,111,90
311,193,113,90
311,189,112,89
304,180,117,92
296,178,117,90
314,195,123,93
310,191,121,95
308,188,122,96
312,190,121,96
309,185,121,97
312,189,122,96
312,191,124,97
310,189,125,98
306,184,130,102
305,185,131,103
312,186,129,102
311,181,131,104
309,183,133,104
306,183,134,105
311,186,131,107
312,179,133,111
309,178,134,112
310,179,135,114
318,184,136,110
316,184,138,112
313,178,132,113
300,178,130,109
306,176,130,110
306,178,134,112
300,176,134,112
310,178,136,114
305,176,148,115
310,175,151,112
304,174,152,111
309,174,151,112
300,175,155,113
306,174,154,114
298,176,155,112
304,173,149,113
297,176,152,114
311,174,143,112
310,178,146,111
312,176,145,112
302,178,148,117
306,176,148,117
301,167,146,124
295,169,149,121
296,165,149,120
298,166,149,122
297,169,152,122
290,169,154,121
293,171,154,122
293,171,155,124
302,174,147,120
300,171,148,121
302,174,146,118
299,172,148,121
299,173,148,120
302,168,145,119
304,174,147,121
305,170,148,119
306,168,148,120
304,166,149,120
303,171,147,117
310,171,147,119
309,171,145,117
314,171,145,121
312,171,147,117
316,168,147,119
319,172,145,119
320,172,144,118
317,170,149,120
315,168,150,120
317,169,150,119
314,173,152,119
313,167,151,119
325,168,150,118
321,168,152,118
323,169,151,119
325,168,149,120
329,165,148,115
324,167,151,117
324,167,152,118
324,165,155,119
333,171,151,115
332,171,151,115
329,169,151,115
329,171,153,114
329,173,150,112
336,171,150,113
346,175,150,112
344,176,151,114
345,170,151,113
348,170,145,111
350,173,145,112
349,173,143,112
349,171,143,111
354,176,144,110
355,177,146,111
360,176,144,111
365,175,142,109
362,175,142,108
363,172,141,108
364,174,142,107
364,175,141,108
363,174,141,108
364,172,142,107
367,176,140,108
362,172,141,106
368,172,138,105
368,173,138,102
371,177,137,104
371,176,136,103
371,176,137,104
382,174,139,104
372,174,140,106
370,173,142,106
368,176,138,105
367,177,136,105
359,175,135,104
361,176,134,105
354,172,135,102
346,172,133,102
339,171,134,105
347,171,133,102
341,173,129,97
338,176,130,99
333,170,131,100
340,174,128,98
336,171,128,96
336,171,128,97
342,174,128,97
343,175,126,96
342,170,128,95
342,170,128,96
346,174,128,97
342,171,128,100
340,168,129,100
340,170,131,101
339,171,130,101
337,168,127,100
338,168,127,100
337,169,130,102
337,169,126,99
340,173,127,99
340,169,128,98
344,171,126,97
336,171,126,97
337,170,125,96
338,171,122,96
338,169,122,94
336,171,121,94
334,172,121,94
336,169,121,92
343,171,122,94
335,169,122,94
334,171,124,94
336,172,126,94
333,170,127,93
335,171,125,93
337,172,125,93
328,171,128,95
331,171,125,94
330,167,129,92
332,171,130,95
334,170,128,95
333,165,128,93
334,164,127,92
333,169,127,94
335,166,127,94
333,168,130,96
333,169,127,93
332,167,126,91
330,167,130,92
334,166,127,91
335,165,128,91
334,165,128,90
343,166,126,90
338,163,129,92
338,164,130,94
341,164,127,91
344,166,126,92
349,162,124,88
348,165,123,90
348,163,124,89
344,158,132,103
350,161,125,87
352,163,124,86
348,162,125,87
350,163,125,88
352,164,125,87
353,160,125,86
352,163,124,87
355,160,125,87
352,166,126,89
360,162,121,86
358,160,121,85
359,161,120,85
353,160,121,86
363,161,118,85
364,162,119,84
360,157,119,82
364,158,118,82
364,163,116,80
362,161,116,79
363,168,115,80
373,166,110,77
366,166,112,77
366,165,112,77
367,164,111,75
363,168,111,75
360,164,112,75
364,164,112,75
364,162,110,74
360,167,110,73
363,166,109,74
367,168,106,72
365,161,107,73
366,162,108,72
364,168,107,72
365,162,105,72
367,160,106,73
365,158,106,73
366,163,103,71
367,167,102,69
367,167,103,70
365,164,104,72
364,165,103,70
367,166,101,69
371,168,99,69
368,167,99,68
366,166,99,67
366,167,99,66
372,165,96,66
367,167,97,67
370,167,98,65
368,168,97,66
371,167,97,67
368,167,97,66
371,168,95,65
369,168,95,64
373,169,94,64
368,167,97,65
375,166,93,65
376,168,93,64
376,168,92,64
374,164,94,65
375,168,92,64
378,165,92,64
376,170,91,64
378,168,89,63
378,168,89,63
378,170,87,63
372,169,90,63
372,170,89,63
370,172,86,62
374,173,86,63
371,170,86,63
367,169,89,64
371,170,87,63
369,169,87,62
373,171,84,62
373,172,84,61
378,172,79,61
376,171,80,60
373,169,80,60
375,170,79,59
375,171,78,59
372,174,76,59
375,173,76,59
377,174,74,57
374,171,74,57
372,172,74,57
373,173,74,57
373,173,73,57
371,173,74,57
372,171,74,57
368,171,74,57
371,174,73,57
370,171,73,57
371,171,72,57
371,172,71,56
371,171,71,57
369,175,71,56
371,175,70,55
372,172,69,55
369,173,69,56
368,175,69,55
369,172,69,56
368,173,67,56
370,173,66,54
368,171,68,55
365,173,68,55
367,172,67,55
368,171,67,56
368,175,66,56
367,172,66,56
367,173,65,55
368,173,64,54
368,173,64,54
370,174,64,53
366,172,63,55
365,172,64,56
366,174,64,56
367,172,64,56
364,175,65,55
363,175,66,57
363,173,66,57
364,173,66,56
363,170,67,58
363,173,66,57
362,176,66,56
362,174,66,56
360,173,66,57
359,173,67,57
359,174,67,56
357,172,67,57
356,173,68,58
355,172,68,58
356,174,67,57
355,176,67,57
355,174,67,58
354,174,68,59
352,172,69,59
352,173,68,59
353,174,67,57
352,172,68,59
351,175,68,58
350,171,70,60
351,173,69,61
349,173,70,60
347,172,71,61
348,172,71,61
347,174,71,60
345,172,73,63
346,172,73,63
348,172,73,62
344,172,73,63
347,171,72,62
348,171,74,63
349,172,74,62
352,173,73,61
350,172,74,61
347,172,78,63
346,170,79,64
346,171,80,65
349,171,79,64
348,171,79,64
353,171,78,63
352,171,78,63
353,172,78,63
352,172,78,64
357,171,79,65
356,172,79,65
355,172,80,65
358,174,80,65
355,172,81,65
358,175,79,66
360,171,81,67
361,173,82,68
359,171,82,68
361,171,82,68
363,171,82,68
361,172,84,69
361,172,84,69
358,172,84,70
363,171,85,70
367,173,84,70
368,173,84,68
368,173,85,69
366,172,85,69
368,171,85,69
372,172,84,68
373,171,85,70
370,170,87,71
371,172,87,71
372,172,87,70
374,172,86,71
375,173,86,70
374,173,88,70
375,173,87,70
375,173,87,71
373,175,87,71
376,174,89,71
373,173,87,70
376,173,87,71
375,171,89,72
379,172,89,72
377,171,90,73
378,173,88,72
377,174,88,73
378,170,91,74
379,172,92,73
378,172,92,74
378,171,92,73
377,173,91,73
375,173,91,72
381,176,89,72
375,175,91,73
369,175,91,73
371,173,92,73
365,172,92,74
366,172,92,74
361,175,92,73
361,175,93,74
356,174,94,74
355,173,93,74
351,172,93,74
348,173,92,74
343,172,92,72
343,173,94,72
337,172,95,72
337,174,94,71
335,173,93,72
327,172,95,72
329,174,94,72
328,173,96,73
326,172,95,72
328,171,95,74
324,173,94,72
328,174,93,72
322,173,94,71
324,172,94,71
322,174,93,70
325,171,94,71
325,172,94,70
322,172,94,71
321,170,95,72
320,173,93,71
325,170,93,72
336,167,89,79
330,168,90,79
333,164,93,81
333,165,93,80
329,164,95,81
328,167,94,80
323,167,97,73
324,166,98,72
326,169,94,71
325,169,95,70
323,170,95,71
325,168,95,69
325,169,94,69
324,168,94,68
323,170,93,69
322,171,92,67
323,169,94,67
321,169,94,67
322,169,92,66
320,170,93,66
318,171,95,66
318,169,94,65
321,170,92,65
320,169,93,66
317,169,95,66
317,169,94,64
319,169,92,63
318,170,90,63
319,169,90,63
323,169,87,62
319,168,89,63
320,169,89,62
320,166,90,63
325,167,86,62
321,168,88,63
324,166,86,63
324,167,85,62
324,167,86,63
324,166,87,63
326,164,86,63
326,165,86,62
326,165,87,62
327,163,86,62
327,163,86,62
332,167,83,58
332,166,83,59
331,166,84,60
331,166,84,59
331,165,84,60
334,165,83,60
333,165,83,60
336,166,81,59
336,166,82,59
338,167,79,58
335,165,82,59
342,166,79,57
343,167,78,56
341,165,80,58
343,162,81,59
343,162,80,59
344,165,79,58
345,165,76,58
344,165,77,58
344,166,78,57
344,166,78,58
343,167,77,56
344,166,75,56
344,167,76,56
343,168,77,57
345,167,76,56
348,168,74,54
346,165,76,55
347,165,75,55
350,166,72,53
350,166,72,54
351,169,72,52
349,166,74,54
349,165,76,56
348,166,76,55
350,169,73,52
350,167,74,53
350,166,75,53
351,165,75,54
350,167,75,53
351,167,74,53
355,169,72,52
356,169,71,52
357,167,71,51
357,166,70,51
361,169,68,50
361,168,68,50
363,168,67,49
365,170,66,48
365,168,67,48
364,169,68,48
365,170,67,48
365,169,68,50
368,169,68,50
370,170,67,49
373,170,66,48
376,169,64,49
377,169,64,49
377,169,64,49
380,170,64,50
382,171,62,49
381,171,62,49
383,172,62,48
386,170,61,49
386,172,61,48
386,170,62,49
388,173,60,47
388,172,61,48
388,172,62,48
388,172,61,48
387,172,62,48
387,171,61,49
386,171,62,48
384,172,62,47
385,173,62,47
384,172,60,47
385,171,60,47
383,170,61,47
383,170,61,47
383,170,61,47
380,170,63,49
380,170,63,49
381,169,63,49
382,171,62,48
381,172,60,48
380,172,61,48
378,173,62,48
377,172,63,48
378,170,61,49
374,171,63,49
374,171,64,49
373,170,65,50
374,170,63,51
372,168,65,51
373,171,63,50
372,171,64,50
370,171,65,50
370,170,64,51
370,170,65,52
369,170,65,52
368,171,64,51
368,172,65,50
367,172,66,50
369,172,64,50
369,171,64,50
369,172,64,51
369,171,65,51
367,171,66,51
368,170,65,53
369,170,66,52
370,170,65,52
372,171,65,52
371,171,66,53
374,171,65,52
375,171,64,52
376,171,65,53
376,171,64,53
377,172,65,52
379,172,64,53
378,172,65,53
377,172,65,53
378,173,66,52
378,173,66,52
380,172,67,53
381,173,66,53
383,173,66,53
382,173,67,53
382,173,68,54
384,173,68,54
384,171,71,55
385,171,71,56
384,171,72,56
382,171,74,57
380,173,74,56
380,173,74,56
378,172,74,57
378,172,74,56
374,173,76,56
373,172,76,57
369,172,77,58
370,172,76,57
363,172,78,59
366,173,76,58
359,172,79,58
359,173,78,57
359,173,79,57
354,173,79,58
352,173,77,59
352,173,78,59
349,173,76,59
343,173,78,60
342,173,78,60
342,173,78,59
343,173,77,60
337,174,78,60
328,173,77,60
329,173,77,60
322,174,78,59
322,174,78,59
321,174,79,60
322,174,79,60
314,175,78,60
305,173,80,62
297,174,82,63
297,173,83,63
297,172,83,63
288,174,84,63
280,173,84,64
279,173,88,65
279,172,86,66
270,173,85,64
264,173,82,66
264,173,82,66
255,174,83,66
256,174,83,66
254,174,85,66
245,174,87,64
235,174,90,64
233,174,91,65
228,173,89,65
228,173,89,65
221,176,90,65
221,176,90,64
216,175,90,67
216,175,89,68
210,175,90,68
210,175,89,68
210,174,90,68
205,175,91,69
204,174,94,69
203,174,96,69
206,173,96,71
203,174,96,71
205,174,98,72
206,174,97,71
204,174,91,77
202,174,92,78
207,175,98,73
205,175,100,74
206,175,100,73
206,175,101,73
206,175,101,73
207,175,102,75
207,175,103,75
209,175,102,79
211,174,103,79
210,174,104,79
215,176,102,79
214,176,103,79
213,176,102,79
215,175,103,80
214,175,103,82
213,175,103,83
210,175,107,83
209,175,109,83
209,174,109,85
208,176,108,82
205,176,110,82
204,176,110,82
205,175,112,84
203,175,112,86
202,176,111,86
200,176,111,86
197,178,112,86
196,178,114,85
194,178,117,88
193,179,116,85
193,178,118,89
193,177,121,91
196,178,123,91
195,178,124,93
199,179,125,91
200,179,125,91
203,180,128,92
202,181,128,91
204,180,130,94
204,180,131,92
210,180,132,95
210,181,131,94
216,182,134,96
215,181,134,96
215,182,135,97
221,184,131,96
226,185,132,98
226,184,134,98
233,186,131,96
232,186,132,96
237,186,130,97
238,186,131,97
243,186,131,98
243,187,132,99
247,187,132,99
244,186,134,98
247,186,134,102
248,186,136,102
247,187,136,100
250,188,137,104
258,188,135,101
258,188,137,101
258,187,138,105
267,190,135,97
275,189,136,101
274,188,135,103
275,189,136,100
274,188,136,100
275,189,138,99
274,189,139,105
275,189,139,100
276,189,139,100
271,188,145,99
271,187,142,106
271,189,142,103
271,189,142,104
268,188,142,102
267,188,144,101
268,187,143,103
267,187,144,102
267,187,143,104
267,187,142,102
267,188,143,101
267,186,141,102
265,185,141,99
265,185,140,101
265,186,141,100
264,186,139,100
264,184,137,103
260,184,139,104
259,183,136,105
259,183,133,102
256,183,133,105
255,183,134,105
256,182,132,104
254,182,131,103
253,182,131,103
252,181,128,105
252,181,127,104
251,180,127,105
251,179,127,105
250,180,126,104
250,179,127,104
250,178,126,106
251,179,123,103
252,178,123,104
252,178,123,105
255,181,121,103
254,180,121,103
259,179,119,101
262,179,120,99
263,179,119,98
263,179,120,100
262,178,120,100
266,178,120,102
268,179,117,99
275,178,117,101
278,177,118,100
285,176,120,101
286,176,119,99
291,176,118,99
292,176,118,98
293,177,116,97
300,177,114,92
301,175,120,97
301,175,119,96
302,176,116,93
313,177,113,92
320,176,111,90
319,176,113,90
322,178,109,87
322,176,107,87
331,176,103,83
339,176,103,82
347,176,101,82
348,176,97,79
357,177,95,76
356,177,96,77
356,177,96,78
366,176,94,75
375,176,92,76
375,177,91,74
376,178,90,72
377,177,88,71
384,176,88,71
393,176,88,70
402,177,89,70
400,177,90,71
408,179,88,67
408,179,87,66
409,178,87,68
412,176,88,68
413,177,86,66
417,178,86,65
419,178,85,64
418,179,87,64
418,178,85,64
420,177,84,64
420,177,84,64
419,176,85,65
420,177,84,63
419,175,85,65
421,175,82,63
420,176,83,62
422,179,78,58
423,178,79,59
423,178,79,60
423,176,79,60
423,177,77,59
424,177,76,58
424,176,76,59
425,178,74,57
425,178,74,56
425,177,74,57
425,178,75,56
426,177,75,56
425,178,76,56
425,177,75,56
428,179,74,54
427,179,75,54
428,179,74,53
429,178,75,54
431,179,73,52
430,178,73,53
431,179,72,52
432,181,73,51
432,181,73,51
433,180,72,51
434,179,71,53
434,179,70,53
434,179,71,52
435,179,70,52
436,178,69,52
435,177,69,53
436,178,69,52
436,178,68,52
437,178,67,51
437,178,67,52
437,178,67,51
437,179,67,51
436,177,67,52
437,178,66,51
437,178,66,51
437,178,66,50
437,179,66,50
438,179,66,49
437,178,66,50
438,179,65,49
438,179,65,49
437,179,66,49
438,179,66,49
439,179,66,49
437,179,67,49
437,180,67,49
438,180,66,48
437,179,65,49
435,179,65,49
435,179,65,49
434,179,65,50
435,180,65,49
435,179,66,50
434,179,66,49
433,178,66,50
434,178,65,50
435,180,66,48
435,180,66,48
435,179,67,49
435,179,66,50
435,178,66,50
435,178,66,50
437,178,66,50
436,179,66,49
436,178,66,49
436,179,66,49
436,179,66,50
436,178,66,50
436,177,66,51
436,178,66,50
434,179,66,50
434,180,65,50
435,179,66,50
432,178,66,51
431,177,66,52
431,178,65,51
431,178,65,51
432,179,65,51
433,178,65,51
433,179,65,51
435,178,64,51
434,178,65,51
438,179,64,50
437,178,63,51
437,178,65,51
438,178,65,51
438,178,65,52
437,177,66,52
438,178,66,51
438,178,67,52
439,179,66,51
440,181,66,50
441,179,65,51
440,179,66,51
441,178,66,51
440,179,65,51
444,180,65,50
444,178,66,50
444,179,65,50
445,179,65,50
447,179,65,51
445,178,66,52
447,178,66,51
445,177,65,52
446,178,65,52
447,178,65,51
447,178,65,51
446,177,65,53
447,178,64,52
448,180,64,51
448,179,64,51
451,180,64,50
451,180,64,50
450,181,65,50
451,180,64,50
452,180,64,51
451,181,64,50
451,182,63,49
453,181,64,50
452,182,65,49
452,181,65,50
453,178,66,52
456,178,64,51
456,180,64,51
457,177,64,52
457,179,64,51
459,179,64,51
463,180,61,50
465,181,61,50
465,179,61,50
464,182,62,50
466,181,63,50
465,177,63,52
467,179,62,51
467,180,62,50
468,180,62,49
471,182,62,49
472,182,61,49
472,180,61,50
472,180,63,51
470,178,62,52
472,181,63,51
472,179,63,52
473,178,62,53
472,178,63,52
471,178,62,52
474,180,63,51
470,178,60,51
468,179,62,51
469,177,62,53
469,178,63,52
468,175,63,54
468,178,63,52
467,181,62,51
466,180,62,52
463,177,64,53
463,177,63,52
463,178,63,52
463,177,63,53
462,180,63,52
459,178,64,53
460,177,63,53
457,178,63,52
457,177,64,53
455,174,63,55
456,177,62,54
455,177,62,54
454,177,64,54
451,176,64,55
453,177,64,54
451,179,63,53
447,178,63,53
448,177,63,54
446,176,64,55
442,175,64,56
442,173,64,57
440,173,65,58
441,172,65,58
439,173,66,59
440,172,68,59
439,171,68,60
436,171,69,60
439,170,68,60
439,171,67,60
437,171,68,60
438,172,67,60
438,169,68,61
438,171,67,61
439,170,66,61
435,170,68,61
435,170,67,62
436,172,67,61
435,170,67,62
434,171,68,61
432,172,67,61
432,169,68,63
431,171,69,62
430,171,69,62
428,170,68,62
430,172,68,61
429,172,69,61
425,170,70,61
423,172,70,60
423,171,69,60
424,174,69,59
423,172,69,60
423,173,68,59
421,173,66,58
420,171,68,60
419,172,70,60
417,170,70,60
417,173,68,59
418,172,68,59
416,172,66,57
418,173,65,57
417,173,66,56
414,173,67,56
413,172,66,57
413,173,65,57
410,173,65,57
407,173,65,56
409,172,65,56
409,174,64,55
408,176,62,55
406,175,62,55
404,173,61,55
402,174,61,54
401,174,60,54
400,173,60,54
399,174,59,52
398,175,58,52
397,175,58,52
396,175,59,52
396,175,60,53
394,175,60,53
395,175,59,52
394,176,60,52
394,175,60,53
393,174,61,53
394,175,61,53
395,176,61,53
395,175,61,52
395,175,61,53
398,174,61,54
397,173,61,54
400,173,61,54
399,173,62,55
398,173,62,55
402,174,62,54
404,173,64,55
408,175,64,55
408,174,63,55
407,172,63,56
412,175,62,54
410,174,61,55
415,173,62,56
415,174,61,55
415,173,62,56
418,173,63,55
416,173,64,56
417,173,63,55
420,174,65,56
420,174,65,57
421,175,65,56
421,173,67,57
421,174,67,57
422,172,68,58
421,174,68,58
422,174,68,58
421,172,69,59
422,175,69,59
420,175,71,59
420,173,70,60
422,174,71,59
420,174,71,59
420,175,70,59
420,173,71,60
418,175,71,60
418,174,70,60
418,173,71,60
418,172,71,61
418,174,72,60
416,175,72,61
418,174,72,62
417,175,72,61
418,174,70,60
418,175,71,60
417,173,71,62
417,174,70,61
419,174,71,60
420,173,71,62
421,172,72,63
421,174,72,62
422,173,72,62
420,175,71,61
420,175,72,61
423,177,72,60
422,175,72,61
421,174,72,61
421,173,72,62
422,175,72,61
421,172,72,62
422,173,71,62
421,175,71,63
420,177,71,62
421,177,71,62
423,176,71,65
416,173,73,65
417,173,72,65
415,173,74,66
412,173,73,66
412,173,75,67
412,171,75,69
409,172,75,68
408,172,77,70
409,173,77,69
404,172,75,69
405,171,76,70
405,172,76,70
402,172,77,71
395,171,78,71
399,176,79,69
398,171,79,71
395,173,79,70
398,174,79,70
396,176,81,70
397,177,80,69
394,174,81,71
394,176,80,69
391,176,78,68
389,174,79,70
387,178,79,68
382,175,79,69
387,182,79,68
387,178,78,67
385,178,77,68
386,180,78,67
386,179,80,68
382,178,82,70
378,179,82,71
375,177,83,72
377,179,83,72
379,175,83,73
375,178,84,72
367,178,85,72
367,175,87,74
364,173,87,76
364,172,87,78
366,175,85,75
370,177,85,74
364,176,84,74
366,177,83,73
366,177,86,73
366,177,85,73
363,176,84,73
366,176,87,74
368,178,85,73
368,177,85,73
367,178,85,74
364,177,87,74
363,176,87,76
364,177,87,76
364,176,88,77
361,179,86,75
363,177,86,76
362,175,87,76
365,177,87,75
364,181,86,76
356,179,85,74
355,176,86,76
352,177,85,76
349,179,85,75
352,179,86,75
347,179,87,75
339,176,88,76
341,177,86,74
339,177,88,76
339,180,87,73
337,179,86,74
333,176,86,76
333,178,86,75
324,175,85,76
321,175,85,75
324,176,86,75
324,177,84,73
321,177,84,74
316,177,85,74
312,176,84,75
313,179,85,74
313,175,86,76
308,175,84,76
311,178,86,75
305,173,85,76
304,176,86,77
306,178,86,75
305,175,86,77
301,178,89,76
297,175,85,75
296,173,87,78
291,174,88,78
292,174,87,78
289,172,88,79
288,174,89,79
284,173,89,79
282,170,89,80
281,170,88,80
281,174,88,78
277,173,90,79
272,172,90,80
271,172,90,80
273,173,92,80
270,168,89,80
270,172,87,79
264,173,90,78
261,169,89,80
254,165,91,82
254,168,91,82
249,170,90,79
253,171,88,76
242,167,88,79
242,170,88,78
238,168,88,77
240,170,87,76
237,169,86,76
239,172,84,74
238,171,85,75
236,172,83,73
235,169,80,72
234,173,80,72
233,173,80,71
228,168,79,72
229,171,79,71
231,172,78,69
229,170,77,70
229,169,79,69
225,168,75,70
226,173,76,67
227,170,74,66
225,172,73,66
225,172,75,66
226,172,75,65
224,173,75,65
229,172,74,66
228,171,74,67
229,173,74,65
236,170,73,64
237,170,73,63
249,170,72,63
261,171,70,62
265,174,69,60
264,172,68,60
272,173,68,60
272,171,68,61
281,172,70,59
281,172,70,59
283,171,69,58
281,169,70,59
292,172,68,58
303,172,67,57
311,172,66,57
312,173,66,56
320,172,66,56
321,172,65,55
330,173,64,54
331,174,63,53
336,173,63,53
345,173,63,55
347,171,63,54
346,173,62,53
346,172,63,54
354,169,62,55
369,173,62,55
379,172,63,54
382,173,62,54
378,170,63,56
391,170,63,55
408,173,60,53
405,167,62,56
405,168,63,56
416,169,63,56
415,168,62,56
423,168,66,57
421,169,65,57
421,167,65,57
421,169,63,54
423,169,64,54
420,169,63,55
417,170,64,56
418,169,65,56
416,169,63,55
416,168,62,54
415,170,65,54
413,168,63,54
412,169,63,54
412,167,63,54
414,169,63,54
413,167,63,54
413,171,62,51
411,169,62,52
414,171,59,49
410,171,59,50
411,170,58,50
411,171,58,50
411,172,59,49
410,171,59,50
410,170,59,50
411,170,59,50
409,170,60,49
407,171,59,50
408,171,59,49
408,171,59,50
408,172,58,49
407,171,58,48
407,171,58,47
407,171,57,47
407,172,58,47
407,171,57,47
407,172,57,47
407,171,56,47
407,170,57,48
408,171,57,47
406,170,57,48
408,171,56,47
409,172,56,46
409,170,55,46
409,172,56,46
410,172,54,45
411,172,55,46
411,174,55,45
411,173,54,45
413,173,54,45
411,172,53,45
412,172,54,45
411,173,53,44
412,173,53,44
414,174,53,44
414,174,52,44
414,173,52,44
412,172,53,44
415,173,53,44
412,171,53,45
410,173,53,45
407,172,54,45
407,174,55,45
408,173,54,45
408,173,55,45
408,173,55,45
408,173,55,45
403,172,55,45
399,173,57,46
397,175,55,45
389,175,54,44
386,174,55,44
387,175,55,44
384,174,55,45
380,174,56,45
376,175,56,44
373,174,56,45
374,175,56,45
375,174,55,44
368,175,56,45
363,175,55,44
362,174,54,43
356,175,54,44
348,174,55,44
349,176,55,44
349,176,55,44
349,174,56,45
342,174,56,45
336,175,55,44
336,176,54,43
330,177,53,44
328,175,53,44
329,175,53,44
322,175,53,44
320,177,54,46
320,175,54,46
314,174,54,47
306,174,54,48
301,172,54,48
301,174,54,47
301,171,55,49
301,173,55,48
303,173,55,50
305,174,55,49
306,173,55,50
305,173,55,50
304,172,55,50
305,173,55,50
306,174,55,49
306,176,55,49
306,173,56,50
308,173,56,50
307,173,56,50
307,173,56,50
308,173,58,51
305,171,58,52
307,172,60,53
306,172,60,53
306,175,60,53
307,173,60,53
307,172,60,54
308,176,60,52
309,177,60,52
310,175,59,52
309,175,58,51
310,176,58,51
311,176,58,52
311,178,58,51
311,177,58,52
311,178,58,51
310,175,59,53
310,176,59,53
310,177,59,54
312,180,58,52
312,179,57,51
313,179,58,53
311,177,59,54
309,178,58,53
308,180,58,54
309,181,61,55
309,178,59,55
306,180,59,54
305,181,60,55
303,180,59,55
302,178,59,57
301,179,60,57
305,176,61,58
303,176,61,58
300,178,63,58
299,174,63,61
297,178,63,60
298,173,64,63
293,177,65,62
291,179,66,62
292,175,65,64
291,178,65,62
292,175,65,64
287,176,65,62
288,177,66,63
289,179,66,62
287,180,65,60
287,180,65,60
285,182,64,60
287,179,65,61
284,180,65,60
281,182,65,60
281,183,65,60
279,184,66,60
277,183,65,59
282,182,64,58
279,185,64,59
279,185,65,59
279,186,64,59
279,184,65,59
279,183,65,60
279,183,67,62
278,181,66,61
280,184,66,61
281,182,66,61
281,184,67,61
282,183,66,60
280,183,67,61
278,183,68,61
277,183,68,62
277,184,69,62
278,184,68,60
282,183,67,59
278,185,66,59
276,185,67,59
277,184,69,60
280,183,69,60
276,183,69,60
279,181,70,61
279,182,70,62
278,180,70,62
279,182,70,61
280,181,69,61
