539,43,197,216
538,43,198,216
538,44,197,214
539,43,197,215
539,43,196,216
538,42,198,215
538,43,198,215
538,41,199,215
538,41,199,215
538,42,199,212
538,42,200,213
537,41,201,210
537,42,200,209
536,41,203,210
537,40,200,210
535,41,204,206
535,38,204,209
534,39,204,205
532,37,205,206
529,37,207,205
529,35,206,208
526,35,209,206
525,34,210,204
524,32,210,207
523,30,210,206
521,31,210,201
518,29,212,204
517,29,213,203
516,26,212,204
514,26,214,201
511,25,215,197
511,25,217,196
508,24,219,196
509,25,216,195
506,20,217,201
503,19,218,196
500,19,221,191
501,17,219,194
500,16,220,195
496,16,224,193
492,14,226,190
494,14,223,193
491,14,224,189
488,11,225,191
487,12,224,187
484,9,225,186
487,7,223,191
484,7,224,188
488,6,220,191
484,5,223,187
474,1,231,189
481,3,221,178
475,2,224,174
469,-0,231,174
469,-2,229,169
464,-4,232,169
465,-3,230,171
466,-8,230,172
466,-9,228,177
468,-9,223,171
467,-12,219,169
459,-13,226,167
458,-14,226,169
451,-15,226,164
449,-16,226,165
451,-17,225,170
440,-19,231,168
448,-20,225,168
441,-24,224,165
438,-23,225,166
445,-25,219,166
442,-24,219,166
438,-22,219,159
441,-26,217,164
439,-25,216,162
445,-26,213,165
443,-26,216,168
439,-25,217,167
435,-24,216,171
435,-23,216,172
438,-24,217,175
422,-25,226,175
431,-27,222,178
433,-34,220,176
427,-28,222,175
425,-30,223,177
424,-26,224,177
419,-29,227,179
417,-29,228,179
423,-26,224,183
426,-35,224,182
424,-28,226,182
425,-24,222,179
427,-29,223,179
428,-25,219,180
435,-29,215,174
437,-27,212,173
430,-28,215,170
435,-26,211,173
440,-27,211,176
429,-27,218,174
435,-28,215,173
431,-26,217,174
438,-29,214,176
428,-28,220,175
427,-28,220,176
419,-27,226,180
427,-28,225,183
420,-28,227,184
424,-32,225,184
419,-34,231,184
424,-30,227,185
414,-30,233,186
421,-24,229,189
428,-31,223,183
424,-28,223,182
425,-32,224,180
427,-33,223,180
425,-28,222,179
427,-29,221,176
426,-30,220,174
428,-32,217,173
431,-29,218,174
438,-28,211,174
432,-24,211,172
445,-26,204,174
441,-31,204,174
450,-36,200,178
455,-36,196,178
467,-45,190,181
463,-44,191,180
465,-40,189,179
477,-39,181,176
482,-38,179,178
483,-34,178,180
496,-32,171,175
503,-32,167,174
499,-36,166,171
501,-35,167,168
506,-36,163,165
511,-32,162,166
509,-35,161,168
515,-32,158,166
514,-28,157,170
519,-31,157,169
518,-34,158,171
520,-33,156,172
522,-26,153,172
522,-32,153,173
524,-26,151,176
524,-32,154,175
526,-30,152,171
535,-26,149,171
525,-24,156,174
536,-25,152,168
536,-21,153,170
540,-18,149,164
545,-12,148,163
550,-12,143,159
558,-11,141,161
561,-9,138,156
571,-13,133,149
570,-14,132,149
571,-41,152,168
575,-15,129,149
573,-12,130,149
574,-15,132,152
571,-13,133,153
567,-15,132,154
571,-20,133,155
567,-13,132,153
567,-16,133,154
570,-19,132,154
572,-13,128,152
576,-12,129,152
572,-21,129,154
575,-20,129,155
577,-24,130,156
574,-17,126,154
570,-17,125,155
575,-18,127,155
576,-14,124,153
580,-18,119,150
583,-15,120,148
578,-14,121,151
584,-19,121,149
581,-17,118,148
592,-17,120,144
585,-13,116,145
590,-17,119,145
587,-17,118,146
584,-19,122,148
580,-13,120,150
581,-14,122,153
581,-16,121,149
587,-16,120,148
585,-15,119,147
587,-20,122,149
582,-15,120,152
583,-12,120,152
583,-22,125,154
582,-17,124,154
579,-17,126,156
578,-15,126,159
578,-20,130,165
576,-14,128,164
575,-16,129,167
577,-20,128,163
576,-14,129,166
572,-15,128,165
576,-16,131,167
575,-15,129,168
572,-14,127,168
572,-16,128,168
573,-13,128,165
575,-19,132,171
581,-14,132,169
590,-14,132,169
599,-14,132,172
611,-7,131,170
623,-7,133,167
632,0,135,173
644,5,128,176
645,8,126,175
646,13,124,183
649,13,125,181
647,29,123,193
653,35,125,204
661,41,124,202
662,62,123,204
670,59,124,201
674,63,124,200
674,67,125,198
679,68,125,195
678,83,125,196
683,86,128,188
684,100,129,186
692,103,128,187
689,114,130,186
691,121,130,185
691,127,131,186
696,129,131,181
695,139,134,180
701,143,132,177
700,153,136,180
706,152,137,175
709,159,134,172
711,163,135,168
709,169,137,170
706,177,142,173
713,177,142,172
709,188,145,168
717,189,142,166
712,198,143,164
718,195,142,165
713,198,142,165
714,192,143,166
712,192,145,170
708,198,146,170
716,196,141,161
716,196,140,164
719,193,138,160
718,194,139,160
718,195,141,163
715,195,144,167
716,196,139,162
713,196,142,164
717,193,142,165
714,194,144,165
716,194,142,165
716,195,141,163
721,190,140,165
716,194,142,166
716,195,141,163
718,194,139,163
717,194,141,164
719,192,140,164
722,192,138,160
719,193,140,166
720,190,140,165
720,189,140,163
719,189,141,163
720,186,141,166
715,187,144,167
717,184,144,166
721,181,141,166
721,183,140,163
718,186,140,164
719,183,140,165
718,183,142,165
721,179,140,165
718,175,142,167
713,171,145,170
711,159,143,173
709,146,141,179
702,139,140,180
700,127,139,182
696,122,137,183
694,112,137,191
689,107,137,192
688,98,138,193
685,91,137,194
681,84,135,193
679,71,135,194
673,61,132,192
669,52,130,199
663,41,129,194
661,33,125,195
656,25,125,194
647,22,123,189
640,16,127,193
631,9,133,185
620,2,135,173
610,-4,134,174
600,-9,136,174
587,-6,138,177
573,-9,141,180
562,-12,142,182
544,-11,143,184
534,-11,145,185
519,-11,146,185
505,-12,147,188
490,-15,149,186
474,-15,154,191
456,-17,156,195
438,-23,160,197
422,-16,163,199
400,-21,172,205
384,-31,173,204
353,-28,174,203
332,-25,176,200
303,-23,180,198
280,-21,187,197
258,-16,193,200
246,-18,199,207
237,-27,200,214
230,-55,202,217
201,-17,205,224
188,-37,206,222
167,-17,204,214
164,11,203,235
158,30,206,222
141,32,197,232
133,55,198,239
113,74,205,221
113,105,199,234
99,131,196,224
86,165,199,222
79,194,199,221
77,225,204,225
74,248,200,219
65,268,200,217
60,293,197,211
59,319,194,205
58,330,190,202
62,344,189,196
58,347,190,199
63,338,186,192
58,339,189,202
59,342,191,200
56,347,190,206
52,349,190,207
61,338,191,202
53,340,191,206
52,343,194,207
53,345,192,205
56,345,188,201
58,344,188,199
57,340,188,201
57,348,186,200
61,348,183,196
61,343,182,195
60,345,184,195
63,345,180,193
60,349,181,192
60,348,179,195
62,345,180,192
63,346,182,192
60,348,178,193
61,349,179,192
57,347,183,198
57,347,184,200
54,350,188,206
55,346,185,203
59,342,186,200
55,343,186,202
56,345,183,197
55,345,185,202
60,344,185,201
62,341,182,191
56,347,183,200
58,345,183,200
58,349,181,199
59,344,181,197
59,347,182,197
63,348,179,195
58,349,182,197
58,350,179,198
67,350,175,190
64,348,176,189
64,351,175,191
63,352,173,188
66,350,171,186
65,352,170,184
67,352,170,185
66,353,169,184
69,350,167,181
63,352,172,188
67,354,171,186
66,354,171,187
72,356,169,187
80,357,170,185
96,360,172,186
102,365,178,196
124,363,181,196
149,368,182,199
169,379,186,202
189,379,186,207
215,371,186,206
230,372,185,205
238,376,188,214
254,376,189,211
261,373,193,219
265,375,195,225
277,378,197,229
300,383,196,233
324,378,195,223
344,381,200,227
369,378,205,229
402,369,208,230
434,364,208,239
480,337,198,214
496,334,198,206
512,327,197,199
510,295,212,233
528,321,198,207
538,315,203,211
545,309,207,218
521,325,206,231
521,330,209,231
507,344,208,234
457,375,210,241
451,374,209,241
453,379,205,239
463,371,203,232
460,380,201,239
459,373,207,233
466,367,206,229
458,379,203,225
457,380,207,223
455,379,209,220
448,389,206,223
454,383,209,216
459,378,211,212
447,385,208,213
452,379,210,213
443,387,218,223
447,382,217,212
441,385,223,216
442,383,224,214
450,384,224,212
452,381,222,202
455,383,223,204
461,382,221,196
463,386,222,199
465,383,220,192
454,380,222,196
466,382,220,191
473,380,222,190
472,379,226,195
472,379,227,199
463,383,227,205
467,378,232,207
475,376,232,205
470,374,237,210
472,371,238,211
479,368,239,212
471,369,242,212
481,372,237,208
480,368,238,213
473,374,237,211
475,372,236,209
476,372,235,208
475,373,234,210
477,370,234,209
480,370,232,208
477,365,237,213
489,359,241,218
483,361,240,214
491,358,239,221
490,358,239,224
484,357,244,224
485,358,240,225
499,350,237,228
491,350,239,231
494,351,237,230
500,342,240,235
494,347,240,233
498,344,239,235
497,346,237,238
500,340,239,239
492,344,243,245
498,336,243,249
505,332,241,249
508,328,240,250
499,335,241,259
504,332,239,260
505,329,240,258
494,336,242,267
500,331,244,267
500,329,247,265
503,324,247,265
497,334,248,268
505,325,244,262
494,333,249,273
499,330,246,267
492,333,249,274
507,319,246,268
508,320,244,266
499,331,246,266
499,330,247,273
485,340,250,283
499,325,250,275
492,331,252,288
492,328,255,287
497,322,253,284
490,324,259,291
491,319,265,298
495,316,263,293
496,319,255,287
490,327,259,285
490,324,261,291
489,325,258,295
484,332,260,299
488,332,256,285
494,327,252,288
496,325,254,280
495,328,250,281
495,325,251,279
493,328,254,285
483,341,256,295
495,324,255,277
502,323,248,274
499,323,251,278
487,337,252,281
492,330,257,286
487,336,254,284
490,334,255,279
497,327,254,267
482,341,260,275
475,343,262,268
470,346,266,279
462,350,268,275
475,346,261,265
481,337,266,262
477,343,266,260
467,352,266,260
465,351,267,259
475,348,264,253
464,352,264,255
474,350,263,247
472,354,263,249
464,355,262,243
468,354,263,247
463,355,262,243
465,358,257,237
471,356,262,245
470,354,260,239
475,354,257,234
468,355,261,238
465,358,262,242
462,355,263,244
462,354,263,237
467,356,262,239
453,361,265,250
462,356,263,240
439,362,267,250
461,356,264,244
442,357,271,258
446,357,266,250
452,356,266,250
454,354,270,254
432,358,275,268
431,355,274,267
431,356,271,269
439,358,266,263
420,361,276,281
440,353,271,271
418,364,275,283
424,358,270,280
422,361,269,283
435,355,259,277
435,355,259,283
423,362,263,293
431,357,255,283
425,365,256,287
433,360,254,286
431,361,257,288
428,364,258,293
436,358,254,288
432,360,253,292
427,363,251,286
439,358,249,290
432,363,245,289
436,361,243,285
442,362,240,289
448,361,238,284
447,362,238,284
446,360,236,280
442,358,238,280
458,352,236,277
450,352,241,275
452,349,242,268
495,323,223,251
477,330,231,255
474,327,232,270
458,330,237,275
444,330,239,289
425,335,240,273
388,351,245,283
363,350,248,279
334,356,249,275
314,352,245,263
286,355,243,281
265,352,240,277
243,351,236,274
229,347,233,270
211,344,236,275
190,341,240,276
177,339,234,272
163,336,232,261
144,330,236,266
125,333,244,270
109,328,243,272
90,325,240,274
86,319,234,264
69,316,240,269
57,319,240,266
45,312,241,268
40,312,239,258
27,310,238,258
25,310,235,252
16,310,237,261
22,306,233,250
20,308,230,248
22,310,230,252
25,314,231,255
32,311,230,253
34,314,227,251
33,312,227,250
37,312,224,240
34,306,221,241
34,312,221,241
30,319,225,248
32,318,222,245
32,319,224,247
34,313,219,239
36,312,218,239
34,320,215,239
36,321,212,235
36,318,212,234
42,324,207,227
40,324,204,228
41,323,202,226
38,329,205,230
38,324,204,227
44,324,201,221
41,328,199,222
39,330,199,224
42,330,205,227
45,325,201,219
46,325,198,217
43,332,197,218
44,330,196,216
45,331,193,214
47,337,193,212
47,335,190,210
45,333,193,212
48,334,191,212
48,344,189,210
45,358,189,206
39,376,190,206
37,395,186,205
40,407,184,195
41,418,185,201
41,438,185,208
42,456,186,207
45,473,182,204
43,487,182,201
48,497,182,203
56,513,181,210
62,521,182,208
71,533,181,211
78,551,178,209
85,555,180,209
89,565,178,209
90,584,181,215
110,580,176,220
134,571,168,224
147,566,169,233
175,555,160,229
182,551,167,234
182,554,174,241
194,553,174,246
198,549,177,245
207,555,175,249
213,549,176,243
225,544,173,256
230,549,199,225
238,553,176,257
246,543,174,258
253,548,173,253
259,545,172,250
262,559,174,243
272,555,174,250
278,550,172,246
286,550,167,247
280,555,168,241
277,553,170,244
281,550,166,244
280,553,169,243
279,561,171,241
279,561,170,244
277,558,172,242
281,552,169,246
280,551,171,247
275,551,174,250
282,552,170,253
282,553,172,254
279,556,172,251
284,548,166,248
278,556,173,248
277,555,173,249
278,554,171,248
279,552,170,246
282,554,168,245
279,563,168,240
282,558,165,237
283,562,165,237
281,561,166,238
278,562,168,238
281,560,170,244
282,559,169,242
282,563,170,241
287,561,166,238
283,560,172,242
285,553,169,243
287,555,169,242
287,556,171,242
288,561,170,238
293,561,167,239
299,561,165,238
302,563,165,238
302,558,162,235
302,554,165,239
309,560,163,236
312,566,164,236
306,557,166,238
301,559,168,239
303,562,165,239
303,559,165,243
299,563,166,237
308,565,160,239
307,564,163,241
304,558,164,241
309,558,164,243
305,552,165,244
311,562,161,246
311,561,165,243
314,563,163,240
321,569,158,240
319,574,165,247
317,572,168,251
317,570,172,256
318,564,170,260
316,564,170,259
310,575,169,242
310,572,173,249
310,558,170,255
310,554,170,257
305,559,175,253
300,559,179,256
298,558,178,252
297,550,181,260
290,537,185,265
290,532,187,270
290,510,185,273
278,527,192,264
279,510,190,272
286,497,190,279
279,506,191,272
285,491,189,278
283,482,187,278
292,452,177,270
298,437,173,267
300,419,176,279
306,402,172,282
292,400,185,280
290,402,186,285
291,389,187,289
293,372,191,286
282,380,196,280
290,359,197,295
280,361,202,292
277,357,205,284
286,338,204,296
270,350,209,284
278,337,205,287
272,336,209,282
277,320,210,281
261,330,215,273
265,315,219,281
256,320,222,284
247,318,227,282
254,309,223,282
238,314,228,279
244,308,223,278
242,303,223,271
251,293,220,275
249,283,222,271
237,290,223,279
234,280,226,275
235,270,228,272
230,267,228,278
227,260,230,275
226,255,230,276
230,246,229,268
226,240,231,267
224,235,234,271
228,228,232,273
221,222,236,279
226,214,235,268
224,204,241,278
224,201,240,278
222,194,239,270
220,193,242,281
228,187,232,262
223,185,234,262
222,182,234,270
224,177,233,267
224,174,234,267
234,172,227,256
224,170,228,263
226,167,229,265
228,164,224,256
232,160,222,250
229,155,220,252
226,153,226,263
231,151,222,254
226,149,222,255
230,148,219,244
234,148,216,243
237,148,213,240
233,148,212,242
239,150,211,234
240,147,206,230
241,153,205,231
238,152,203,229
239,153,200,228
239,150,201,227
240,155,201,231
238,155,199,227
246,155,196,217
241,159,196,223
242,158,195,219
244,161,192,218
243,158,196,219
244,159,195,217
245,158,195,217
241,158,197,221
242,157,197,219
243,158,194,216
244,160,195,217
243,158,197,221
242,162,194,222
239,157,195,222
244,162,193,216
241,160,191,217
243,161,190,216
242,157,193,215
246,160,194,215
238,158,195,225
240,156,198,224
249,159,197,216
247,158,198,216
243,158,194,216
248,161,193,213
242,157,194,218
244,164,192,221
243,161,191,218
245,161,189,210
248,165,189,209
245,163,189,212
249,166,191,212
248,167,186,207
249,169,188,212
251,169,184,209
255,171,187,209
257,174,187,214
265,176,187,209
270,179,184,206
274,181,184,205
277,187,184,204
283,194,185,207
293,195,186,202
296,203,190,215
304,202,189,213
313,205,193,218
320,206,192,223
332,209,189,222
344,214,184,220
361,217,178,215
369,226,180,233
384,228,179,233
401,232,181,230
421,233,182,228
437,235,180,222
449,245,178,223
472,242,170,227
488,241,166,234
500,226,168,226
504,248,180,200
485,310,182,202
480,359,175,223
480,356,175,227
477,360,177,231
471,362,178,231
470,359,182,240
472,349,181,237
471,360,178,229
470,366,177,231
467,363,182,235
467,358,184,234
465,358,187,236
463,358,189,235
463,360,191,234
465,356,196,237
462,359,197,235
459,362,198,232
461,360,202,229
464,360,203,226
452,370,207,226
462,365,201,215
459,368,204,220
453,369,208,214
466,366,206,219
463,371,207,216
466,370,209,213
461,375,212,215
467,375,209,212
469,373,211,212
460,378,215,215
462,377,215,215
452,383,217,215
465,381,211,212
460,378,216,213
467,379,214,212
468,380,211,211
479,377,206,208
496,370,204,205
473,381,208,205
483,376,207,205
488,369,207,203
482,374,208,204
486,373,203,201
492,370,203,206
492,372,202,199
487,374,202,203
485,374,205,204
490,372,204,205
500,368,204,206
490,369,205,204
495,370,202,205
494,366,206,209
492,370,206,212
490,366,209,213
489,362,212,215
488,362,213,216
490,362,211,211
488,360,214,210
497,359,211,213
486,370,211,212
491,366,207,206
493,367,206,208
488,371,206,207
493,368,205,208
492,364,208,208
486,366,210,207
489,366,210,213
483,370,212,216
491,364,209,214
488,358,215,212
486,364,213,215
485,368,210,209
496,366,204,208
491,366,206,208
491,369,206,210
483,372,206,208
491,372,203,208
484,370,209,210
481,371,212,211
477,370,215,215
488,367,211,218
480,368,217,217
477,367,219,216
482,367,216,219
481,369,217,217
482,368,214,218
477,367,220,223
475,367,222,221
485,366,216,219
475,369,219,217
481,366,216,219
472,372,216,220
473,372,215,217
473,371,218,223
469,367,223,219
465,371,223,219
462,373,221,220
466,367,221,218
475,364,216,222
451,365,229,237
466,355,224,232
447,363,230,236
457,360,224,238
451,362,226,242
455,358,224,245
448,356,229,253
459,351,222,249
456,346,225,259
449,348,228,262
456,345,222,268
452,342,223,267
456,339,218,266
460,338,216,271
459,338,216,269
454,349,210,265
453,350,207,267
455,354,202,265
463,349,196,262
463,357,193,256
467,358,191,260
471,345,190,260
477,348,184,260
470,350,187,258
473,358,184,255
473,352,189,256
469,351,189,253
470,352,189,251
483,327,185,262
484,287,186,277
474,254,186,270
456,256,192,264
442,251,190,250
427,247,191,245
410,246,194,247
399,240,194,244
393,226,189,230
379,223,185,228
356,221,186,237
346,216,187,220
335,215,188,211
316,214,187,210
307,214,188,216
299,214,191,216
293,207,186,208
292,204,188,205
285,201,187,209
285,197,183,204
282,187,183,200
268,182,186,209
264,183,188,210
259,180,185,209
257,176,183,206
255,176,188,209
250,174,189,215
255,169,182,206
247,169,191,218
247,166,190,215
243,165,192,219
250,164,189,211
249,164,189,208
245,166,193,217
244,163,194,215
241,162,196,220
238,160,200,227
243,164,197,219
244,163,193,214
243,165,193,219
244,161,192,213
248,163,189,209
243,164,193,213
248,164,190,211
244,165,191,213
243,166,190,215
248,165,188,207
251,166,185,203
245,167,191,214
252,166,183,203
249,171,182,207
247,167,184,205
252,170,185,206
249,172,183,209
256,169,184,207
264,172,181,204
272,173,182,206
284,179,181,202
294,189,183,203
306,198,179,202
320,203,179,206
334,215,177,216
353,223,179,225
379,230,172,219
407,230,176,218
437,244,172,226
463,255,172,239
489,287,168,240
486,345,167,229
483,357,169,229
478,362,170,231
481,353,172,235
477,356,174,233
480,352,172,230
477,349,177,232
469,361,182,232
465,365,184,223
475,361,186,226
463,364,193,220
468,371,191,212
463,375,194,209
458,377,199,206
464,376,196,199
480,379,191,195
476,381,196,194
483,381,194,192
480,379,196,186
484,385,193,189
481,385,195,186
488,385,190,185
482,386,194,182
493,385,187,184
495,383,186,186
509,376,184,190
494,379,192,191
508,373,186,194
500,375,188,189
501,383,183,186
502,380,185,185
505,373,187,192
498,375,191,193
496,376,193,199
501,376,190,195
501,372,193,196
501,375,189,194
496,374,195,195
492,378,196,197
494,371,199,201
493,364,205,202
499,369,198,203
494,369,203,202
497,371,198,204
483,373,205,198
495,371,200,206
490,372,204,205
489,374,201,200
498,368,200,204
490,371,203,199
501,367,199,202
492,365,208,205
486,365,210,209
492,366,208,208
486,373,206,200
492,373,203,201
478,376,208,198
481,377,206,201
478,374,209,200
479,379,205,197
470,382,207,200
474,378,206,197
477,377,205,198
464,371,212,206
466,371,209,209
455,366,216,216
448,366,215,225
458,364,210,231
464,361,207,235
461,354,209,242
462,352,206,252
462,350,204,250
463,343,199,247
465,349,195,254
464,354,193,255
470,349,190,258
478,345,186,265
474,348,191,261
466,349,192,256
476,336,187,255
481,299,186,272
454,266,196,269
440,239,198,252
407,239,203,252
380,235,202,249
351,222,204,247
328,217,199,240
304,211,201,238
290,201,200,224
278,189,198,221
271,185,195,215
265,185,197,216
253,181,193,221
252,172,192,216
247,171,193,217
247,170,192,214
248,170,192,209
244,166,192,214
246,160,192,210
241,159,198,220
240,162,195,220
245,163,191,210
241,164,194,219
243,163,195,219
241,159,194,218
246,159,194,213
246,162,195,215
243,163,196,221
246,160,193,212
241,162,195,222
247,162,193,212
243,163,194,218
246,164,194,214
246,160,194,211
242,160,197,220
247,159,194,211
247,163,195,216
243,159,194,217
238,160,196,223
250,161,193,209
242,161,197,220
247,165,194,212
246,163,195,217
243,166,199,220
239,168,195,221
240,168,199,223
239,169,204,226
240,172,203,229
241,176,203,225
236,175,201,227
239,179,200,221
245,181,200,219
242,185,202,224
244,188,203,220
244,187,206,226
238,190,207,233
246,193,201,223
246,197,199,220
242,201,201,227
247,206,193,215
248,214,198,219
247,212,199,218
249,215,198,218
254,218,196,213
251,227,196,214
253,224,195,214
252,229,197,223
250,233,197,222
251,236,194,221
255,240,193,218
253,242,198,223
257,247,196,220
258,245,197,216
262,252,194,211
259,254,195,221
256,255,198,226
261,260,197,218
262,264,195,213
256,269,197,221
262,273,193,212
265,275,194,215
254,277,198,228
260,279,198,222
262,283,197,220
261,285,199,221
264,290,196,217
269,289,197,221
259,296,200,230
267,298,196,224
263,301,197,228
270,305,194,220
262,311,198,226
271,310,194,218
262,317,199,225
269,320,193,217
270,324,192,216
270,329,190,211
265,334,193,227
267,337,192,215
269,342,190,220
278,341,186,213
274,345,188,215
266,350,193,222
271,351,192,225
273,353,191,222
276,360,186,217
272,369,185,216
273,372,185,216
277,375,181,218
274,381,182,211
274,384,182,213
273,387,184,221
280,388,179,210
284,387,178,213
276,393,182,222
290,389,175,211
281,399,180,220
285,401,177,218
280,403,181,223
288,404,179,225
284,399,181,223
276,406,187,234
275,414,186,229
288,410,179,231
285,411,182,231
278,413,187,236
286,409,183,233
287,411,181,227
285,418,183,238
289,416,178,225
285,421,182,229
283,420,182,227
288,419,180,227
291,420,176,224
285,423,180,225
282,425,182,230
292,420,175,221
289,420,178,227
286,425,177,219
289,428,174,219
289,428,175,221
288,426,175,214
288,428,175,217
288,429,174,220
290,432,171,214
293,427,169,205
296,428,167,207
295,431,166,204
285,434,172,207
294,432,168,209
298,431,166,206
294,438,170,211
296,439,169,213
302,435,166,200
303,443,164,198
307,444,161,196
305,443,163,193
306,443,163,203
307,444,165,200
311,445,164,199
316,449,162,198
321,450,162,200
316,455,166,200
323,455,163,199
325,457,162,194
321,460,163,197
331,455,159,197
328,456,162,194
327,460,164,199
332,455,165,199
338,457,160,189
343,459,162,197
343,463,161,192
347,462,163,199
349,465,161,192
348,467,163,199
352,464,163,195
353,466,164,198
352,469,163,194
355,472,161,192
361,475,160,197
363,475,157,184
367,478,159,195
366,478,159,190
365,479,162,193
372,478,164,196
373,480,166,198
376,480,163,194
379,480,164,194
379,483,163,194
378,487,163,192
388,487,163,194
390,492,159,190
394,494,159,188
394,494,164,196
398,491,166,197
394,496,168,198
396,494,168,196
401,496,168,199
399,500,171,205
404,499,170,204
403,501,169,199
409,501,168,200
409,500,172,204
407,500,178,214
408,499,179,217
412,496,181,225
406,499,181,217
406,500,178,211
411,499,178,215
410,499,178,212
412,499,181,219
412,498,180,217
414,496,180,218
409,499,181,216
411,499,183,218
408,500,185,223
407,500,184,223
412,497,180,217
411,499,178,212
408,504,176,208
411,504,173,203
412,504,174,209
416,502,174,209
412,503,176,214
413,505,172,206
417,501,171,207
410,505,174,207
414,502,176,211
411,504,175,205
411,503,178,214
413,499,182,220
413,498,182,219
413,499,181,219
409,502,181,222
408,503,181,215
411,503,179,216
421,496,181,222
412,503,184,224
416,498,185,230
409,502,185,221
414,504,180,220
411,507,182,224
416,506,182,231
417,505,183,228
410,510,182,225
412,508,179,224
407,509,179,218
406,506,176,217
398,509,174,215
403,504,170,212
395,502,173,216
392,500,173,215
392,494,173,212
384,501,174,216
386,496,173,214
387,492,170,210
379,492,172,209
377,486,173,211
371,486,170,206
364,484,171,210
361,480,166,204
356,480,165,202
356,475,165,201
348,477,167,205
351,476,166,207
350,475,163,203
348,474,163,202
339,471,167,207
335,466,166,202
329,465,166,204
326,462,164,200
319,464,167,203
317,459,167,205
318,461,161,200
318,461,160,195
312,464,160,196
313,461,159,199
307,460,160,198
303,454,161,200
296,453,162,199
293,453,161,197
288,449,161,194
291,448,160,200
285,451,160,198
290,447,156,195
289,448,153,192
284,445,154,191
280,446,154,189
276,444,155,190
273,441,154,184
270,441,154,192
269,435,153,184
263,431,155,184
259,429,157,187
262,426,155,190
253,428,158,196
256,423,155,188
250,424,156,191
245,426,156,187
243,422,154,176
243,422,153,179
242,421,150,177
238,422,151,182
238,418,149,178
233,418,152,181
231,420,150,184
225,417,153,177
224,417,153,180
223,417,151,178
223,416,150,174
220,415,150,170
214,416,150,178
216,416,147,174
213,416,149,178
214,412,148,170
203,414,150,170
211,412,147,171
204,411,151,174
205,412,151,177
199,411,152,183
203,409,149,175
199,409,149,176
202,406,148,175
199,408,148,176
200,405,149,177
193,407,152,178
198,409,147,174
198,408,147,176
194,410,147,168
200,413,145,180
198,409,145,178
198,411,142,170
200,411,141,167
199,411,141,167
200,411,140,164
201,412,138,160
199,413,138,163
199,414,139,166
199,414,140,164
200,412,139,162
201,413,139,162
201,414,137,161
204,412,137,158
202,415,138,167
201,412,141,168
199,414,141,168
202,415,138,165
200,415,139,168
197,415,140,163
203,414,138,164
202,413,139,164
198,415,141,165
200,417,138,169
200,416,137,163
201,416,136,161
204,415,136,159
203,416,135,157
200,415,139,164
201,418,136,162
207,414,136,158
204,417,135,162
203,418,133,156
201,418,135,154
202,418,137,162
204,415,137,159
201,417,136,155
204,420,133,161
204,421,132,156
204,423,132,155
203,422,133,159
200,420,135,158
203,418,133,155
202,418,132,151
203,418,130,153
202,418,130,152
204,416,130,149
203,415,129,148
202,412,130,146
203,410,131,149
201,405,131,151
202,402,132,151
201,401,133,154
194,401,136,155
193,400,138,161
197,397,136,156
193,392,139,157
195,388,140,161
189,382,144,155
189,380,143,160
192,377,141,158
189,375,143,160
185,376,144,163
186,374,144,168
188,372,141,165
188,369,141,166
186,364,142,164
187,363,140,159
187,359,141,160
183,358,140,159
187,359,139,152
185,356,139,157
185,353,138,154
182,350,140,160
182,346,140,160
184,345,140,159
178,342,143,158
182,340,139,154
179,339,140,157
182,336,140,155
176,334,141,158
179,331,141,161
175,328,141,155
179,327,138,149
177,327,138,155
178,326,137,151
177,322,138,149
176,321,138,151
174,318,140,149
177,316,137,153
177,312,135,146
174,310,137,150
174,309,136,152
175,306,134,150
180,304,130,141
177,302,133,146
175,300,133,146
174,298,133,148
175,295,132,149
173,292,133,148
177,292,132,151
172,284,133,145
172,281,134,150
171,277,135,151
169,276,137,150
172,274,134,147
173,275,132,148
171,271,132,148
170,269,132,149
172,266,132,149
168,263,133,152
168,259,136,152
166,255,136,153
167,252,137,153
165,249,137,152
165,248,136,153
165,244,135,150
166,243,133,151
167,238,133,149
166,236,131,148
161,231,135,153
168,230,130,148
166,225,130,147
168,223,129,148
163,217,132,150
164,217,133,154
164,210,131,151
168,204,129,151
166,203,129,150
170,202,126,149
172,199,125,148
170,194,127,150
171,190,128,151
169,187,127,149
172,184,124,147
168,183,129,153
165,178,130,153
167,176,128,152
165,172,130,151
168,174,130,151
169,171,128,151
169,166,128,150
168,163,127,147
173,167,125,148
168,159,127,147
170,160,124,146
168,158,126,147
168,159,126,147
171,155,124,145
171,156,125,146
171,153,123,142
172,149,121,139
171,152,122,142
171,151,122,143
170,147,123,144
170,146,124,145
169,145,126,148
170,143,126,148
169,142,127,149
166,139,128,147
167,139,129,148
166,141,129,150
167,138,127,148
169,137,126,147
167,139,127,149
168,137,126,149
166,140,127,149
168,141,125,146
170,140,123,144
169,140,123,147
171,142,124,148
168,138,126,148
165,138,127,148
167,138,126,148
166,140,128,152
164,138,129,152
165,136,129,151
162,136,133,157
161,136,131,152
163,136,132,156
165,136,129,154
163,137,131,156
162,139,131,155
166,135,128,152
166,135,129,155
163,129,131,157
161,135,132,158
165,137,129,154
165,138,128,152
165,141,126,151
165,140,126,150
164,147,127,152
163,147,127,152
160,151,128,155
159,153,128,152
160,153,128,152
156,156,130,153
157,154,130,153
161,156,128,151
163,157,126,151
164,157,127,151
165,157,126,149
166,157,125,150
165,157,126,150
169,159,123,146
168,164,125,150
170,162,123,145
171,160,124,146
173,164,122,146
176,163,122,144
175,162,124,146
176,162,126,148
177,164,126,147
179,163,125,145
180,167,124,146
183,168,123,143
185,170,121,142
184,169,122,141
188,171,120,140
191,170,119,137
188,170,124,144
193,169,121,140
194,169,121,141
194,169,123,142
199,171,121,140
196,171,124,143
196,172,124,143
198,169,122,140
198,172,124,145
203,170,122,142
202,172,125,144
204,171,124,144
211,174,121,143
208,174,122,143
210,172,121,142
212,174,122,142
218,176,118,141
217,176,120,144
220,176,120,144
218,174,120,141
217,176,122,144
221,176,120,142
226,178,119,143
222,176,124,145
223,177,126,148
223,178,126,148
225,178,126,148
224,179,128,151
229,179,125,145
228,179,126,147
229,179,126,144
232,183,125,146
235,183,124,143
235,181,125,143
234,185,128,150
237,185,127,148
238,186,127,150
239,186,128,150
242,183,128,148
245,188,126,149
246,184,126,147
248,183,126,149
247,185,129,150
254,183,125,146
254,186,124,145
255,186,123,144
255,187,124,147
258,188,123,148
256,187,126,151
261,192,125,151
261,189,128,151
260,188,131,156
260,187,131,156
266,191,128,153
268,190,127,151
262,190,131,155
259,189,135,158
259,187,137,159
260,189,139,160
263,189,138,162
260,189,144,168
262,188,146,170
257,188,149,173
257,186,149,169
259,185,149,171
261,189,148,176
265,188,147,171
259,186,152,178
263,188,150,177
266,188,147,174
263,186,150,175
268,185,147,170
259,187,152,179
261,185,151,177
265,185,147,170
266,189,145,173
263,187,147,171
260,185,151,177
266,185,150,176
263,186,150,177
258,185,155,183
259,181,156,178
256,182,158,185
255,182,158,187
261,182,155,182
257,181,159,183
252,179,161,191
256,182,161,187
254,188,163,189
258,191,162,184
257,197,164,187
264,205,162,190
265,205,161,185
273,210,160,188
280,213,157,183
284,216,157,183
284,222,158,188
291,231,157,187
296,237,156,183
292,253,155,186
297,263,154,185
303,269,155,183
304,276,154,185
308,284,155,187
312,294,154,182
317,306,151,185
325,319,148,181
324,329,150,182
328,342,149,181
330,357,151,179
334,373,151,180
341,387,150,188
349,398,146,185
357,402,146,182
356,407,146,189
357,407,145,185
357,412,146,189
356,413,147,188
360,410,144,185
361,410,143,184
360,412,144,184
358,413,142,180
360,412,142,181
358,413,143,179
360,410,143,181
357,411,146,185
354,413,146,187
358,412,143,186
356,414,144,181
360,413,141,185
358,412,144,182
359,411,144,182
361,410,144,183
358,409,144,181
359,410,143,179
360,409,144,185
355,411,147,186
358,411,146,190
364,411,144,184
363,414,145,183
371,412,144,179
375,417,142,180
374,420,142,180
374,423,143,177
380,424,141,177
384,424,142,177
392,431,142,179
402,432,142,177
403,436,143,174
408,435,142,175
415,436,141,173
417,442,142,176
421,447,140,171
423,446,144,177
426,452,144,177
433,452,142,172
445,450,143,179
446,455,144,180
457,457,141,180
458,460,141,179
460,464,139,176
468,463,134,176
470,464,135,182
474,465,134,184
482,464,133,188
487,462,132,192
489,461,131,193
488,470,134,191
493,438,141,191
491,392,142,197
496,374,141,198
494,371,142,198
491,370,143,197
494,373,142,201
491,374,145,203
491,376,145,201
492,373,146,204
489,373,149,208
492,371,149,215
490,371,149,203
490,376,145,205
492,375,144,201
493,369,146,211
493,369,145,204
496,368,144,210
493,370,145,206
492,376,143,203
492,372,144,199
491,376,143,197
497,369,141,203
490,375,143,197
490,373,144,198
495,370,144,201
492,377,143,207
495,371,142,205
489,376,145,201
490,374,144,201
490,372,146,203
495,367,144,204
490,373,146,203
488,375,149,210
491,370,148,212
490,372,147,209
493,372,145,205
491,371,147,206
490,371,149,212
492,371,147,216
493,367,147,215
493,368,146,213
490,371,147,214
488,361,153,216
488,368,155,220
489,368,154,217
485,368,156,214
488,368,152,220
487,360,153,215
488,359,151,215
482,351,154,219
484,360,152,214
486,358,152,220
485,354,155,190
480,334,153,215
478,310,152,213
461,283,158,194
469,303,155,216
468,288,154,213
463,290,160,218
462,253,153,204
464,239,152,209
458,248,151,205
453,233,155,192
446,275,152,212
446,266,150,211
443,267,149,208
441,271,150,210
441,263,149,200
443,271,148,202
444,268,150,210
444,278,148,209
443,275,145,200
444,273,145,205
445,272,142,197
444,281,141,198
445,275,142,197
445,278,143,203
443,281,142,193
442,281,145,203
444,276,143,198
442,277,141,192
445,284,138,197
445,279,138,192
445,283,137,188
446,280,135,184
444,283,138,189
444,286,138,188
445,280,138,195
445,276,140,192
446,280,142,203
443,278,145,206
443,277,147,210
441,273,151,214
439,282,149,205
442,288,149,212
443,287,148,212
443,291,149,209
446,288,148,210
446,280,152,217
446,276,152,212
448,279,153,209
454,270,155,221
456,263,155,215
461,265,154,215
464,280,150,205
469,273,154,213
473,277,153,215
478,281,152,215
479,278,152,211
481,278,150,211
478,310,158,219
476,341,153,217
478,348,153,219
479,358,152,217
488,360,153,226
489,358,153,229
484,363,153,222
486,360,153,224
484,366,153,222
485,364,151,219
495,359,146,221
492,357,147,219
491,359,150,215
492,355,148,213
490,351,153,214
481,362,159,213
487,359,156,206
480,367,158,205
491,361,156,202
477,376,162,198
481,373,160,191
478,378,163,187
488,375,157,179
486,378,160,179
483,380,165,182
485,377,167,184
481,377,172,187
478,383,174,187
482,380,172,183
490,384,165,179
489,390,165,176
499,387,161,174
501,384,163,174
503,389,164,177
494,388,169,175
484,395,170,172
490,398,166,173
482,404,168,173
496,395,163,171
492,403,161,164
492,405,159,160
491,404,161,160
493,403,162,163
499,401,160,167
502,397,160,163
504,397,160,167
505,393,162,167
501,391,167,169
501,394,167,172
508,385,169,174
507,390,168,171
497,396,168,168
504,393,167,173
505,389,170,173
503,389,172,174
501,391,172,173
505,387,171,173
510,385,170,175
517,379,168,178
509,386,168,173
508,387,169,172
507,381,172,174
506,387,170,173
508,382,172,175
503,389,173,178
503,385,177,180
504,380,179,182
506,380,177,182
506,382,177,182
503,382,181,182
498,383,181,186
498,384,182,184
498,379,182,183
499,377,186,187
501,384,181,184
504,378,182,183
504,382,178,183
504,380,179,184
502,376,185,187
501,379,185,190
498,380,185,192
493,377,192,193
501,378,185,190
491,380,189,192
498,380,186,193
505,372,186,189
505,374,185,189
499,378,186,190
503,373,188,190
501,382,181,192
504,377,182,191
507,378,179,185
503,378,183,189
497,384,184,186
501,383,180,186
496,384,182,186
501,379,182,188
495,381,184,186
498,385,180,185
493,380,185,184
493,386,182,184
501,382,178,185
495,383,181,183
492,385,181,186
482,391,183,182
483,389,182,186
485,391,180,187
482,392,182,183
486,389,179,179
485,389,179,178
488,392,177,181
483,390,179,183
489,385,179,184
488,383,179,184
485,382,180,185
483,383,180,183
490,372,177,186
487,375,176,188
481,369,181,195
476,371,182,199
464,377,188,207
469,368,186,212
474,363,185,211
483,357,178,214
468,361,185,218
484,352,175,218
481,349,176,227
473,359,180,241
472,348,180,243
476,340,180,249
475,343,177,250
474,343,179,255
474,344,178,255
475,346,177,261
483,342,170,255
483,341,169,257
483,348,165,250
483,348,166,251
479,358,166,246
479,356,166,246
482,357,165,239
481,352,164,242
483,357,167,242
475,360,165,233
475,354,162,225
471,337,166,231
478,327,167,237
476,311,166,229
481,276,162,226
479,270,162,224
478,263,162,226
473,265,165,231
468,263,167,227
465,269,166,227
461,256,169,234
457,260,167,229
450,263,164,216
452,256,166,226
452,254,166,229
448,261,166,227
447,268,165,227
447,259,164,225
446,269,164,230
443,270,161,219
440,268,162,219
439,264,160,214
438,274,160,222
435,276,161,222
434,277,162,220
434,272,161,222
435,282,160,217
437,268,159,209
439,264,157,213
439,277,153,209
441,272,153,210
439,277,151,208
440,274,152,206
439,279,154,214
440,264,160,224
440,277,157,216
438,285,154,207
436,273,160,220
442,272,159,230
439,270,157,214
438,280,154,210
439,279,151,205
439,278,155,211
441,276,153,213
439,280,151,207
440,282,153,215
441,282,148,203
443,284,150,208
443,280,146,202
444,289,146,206
441,283,150,210
443,280,149,210
445,279,146,200
448,274,149,201
454,281,150,205
456,285,148,200
465,289,144,198
474,292,142,197
478,295,140,194
481,297,140,195
484,301,141,197
479,328,148,198
481,343,151,203
481,343,152,202
481,338,153,200
487,335,152,200
485,344,149,198
491,347,147,197
491,358,149,205
487,370,149,206
486,366,153,212
486,373,151,209
488,370,152,216
488,369,155,217
488,369,155,218
489,363,155,220
493,362,153,220
487,368,155,221
490,368,154,220
487,369,154,218
488,367,156,220
488,367,157,220
487,366,159,222
486,367,155,209
487,369,159,225
482,368,160,217
486,367,158,220
482,369,159,215
480,370,158,208
484,374,156,217
485,367,158,222
487,368,157,221
481,373,160,219
483,364,161,219
482,369,161,224
482,366,161,225
479,370,162,222
482,366,164,229
477,368,164,222
480,367,163,223
481,372,163,230
481,364,166,233
475,371,168,230
479,366,169,235
479,369,166,232
483,364,163,227
486,361,161,227
483,365,162,221
483,363,163,222
481,367,164,225
478,366,166,223
482,363,166,232
477,366,170,228
477,363,172,233
480,364,170,235
484,355,167,231
478,368,170,235
482,361,166,234
474,373,169,229
483,360,165,231
480,368,164,228
488,347,161,222
485,353,159,221
496,333,154,217
491,330,157,212
492,331,153,215
488,333,156,213
493,329,155,210
493,338,153,211
488,332,155,206
486,336,152,203
482,333,152,199
486,330,151,204
485,325,151,207
482,323,153,211
478,321,155,209
483,308,152,211
480,308,151,215
480,296,151,212
477,300,153,216
475,290,158,222
468,299,157,220
465,291,162,231
460,285,167,241
456,280,169,239
450,282,168,230
449,283,166,226
449,277,164,222
444,299,163,224
444,298,159,220
443,296,156,214
439,290,157,219
438,282,156,219
432,293,154,213
430,299,156,217
426,295,153,210
425,305,154,213
421,302,155,215
420,304,151,211
418,304,149,210
414,301,152,209
410,303,153,208
409,307,155,211
407,308,157,215
408,308,156,214
403,301,157,211
404,305,157,212
400,296,158,213
399,303,160,217
397,298,157,210
397,305,157,211
394,300,160,215
397,300,162,219
396,299,162,216
397,303,156,208
398,305,155,207
398,310,155,206
395,298,157,208
396,304,155,209
399,304,153,208
399,300,151,204
401,306,149,203
401,315,147,198
403,314,144,195
401,308,147,199
401,309,152,206
401,315,150,203
400,312,147,197
401,316,150,199
400,306,151,204
398,303,149,199
399,305,148,198
402,308,145,196
400,309,145,193
401,307,143,191
402,310,146,196
400,310,144,190
403,311,142,191
404,313,139,188
403,311,141,190
402,313,141,191
402,316,141,192
402,321,138,187
405,328,136,188
404,326,136,185
403,329,136,185
405,326,137,188
406,328,135,186
405,327,137,186
408,333,134,188
409,335,130,180
410,332,132,181
408,326,131,176
410,329,133,181
410,332,132,175
411,329,130,174
411,325,132,176
410,316,133,177
412,324,136,181
413,316,137,182
413,314,135,179
412,307,137,183
414,316,141,186
417,320,143,190
413,307,142,187
413,299,143,187
413,298,147,194
411,297,147,193
413,296,147,193
409,292,150,195
409,299,151,194
407,291,148,192
405,293,150,193
405,291,149,195
404,300,148,193
404,304,146,189
402,304,147,191
396,300,146,187
394,303,147,188
393,292,152,199
390,293,152,198
385,285,156,203
385,297,157,202
381,289,156,204
375,280,158,207
370,279,160,208
369,284,156,203
367,282,160,212
366,288,160,210
360,278,162,211
361,279,164,216
359,268,163,218
354,275,165,216
351,274,164,218
350,271,166,219
352,274,166,219
349,280,163,216
348,282,163,215
349,270,165,223
344,264,159,214
342,263,160,217
338,268,160,213
340,257,159,218
340,268,159,217
337,257,157,214
337,259,158,215
333,262,158,213
333,268,158,212
330,268,155,206
335,265,154,209
331,269,153,208
331,265,153,210
330,263,152,210
327,281,150,205
325,271,149,205
327,265,148,209
324,262,147,208
323,273,149,212
322,267,149,210
320,263,148,211
317,271,145,204
317,261,144,203
317,265,142,202
312,273,143,197
316,269,142,201
314,275,142,201
309,275,145,201
310,272,144,204
309,268,144,202
310,255,145,207
309,260,144,206
307,263,143,201
307,265,143,203
307,267,142,199
304,267,145,201
299,269,147,197
301,270,145,205
301,269,145,202
300,270,144,201
302,272,143,202
301,273,141,198
298,280,141,197
301,273,139,192
299,274,139,192
299,282,136,185
304,275,135,190
303,279,133,186
301,284,132,183
300,287,131,180
302,281,132,183
301,286,133,186
300,285,134,185
300,290,133,182
302,286,132,183
301,290,132,183
300,289,130,175
302,288,130,178
304,282,129,181
302,288,129,180
303,286,128,179
304,284,129,182
304,290,128,180
308,280,126,179
304,288,125,173
305,287,125,175
305,290,124,175
304,292,125,176
306,283,125,175
305,296,123,174
305,290,124,174
304,292,124,173
306,286,124,174
309,282,123,177
306,286,125,180
306,291,123,175
308,286,122,174
309,286,121,173
309,293,118,167
311,295,117,165
313,285,119,170
316,282,118,167
318,283,118,167
321,274,117,170
320,277,117,165
324,273,115,161
327,266,118,171
329,271,118,166
332,260,118,166
334,266,118,163
336,265,115,155
340,259,115,159
340,258,117,160
344,257,115,157
346,252,115,155
348,248,116,154
349,249,117,157
350,247,121,162
352,247,119,158
356,243,118,159
359,242,118,159
360,242,122,164
361,240,123,164
364,242,122,162
366,235,123,161
366,239,124,163
370,232,124,166
373,231,121,161
376,223,122,158
377,220,123,159
380,213,123,153
383,213,121,150
382,219,124,160
383,222,124,164
384,225,122,163
387,226,121,164
388,221,122,165
389,219,122,163
389,223,121,166
390,221,122,166
391,217,122,165
392,216,121,161
394,218,120,163
394,216,121,163
394,219,121,161
394,218,123,167
395,216,121,160
394,218,122,165
395,217,121,164
393,219,121,162
395,216,120,156
394,221,120,162
394,223,119,162
393,220,122,165
393,221,122,167
395,216,123,165
394,219,122,165
394,221,122,168
393,222,122,165
393,219,122,164
392,222,122,169
396,217,119,156
395,221,119,163
395,222,116,158
395,225,115,159
397,218,116,157
397,221,115,154
397,222,114,155
397,216,116,150
397,220,116,155
396,219,118,160
395,224,116,157
397,220,117,155
395,222,117,156
394,223,115,154
392,224,115,152
390,229,113,151
390,227,111,149
390,229,110,146
390,228,111,146
388,230,109,143
385,237,107,142
384,235,109,142
382,234,109,144
381,234,111,144
379,237,109,141
376,244,109,142
378,241,107,140
376,243,106,138
374,246,108,141
372,246,106,137
370,250,104,136
369,256,105,134
368,254,104,135
366,255,104,135
365,257,103,133
364,259,103,133
363,255,105,136
359,265,105,136
359,265,104,135
356,270,104,133
355,271,104,134
355,272,104,134
354,273,105,135
353,276,102,131
351,276,105,135
349,281,103,132
349,280,102,131
348,284,100,131
346,290,101,129
346,288,100,129
344,291,102,131
344,293,101,129
343,296,101,129
343,296,101,130
344,292,99,129
343,297,100,129
343,297,98,126
343,296,99,129
342,296,99,128
342,295,101,130
342,296,100,130
341,294,103,133
341,296,101,131
341,296,101,130
340,298,102,131
340,297,102,131
339,299,104,131
340,294,104,134
341,292,102,132
341,294,103,133
340,298,104,134
340,293,107,139
339,292,107,138
339,292,107,138
338,295,109,141
337,294,107,138
336,297,109,140
338,294,110,142
339,294,108,139
338,296,107,137
339,299,104,134
340,298,103,135
340,297,102,134
340,297,102,135
339,302,102,134
339,303,101,134
340,301,101,137
342,296,101,138
345,293,100,136
348,286,99,135
354,275,99,136
356,275,99,134
360,274,97,130
361,270,98,133
364,264,97,132
365,264,96,130
368,259,98,135
373,252,101,139
378,249,97,133
383,248,97,132
387,242,96,130
390,242,92,125
394,238,93,130
396,241,92,127
398,238,92,128
400,236,93,128
406,235,92,129
408,236,91,126
411,230,91,127
412,230,90,126
413,234,89,126
415,233,89,125
418,236,87,122
422,231,88,123
427,224,87,123
430,223,89,126
431,227,87,122
431,229,88,126
432,228,88,127
433,230,88,129
434,229,87,129
436,228,88,126
440,231,85,125
441,230,85,125
442,228,86,127
441,233,85,125
443,233,84,124
442,238,83,123
441,236,85,125
443,234,86,125
443,240,85,124
444,242,84,125
443,243,85,127
443,243,86,128
444,245,86,129
442,249,86,125
441,248,87,132
439,249,89,137
435,248,91,137
431,256,90,134
431,262,89,131
430,264,89,132
428,268,89,130
424,267,92,136
420,276,91,129
417,274,93,134
415,275,95,137
414,285,95,135
410,280,98,139
407,282,99,140
404,284,100,144
401,284,103,149
402,293,103,146
399,291,104,150
396,291,105,149
395,292,106,150
393,295,106,152
392,297,105,147
391,292,104,146
390,294,104,145
388,299,105,145
388,298,107,149
387,303,105,145
386,296,108,149
386,301,105,145
385,300,107,149
384,297,107,151
384,303,109,152
383,302,107,148
383,304,109,151
384,299,111,155
383,299,110,152
383,300,110,152
384,302,107,150
385,299,107,150
384,303,105,145
386,305,104,147
385,302,105,147
387,302,107,150
383,301,106,148
384,299,106,149
384,303,106,147
385,302,105,148
386,304,105,148
386,300,104,148
384,298,104,145
385,297,106,150
389,296,109,153
393,293,107,150
395,288,109,152
401,290,107,151
403,282,107,153
407,275,107,154
411,272,107,153
417,265,109,159
421,261,106,152
427,253,106,156
433,251,104,154
438,246,103,150
443,241,104,153
452,229,105,162
454,233,102,152
462,225,101,156
468,220,103,156
472,221,103,152
479,212,104,157
485,207,104,151
494,207,100,152
501,206,97,146
509,200,99,145
515,199,98,138
522,200,99,137
529,200,101,135
537,197,101,131
545,196,101,128
551,198,106,126
560,198,107,122
566,198,109,120
574,197,109,118
578,195,110,118
577,195,112,119
580,193,110,117
575,194,116,122
581,191,110,117
579,190,114,121
577,189,123,128
581,188,121,128
582,187,121,128
586,187,120,127
587,187,119,126
591,185,118,126
600,181,112,124
599,183,113,122
603,183,111,122
604,181,110,122
614,183,104,120
610,180,106,118
609,182,107,117
615,180,102,116
614,181,101,112
619,181,99,112
618,178,98,109
619,179,97,108
622,179,97,109
622,177,95,106
627,181,93,106
625,179,91,103
625,179,91,102
625,180,90,100
624,183,92,100
631,181,88,98
628,182,88,98
631,180,87,97
627,181,88,98
629,180,89,99
628,183,88,99
629,180,88,97
626,183,89,99
628,180,88,99
630,180,88,99
627,180,91,103
628,180,90,101
628,180,90,101
627,180,91,101
627,181,90,101
629,180,90,101
627,181,90,101
629,180,88,100
629,181,88,99
630,180,87,99
630,180,87,98
629,182,86,97
631,181,86,97
629,181,87,97
632,182,87,98
628,182,87,98
634,182,85,96
629,183,84,94
633,183,85,97
629,183,87,97
630,182,86,95
631,182,86,95
628,183,86,95
632,182,86,94
628,182,86,95
630,181,86,95
628,184,87,95
629,183,87,96
629,180,87,95
631,181,87,97
630,181,88,96
629,181,89,97
629,181,89,96
627,180,86,94
628,183,88,95
629,180,88,95
628,181,90,98
628,181,89,98
627,181,90,99
629,183,88,96
629,183,90,98
628,182,89,96
627,184,89,98
631,181,87,96
627,181,88,96
630,183,87,96
631,181,86,95
630,181,87,96
628,181,88,97
625,182,89,97
624,181,90,98
629,182,89,98
627,181,91,100
627,181,91,101
628,180,90,98
630,182,90,100
629,179,90,98
628,182,90,98
631,179,88,97
628,181,89,98
630,182,88,98
631,183,87,97
628,182,88,96
626,183,88,97
627,181,88,97
629,181,87,97
628,182,88,100
628,181,88,99
628,183,89,100
625,181,88,99
628,181,87,99
629,183,88,101
628,180,88,99
630,181,87,101
628,181,87,99
629,180,87,100
629,180,88,100
627,182,87,99
630,178,87,98
631,177,84,100
631,176,84,96
623,176,86,94
629,178,83,90
636,181,80,90
642,180,76,89
643,182,74,88
641,179,74,87
639,177,76,86
645,177,73,86
645,177,73,86
647,178,70,83
644,183,72,80
643,186,72,77
643,183,70,83
639,182,71,83
636,182,72,82
626,176,76,87
637,181,76,86
638,180,74,89
635,184,77,90
632,185,78,92
636,183,77,92
633,185,79,93
632,187,79,95
636,187,76,94
641,183,75,87
637,183,78,87
632,183,84,91
626,183,84,92
628,185,83,92
633,180,79,92
635,181,78,93
635,182,77,88
638,181,77,89
638,179,74,87
637,180,76,88
634,182,78,91
629,183,79,89
629,184,82,89
624,183,84,92
630,184,84,93
636,185,80,90
631,188,81,99
631,186,82,98
631,186,83,97
629,183,83,96
632,184,83,97
631,183,83,95
633,184,83,96
629,185,84,96
628,183,85,96
632,183,85,96
627,185,85,95
630,182,83,95
632,185,83,94
630,184,84,94
630,184,83,94
631,185,84,95
633,185,82,92
631,185,84,93
629,186,84,95
629,187,82,92
633,186,81,92
631,184,83,94
631,183,83,94
631,184,83,94
631,185,85,95
632,185,84,94
630,183,86,95
629,182,85,94
629,184,86,95
628,184,86,96
630,185,86,94
631,184,86,95
630,182,86,96
630,182,87,94
632,182,85,94
629,183,87,96
631,185,86,95
629,186,84,93
631,185,83,91
634,185,82,91
631,184,83,93
634,185,83,92
634,183,82,92
632,184,82,91
631,183,82,91
630,183,82,92
632,185,84,94
631,184,84,92
633,184,82,89
631,185,84,91
630,185,86,93
632,183,86,93
629,183,87,95
630,183,86,94
629,183,87,95
631,182,86,94
630,184,86,94
633,183,85,93
628,183,87,95
632,184,86,94
629,183,84,93
631,182,84,93
631,184,86,97
631,183,83,94
633,182,83,95
631,184,85,95
629,184,84,96
630,183,84,95
632,184,84,95
630,185,85,96
630,185,84,95
630,193,83,94
629,194,82,90
629,198,81,90
637,198,80,91
636,206,88,92
644,208,87,90
652,213,87,95
664,210,85,97
668,213,83,97
671,211,75,99
655,210,82,98
650,205,81,94
659,191,77,86
654,190,78,88
657,191,81,91
665,193,80,91
675,199,80,89
678,207,86,90
684,210,85,89
689,214,86,92
698,216,86,95
694,214,86,95
709,215,80,95
698,216,87,99
694,221,85,93
694,215,83,93
689,209,83,95
684,204,83,95
684,213,81,89
684,213,79,84
674,207,81,84
662,200,84,87
654,195,82,85
648,191,81,85
641,188,81,84
637,184,81,84
635,183,82,87
630,183,79,84
636,187,79,86
636,189,77,86
632,193,78,84
634,197,78,86
635,194,82,86
646,193,81,87
648,189,82,86
646,185,82,88
633,190,88,92
636,186,86,95
627,185,88,93
627,184,87,94
627,187,86,90
629,188,86,91
632,186,86,90
638,187,85,90
638,187,87,91
638,186,86,90
645,185,82,89
650,186,80,88
652,186,83,92
654,184,82,92
648,185,83,90
649,188,83,89
637,188,88,90
633,186,89,91
626,187,91,92
623,185,91,89
632,187,91,91
640,189,87,90
653,190,83,88
661,194,82,89
665,199,82,89
668,206,82,89
669,210,82,93
675,213,79,91
670,215,75,91
664,222,77,86
651,222,86,90
655,217,87,91
664,217,84,89
671,213,86,90
674,213,83,91
679,213,81,90
670,212,83,89
663,204,83,84
661,201,81,83
653,196,82,84
646,190,85,87
637,184,86,84
630,177,90,90
631,177,90,90
629,179,86,89
630,179,90,94
634,181,89,91
635,185,90,92
636,184,88,91
637,187,89,92
631,185,90,92
630,184,91,93
632,184,91,93
633,184,92,95
631,185,92,95
632,186,92,95
632,186,91,94
637,184,89,92
630,184,91,93
633,184,91,93
631,186,91,93
632,185,90,92
632,186,91,94
632,183,92,94
631,183,92,94
634,182,92,95
634,186,91,93
632,184,91,93
630,185,90,91
629,182,89,91
627,180,89,90
624,179,89,90
617,176,91,89
611,175,93,88
608,171,92,86
596,168,96,87
591,167,98,87
579,166,102,88
578,163,99,89
575,165,98,89
563,160,101,98
564,157,97,99
561,153,93,99
559,153,93,100
555,144,87,99
559,159,88,92
557,158,89,98
556,153,91,102
556,153,97,103
556,145,98,109
568,146,99,104
585,152,95,98
601,149,92,96
608,160,93,95
617,159,93,93
632,163,92,91
643,165,92,89
654,170,94,93
668,170,94,92
674,174,96,94
685,179,98,94
645,229,100,104
666,223,86,99
664,231,102,101
668,228,97,106
672,225,91,109
676,225,90,110
677,226,89,108
682,226,90,105
682,231,89,100
684,233,85,95
684,237,83,92
687,235,82,90
687,237,82,90
689,234,81,89
688,235,80,87
688,236,79,87
687,237,79,87
690,233,80,88
689,234,80,89
688,237,81,88
687,237,79,87
689,237,78,85
688,237,77,85
690,236,77,84
688,239,75,82
690,236,77,83
689,237,75,82
690,236,75,82
691,236,76,82
691,236,78,83
690,237,78,84
688,239,76,83
689,238,76,83
688,238,75,83
689,234,78,85
688,235,77,83
685,234,78,87
683,232,78,87
680,230,80,91
674,227,79,93
666,227,79,91
657,226,81,89
649,226,82,90
641,223,84,89
634,223,84,89
626,223,86,92
619,224,87,93
614,224,89,92
607,225,89,90
601,224,86,93
596,225,86,92
591,226,85,92
586,226,84,91
582,226,83,93
579,226,82,92
576,225,81,93
575,225,78,93
572,227,76,92
589,213,79,90
602,206,83,90
597,210,79,87
587,212,78,86
582,209,77,88
582,210,76,88
571,222,73,90
571,221,73,89
570,220,71,88
566,218,71,89
565,215,71,89
562,217,72,91
560,218,73,90
559,218,74,89
553,222,74,91
556,220,71,88
556,221,73,89
553,223,75,94
556,221,74,92
558,219,75,93
555,221,76,94
552,221,76,96
548,224,76,95
542,221,75,95
540,217,75,94
533,218,72,91
529,215,72,90
524,212,73,90
515,230,72,92
501,264,74,95
493,264,74,92
482,268,76,94
475,263,78,98
472,263,78,100
467,257,78,100
463,253,79,101
461,253,78,101
455,250,79,104
450,250,80,104
444,246,77,102
440,246,78,103
436,243,78,102
432,237,79,105
430,235,79,105
426,238,79,104
420,236,79,101
413,241,79,100
408,241,79,103
404,241,80,106
400,240,81,108
393,231,82,97
389,239,81,108
381,243,82,106
378,245,82,109
375,246,83,110
373,246,82,107
371,246,81,106
369,247,81,105
370,249,82,111
368,250,83,112
367,249,82,113
369,252,84,114
367,250,81,111
368,249,80,108
369,251,79,108
369,251,78,105
370,253,76,106
370,255,75,103
374,252,74,104
378,250,73,101
385,248,74,105
391,245,74,102
400,244,73,104
408,249,74,106
411,243,72,102
418,241,72,103
424,237,73,106
431,238,71,101
441,231,73,103
451,215,73,102
465,187,77,99
471,187,77,98
476,185,79,99
482,182,79,102
485,186,79,99
491,185,79,103
495,187,79,98
501,183,79,100
504,187,79,99
510,187,79,101
513,189,79,102
517,192,80,102
521,190,77,99
525,193,79,101
533,194,79,108
537,204,77,105
540,207,76,104
543,209,76,102
543,214,76,101
545,214,76,102
544,221,76,99
546,219,75,98
546,218,75,98
547,218,74,95
547,224,73,93
552,221,72,94
550,225,73,94
552,225,72,91
555,221,71,92
553,223,71,90
554,221,71,90
553,224,71,88
550,226,70,87
557,220,69,88
557,220,69,88
557,222,69,88
556,221,69,89
557,221,69,89
553,223,70,89
554,221,70,91
556,219,72,92
555,224,70,90
553,226,72,90
554,225,71,88
552,225,71,87
556,221,70,87
553,227,69,87
550,227,70,87
547,224,70,88
541,221,70,90
533,221,70,91
520,224,73,89
512,222,73,88
503,199,69,91
493,186,70,86
487,186,70,86
486,180,69,84
481,179,72,84
477,177,71,83
473,175,73,82
473,170,74,80
471,170,77,80
471,167,77,77
475,164,77,76
480,163,78,73
490,153,72,81
494,157,78,72
500,153,79,73
505,153,81,74
509,153,83,74
517,152,83,72
480,164,76,77
483,165,72,74
490,162,73,74
494,161,75,76
501,159,74,76
509,158,74,75
514,158,74,73
517,156,75,73
519,155,73,73
526,154,74,72
524,155,72,71
525,155,71,71
525,155,71,70
526,152,74,73
526,153,74,72
523,154,71,71
527,152,74,73
528,152,75,73
527,154,73,70
528,153,72,70
527,153,71,70
526,156,70,67
527,155,71,69
526,155,72,69
526,156,71,68
527,156,70,67
529,154,71,68
526,156,70,67
527,153,70,70
526,153,74,72
526,154,73,72
526,156,75,72
528,157,75,72
533,156,74,73
536,156,73,73
541,157,73,73
548,156,75,75
554,157,75,75
560,161,74,73
567,161,75,73
572,162,74,74
574,167,73,74
579,170,74,74
582,172,73,74
589,174,74,75
593,177,72,74
598,182,73,73
604,184,72,75
608,191,74,74
612,196,72,73
615,199,73,74
619,202,73,74
620,207,73,74
623,208,74,76
620,214,75,74
619,217,74,75
619,216,77,76
617,217,76,76
617,218,77,76
619,216,75,75
618,218,76,75
618,218,74,74
619,217,76,75
619,217,74,75
620,217,74,74
619,217,74,74
618,218,77,75
619,217,74,75
619,216,76,76
619,217,74,74
619,217,73,74
620,218,76,75
619,217,73,74
619,218,75,75
619,217,76,76
620,217,77,76
618,217,76,75
617,218,77,76
617,218,78,78
615,219,80,78
615,220,80,79
620,216,78,79
616,219,83,81
624,215,77,78
623,217,76,77
625,215,76,78
626,217,76,79
628,217,77,79
630,216,77,80
631,215,78,83
628,217,77,81
627,214,76,80
625,212,75,80
620,212,78,83
619,209,75,81
617,208,76,82
614,210,76,81
613,207,76,81
609,206,78,83
606,203,79,85
600,205,78,82
597,202,79,84
591,201,82,86
590,199,80,86
587,199,80,86
584,196,78,84
582,195,79,86
578,193,77,85
576,191,80,87
571,189,78,86
565,191,79,87
561,190,80,89
559,185,81,91
551,191,82,91
548,187,81,90
543,188,84,93
540,188,82,91
534,189,83,92
531,187,84,95
525,188,83,92
520,189,84,93
516,191,83,92
512,187,84,92
508,188,85,96
504,190,84,95
502,191,84,94
502,190,84,93
503,190,83,93
503,190,82,91
503,187,82,91
502,187,83,93
500,190,80,89
499,190,82,91
499,191,80,89
500,188,79,88
500,190,79,89
500,188,79,87
500,188,78,86
500,190,78,88
500,191,78,89
498,192,80,90
498,191,80,90
498,190,80,90
498,191,80,90
499,190,79,90
499,190,82,92
498,190,80,90
499,190,82,94
498,186,84,94
498,187,84,95
497,190,83,94
496,191,84,93
497,188,86,96
497,188,86,98
495,189,88,97
495,191,87,97
496,190,86,97
497,191,85,95
500,189,85,96
501,192,84,95
504,191,85,94
507,191,84,92
509,191,83,93
511,189,84,95
513,191,84,94
516,194,83,93
517,190,86,95
520,192,87,97
521,193,87,96
525,190,87,96
529,191,87,97
533,192,87,95
538,195,86,94
545,194,85,92
549,194,86,92
555,192,86,92
559,195,84,90
564,195,85,90
569,196,86,91
574,198,84,89
579,197,84,88
584,197,85,89
588,199,85,88
594,202,85,87
597,205,86,86
602,205,86,87
604,205,85,87
608,207,84,85
609,209,85,86
611,209,82,83
611,210,83,83
612,210,85,86
613,212,84,85
614,214,85,84
617,213,86,86
618,215,89,87
621,212,88,88
621,214,86,85
619,214,86,82
615,217,90,83
613,218,92,82
611,217,94,83
610,218,92,81
612,215,91,85
608,216,90,86
606,219,89,85
599,218,96,88
596,214,99,89
591,217,98,89
592,215,94,88
589,216,94,91
587,215,96,92
583,213,93,94
578,212,93,94
577,209,92,94
576,206,94,98
573,207,94,98
572,205,90,97
570,201,91,98
567,203,91,97
565,199,92,100
563,197,90,97
562,196,91,99
560,195,89,98
559,195,87,98
558,193,87,100
555,192,84,94
555,191,84,96
556,189,86,102
553,188,85,100
553,188,88,104
550,189,85,102
547,187,85,100
547,187,86,102
547,186,85,100
546,186,85,101
545,186,86,100
544,186,85,100
543,185,86,102
542,184,88,103
539,182,88,103
539,181,89,102
538,181,89,105
536,182,90,105
535,185,90,105
535,182,90,105
533,185,91,104
533,186,89,104
532,186,90,104
532,182,87,99
533,186,89,103
532,186,91,106
532,184,93,108
533,182,89,103
532,185,91,106
531,185,93,107
531,184,93,109
530,184,93,109
528,187,95,113
529,183,95,112
528,182,96,112
529,181,96,111
528,182,95,111
529,182,96,112
528,184,99,116
527,182,98,115
528,181,99,115
527,182,97,114
528,184,97,115
529,183,96,113
527,186,95,113
528,180,96,112
530,181,95,111
531,180,95,111
528,183,96,115
529,182,95,113
528,183,98,117
528,180,99,118
527,180,100,118
529,180,94,112
527,183,96,113
528,181,97,114
528,178,96,111
530,180,96,113
530,181,96,114
531,177,96,111
531,176,96,109
531,175,97,112
529,175,99,111
530,174,99,113
529,175,101,114
529,174,102,112
530,170,107,118
530,173,102,111
529,170,105,111
529,170,109,114
528,168,110,114
528,166,110,113
528,168,114,115
530,168,110,110
532,163,112,111
530,165,112,109
531,164,109,107
533,162,110,105
532,161,110,105
532,160,112,106
533,159,112,105
535,158,111,104
537,157,109,102
535,158,108,99
536,157,110,101
532,157,112,102
532,156,113,101
531,154,111,100
530,154,113,100
530,154,111,98
526,155,111,97
529,154,110,97
528,153,114,100
522,152,112,97
525,150,111,98
521,150,112,97
522,150,111,97
522,151,109,97
520,152,110,98
518,151,108,96
517,156,108,94
513,152,108,96
508,150,112,101
507,149,111,99
513,150,104,95
518,150,101,95
514,151,104,96
517,150,101,94
517,150,103,96
512,151,102,93
511,151,107,96
515,149,103,96
516,148,105,97
513,149,103,95
511,150,107,98
512,149,108,99
512,148,111,101
510,148,109,100
511,148,108,98
513,147,108,100
512,147,109,101
506,149,118,107
509,148,111,101
512,147,112,103
511,149,112,102
512,148,109,101
511,148,112,103
513,147,109,101
511,148,110,102
509,148,112,103
513,148,110,101
511,149,110,99
512,148,109,100
515,148,107,99
510,150,108,99
508,148,113,102
512,145,111,104
506,149,117,106
503,150,119,107
511,146,115,108
506,147,120,110
503,147,123,111
503,148,124,110
507,145,117,108
505,147,124,113
504,144,123,112
506,144,120,110
504,146,125,114
504,145,126,115
504,145,123,112
504,145,125,114
506,144,122,114
506,144,121,112
503,145,122,111
507,145,119,109
503,147,125,116
500,146,127,115
505,145,122,113
507,146,120,111
507,147,122,112
503,147,125,114
504,149,121,109
505,150,121,108
500,150,127,113
504,151,124,110
509,150,122,110
507,150,125,112
507,150,127,114
508,151,129,115
512,150,123,111
511,150,129,115
510,151,134,118
514,151,133,117
517,151,129,113
521,150,128,115
521,151,132,118
524,151,131,116
526,150,131,118
528,153,131,117
530,155,130,115
532,154,129,115
532,155,132,117
534,157,131,115
536,157,129,114
545,157,122,110
539,161,129,111
549,159,120,109
544,162,130,114
549,162,124,110
553,163,123,109
553,165,126,111
559,165,121,108
563,168,117,105
563,170,118,105
570,170,111,102
570,172,115,103
572,174,115,103
575,175,111,100
575,177,116,103
577,178,117,104
579,180,119,105
581,182,114,101
585,183,110,100
586,184,109,99
585,184,108,100
586,185,110,101
585,188,114,103
589,189,114,103
588,192,116,103
587,194,121,107
594,194,114,103
592,196,117,106
595,197,114,104
597,199,111,101
594,202,111,100
595,203,114,103
595,205,115,104
595,207,117,104
598,208,111,101
602,209,111,102
601,212,114,103
604,214,110,102
605,216,111,100
604,219,112,101
605,222,113,101
606,223,111,101
605,225,116,104
610,226,113,102
609,228,111,100
610,231,114,102
614,232,110,101
611,235,111,100
615,236,108,99
616,236,107,98
613,240,110,98
613,241,109,98
611,242,109,98
613,243,104,97
612,245,104,97
612,245,104,98
611,246,109,100
612,246,104,98
610,247,104,99
611,247,103,99
611,247,104,100
611,248,102,99
610,249,100,97
