690,264,205,206
688,265,205,200
687,263,204,200
685,262,204,192
679,261,206,184
676,259,202,179
679,257,199,181
674,260,202,173
670,254,203,180
680,247,191,192
670,260,198,178
666,257,196,180
669,255,194,181
666,256,194,178
665,253,196,183
669,251,194,185
670,252,196,186
673,245,197,186
674,246,195,188
677,244,194,186
675,240,196,181
673,243,202,187
674,248,200,182
664,250,208,180
668,248,206,180
674,248,200,190
663,279,215,217
672,269,209,220
682,266,205,226
682,258,200,228
682,258,201,231
683,263,199,231
685,263,198,228
687,273,209,228
692,272,213,217
694,238,206,203
688,245,202,196
679,280,202,205
681,285,197,195
678,292,202,194
678,298,209,199
673,292,208,201
674,285,204,200
674,249,189,183
669,261,188,178
672,267,185,174
671,267,188,176
673,262,188,176
672,269,190,179
670,269,189,173
665,271,194,176
667,273,194,175
676,255,188,177
676,271,193,199
679,270,193,199
671,274,193,200
669,277,196,203
665,282,201,205
664,286,196,201
661,288,198,201
661,289,199,200
666,285,195,200
670,287,189,199
669,293,190,204
667,292,185,203
673,295,183,206
669,299,183,209
689,307,178,204
696,317,176,207
698,311,177,212
696,319,180,202
685,321,184,202
688,325,184,199
684,319,182,198
676,311,182,189
679,312,188,197
678,304,193,197
681,301,192,199
681,299,190,197
682,299,193,201
690,302,199,208
658,331,209,206
686,309,197,213
697,303,196,211
702,296,192,208
683,318,209,216
680,313,212,205
678,302,215,213
674,297,213,211
683,287,214,216
679,283,214,216
681,276,207,211
682,267,211,216
689,254,212,213
690,248,214,204
692,240,214,208
695,240,211,207
694,234,210,208
692,229,209,203
692,225,208,195
699,214,201,201
698,208,204,210
696,206,206,210
696,202,208,195
705,204,205,200
704,207,211,207
704,207,218,210
711,196,211,219
709,197,213,217
716,190,204,218
716,181,201,216
709,188,200,210
707,188,194,205
702,189,196,206
701,189,197,206
701,187,195,208
701,188,193,208
702,182,195,208
702,177,194,208
702,170,198,208
701,174,196,211
704,170,202,213
704,171,205,213
704,173,192,208
700,172,196,207
703,173,192,208
701,172,191,207
704,168,184,218
705,170,187,220
706,170,189,226
703,179,193,217
703,183,192,218
702,182,192,220
701,188,195,216
701,190,196,215
698,187,195,214
697,186,195,211
700,186,192,209
697,186,194,209
700,186,192,205
697,186,192,204
696,185,191,201
699,186,195,206
695,185,201,202
695,184,201,206
688,186,203,194
690,179,198,197
691,177,198,199
691,177,197,197
692,175,196,198
692,174,197,198
692,177,196,195
692,175,197,196
695,175,194,194
692,174,196,196
694,174,194,196
693,176,195,194
693,175,196,195
695,175,193,194
693,178,195,192
692,176,195,196
691,175,197,196
691,175,197,196
693,176,195,195
690,174,198,198
691,173,198,199
694,175,196,195
692,175,197,195
695,175,195,195
692,172,197,198
695,172,195,197
695,174,195,196
692,175,199,199
700,182,189,194
703,184,188,191
703,185,189,194
699,182,195,210
696,179,198,216
696,183,203,215
701,181,196,211
701,184,194,207
702,181,192,210
693,184,200,214
692,191,208,214
690,194,214,205
692,190,209,209
693,193,211,205
692,186,207,199
697,181,202,196
700,179,202,200
702,175,201,193
705,175,200,192
703,175,201,191
704,175,199,192
703,177,199,187
704,175,200,185
706,174,200,187
708,177,198,187
709,177,198,187
707,178,198,187
706,175,199,188
704,177,204,187
705,179,204,182
708,180,201,188
706,177,202,187
711,181,201,186
716,178,194,185
707,176,206,180
703,177,208,183
705,177,206,184
710,176,202,180
712,179,203,181
711,182,204,178
718,182,199,182
719,185,198,184
715,182,206,179
716,181,205,179
717,180,207,177
717,180,206,178
720,184,204,181
726,181,197,184
730,188,204,192
730,190,203,191
747,180,190,183
746,189,192,189
747,197,192,187
745,201,192,188
748,202,192,192
750,201,190,191
759,196,186,193
765,202,188,190
765,200,188,191
769,197,183,194
758,196,188,193
759,197,189,195
764,197,187,191
772,200,182,193
777,198,178,185
786,195,175,187
781,206,177,187
784,204,177,187
782,199,180,192
786,198,181,195
787,195,184,196
790,197,184,196
789,195,185,199
790,196,185,199
790,202,188,196
798,198,183,194
800,200,185,195
809,195,182,193
807,196,186,200
801,198,186,205
794,191,192,213
784,193,197,223
768,195,200,218
711,222,219,219
714,218,211,237
704,223,212,246
710,225,224,224
711,220,224,235
718,215,235,225
733,215,239,220
775,219,236,219
788,223,232,213
791,218,244,220
824,226,243,216
834,233,243,217
865,257,235,205
835,232,231,208
843,241,232,207
840,235,230,211
853,233,228,212
855,229,230,218
873,233,225,219
874,226,224,218
873,230,228,220
869,228,239,223
875,227,239,219
888,238,236,211
891,232,233,207
885,239,244,208
879,236,245,210
870,237,243,211
891,243,235,209
892,233,230,214
887,233,233,220
861,229,234,216
864,231,235,216
863,234,236,214
868,233,232,211
860,233,233,216
876,239,226,217
886,240,219,212
886,236,217,210
897,239,210,203
901,238,198,192
893,241,195,188
895,245,190,184
877,248,195,183
875,253,202,186
869,249,200,189
871,255,197,189
876,256,196,185
865,262,202,190
868,264,199,189
870,263,197,190
869,261,192,183
891,265,178,178
874,269,193,185
891,272,177,179
883,278,186,181
871,276,195,187
870,272,186,184
876,278,177,176
863,277,176,174
847,278,183,178
852,276,174,173
852,278,175,171
846,279,183,178
842,276,187,183
851,272,177,180
853,272,174,179
848,274,180,181
850,275,180,182
857,275,173,178
847,279,182,182
856,278,175,177
839,284,190,183
852,278,174,174
851,282,178,175
846,279,183,175
849,283,185,172
845,284,188,173
839,285,193,172
843,288,190,169
849,289,185,166
850,285,182,167
855,282,176,167
846,284,185,171
853,285,180,168
858,285,175,166
857,286,176,166
859,283,175,168
857,281,177,169
865,279,172,167
853,283,187,172
850,285,193,176
860,282,183,171
857,283,186,172
861,284,184,170
865,280,180,170
863,284,186,172
858,286,190,171
861,284,186,169
866,284,185,171
872,285,186,172
870,280,187,174
864,281,191,174
868,277,186,171
862,278,192,174
865,276,189,173
869,271,186,173
870,275,186,172
879,280,185,169
877,274,181,167
876,277,185,169
873,278,187,169
877,280,188,170
878,280,190,173
880,278,188,171
882,277,187,171
889,272,178,167
882,277,188,171
885,265,172,170
884,262,173,170
894,260,169,169
895,260,169,170
892,262,170,170
891,266,173,169
892,258,162,170
887,262,166,169
891,262,165,168
895,257,158,167
890,258,165,172
892,256,162,171
892,256,160,168
895,257,159,167
880,262,175,174
886,258,166,166
882,260,171,167
884,261,171,169
886,262,171,169
890,255,163,166
886,260,171,169
881,260,176,171
876,262,181,174
890,257,164,168
889,258,169,170
890,256,168,171
883,262,177,173
887,259,176,174
892,253,167,171
890,257,172,174
892,260,172,171
892,257,169,170
893,256,165,170
896,256,165,169
896,258,167,169
899,250,158,170
897,249,162,176
896,247,164,178
894,247,166,178
891,247,170,176
895,246,167,175
896,250,170,171
894,251,169,172
899,246,165,170
894,247,170,174
897,243,166,175
898,243,167,174
901,244,169,172
889,241,177,182
896,241,167,179
899,247,169,172
897,246,169,173
898,241,167,175
901,240,167,174
894,242,171,177
897,240,167,176
897,241,168,177
904,244,166,171
899,240,164,173
900,241,165,174
903,239,162,173
908,239,157,170
897,242,169,176
905,242,164,171
903,244,166,171
906,240,162,169
907,239,162,171
903,235,164,176
903,239,166,175
903,235,165,176
908,237,160,170
903,232,165,178
899,239,173,174
894,228,171,177
897,227,169,175
901,230,166,174
908,230,159,171
902,240,171,171
911,234,160,167
906,235,167,171
911,233,158,167
912,234,159,166
914,236,159,165
908,236,162,168
914,233,159,167
918,235,157,163
912,236,161,167
910,236,162,167
909,236,164,168
910,238,163,166
910,240,161,164
914,236,155,164
915,238,157,162
915,241,160,162
918,239,153,159
917,239,153,159
918,238,152,159
917,242,158,161
916,237,153,162
912,241,161,163
919,233,149,162
916,236,156,164
917,233,153,163
918,232,151,162
919,237,153,160
922,236,149,159
923,233,148,159
926,235,148,157
921,232,147,159
919,236,154,162
921,231,149,161
925,236,152,160
920,234,153,161
920,233,153,164
926,231,151,162
920,231,153,163
920,230,153,164
925,231,154,164
925,231,153,164
922,233,154,163
927,235,155,164
921,231,155,164
929,232,151,162
924,234,154,163
927,236,151,161
931,238,153,161
927,236,157,163
927,233,151,161
917,235,160,166
927,232,153,163
924,235,157,165
926,234,159,167
928,231,156,167
921,231,160,169
926,232,158,167
923,236,162,168
926,232,156,165
931,232,153,163
930,235,155,162
933,237,155,163
935,232,150,162
930,234,153,162
930,233,155,165
934,234,152,161
929,234,154,162
934,234,152,162
928,235,157,165
933,235,156,166
933,234,155,166
936,234,152,163
933,236,154,163
938,236,151,161
936,236,153,162
940,235,149,161
941,239,152,161
939,236,150,161
940,238,156,164
944,236,149,160
938,237,154,163
939,240,155,163
939,236,154,165
936,236,158,166
939,239,159,167
941,236,155,165
942,235,154,165
941,234,158,167
936,234,165,174
945,233,160,169
941,234,159,170
934,236,166,175
941,236,163,173
937,238,164,170
939,235,161,171
942,235,165,174
943,233,165,174
944,235,166,175
946,236,167,176
944,239,169,176
941,241,171,177
954,237,161,172
953,239,167,174
951,238,167,176
952,239,168,176
957,239,162,173
962,238,159,170
949,239,173,176
956,237,168,177
964,237,162,173
966,241,167,174
956,244,169,177
955,244,171,176
967,242,166,175
967,240,169,177
969,242,164,174
974,242,160,172
971,243,164,173
979,245,163,173
971,245,168,177
975,248,164,175
976,247,164,175
984,250,164,173
980,250,168,176
980,249,166,177
987,250,167,173
978,251,168,177
975,256,174,178
988,251,162,173
1001,245,156,169
988,255,166,174
990,255,164,173
984,254,171,177
994,255,164,172
997,254,161,171
996,253,160,172
991,258,168,174
994,256,166,175
996,254,166,176
998,254,165,175
1002,256,167,175
998,259,173,179
1000,258,169,177
998,256,167,177
1006,255,166,176
999,255,172,181
997,256,173,181
999,259,176,182
994,257,180,185
1002,255,176,183
991,257,185,188
997,256,183,186
999,254,183,187
1000,263,185,186
995,259,184,186
997,261,185,187
997,264,181,184
1002,259,174,182
1002,261,178,183
1002,261,178,183
1001,261,178,184
1004,260,179,185
1003,258,181,186
1001,261,184,187
999,260,188,192
993,259,196,196
1000,255,184,188
998,257,186,189
1000,257,186,190
1002,254,184,188
1006,255,182,187
1005,256,184,188
1005,256,181,184
1006,258,179,184
1005,260,183,186
1003,258,182,187
1011,259,175,183
1014,257,173,181
1015,264,177,182
1017,260,174,181
1016,259,172,179
1017,258,171,181
1017,257,168,178
1018,260,169,177
1009,258,174,180
1008,258,180,185
1016,256,175,183
1008,256,181,184
1014,261,179,182
1012,261,180,184
1016,259,174,181
1008,260,179,185
1008,261,180,186
1010,259,179,183
1012,257,180,185
1020,254,177,185
1008,255,183,187
1009,254,185,189
1002,256,194,195
1001,252,195,196
999,249,199,199
999,250,203,202
1000,252,199,201
1006,248,194,196
1010,250,191,196
1005,252,193,196
1002,251,194,196
1007,249,191,193
1004,249,195,198
1001,252,199,200
1015,250,190,194
1009,253,194,195
1013,250,190,194
1006,252,193,196
1015,249,186,191
1014,250,183,187
1015,249,187,190
1017,248,184,190
1009,251,187,188
1014,248,186,189
1006,247,192,194
1015,247,189,194
1002,245,198,198
1002,246,198,199
1000,247,202,201
1001,245,205,206
1002,242,198,198
1006,244,201,200
1010,244,193,198
1006,242,194,197
1006,242,198,200
1002,247,203,204
997,245,207,204
1009,243,201,203
997,247,202,200
999,246,200,199
991,246,209,204
1008,245,195,198
1002,247,201,202
1011,247,196,197
1006,245,195,196
1000,250,199,199
1006,245,198,197
1006,245,199,200
1001,246,208,204
1003,244,199,200
1002,246,205,204
1000,247,204,202
1002,245,203,202
1005,247,199,201
999,248,202,201
1012,248,195,197
1004,249,203,202
1006,246,203,202
1003,244,199,199
1003,244,208,206
1000,250,205,204
1005,248,200,200
998,251,205,203
1003,250,198,198
1009,249,199,199
1012,247,195,198
1009,247,194,197
1009,247,193,197
1006,250,196,199
997,248,204,202
1003,247,198,198
993,248,204,201
997,245,204,202
997,244,206,205
995,244,207,206
1004,239,201,203
989,245,218,213
997,245,210,209
1002,241,204,206
1002,241,203,203
1003,244,205,206
993,243,211,207
999,241,210,211
998,244,212,213
996,244,213,212
998,245,208,206
1003,247,200,200
1013,246,196,198
1004,249,198,199
1017,243,187,192
1009,249,192,194
1016,247,187,192
1016,247,189,193
1010,248,192,193
1009,245,188,190
1009,249,192,194
1007,251,195,196
1002,250,193,192
1011,248,189,189
1016,244,185,191
1013,249,189,192
1012,248,187,189
1012,247,186,190
1007,251,190,191
1008,252,192,192
1010,248,190,193
1012,247,191,193
1015,243,187,190
1012,248,188,190
1007,247,189,191
1016,246,186,190
1005,246,192,194
1011,247,190,192
1013,244,185,189
1011,248,188,191
1013,248,188,190
1013,246,188,191
1006,252,191,192
1013,246,184,187
1015,247,182,186
1017,244,181,186
1006,248,193,194
998,245,198,197
1002,243,199,198
999,243,198,196
1002,244,201,199
1009,243,197,199
1005,242,199,200
1004,242,202,203
999,243,204,202
1002,244,201,201
1000,244,203,202
1014,241,195,197
1000,245,198,197
1012,245,190,194
1008,245,194,196
1002,248,199,199
1009,244,193,196
996,249,208,206
1003,248,202,202
997,247,203,201
1003,252,199,199
1010,247,191,193
1010,253,195,195
1010,249,187,189
1007,249,189,190
1008,251,194,194
1001,250,197,197
1009,247,189,190
1011,253,189,191
1008,250,186,188
1016,249,181,186
1018,249,181,185
1011,248,185,188
1012,251,186,188
1011,251,189,192
1015,251,187,191
1012,251,187,190
1015,253,184,186
1020,250,180,183
1017,254,185,187
1008,252,186,188
1021,250,178,181
1017,250,183,187
1010,252,185,187
1012,254,182,185
1020,252,179,183
1009,250,183,185
1012,252,185,188
1016,249,181,186
1021,251,179,184
1006,251,183,185
1017,249,181,186
1017,248,180,186
1013,254,181,185
1009,251,184,188
1007,254,188,189
1011,253,189,191
1004,250,195,195
1006,253,193,194
1006,252,194,194
1005,253,198,197
1013,248,184,188
1016,248,183,187
1017,248,184,188
1008,247,195,194
1009,246,191,191
1019,245,186,189
1017,246,184,186
1012,248,189,192
1017,248,184,189
1014,248,184,187
1011,250,192,192
1019,243,186,191
1021,243,183,188
1019,248,183,188
1014,245,183,188
1013,249,189,191
1017,246,185,189
1006,250,196,195
1020,244,189,193
1017,239,185,189
1015,241,187,191
1009,243,195,196
1015,245,189,192
1010,244,191,193
1010,241,190,192
1008,241,195,196
1004,244,200,200
1012,245,193,195
1013,245,193,194
1011,238,190,191
1013,244,197,198
1007,238,198,197
1005,243,202,200
1012,239,194,195
1010,241,200,200
1007,239,197,197
1016,238,187,192
1015,240,188,191
1019,242,190,193
1017,242,188,191
1009,244,199,198
1015,241,189,193
1012,243,193,194
1011,244,195,196
1017,239,187,191
1011,242,190,192
1011,244,192,194
1018,241,182,185
1020,246,183,186
1011,248,193,193
1017,242,188,193
1013,242,197,198
1012,242,194,197
1012,245,196,199
1012,242,192,195
1020,239,190,195
1005,245,196,198
1018,242,194,198
1014,241,190,193
1010,243,191,194
1013,243,189,192
1012,241,187,189
1014,242,189,192
1016,246,192,194
1018,242,184,189
1013,242,190,194
1016,237,190,194
1013,237,193,196
996,239,203,201
1015,232,196,200
1004,236,208,207
1003,239,205,205
1012,233,197,200
1006,239,202,202
1009,239,198,200
1002,238,200,200
998,242,211,209
1005,237,206,207
1005,235,205,207
1010,235,200,203
1001,237,206,206
1013,236,203,205
997,240,208,205
1016,232,193,197
1006,236,201,201
1006,237,200,201
1007,233,197,199
1009,236,199,202
1013,233,195,199
1016,238,196,198
1008,240,197,198
1009,238,195,196
1013,238,195,198
1009,237,197,198
1011,238,197,199
1000,236,200,199
1002,235,203,203
1004,235,204,204
1011,236,198,201
1004,238,203,203
1026,230,195,201
1016,234,196,201
1005,238,202,204
1010,238,199,200
1018,233,191,196
1016,232,188,193
1011,238,194,198
1017,234,192,197
1013,235,197,202
1022,233,194,199
1009,237,197,198
1013,238,194,196
1015,238,193,195
1020,236,186,191
1017,238,189,192
1014,237,190,195
1019,236,190,195
1014,236,196,200
1011,237,198,200
1010,238,197,198
1002,239,204,202
1009,237,199,203
998,238,205,204
1014,235,194,198
1009,237,201,202
1016,234,192,196
1009,238,196,197
1022,236,191,195
1016,241,196,199
1030,234,190,196
1012,232,193,195
1014,239,202,204
1001,238,206,205
1013,235,197,199
1013,238,201,204
1012,236,198,202
1010,234,196,200
1015,241,196,199
1015,239,195,199
1007,240,201,202
1018,238,193,198
1014,238,195,199
1016,239,202,205
1010,237,202,204
1011,240,203,206
1014,242,202,206
1008,241,205,206
1002,241,209,209
1011,241,199,202
1017,242,194,198
1009,243,200,204
1018,245,196,201
1022,243,189,195
1022,247,192,196
1030,245,184,192
1017,248,191,196
1023,249,190,194
1022,247,190,195
1020,248,188,193
1022,247,186,193
1024,249,190,195
1024,249,187,193
1027,245,181,189
1029,251,187,193
1020,255,195,197
1034,250,186,194
1028,250,183,190
1022,252,187,192
1023,250,189,195
1018,251,195,199
1019,250,193,197
1008,249,200,201
1019,253,196,199
1019,251,196,200
1013,251,195,197
1022,250,190,195
1025,246,184,190
1020,252,191,196
1015,251,198,201
1016,253,197,199
1029,250,191,195
1024,248,188,194
1026,250,185,191
1021,248,185,190
1021,253,190,194
1026,252,186,190
1024,252,184,187
1023,253,188,191
1028,253,182,186
1024,250,186,191
1032,247,181,189
1018,246,190,194
1023,248,191,196
1018,246,191,195
1019,245,200,203
1021,246,194,198
1018,246,201,202
1015,243,196,199
1004,247,209,209
1010,243,202,203
1015,244,197,200
1016,247,198,201
1012,244,199,201
1011,242,203,206
1007,238,205,207
1009,238,211,213
1010,236,211,211
1008,240,215,216
1002,238,211,211
1008,237,211,213
1006,239,211,211
1015,236,204,206
1020,239,205,207
1008,238,203,205
1010,235,205,207
1009,238,207,208
1006,236,209,210
1011,236,207,209
1012,238,206,207
1007,237,210,210
1007,238,207,208
1008,240,208,207
1005,238,204,204
1009,237,211,209
1006,238,207,206
1001,236,217,214
1017,227,207,212
1011,233,206,209
1008,234,207,209
1013,233,204,206
1017,238,205,207
1023,237,196,199
1006,241,205,205
1006,236,202,202
1012,237,209,209
1003,237,211,209
1006,237,204,205
1018,234,199,203
1026,237,208,210
1009,238,206,206
1012,239,204,206
1014,238,200,202
1020,240,197,199
1017,242,196,198
1012,245,202,201
1018,240,195,198
1030,242,197,198
1015,244,201,201
1022,241,192,196
1007,246,202,200
1017,241,191,195
1020,242,194,196
1023,239,187,193
1021,245,198,200
1016,240,196,199
1031,236,195,200
1013,241,197,198
1020,241,195,198
1019,242,196,197
1018,242,198,200
1027,242,189,195
1034,247,188,191
1030,244,183,189
1026,245,185,191
1024,247,186,189
1033,242,185,190
1026,244,188,193
1024,243,192,195
1035,245,188,192
1034,243,181,187
1038,244,181,188
1029,244,186,192
1043,239,176,186
1030,248,184,189
1033,244,180,187
1026,246,188,191
1035,243,182,190
1033,246,191,194
1024,246,195,196
1024,243,194,197
1026,238,193,199
1016,240,205,206
1030,239,199,204
1021,237,198,201
1022,236,206,209
1013,239,210,210
1030,235,195,200
1035,234,197,202
1030,236,201,206
1023,237,201,204
1022,238,203,205
1033,236,197,202
1028,238,196,200
1031,237,194,199
1035,243,191,195
1034,242,191,196
1028,242,193,196
1034,238,187,193
1031,239,191,195
1040,238,194,199
1026,237,199,202
1025,233,199,202
1033,232,201,205
1027,232,205,207
1020,236,208,210
1029,230,198,203
1031,232,200,204
1033,229,197,203
1031,231,195,200
1033,227,195,200
1027,233,203,204
1028,227,201,206
1023,225,204,209
1026,228,208,210
1025,226,205,208
1027,228,201,205
1029,229,201,204
1030,230,194,198
1036,232,196,200
1034,229,188,193
1037,232,187,194
1045,230,188,196
1030,234,195,198
1032,233,193,197
1032,230,194,199
1029,232,198,202
1025,233,197,200
1036,235,201,205
1034,233,196,201
1025,233,201,205
1028,232,207,212
1027,235,204,209
1023,239,204,206
1024,238,198,202
1037,237,196,202
1025,239,194,198
1034,242,197,202
1028,245,201,205
1026,243,197,200
1031,246,194,198
1025,247,192,196
1024,246,188,193
1028,245,184,191
1033,252,188,193
1030,252,189,194
1045,250,185,194
1033,251,189,197
1023,258,196,199
1024,253,190,195
1026,255,190,196
1027,254,190,197
1026,260,194,198
1025,256,189,196
1030,258,189,195
1024,262,194,198
1033,259,190,197
1020,260,189,193
1030,259,183,191
1032,259,181,189
1025,262,186,193
1022,267,192,196
1025,262,187,193
1019,263,192,196
1022,265,193,196
1027,262,188,194
1012,266,200,201
1024,262,197,201
1008,262,207,206
1008,262,205,205
1020,266,196,199
1012,270,204,203
1017,266,197,198
1017,262,196,200
1017,265,205,207
1019,262,196,201
1016,261,196,199
1014,264,201,204
1020,262,197,201
1018,267,198,202
1020,269,194,196
1015,268,193,197
1024,262,185,191
1028,267,188,194
1016,267,195,198
1020,268,193,196
1023,266,192,197
1020,265,193,196
1024,267,190,195
1020,268,193,196
1030,265,185,192
1021,266,191,195
1024,266,191,196
1024,268,190,195
1025,266,188,193
1016,268,193,196
1022,270,190,195
1031,263,181,191
1024,272,192,195
1021,274,190,194
1026,267,186,192
1021,269,188,191
1024,272,186,192
1012,274,190,189
1027,269,182,188
1027,275,181,186
1031,270,177,185
1030,268,181,186
1029,270,177,185
1031,275,186,189
1025,270,186,191
1029,268,185,191
1023,275,188,191
1027,270,181,188
1032,269,180,188
1027,272,182,189
1028,272,187,191
1028,269,184,191
1026,273,186,192
1022,271,183,189
1023,273,183,188
1031,270,180,188
1027,270,181,189
1026,271,184,191
1028,272,181,185
1031,272,183,189
1027,272,180,187
1025,273,183,189
1026,270,184,191
1027,271,186,193
1037,269,181,190
1029,271,183,189
1036,271,181,188
1027,269,184,190
1026,272,184,191
1027,269,181,188
1024,272,186,191
1027,271,188,193
1029,271,190,195
1025,271,192,196
1023,273,193,196
1030,272,188,194
1023,278,195,196
1032,272,195,200
1017,273,195,197
1024,272,192,196
1019,272,197,198
1034,270,188,196
1028,272,195,201
1024,274,195,200
1025,271,197,202
1022,269,199,203
1025,273,202,206
1023,272,207,211
1022,267,202,207
1018,272,209,208
1018,272,210,213
1029,268,204,210
1026,272,209,213
1017,275,213,213
1012,276,212,213
1006,273,213,212
1026,271,206,212
1028,270,208,214
1025,270,208,212
1025,274,208,212
1022,273,201,205
1020,272,202,208
1033,272,207,213
1019,274,211,214
1017,275,215,216
1025,271,210,215
1016,272,210,212
1032,269,204,210
1019,273,211,212
1025,275,214,216
1025,271,209,214
1022,272,212,216
1017,275,217,218
1031,271,207,212
1022,273,205,208
1029,274,208,212
1022,279,212,212
1031,275,209,212
1029,273,200,204
1028,275,202,204
1032,272,201,208
1027,272,205,209
1039,273,201,207
1030,271,208,212
1023,272,206,208
1031,272,196,202
1032,274,203,207
1033,274,197,204
1032,272,200,206
1037,273,200,207
1032,273,208,213
1033,275,207,212
1029,273,205,211
1023,278,211,213
1027,277,206,210
1022,277,213,214
1047,273,198,206
1035,276,199,205
1034,280,202,206
1033,276,204,208
1037,277,198,205
1046,275,195,203
1036,277,196,202
1049,278,199,204
1040,278,198,205
1051,273,191,201
1043,277,192,199
1042,278,199,204
1036,275,202,209
1035,281,206,208
1043,278,198,205
1035,281,208,210
1034,279,203,207
1048,277,193,200
1049,276,195,202
1043,281,208,210
1031,277,206,210
1033,276,205,210
1034,276,207,212
1034,275,203,210
1027,277,211,214
1034,275,212,216
1032,275,206,212
1030,276,210,215
1031,276,212,218
1018,278,220,222
1036,278,215,217
1034,278,214,217
1030,277,206,209
1039,282,207,211
1033,281,207,211
1034,283,202,205
1038,283,202,207
1043,281,199,203
1045,278,196,205
1044,278,195,201
1047,279,195,203
1043,281,201,207
1037,283,204,206
1043,277,198,205
1037,283,203,209
1049,280,201,209
1039,282,205,210
1045,277,202,210
1039,282,210,215
1043,280,205,211
1043,279,205,212
1038,285,205,210
1049,282,201,207
1041,282,203,208
1042,280,203,211
1039,284,207,211
1045,280,201,208
1035,283,207,212
1038,285,208,212
1041,285,209,212
1045,285,204,208
1040,280,198,204
1046,280,193,201
1048,282,193,201
1046,283,198,204
1052,280,200,207
1040,282,206,211
1044,284,198,205
1053,283,196,204
1048,288,197,202
1053,284,190,199
1052,283,190,200
1062,280,189,198
1054,283,189,197
1055,285,189,196
1053,287,190,197
1048,288,190,195
1058,287,191,198
1054,287,190,198
1061,282,184,196
1058,283,187,196
1053,286,189,195
1057,283,185,194
1059,285,183,192
1058,285,184,193
1050,290,192,194
1059,287,189,196
1053,285,191,196
1055,284,190,197
1054,279,189,196
1057,281,188,197
1045,283,196,201
1051,283,198,204
1047,276,196,204
1052,282,203,208
1048,280,200,206
1042,281,204,206
1050,279,200,207
1045,276,201,205
1047,276,198,206
1048,280,197,203
1053,284,197,201
1058,278,194,201
1050,279,198,204
1054,277,192,200
1048,276,195,201
1049,274,200,205
1052,276,198,204
1053,280,198,202
1054,277,192,199
1053,276,191,197
1054,282,197,199
1060,276,185,193
1055,274,190,196
1053,275,194,201
1053,277,196,201
1055,278,196,200
1055,279,199,203
