111,68,27,25
111,69,28,25
112,72,28,24
113,73,28,24
109,72,30,25
104,68,31,26
99,65,31,26
93,64,31,26
89,64,30,26
90,64,30,27
91,65,32,27
94,67,30,28
96,70,31,27
101,74,28,26
100,76,29,26
98,75,30,25
96,72,30,26
92,69,30,27
88,67,31,26
83,67,31,26
81,66,29,26
85,68,30,26
87,70,30,25
92,74,29,26
95,77,30,26
95,77,29,27
94,76,29,26
90,72,29,26
86,70,30,26
83,69,29,26
80,68,28,26
84,68,29,26
87,70,31,26
92,72,29,26
93,76,32,26
91,78,33,25
89,76,33,26
88,73,31,27
84,71,32,26
82,70,30,27
83,69,31,27
89,71,32,26
93,72,31,28
96,75,31,27
98,77,32,26
102,77,30,25
102,76,31,26
101,74,30,26
102,73,29,26
101,73,30,27
107,74,33,28
117,76,30,27
121,79,32,25
125,81,33,24
128,80,33,24
130,78,33,24
132,75,32,24
132,73,29,25
133,71,29,25
132,71,31,24
137,71,30,25
142,71,30,25
147,72,30,26
151,73,30,26
155,75,30,25
160,75,27,25
162,76,25,24
163,75,23,24
163,76,25,23
167,80,30,22
174,81,30,22
177,83,31,22
181,84,31,21
185,84,30,20
186,81,27,21
187,79,26,20
186,78,27,20
191,78,30,19
196,78,31,21
202,79,31,20
207,80,31,21
210,82,32,21
213,82,31,20
215,80,29,21
215,77,28,20
215,76,28,20
215,76,29,19
218,76,29,22
225,77,29,21
230,79,30,22
234,80,29,24
235,80,29,23
237,80,27,21
237,79,26,21
234,79,25,22
236,81,26,22
242,81,25,23
248,83,24,22
252,85,26,21
257,86,25,22
261,87,26,21
263,86,25,20
264,84,25,21
264,82,22,21
263,80,22,21
261,80,23,21
260,82,23,21
264,82,25,20
272,83,24,20
276,85,24,19
279,87,25,20
282,90,23,17
284,91,24,17
284,90,23,17
283,88,22,17
281,86,21,18
279,85,21,17
276,85,22,18
279,87,23,18
282,89,26,18
286,90,26,18
293,93,23,18
295,95,23,16
295,95,23,17
292,93,24,17
287,89,24,17
282,85,24,18
275,83,25,19
277,82,24,19
281,82,23,18
286,83,23,18
290,85,22,18
294,87,22,17
296,89,22,18
295,89,24,18
293,88,23,18
289,86,23,18
283,84,24,18
277,83,25,16
270,82,24,18
268,81,22,17
271,81,22,17
274,81,21,17
277,83,22,17
279,84,21,17
279,84,22,17
276,84,23,17
273,81,24,18
269,78,22,20
263,77,24,19
255,76,26,20
252,75,25,18
256,76,23,18
259,76,22,19
261,80,23,19
262,83,25,19
261,83,28,19
257,82,28,20
253,80,27,21
251,77,24,21
245,75,23,21
237,75,25,21
231,75,27,20
233,75,23,19
234,76,23,18
236,78,21,19
237,79,23,21
236,82,22,21
233,82,25,21
228,80,23,20
221,79,23,19
217,78,23,20
214,75,23,21
215,76,23,20
217,77,26,18
219,79,25,17
220,82,26,17
216,83,27,17
210,80,27,18
203,76,27,18
194,73,28,19
186,70,28,19
187,70,26,19
187,69,26,19
189,69,24,20
190,71,24,20
191,73,25,21
191,76,27,18
186,74,26,18
179,71,26,19
170,69,27,20
160,68,27,21
152,67,26,19
150,67,25,17
153,67,24,20
155,70,24,21
155,76,26,20
150,79,31,21
145,78,27,21
137,76,27,22
125,76,27,23
123,75,27,23
123,76,26,23
124,77,26,23
123,80,28,22
121,80,28,24
114,75,27,24
107,72,27,24
101,70,29,24
96,67,28,26
98,67,28,25
101,67,27,24
103,70,29,24
103,74,30,24
104,78,31,23
100,77,31,23
95,74,31,23
87,71,31,23
81,70,31,23
77,70,30,22
81,69,32,21
84,71,32,22
87,72,34,23
88,72,33,22
85,69,33,22
82,66,35,22
79,66,34,22
82,65,35,23
88,65,35,23
93,67,36,22
98,69,33,21
97,68,32,23
92,64,31,22
88,61,32,23
85,59,30,24
87,59,32,24
90,59,31,26
96,61,32,26
100,63,30,25
100,62,27,26
97,59,29,27
92,56,30,28
87,54,29,27
86,54,28,27
90,53,29,29
95,55,30,29
99,57,31,29
103,59,32,30
105,62,32,29
108,62,31,27
110,59,31,29
112,54,29,31
113,51,28,29
116,47,28,27
116,47,28,28
118,48,28,27
120,51,27,25
120,55,29,27
122,59,28,26
121,63,29,30
119,72,31,28
126,81,35,28
129,79,30,25
131,78,31,25
134,78,30,24
137,78,26,23
139,81,26,22
140,84,28,24
143,88,27,24
147,93,26,24
151,97,26,22
154,98,27,22
159,96,28,22
164,95,29,24
167,94,31,26
173,93,29,24
178,92,28,23
180,88,29,26
181,84,27,25
180,80,27,26
178,79,28,25
182,79,28,24
189,79,28,24
194,79,26,21
197,77,26,22
198,74,25,23
199,74,23,23
198,73,25,22
200,74,31,23
208,75,30,22
214,78,31,23
219,80,31,22
222,79,31,21
223,77,31,20
222,73,31,21
220,71,32,20
220,70,34,20
227,69,33,20
233,68,32,20
239,69,32,21
242,68,31,22
245,68,30,21
246,68,29,21
246,68,29,21
246,70,28,21
245,73,29,21
252,75,29,21
257,77,28,21
258,77,30,27
263,79,30,23
265,81,28,22
265,79,28,22
263,77,27,22
261,76,29,22
265,74,28,22
272,73,28,22
276,75,27,23
280,76,27,21
284,77,25,19
285,76,23,19
286,75,22,19
286,76,21,18
285,78,22,19
284,80,22,20
281,81,26,23
287,84,25,22
293,86,24,22
297,88,23,18
297,87,24,19
295,86,23,19
290,85,26,19
291,85,29,19
295,84,30,20
299,85,29,20
302,87,30,19
306,88,30,20
309,90,30,20
310,90,29,20
310,91,27,18
309,90,26,21
307,91,25,21
305,91,24,22
307,92,24,23
310,93,26,23
313,95,26,22
314,99,31,21
314,100,31,20
314,99,28,20
311,97,28,20
307,94,26,20
302,90,28,19
299,87,28,18
300,86,28,19
302,87,27,17
305,87,27,17
308,87,24,18
309,88,23,19
308,87,24,20
305,86,24,20
299,84,26,21
294,84,24,21
291,84,24,22
292,85,25,22
294,86,24,20
297,87,23,21
298,88,25,21
300,89,26,21
297,88,27,21
292,86,26,21
286,83,27,21
283,80,25,20
276,79,27,20
275,77,25,20
276,77,27,20
278,78,24,19
280,79,24,18
279,80,26,19
277,79,26,19
272,78,26,18
266,77,26,19
260,77,27,20
261,78,27,19
264,77,25,20
265,78,26,21
266,79,25,20
264,78,28,20
260,75,28,20
254,70,30,19
250,69,28,20
242,68,32,19
242,67,30,20
243,66,29,20
245,66,29,18
243,67,31,18
237,67,31,17
231,67,34,18
229,68,30,17
229,70,31,18
229,74,33,16
230,78,31,18
230,83,31,21
228,86,31,19
222,87,34,21
216,88,32,20
208,90,34,20
206,90,31,20
207,90,28,21
207,88,25,21
205,88,27,20
203,87,27,22
196,86,30,23
196,86,28,22
197,87,25,22
198,89,26,21
199,91,28,22
198,95,30,22
200,96,28,22
199,96,28,20
196,96,30,21
192,95,30,21
190,96,29,21
188,96,28,21
185,98,28,22
184,101,28,23
183,103,30,23
183,105,29,23
183,107,27,21
182,110,27,21
181,111,26,21
179,113,26,20
176,114,25,20
174,118,26,18
170,121,27,20
169,121,27,22
164,124,29,20
169,125,27,21
160,140,27,21
156,141,28,27
152,142,29,26
152,143,31,27
151,145,31,25
151,147,30,25
149,149,29,22
149,149,29,22
147,149,28,22
144,148,28,23
143,146,28,23
139,143,30,25
136,140,33,25
133,136,32,27
131,133,32,27
130,127,32,26
132,123,30,24
130,118,30,25
129,114,31,26
127,107,30,28
126,102,29,26
123,93,31,25
118,86,31,25
112,80,32,23
109,76,32,25
112,79,30,26
115,77,30,26
118,77,30,25
120,78,28,25
120,77,29,25
118,73,28,27
114,69,28,28
108,68,30,28
110,67,29,27
112,67,31,26
115,67,30,28
118,69,28,28
119,71,29,28
118,73,31,27
115,70,31,28
111,67,32,28
107,64,33,29
107,64,31,28
111,64,32,27
115,64,32,28
118,65,30,28
119,65,28,29
117,63,29,29
113,60,28,29
108,59,30,29
102,58,31,29
103,59,30,29
106,60,30,30
110,61,29,30
114,63,29,30
116,66,29,30
116,67,29,29
113,66,29,30
108,64,30,30
103,62,31,28
98,61,32,29
96,60,29,30
98,61,28,29
100,63,28,30
102,66,28,30
105,68,28,29
106,70,28,28
104,68,29,28
102,66,28,28
99,65,28,27
95,63,29,29
94,63,29,29
97,65,29,27
100,67,30,29
103,70,31,30
106,73,31,28
108,75,29,27
108,75,30,26
106,72,28,28
103,71,29,28
99,69,28,28
101,70,28,28
104,71,30,28
108,72,30,29
111,74,29,29
113,76,30,27
114,77,30,26
113,74,30,28
110,72,31,27
108,70,31,28
107,69,33,28
109,69,34,28
114,70,34,27
119,72,33,28
122,74,34,27
123,75,36,26
125,75,35,25
126,73,33,26
126,72,32,24
125,71,31,25
125,72,35,26
129,73,38,27
134,76,42,24
139,76,40,25
141,76,41,26
145,75,37,26
147,72,37,25
149,70,36,25
150,67,35,25
152,68,37,24
153,68,35,24
154,69,38,23
160,71,37,23
166,74,36,25
170,76,33,24
172,79,32,24
172,79,32,22
172,77,32,22
170,75,30,23
170,75,34,24
175,75,35,25
180,78,34,23
184,81,35,22
188,82,36,22
191,82,35,23
193,81,33,22
195,79,32,23
195,77,32,23
194,76,30,24
194,76,35,23
198,76,34,23
206,77,31,24
207,77,32,24
212,78,31,23
215,79,30,23
217,79,29,24
218,77,28,24
216,73,29,24
213,69,30,24
214,68,32,23
218,66,32,23
224,67,31,24
229,68,31,24
234,70,29,25
238,74,30,27
242,78,32,26
246,80,29,24
248,80,27,23
247,76,26,25
246,69,27,27
244,63,27,26
243,56,26,25
240,53,27,25
235,49,27,24
234,48,27,23
232,46,26,22
229,45,27,23
226,46,28,23
227,47,30,25
231,48,29,25
236,50,30,24
239,53,30,25
244,59,29,25
248,64,29,25
252,71,29,26
255,79,31,24
254,80,30,23
253,76,29,23
250,71,29,23
245,67,28,24
241,64,29,25
238,62,31,25
243,63,31,23
247,64,30,22
252,68,30,21
257,71,31,20
262,73,29,21
268,76,26,22
272,81,27,23
274,84,30,22
278,86,27,21
276,82,30,25
275,76,28,26
272,72,27,23
267,66,28,23
262,61,30,22
258,59,30,22
253,57,33,24
255,56,34,23
261,55,34,23
266,55,35,22
271,55,35,23
278,58,32,24
284,63,33,22
290,66,32,23
295,73,32,23
302,77,29,24
306,78,29,25
308,77,29,25
305,72,31,27
301,65,30,26
295,58,33,26
292,54,35,25
287,50,38,24
283,47,37,25
280,44,34,24
276,43,36,25
275,42,36,25
280,42,36,26
285,43,36,27
291,46,34,26
296,49,33,26
299,50,35,29
305,54,35,28
309,60,34,30
319,64,33,30
324,75,33,31
328,77,30,29
327,77,29,30
322,67,35,31
318,61,34,32
310,57,36,30
304,52,37,30
300,47,37,31
295,46,36,29
289,46,35,29
287,46,35,27
287,45,35,28
291,45,35,28
300,45,34,27
302,48,33,27
309,48,33,30
313,52,31,29
318,56,32,30
326,64,30,28
331,68,29,29
335,72,29,32
337,75,26,29
336,72,30,33
332,68,31,30
327,63,32,30
324,59,29,28
317,55,31,26
312,50,32,27
308,49,30,25
303,47,30,24
299,47,31,23
293,47,30,25
289,48,29,24
292,48,30,24
295,48,29,26
299,49,30,27
303,52,32,27
307,56,31,28
312,60,30,29
316,70,28,26
317,77,29,26
323,84,30,29
326,86,26,28
324,82,28,31
318,76,27,31
315,71,27,28
309,67,30,27
302,62,32,28
298,58,32,27
293,57,32,26
287,55,33,27
282,56,32,27
279,54,31,26
281,55,32,26
285,55,32,25
288,56,32,26
293,59,31,25
295,62,30,24
299,66,29,25
301,70,29,27
309,77,25,28
314,81,24,25
314,81,25,24
311,79,25,25
307,74,26,26
299,70,29,26
294,72,31,23
289,70,30,22
284,69,31,22
276,70,33,24
275,72,31,23
279,72,31,22
283,74,30,22
288,77,29,21
291,79,28,24
296,82,27,24
297,86,27,24
296,86,27,23
295,87,27,23
293,84,26,23
291,81,26,22
288,79,26,22
284,75,26,25
282,75,26,25
278,73,25,26
275,77,26,24
272,79,27,23
268,83,27,22
267,87,28,24
268,90,28,24
270,93,28,23
270,94,28,21
269,93,29,22
269,91,27,22
267,87,28,23
267,85,26,23
265,85,26,22
263,85,26,21
265,87,26,20
264,87,27,21
265,89,28,21
265,90,28,21
265,95,27,23
267,97,27,23
265,96,30,30
265,100,30,30
266,96,30,30
264,95,26,27
263,93,25,27
264,93,26,26
265,93,25,26
265,93,23,26
265,93,23,26
262,95,27,24
262,95,27,24
261,95,27,23
259,93,29,29
261,96,28,23
260,93,29,29
260,97,28,23
259,99,29,23
261,98,29,24
265,99,27,25
272,100,28,25
271,98,28,26
270,96,29,27
269,94,28,26
267,92,27,26
265,91,25,25
261,91,25,24
258,91,27,23
264,92,25,24
267,93,24,23
268,95,25,23
270,97,27,23
270,99,29,22
270,101,28,21
267,100,29,23
266,96,25,24
263,95,24,24
256,93,29,24
257,94,29,23
261,94,28,23
266,96,27,23
268,98,28,22
268,98,29,22
268,98,29,23
267,99,28,22
265,98,28,23
262,97,27,23
260,96,28,24
260,96,28,23
264,96,27,22
268,97,27,22
272,98,28,23
275,99,27,23
276,98,24,22
276,97,25,23
275,94,24,23
274,89,24,25
271,85,24,25
263,81,27,24
262,78,28,23
266,78,26,22
269,76,25,22
272,77,26,22
274,78,25,22
279,79,23,22
282,83,22,21
283,85,22,20
284,88,23,19
284,89,23,19
283,86,23,21
279,84,25,21
274,81,23,21
268,77,24,21
263,76,24,22
263,75,24,21
267,76,25,21
271,77,25,21
275,78,24,21
280,81,24,21
284,85,24,22
289,89,24,20
289,87,24,20
282,81,29,24
277,74,27,23
274,70,27,23
268,65,26,23
262,62,29,22
257,61,30,21
260,58,32,21
264,56,32,21
268,56,31,21
272,57,30,22
277,57,28,25
280,59,28,26
286,61,28,28
290,66,28,27
295,73,29,29
299,78,27,27
302,78,26,27
298,72,29,31
290,63,31,31
284,55,33,32
276,51,36,29
269,46,37,30
266,44,33,26
259,41,33,24
253,37,32,23
243,36,34,24
241,34,33,25
246,32,32,24
251,32,30,24
254,30,31,26
258,35,31,25
262,38,29,25
268,44,29,24
271,47,29,27
277,53,27,27
283,61,26,28
288,68,26,27
287,70,27,26
280,65,31,30
272,59,30,32
263,55,32,32
254,51,33,30
244,48,35,30
236,46,36,30
230,44,35,30
224,42,36,29
231,42,35,29
238,44,35,28
244,45,36,27
249,46,35,28
254,49,36,29
259,52,35,30
268,60,33,30
274,65,31,30
279,68,31,27
279,68,32,26
275,64,31,31
265,58,36,32
257,52,35,32
249,47,35,30
240,43,37,30
233,43,37,27
225,43,38,24
219,44,38,22
210,44,38,23
205,44,34,23
210,45,33,24
215,45,34,24
220,48,33,24
225,49,33,27
232,55,30,27
237,63,29,25
243,71,26,25
248,76,27,26
251,79,25,25
248,77,26,27
242,69,27,30
236,62,27,28
228,55,28,28
218,49,33,29
211,44,34,30
205,41,35,30
199,39,32,28
193,37,34,31
190,36,33,29
194,37,33,29
198,37,33,30
202,39,32,30
207,42,32,30
209,46,34,31
216,52,31,30
222,59,29,31
228,66,28,31
231,70,25,29
230,70,26,29
226,64,30,32
220,58,31,31
213,50,35,32
206,46,36,31
202,44,35,29
197,41,36,28
191,39,37,26
184,38,38,25
179,37,37,26
175,39,34,26
170,39,34,28
165,44,31,29
160,46,29,32
163,48,30,32
166,54,30,33
169,61,30,31
171,70,32,29
172,77,32,29
173,86,32,28
172,86,31,27
169,82,31,28
162,75,32,28
157,70,32,28
150,67,32,29
151,64,30,28
155,63,31,27
158,63,32,27
163,66,31,25
167,67,30,24
172,72,29,25
176,76,30,24
179,77,31,24
180,77,31,24
181,76,32,25
179,72,31,26
176,66,32,28
173,62,32,28
169,60,33,27
165,56,35,29
162,56,35,28
164,57,35,27
170,57,36,28
174,59,38,28
182,60,37,29
186,64,35,30
191,68,36,29
192,69,35,28
192,66,35,29
192,65,34,28
191,63,34,29
192,62,33,28
191,63,33,28
191,65,32,28
193,68,36,28
200,71,38,26
204,73,35,28
208,78,37,28
215,85,35,29
220,87,35,32
225,92,31,29
218,89,35,33
213,83,36,34
206,78,34,32
205,77,33,29
211,75,35,25
219,72,32,25
225,72,30,25
231,69,30,29
239,70,29,29
242,72,32,28
248,75,31,25
253,75,30,24
256,73,28,24
256,71,28,25
254,63,28,27
250,58,30,26
249,54,30,27
247,53,30,25
245,52,29,24
241,50,31,25
236,52,33,27
235,52,32,30
242,54,32,29
248,56,31,31
255,59,30,31
260,65,31,30
267,72,30,29
273,78,32,29
277,83,33,30
282,93,32,26
283,93,32,27
281,89,33,28
277,83,33,29
274,78,32,30
271,77,31,28
269,73,29,28
265,73,28,28
264,73,29,30
269,73,31,29
274,72,34,30
280,75,32,27
287,78,31,26
296,83,29,28
299,86,28,29
303,89,30,26
303,90,30,26
303,90,30,26
299,84,28,28
297,78,28,30
294,75,27,27
287,67,29,27
283,64,30,29
281,63,30,29
285,63,31,27
291,62,31,27
296,62,32,27
300,63,34,29
308,65,34,30
312,66,33,31
316,68,32,29
320,67,33,30
321,67,34,28
320,63,35,29
321,61,36,29
320,56,33,30
319,51,32,30
317,47,33,30
316,43,35,32
315,43,34,32
314,42,35,31
313,43,34,31
310,45,35,30
310,48,35,28
310,52,34,27
309,54,33,29
309,60,31,29
308,65,29,30
309,69,26,29
308,71,24,29
307,71,27,30
307,72,26,31
308,73,26,30
309,74,25,30
310,76,26,28
311,76,26,28
311,76,26,28
312,78,27,27
309,76,28,29
307,75,26,29
303,74,26,29
300,74,25,29
299,74,25,29
299,75,24,27
302,76,25,29
304,78,26,27
306,79,25,28
307,79,25,29
305,80,24,28
300,79,25,28
295,78,26,27
292,79,27,27
288,79,28,25
292,80,26,25
294,81,25,26
297,82,25,28
298,85,25,26
296,85,25,27
293,84,26,27
288,83,27,26
283,84,28,24
284,84,29,23
287,85,26,24
289,86,27,24
292,89,26,24
293,89,25,24
291,89,25,24
286,87,25,25
283,87,25,24
279,86,25,26
281,88,24,24
283,90,25,23
285,91,26,23
285,93,26,22
283,93,27,22
281,92,25,22
277,92,25,22
276,92,26,23
279,92,24,23
282,93,24,24
283,95,24,23
284,98,24,21
282,97,25,22
279,97,25,22
275,97,25,22
269,97,26,22
270,98,25,24
273,100,23,22
275,102,24,24
277,104,22,23
277,106,23,23
276,106,23,24
273,105,24,25
270,102,24,29
260,96,29,24
261,95,29,23
263,94,29,23
266,94,28,22
266,94,29,23
269,94,30,23
271,94,30,23
272,94,30,23
257,100,30,30
256,104,27,25
259,106,26,23
261,106,26,23
263,106,26,23
266,106,24,22
267,106,27,24
255,99,29,30
251,102,26,25
250,101,23,24
252,101,22,22
252,103,23,21
256,104,22,21
255,104,25,21
255,105,25,22
254,104,24,21
252,102,24,22
249,99,23,23
243,99,24,25
243,98,23,22
244,100,23,21
247,100,24,22
248,101,24,22
247,104,25,21
242,104,24,22
238,101,24,25
231,96,26,26
230,98,24,23
230,96,25,25
233,99,25,25
235,102,25,24
235,103,26,24
236,105,26,23
233,104,27,24
227,98,29,27
226,99,28,28
222,94,28,27
222,92,24,22
223,91,23,22
225,91,23,22
227,90,23,24
226,91,24,24
223,92,25,25
220,92,27,25
215,91,25,22
211,88,26,23
204,88,25,21
198,85,26,22
199,83,24,23
199,83,24,24
202,83,24,23
202,85,26,22
204,88,25,21
203,89,25,20
200,88,26,22
194,85,28,24
187,83,27,25
179,80,29,26
177,77,26,23
179,76,25,24
182,76,25,25
184,78,26,25
185,81,27,26
186,84,27,25
183,85,28,25
178,81,29,27
172,76,27,27
164,72,28,27
151,70,32,30
156,65,26,28
158,64,26,27
162,65,26,25
163,66,26,25
165,70,28,24
166,72,29,25
164,70,29,26
158,65,29,28
151,59,30,28
144,55,31,28
138,50,32,30
130,48,32,31
134,48,30,27
136,47,31,29
139,47,31,30
142,52,31,28
145,58,31,27
148,62,30,28
150,68,35,29
150,72,36,27
149,71,36,27
145,65,34,29
139,57,33,30
132,54,33,27
124,49,35,28
118,48,33,28
114,45,32,28
117,45,33,27
121,45,34,26
124,46,36,27
129,48,34,27
135,52,33,29
140,57,31,30
143,63,33,30
144,62,33,30
144,59,32,32
141,52,33,33
136,44,32,32
132,37,33,32
125,32,35,30
122,28,36,32
116,26,37,34
115,25,35,35
112,28,34,33
114,28,35,34
118,30,35,35
123,32,36,35
127,36,36,35
133,44,35,34
138,52,32,32
140,60,32,33
145,67,33,30
145,70,32,28
140,62,32,31
135,59,30,31
129,54,33,33
124,50,35,31
115,49,38,32
113,49,38,31
116,49,38,30
122,48,37,29
127,49,37,29
131,53,35,28
136,56,34,29
141,59,32,32
146,68,32,31
150,72,33,29
150,73,33,28
149,65,33,34
145,59,33,34
141,52,33,32
135,47,34,32
130,42,36,33
125,39,38,33
120,37,38,33
117,36,38,35
120,38,39,34
124,39,41,34
130,41,40,34
136,46,38,32
142,51,37,32
147,57,38,33
150,64,39,34
152,67,36,33
152,63,37,35
151,60,34,35
148,52,35,34
143,49,38,32
142,48,35,31
138,47,37,32
133,48,40,32
134,48,39,33
141,50,40,32
147,52,40,33
157,55,42,34
164,61,37,35
166,69,36,34
