154.000000,415.000000,238.000000,58.000000
150.240189,411.240189,238.000000,58.000000
158.927770,406.329452,248.000000,60.000000
160.167959,412.969168,238.000000,58.000000
175.514183,413.469168,233.000000,57.000000
182.934810,412.162292,229.000000,56.000000
186.440335,409.827117,233.000000,57.000000
196.268749,416.155532,224.000000,55.000000
190.154997,412.041780,229.000000,56.000000
191.294714,411.041780,238.000000,58.000000
194.526624,416.273691,243.000000,59.000000
214.208023,415.438516,233.000000,57.000000
207.297386,420.170427,243.000000,59.000000
213.029297,416.349153,243.000000,59.000000
204.019974,420.863137,253.000000,62.000000
218.052603,426.877121,253.000000,62.000000
226.071248,440.909749,253.000000,62.000000
240.103877,446.923733,253.000000,62.000000
238.693139,447.923733,248.000000,60.000000
264.372099,462.083071,238.000000,58.000000
288.747732,468.503698,229.000000,56.000000
292.253257,473.509223,233.000000,57.000000
297.758781,479.014747,233.000000,57.000000
291.498971,474.754936,238.000000,58.000000
306.845194,480.760461,233.000000,57.000000
314.265822,479.453585,229.000000,56.000000
325.882461,477.542492,216.000000,53.000000
320.414769,473.574800,220.000000,54.000000
327.531409,470.663707,216.000000,53.000000
330.732947,466.696015,220.000000,54.000000
337.849586,463.784922,216.000000,53.000000
342.966226,463.784922,216.000000,53.000000
346.167764,459.817230,220.000000,54.000000
353.284404,458.611683,216.000000,53.000000
347.816711,456.377837,220.000000,54.000000
353.018250,458.111683,220.000000,54.000000
360.134889,450.083950,216.000000,53.000000
365.251529,448.378404,216.000000,53.000000
364.401915,448.878404,211.000000,52.000000
379.631432,446.669971,203.000000,50.000000
368.155285,452.312815,195.000000,48.000000
360.946852,448.104381,203.000000,50.000000
363.830703,444.848481,207.000000,50.000000
360.574802,449.732332,207.000000,50.000000
365.458653,446.476431,207.000000,50.000000
360.109040,450.500851,211.000000,52.000000
356.759426,447.151238,211.000000,52.000000
361.783846,443.801624,211.000000,52.000000
355.872753,448.418264,216.000000,53.000000
363.397174,445.568650,211.000000,52.000000
357.486081,441.657557,216.000000,53.000000
362.602720,446.774197,216.000000,53.000000
357.135028,442.806504,220.000000,54.000000
351.582752,447.634919,224.000000,55.000000
354.503379,443.521167,229.000000,56.000000
336.434622,448.941795,229.000000,56.000000
332.820870,445.328043,229.000000,56.000000
327.150520,441.157693,233.000000,57.000000
327.150520,437.487344,233.000000,57.000000
334.491220,433.816994,233.000000,57.000000
340.104971,432.510118,229.000000,56.000000
346.157247,429.457842,224.000000,55.000000
350.884750,427.150966,229.000000,56.000000
353.384750,427.650966,224.000000,55.000000
358.852443,424.683274,220.000000,54.000000
358.628581,420.630998,224.000000,55.000000
350.707954,416.517246,229.000000,56.000000
356.760230,422.345661,224.000000,55.000000
357.873981,418.231909,229.000000,56.000000
287.405827,383.901270,229.000000,56.000000
231.293268,387.953546,224.000000,55.000000
229.517130,391.505822,224.000000,55.000000
229.517130,395.058099,224.000000,55.000000
225.964854,395.058099,224.000000,55.000000
195.021779,412.896559,220.000000,54.000000
205.454745,430.157941,224.000000,55.000000
200.126331,453.247737,224.000000,55.000000
201.240083,452.747737,229.000000,56.000000
219.308840,472.623370,229.000000,56.000000
244.605101,488.885252,229.000000,56.000000
275.523311,507.146633,224.000000,55.000000
260.184850,500.711249,220.000000,54.000000
260.184850,504.178941,220.000000,54.000000
260.184850,504.178941,220.000000,54.000000
260.184850,504.178941,220.000000,54.000000
227.241775,505.912787,220.000000,54.000000
232.652868,508.118333,216.000000,53.000000
228.919022,505.884487,220.000000,54.000000
228.919022,511.086026,220.000000,54.000000
225.142883,507.033749,224.000000,55.000000
230.471298,501.705335,224.000000,55.000000
229.003606,507.406873,220.000000,54.000000
232.709152,506.201327,216.000000,53.000000
241.236885,487.440315,216.000000,53.000000
246.353524,487.440315,216.000000,53.000000
179.837210,533.490071,216.000000,53.000000
153.563365,557.263916,220.000000,54.000000
150.095673,557.263916,220.000000,54.000000
146.627981,557.263916,220.000000,54.000000
150.095673,557.263916,220.000000,54.000000
157.031057,557.263916,220.000000,54.000000
157.031057,558.997762,220.000000,54.000000
157.031057,558.997762,220.000000,54.000000
157.031057,560.731608,220.000000,54.000000
153.563365,562.465454,220.000000,54.000000
131.023366,564.199300,220.000000,54.000000
94.612599,574.602377,220.000000,54.000000
94.612599,576.336223,220.000000,54.000000
91.144907,576.336223,220.000000,54.000000
79.007984,586.739299,220.000000,54.000000
82.475676,590.206991,220.000000,54.000000
85.943368,591.940837,220.000000,54.000000
84.209522,593.674684,220.000000,54.000000
85.943368,588.473145,220.000000,54.000000
85.943368,585.005453,220.000000,54.000000
85.943368,578.070069,220.000000,54.000000
113.684906,572.868531,220.000000,54.000000
113.684906,576.336223,220.000000,54.000000
124.087982,578.070069,220.000000,54.000000
118.886444,565.933146,220.000000,54.000000
120.438720,565.433146,224.000000,55.000000
112.518093,563.126270,229.000000,56.000000
116.131844,563.126270,229.000000,56.000000
117.938720,563.126270,229.000000,56.000000
108.904341,559.512519,229.000000,56.000000
98.063087,555.898767,229.000000,56.000000
65.539323,559.512519,229.000000,56.000000
63.732447,559.512519,229.000000,56.000000
63.732447,559.512519,229.000000,56.000000
51.084317,564.933146,229.000000,56.000000
54.698069,572.160649,229.000000,56.000000
58.311820,572.160649,229.000000,56.000000
60.118696,573.967525,229.000000,56.000000
61.925572,573.967525,229.000000,56.000000
65.539323,575.774401,229.000000,56.000000
69.153075,575.774401,229.000000,56.000000
72.766826,573.967525,229.000000,56.000000
76.380578,573.967525,229.000000,56.000000
94.449335,570.353774,229.000000,56.000000
101.676838,566.740022,229.000000,56.000000
103.483714,566.740022,229.000000,56.000000
90.835584,554.091892,229.000000,56.000000
92.642459,552.285016,229.000000,56.000000
96.256211,552.285016,229.000000,56.000000
85.414956,548.671264,229.000000,56.000000
83.608081,548.671264,229.000000,56.000000
82.555804,547.395126,224.000000,55.000000
80.779666,543.842850,224.000000,55.000000
77.227390,549.171264,224.000000,55.000000
64.794423,550.947403,224.000000,55.000000
64.794423,552.723541,224.000000,55.000000
52.361456,556.275817,224.000000,55.000000
55.913732,556.275817,224.000000,55.000000
59.466009,554.499679,224.000000,55.000000
63.018285,558.051955,224.000000,55.000000
64.794423,556.275817,224.000000,55.000000
75.451252,550.947403,224.000000,55.000000
77.227390,552.723541,224.000000,55.000000
78.341141,548.609789,229.000000,56.000000
81.954893,546.802913,229.000000,56.000000
76.534266,543.189162,229.000000,56.000000
80.148017,539.575410,229.000000,56.000000
83.761769,535.961659,229.000000,56.000000
78.341141,541.382286,229.000000,56.000000
78.341141,548.609789,229.000000,56.000000
78.341141,552.223541,229.000000,56.000000
78.341141,554.030416,229.000000,56.000000
76.534266,554.030416,229.000000,56.000000
76.534266,554.030416,229.000000,56.000000
74.727390,554.030416,229.000000,56.000000
79.003528,554.530416,224.000000,55.000000
84.471220,560.231955,220.000000,54.000000
87.938912,556.764263,220.000000,54.000000
87.938912,555.030416,220.000000,54.000000
91.406605,553.296570,220.000000,54.000000
94.874297,542.893494,220.000000,54.000000
94.874297,541.159648,220.000000,54.000000
98.341989,541.159648,220.000000,54.000000
100.075835,541.159648,220.000000,54.000000
96.608143,537.691956,220.000000,54.000000
98.341989,530.756571,220.000000,54.000000
94.874297,535.958110,220.000000,54.000000
89.322020,531.905833,224.000000,55.000000
92.242648,527.792082,229.000000,56.000000
71.890899,532.797606,233.000000,57.000000
66.385375,532.797606,233.000000,57.000000
55.374326,530.962431,233.000000,57.000000
55.374326,529.127257,233.000000,57.000000
55.374326,529.127257,233.000000,57.000000
57.209501,532.797606,233.000000,57.000000
57.209501,543.808655,233.000000,57.000000
66.385375,545.643830,233.000000,57.000000
64.771623,547.950706,229.000000,56.000000
64.771623,547.950706,229.000000,56.000000
68.385375,547.950706,229.000000,56.000000
64.771623,544.336954,229.000000,56.000000
55.737245,544.336954,229.000000,56.000000
59.350996,544.336954,229.000000,56.000000
59.350996,544.336954,229.000000,56.000000
55.737245,540.723203,229.000000,56.000000
57.544120,533.495700,229.000000,56.000000
57.544120,529.881948,229.000000,56.000000
57.544120,528.075073,229.000000,56.000000
57.544120,524.461321,229.000000,56.000000
55.737245,520.847570,229.000000,56.000000
59.350996,517.233818,229.000000,56.000000
65.403272,515.957680,224.000000,55.000000
68.955549,515.957680,224.000000,55.000000
63.627134,521.286094,224.000000,55.000000
67.179411,531.942923,224.000000,55.000000
70.731687,535.495199,224.000000,55.000000
65.403272,537.271338,224.000000,55.000000
68.955549,535.495199,224.000000,55.000000
63.627134,537.271338,224.000000,55.000000
67.179411,539.047476,224.000000,55.000000
65.403272,539.047476,224.000000,55.000000
65.403272,539.047476,224.000000,55.000000
63.627134,537.271338,224.000000,55.000000
63.627134,537.271338,224.000000,55.000000
44.089615,519.509956,224.000000,55.000000
47.641891,517.733818,224.000000,55.000000
47.641891,517.733818,224.000000,55.000000
47.641891,519.509956,224.000000,55.000000
49.418029,519.509956,224.000000,55.000000
65.403272,524.838371,224.000000,55.000000
65.403272,526.614509,224.000000,55.000000
65.403272,531.942923,224.000000,55.000000
62.903272,533.249799,229.000000,56.000000
62.903272,535.056675,229.000000,56.000000
66.517024,540.477302,229.000000,56.000000
59.289521,540.477302,229.000000,56.000000
63.565659,540.977302,224.000000,55.000000
60.013383,540.977302,224.000000,55.000000
56.461106,540.977302,224.000000,55.000000
45.804278,532.096611,224.000000,55.000000
44.028140,524.992059,224.000000,55.000000
31.595173,514.335230,224.000000,55.000000
29.819034,512.559092,224.000000,55.000000
35.147449,509.006816,224.000000,55.000000
31.595173,509.006816,224.000000,55.000000
35.147449,509.006816,224.000000,55.000000
36.923587,509.006816,224.000000,55.000000
36.923587,509.006816,224.000000,55.000000
40.475863,514.335230,224.000000,55.000000
44.028140,516.111368,224.000000,55.000000
38.699725,516.111368,224.000000,55.000000
45.804278,521.439782,224.000000,55.000000
47.804278,521.939782,220.000000,54.000000
46.070432,521.939782,220.000000,54.000000
-7.678797,504.601322,220.000000,54.000000
-11.146489,504.601322,220.000000,54.000000
-28.484950,501.133630,220.000000,54.000000
-31.952642,501.133630,220.000000,54.000000
-35.420334,497.665937,220.000000,54.000000
-28.303695,493.049298,216.000000,53.000000
-31.714788,489.638205,216.000000,53.000000
-60.709078,481.110472,216.000000,53.000000
-60.709078,481.110472,216.000000,53.000000
-60.709078,479.404926,216.000000,53.000000
-65.825718,479.404926,216.000000,53.000000
-70.942357,479.404926,216.000000,53.000000
-72.647904,481.110472,216.000000,53.000000
-69.236811,479.404926,216.000000,53.000000
-65.825718,479.404926,216.000000,53.000000
-70.942357,479.404926,216.000000,53.000000
-70.942357,479.404926,216.000000,53.000000
-70.942357,479.404926,216.000000,53.000000
-70.942357,479.404926,216.000000,53.000000
-74.353450,477.699379,216.000000,53.000000
-77.764543,477.699379,216.000000,53.000000
-107.000000,467.466100,216.000000,53.000000
-107.000000,467.466100,216.000000,53.000000
-107.000000,467.466100,216.000000,53.000000
-107.000000,460.643914,216.000000,53.000000
-107.000000,460.643914,216.000000,53.000000
-103.588907,458.938368,216.000000,53.000000
-107.000000,458.938368,216.000000,53.000000
-107.000000,458.938368,216.000000,53.000000
-107.000000,458.938368,216.000000,53.000000
-107.000000,457.232821,216.000000,53.000000
-107.000000,450.410635,216.000000,53.000000
-107.000000,455.527275,216.000000,53.000000
-107.000000,458.938368,216.000000,53.000000
-107.000000,457.232821,216.000000,53.000000
-107.000000,470.877193,216.000000,53.000000
-109.000000,472.111039,220.000000,54.000000
-107.000000,462.377760,216.000000,53.000000
-107.000000,464.083307,216.000000,53.000000
-107.000000,462.377760,216.000000,53.000000
-107.000000,462.377760,216.000000,53.000000
-107.000000,458.966667,216.000000,53.000000
-107.000000,453.850028,216.000000,53.000000
-107.000000,453.850028,216.000000,53.000000
-107.000000,448.733388,216.000000,53.000000
-107.000000,448.733388,216.000000,53.000000
-107.000000,443.616749,216.000000,53.000000
-107.000000,443.616749,216.000000,53.000000
-107.000000,440.205656,216.000000,53.000000
-107.000000,431.677923,216.000000,53.000000
-107.000000,431.677923,216.000000,53.000000
-109.000000,431.177923,220.000000,54.000000
-109.000000,424.242539,220.000000,54.000000
-109.000000,424.242539,220.000000,54.000000
-109.000000,429.444077,220.000000,54.000000
-107.000000,418.005251,216.000000,53.000000
-107.000000,407.771972,216.000000,53.000000
-107.000000,416.299705,216.000000,53.000000
-104.500000,421.824125,211.000000,52.000000
-104.500000,420.149319,211.000000,52.000000
-104.500000,436.897386,211.000000,52.000000
-104.500000,445.271420,211.000000,52.000000
-104.500000,445.271420,211.000000,52.000000
-107.000000,475.471258,216.000000,53.000000
-107.000000,487.410083,216.000000,53.000000
-104.500000,487.910083,211.000000,52.000000
-104.500000,491.259697,211.000000,52.000000
-104.500000,491.259697,211.000000,52.000000
-104.500000,491.259697,211.000000,52.000000
-104.500000,487.910083,211.000000,52.000000
-104.500000,487.910083,211.000000,52.000000
-104.500000,469.487208,211.000000,52.000000
-104.500000,481.210856,211.000000,52.000000
-104.500000,466.137595,211.000000,52.000000
-107.000000,448.582130,216.000000,53.000000
-107.000000,448.582130,216.000000,53.000000
-107.000000,440.054397,216.000000,53.000000
-107.000000,441.759944,216.000000,53.000000
-107.000000,443.465490,216.000000,53.000000
-107.000000,443.465490,216.000000,53.000000
-107.000000,443.465490,216.000000,53.000000
-107.000000,506.570711,216.000000,53.000000
-107.000000,523.626176,216.000000,53.000000
-109.000000,523.126176,220.000000,54.000000
-109.000000,524.860022,220.000000,54.000000
-109.000000,521.392330,220.000000,54.000000
-109.000000,509.255407,220.000000,54.000000
-109.000000,505.787715,220.000000,54.000000
-109.000000,507.521561,220.000000,54.000000
-109.000000,507.521561,220.000000,54.000000
-109.000000,498.852331,220.000000,54.000000
-109.000000,498.852331,220.000000,54.000000
-109.000000,498.852331,220.000000,54.000000
-109.000000,498.852331,220.000000,54.000000
-109.000000,467.643102,220.000000,54.000000
-109.000000,452.038487,220.000000,54.000000
-109.000000,455.506179,220.000000,54.000000
-109.000000,458.973871,220.000000,54.000000
-109.000000,441.635410,220.000000,54.000000
-109.000000,443.369256,220.000000,54.000000
-109.000000,443.369256,220.000000,54.000000
-109.000000,443.369256,220.000000,54.000000
-109.000000,443.369256,220.000000,54.000000
-109.000000,445.103103,220.000000,54.000000
-109.000000,445.103103,220.000000,54.000000
-109.000000,445.103103,220.000000,54.000000
-109.000000,462.441563,220.000000,54.000000
-109.000000,464.175409,220.000000,54.000000
-109.000000,462.441563,220.000000,54.000000
-109.000000,462.441563,220.000000,54.000000
-109.000000,462.441563,220.000000,54.000000
-109.000000,458.973871,220.000000,54.000000
-109.000000,460.707717,220.000000,54.000000
-109.000000,462.441563,220.000000,54.000000
-109.000000,462.441563,220.000000,54.000000
-109.000000,462.441563,220.000000,54.000000
-109.000000,460.707717,220.000000,54.000000
-109.000000,465.909256,220.000000,54.000000
-107.000000,466.409256,216.000000,53.000000
-107.000000,468.114802,216.000000,53.000000
-107.000000,483.464721,216.000000,53.000000
-107.000000,478.348081,216.000000,53.000000
-107.000000,478.348081,216.000000,53.000000
-107.000000,478.348081,216.000000,53.000000
-107.000000,478.348081,216.000000,53.000000
-107.000000,478.348081,216.000000,53.000000
-107.000000,476.642535,216.000000,53.000000
-107.000000,474.936988,216.000000,53.000000
-107.000000,474.936988,216.000000,53.000000
-107.000000,459.587069,216.000000,53.000000
-104.500000,456.737456,211.000000,52.000000
-104.500000,455.062649,211.000000,52.000000
-104.500000,448.363422,211.000000,52.000000
-104.500000,448.363422,211.000000,52.000000
-104.500000,448.363422,211.000000,52.000000
-104.500000,448.363422,211.000000,52.000000
-104.500000,448.363422,211.000000,52.000000
-104.500000,448.363422,211.000000,52.000000
-104.500000,448.363422,211.000000,52.000000
-104.500000,448.363422,211.000000,52.000000
-104.500000,453.387842,211.000000,52.000000
-104.500000,486.883978,211.000000,52.000000
-104.500000,485.209171,211.000000,52.000000
-104.500000,486.883978,211.000000,52.000000
-104.500000,488.558785,211.000000,52.000000
-104.500000,490.233592,211.000000,52.000000
-104.500000,490.233592,211.000000,52.000000
-104.500000,493.583205,211.000000,52.000000
-104.500000,495.258012,211.000000,52.000000
-104.500000,486.883978,211.000000,52.000000
-104.500000,481.859558,211.000000,52.000000
-104.500000,481.859558,211.000000,52.000000
-104.500000,446.688615,211.000000,52.000000
-104.500000,446.688615,211.000000,52.000000
-104.500000,445.013808,211.000000,52.000000
-104.500000,446.688615,211.000000,52.000000
-104.500000,446.688615,211.000000,52.000000
-104.500000,493.583205,211.000000,52.000000
-104.500000,495.258012,211.000000,52.000000
-104.500000,495.258012,211.000000,52.000000
-104.500000,508.656466,211.000000,52.000000
-104.500000,508.656466,211.000000,52.000000
-102.500000,509.656466,207.000000,50.000000
-102.500000,511.284417,207.000000,50.000000
-104.500000,511.959223,211.000000,52.000000
-107.000000,513.164770,216.000000,53.000000
-107.000000,513.164770,216.000000,53.000000
-107.000000,513.164770,216.000000,53.000000
-107.000000,513.164770,216.000000,53.000000
-107.000000,514.870316,216.000000,53.000000
-109.000000,514.370316,220.000000,54.000000
-111.000000,513.870316,224.000000,55.000000
-111.000000,504.989626,224.000000,55.000000
-109.000000,503.755780,220.000000,54.000000
-109.000000,503.755780,220.000000,54.000000
-109.000000,503.755780,220.000000,54.000000
-109.000000,503.755780,220.000000,54.000000
-109.000000,498.554241,220.000000,54.000000
-109.000000,500.288088,220.000000,54.000000
-109.000000,500.288088,220.000000,54.000000
-109.000000,496.820395,220.000000,54.000000
-107.000000,504.142581,216.000000,53.000000
-107.000000,502.437035,216.000000,53.000000
-107.000000,504.142581,216.000000,53.000000
-107.000000,500.731488,216.000000,53.000000
-107.000000,505.848128,216.000000,53.000000
-109.000000,505.348128,220.000000,54.000000
-109.000000,503.614282,220.000000,54.000000
-111.000000,503.114282,224.000000,55.000000
-111.000000,504.890420,224.000000,55.000000
-111.000000,508.442696,224.000000,55.000000
-111.000000,510.218834,224.000000,55.000000
-111.000000,492.457453,224.000000,55.000000
-109.000000,482.554377,220.000000,54.000000
-109.000000,480.820531,220.000000,54.000000
-109.000000,480.820531,220.000000,54.000000
-109.000000,480.820531,220.000000,54.000000
-109.000000,491.223607,220.000000,54.000000
-109.000000,491.223607,220.000000,54.000000
-109.000000,491.223607,220.000000,54.000000
-109.000000,491.223607,220.000000,54.000000
-109.000000,491.223607,220.000000,54.000000
-109.000000,491.223607,220.000000,54.000000
-109.000000,491.223607,220.000000,54.000000
-109.000000,491.223607,220.000000,54.000000
-109.000000,491.223607,220.000000,54.000000
-109.000000,487.755915,220.000000,54.000000
-109.000000,487.755915,220.000000,54.000000
-109.000000,487.755915,220.000000,54.000000
-109.000000,487.755915,220.000000,54.000000
-109.000000,487.755915,220.000000,54.000000
-109.000000,487.755915,220.000000,54.000000
-109.000000,496.425145,220.000000,54.000000
-109.000000,494.691299,220.000000,54.000000
-109.000000,496.425145,220.000000,54.000000
-109.000000,494.691299,220.000000,54.000000
-109.000000,505.094376,220.000000,54.000000
-109.000000,506.828222,220.000000,54.000000
-109.000000,508.562068,220.000000,54.000000
-109.000000,508.562068,220.000000,54.000000
-109.000000,512.029760,220.000000,54.000000
-111.000000,522.186589,224.000000,55.000000
-111.000000,525.738865,224.000000,55.000000
-109.000000,527.972711,220.000000,54.000000
-109.000000,527.972711,220.000000,54.000000
-109.000000,527.972711,220.000000,54.000000
-105.532308,541.843480,220.000000,54.000000
-102.064616,559.181940,220.000000,54.000000
-109.000000,559.181940,220.000000,54.000000
-109.000000,593.858862,220.000000,54.000000
-109.000000,595.592708,220.000000,54.000000
-102.064616,595.592708,220.000000,54.000000
-109.000000,595.592708,220.000000,54.000000
-109.000000,595.592708,220.000000,54.000000
-109.000000,595.592708,220.000000,54.000000
-111.000000,595.092708,224.000000,55.000000
-111.000000,595.092708,224.000000,55.000000
-111.000000,627.063194,224.000000,55.000000
-109.000000,631.030887,220.000000,54.000000
-109.000000,629.297041,220.000000,54.000000
-107.000000,631.502587,216.000000,53.000000
-109.000000,631.002587,220.000000,54.000000
-109.000000,629.268741,220.000000,54.000000
-109.000000,631.002587,220.000000,54.000000
-109.000000,634.470279,220.000000,54.000000
-109.000000,666.000000,220.000000,54.000000
-71.183523,667.000000,216.000000,53.000000
-66.066884,667.000000,216.000000,53.000000
-107.000000,667.000000,216.000000,53.000000
-109.000000,666.000000,220.000000,54.000000
-109.000000,666.000000,220.000000,54.000000
-109.000000,666.000000,220.000000,54.000000
-109.000000,666.000000,220.000000,54.000000
-109.000000,666.000000,220.000000,54.000000
-109.000000,666.000000,220.000000,54.000000
-109.000000,666.000000,220.000000,54.000000
-109.000000,666.000000,220.000000,54.000000
-109.000000,666.000000,220.000000,54.000000
-109.000000,666.000000,220.000000,54.000000
-109.000000,666.000000,220.000000,54.000000
-109.000000,666.000000,220.000000,54.000000
-109.000000,666.000000,220.000000,54.000000
-109.000000,666.000000,220.000000,54.000000
-109.000000,666.000000,220.000000,54.000000
-109.000000,650.395385,220.000000,54.000000
-111.000000,649.895385,224.000000,55.000000
-111.000000,619.701037,224.000000,55.000000
-105.671586,630.357866,224.000000,55.000000
-109.223862,633.910142,224.000000,55.000000
-111.000000,639.238557,224.000000,55.000000
-111.000000,632.134004,224.000000,55.000000
-111.000000,632.134004,224.000000,55.000000
-109.000000,634.367850,220.000000,54.000000
-103.588907,624.634571,216.000000,53.000000
-100.177814,622.929024,216.000000,53.000000
-96.766721,624.634571,216.000000,53.000000
-101.883360,624.634571,216.000000,53.000000
-98.472267,624.634571,216.000000,53.000000
-107.000000,624.634571,216.000000,53.000000
-107.000000,624.634571,216.000000,53.000000
-107.000000,609.284652,216.000000,53.000000
-107.000000,587.112548,216.000000,53.000000
-107.000000,585.407001,216.000000,53.000000
-107.000000,551.296071,216.000000,53.000000
-107.000000,532.535060,216.000000,53.000000
-107.000000,530.829513,216.000000,53.000000
-107.000000,525.712874,216.000000,53.000000
-107.000000,524.007327,216.000000,53.000000
-107.000000,501.835222,216.000000,53.000000
-101.883360,506.951862,216.000000,53.000000
-102.732974,507.451862,211.000000,52.000000
-97.708554,502.427442,211.000000,52.000000
-94.358940,502.427442,211.000000,52.000000
-99.383360,502.427442,211.000000,52.000000
-96.033747,504.102248,211.000000,52.000000
-30.716282,520.850316,211.000000,52.000000
-5.594180,527.549543,211.000000,52.000000
-8.943794,524.199930,211.000000,52.000000
-12.293407,524.199930,211.000000,52.000000
-15.643021,524.199930,211.000000,52.000000
-80.960486,514.151089,211.000000,52.000000
-104.500000,504.102248,211.000000,52.000000
-104.500000,497.403021,211.000000,52.000000
-104.500000,504.102248,211.000000,52.000000
-102.500000,503.474298,207.000000,50.000000
-100.500000,505.078515,203.000000,50.000000
-98.500000,504.002599,199.000000,49.000000
-98.500000,504.002599,199.000000,49.000000
-98.500000,500.850767,199.000000,49.000000
-98.500000,502.426683,199.000000,49.000000
-98.500000,502.426683,199.000000,49.000000
-98.500000,502.426683,199.000000,49.000000
-98.500000,502.426683,199.000000,49.000000
-98.500000,502.426683,199.000000,49.000000
-98.500000,500.850767,199.000000,49.000000
-100.500000,500.350767,203.000000,50.000000
-100.500000,492.329684,203.000000,50.000000
-100.500000,492.329684,203.000000,50.000000
-100.500000,487.517034,203.000000,50.000000
-98.500000,473.833790,199.000000,49.000000
-98.500000,470.681958,199.000000,49.000000
-98.500000,467.530126,199.000000,49.000000
-100.500000,467.030126,203.000000,50.000000
-100.500000,463.821693,203.000000,50.000000
-100.500000,468.634343,203.000000,50.000000
-100.500000,465.425909,203.000000,50.000000
-100.500000,476.655426,203.000000,50.000000
-100.500000,479.863859,203.000000,50.000000
-98.500000,480.363859,199.000000,49.000000
-98.500000,483.515691,199.000000,49.000000
-96.500000,468.539545,195.000000,48.000000
-96.500000,465.444316,195.000000,48.000000
-96.500000,463.896701,195.000000,48.000000
-96.500000,448.420554,195.000000,48.000000
-96.500000,446.872940,195.000000,48.000000
-96.500000,437.587252,195.000000,48.000000
-96.500000,437.587252,195.000000,48.000000
-96.500000,437.587252,195.000000,48.000000
-96.500000,437.587252,195.000000,48.000000
-96.500000,437.587252,195.000000,48.000000
-96.500000,437.587252,195.000000,48.000000
-96.500000,437.587252,195.000000,48.000000
-96.500000,437.587252,195.000000,48.000000
-96.500000,437.587252,195.000000,48.000000
-96.500000,432.944408,195.000000,48.000000
-96.500000,429.849179,195.000000,48.000000
-98.500000,429.349179,199.000000,49.000000
-98.500000,426.197347,199.000000,49.000000
-98.500000,429.349179,199.000000,49.000000
-98.500000,404.134523,199.000000,49.000000
-100.500000,403.634523,203.000000,50.000000
-100.500000,390.800790,203.000000,50.000000
-100.500000,390.800790,203.000000,50.000000
-100.500000,403.634523,203.000000,50.000000
-98.500000,399.406775,199.000000,49.000000
-98.500000,396.254943,199.000000,49.000000
-100.500000,381.316993,203.000000,50.000000
-102.500000,378.061093,207.000000,50.000000
-102.500000,373.177242,207.000000,50.000000
-104.500000,372.177242,211.000000,52.000000
-104.500000,355.429174,211.000000,52.000000
-104.500000,353.754367,211.000000,52.000000
-107.000000,353.254367,216.000000,53.000000
-107.000000,349.843274,216.000000,53.000000
-109.000000,345.875582,220.000000,54.000000
-109.000000,337.206352,220.000000,54.000000
-107.000000,336.000805,216.000000,53.000000
-107.000000,334.295259,216.000000,53.000000
-107.000000,334.295259,216.000000,53.000000
-107.000000,324.061980,216.000000,53.000000
-107.000000,324.061980,216.000000,53.000000
-107.000000,324.061980,216.000000,53.000000
-107.000000,324.061980,216.000000,53.000000
-107.000000,327.473073,216.000000,53.000000
-107.000000,330.884166,216.000000,53.000000
-109.000000,332.118012,220.000000,54.000000
-111.000000,335.170288,224.000000,55.000000
-111.000000,336.946426,224.000000,55.000000
-111.000000,338.722564,224.000000,55.000000
-111.000000,324.513459,224.000000,55.000000
-113.500000,316.785956,229.000000,56.000000
-111.000000,315.509818,224.000000,55.000000
-111.000000,315.509818,224.000000,55.000000
-111.000000,315.509818,224.000000,55.000000
-113.500000,311.396066,229.000000,56.000000
-113.500000,315.009818,229.000000,56.000000
-113.500000,313.202942,229.000000,56.000000
-111.000000,319.031357,224.000000,55.000000
-107.447724,319.031357,224.000000,55.000000
-111.000000,336.792738,224.000000,55.000000
-113.500000,332.678986,229.000000,56.000000
-113.500000,336.292738,229.000000,56.000000
-113.500000,336.292738,229.000000,56.000000
-109.886248,334.485862,229.000000,56.000000
-108.079373,330.872111,229.000000,56.000000
-111.000000,320.715282,224.000000,55.000000
-113.500000,318.408406,229.000000,56.000000
-111.000000,318.908406,224.000000,55.000000
-111.000000,318.908406,224.000000,55.000000
-111.000000,304.699301,224.000000,55.000000
-109.000000,284.393148,220.000000,54.000000
-111.000000,276.788596,224.000000,55.000000
-113.500000,274.481720,229.000000,56.000000
-113.500000,274.481720,229.000000,56.000000
-113.500000,272.674844,229.000000,56.000000
-113.500000,270.867968,229.000000,56.000000
-113.500000,270.867968,229.000000,56.000000
-113.500000,270.867968,229.000000,56.000000
-109.886248,269.061093,229.000000,56.000000
-113.500000,261.833590,229.000000,56.000000
-111.000000,253.452899,224.000000,55.000000
-111.000000,248.124484,224.000000,55.000000
-111.000000,248.124484,224.000000,55.000000
-111.000000,233.915379,224.000000,55.000000
-111.000000,219.706274,224.000000,55.000000
-111.000000,212.601722,224.000000,55.000000
-111.000000,212.601722,224.000000,55.000000
-111.000000,212.601722,224.000000,55.000000
-111.000000,212.601722,224.000000,55.000000
-111.000000,210.825584,224.000000,55.000000
-111.000000,209.049446,224.000000,55.000000
-111.000000,205.497169,224.000000,55.000000
-111.000000,212.601722,224.000000,55.000000
-111.000000,210.825584,224.000000,55.000000
-111.000000,210.825584,224.000000,55.000000
-111.000000,207.273307,224.000000,55.000000
-111.000000,194.840340,224.000000,55.000000
-113.500000,194.340340,229.000000,56.000000
-113.500000,197.954092,229.000000,56.000000
-113.500000,199.760968,229.000000,56.000000
-113.500000,197.954092,229.000000,56.000000
-115.500000,195.618917,233.000000,57.000000
-115.500000,195.618917,233.000000,57.000000
-115.500000,191.948567,233.000000,57.000000
-109.886248,187.027940,229.000000,56.000000
-113.500000,183.414189,229.000000,56.000000
-113.500000,179.800437,229.000000,56.000000
-113.500000,179.800437,229.000000,56.000000
-113.500000,179.800437,229.000000,56.000000
-113.500000,181.607313,229.000000,56.000000
-113.500000,179.800437,229.000000,56.000000
-113.500000,176.186686,229.000000,56.000000
-113.500000,172.572934,229.000000,56.000000
-111.000000,176.625210,224.000000,55.000000
-111.000000,167.744520,224.000000,55.000000
-111.000000,165.968382,224.000000,55.000000
-113.500000,165.468382,229.000000,56.000000
-115.500000,168.638731,233.000000,57.000000
-44.683688,183.177975,238.000000,58.000000
6.314145,176.946064,243.000000,59.000000
5.054334,181.205875,238.000000,58.000000
9.389509,185.376225,233.000000,57.000000
9.389509,189.046574,233.000000,57.000000
13.059859,183.541050,233.000000,57.000000
33.246782,196.387274,233.000000,57.000000
13.564273,180.625392,229.000000,56.000000
18.984900,184.239143,229.000000,56.000000
20.655250,187.409493,233.000000,57.000000
15.655250,186.409493,243.000000,59.000000
15.655250,190.230767,243.000000,59.000000
14.664572,182.716783,253.000000,62.000000
18.673895,186.726106,253.000000,62.000000
18.673895,186.726106,253.000000,62.000000
18.673895,188.730767,253.000000,62.000000
20.678556,192.740089,253.000000,62.000000
22.683217,196.749412,253.000000,62.000000
36.715846,204.768057,253.000000,62.000000
46.428233,206.303455,258.000000,63.000000
43.248541,199.983146,273.000000,67.000000
39.986596,201.221201,284.000000,69.000000
39.276380,200.221201,290.000000,71.000000
46.145732,200.221201,290.000000,71.000000
53.621842,203.459255,284.000000,69.000000
48.332058,200.169471,290.000000,71.000000
52.911626,204.749039,290.000000,71.000000
50.621842,209.328608,290.000000,71.000000
58.097951,214.804717,284.000000,69.000000
58.390630,219.719359,279.000000,68.000000
67.871093,222.379514,273.000000,67.000000
72.191402,226.699822,273.000000,67.000000
66.984081,228.407143,279.000000,68.000000
74.304389,231.067298,273.000000,67.000000
73.511710,232.774619,279.000000,68.000000
68.773656,225.560455,284.000000,69.000000
73.480977,230.475097,279.000000,68.000000
74.320822,224.494634,273.000000,67.000000
81.042544,229.716356,268.000000,65.000000
68.920581,221.594392,279.000000,68.000000
74.420581,225.205253,268.000000,65.000000
74.420581,225.205253,268.000000,65.000000
72.309720,225.205253,268.000000,65.000000
78.969976,227.785381,263.000000,64.000000
76.889848,225.705253,263.000000,64.000000
76.889848,227.785381,263.000000,64.000000
74.809720,221.544997,263.000000,64.000000
74.809720,225.705253,263.000000,64.000000
70.649463,219.464868,263.000000,64.000000
74.809720,223.625125,263.000000,64.000000
129.302962,244.233733,268.000000,65.000000
111.433609,241.233733,290.000000,71.000000
101.422761,240.733733,296.000000,72.000000
94.411912,240.733733,296.000000,72.000000
96.189266,239.733733,302.000000,74.000000
89.023235,239.733733,302.000000,74.000000
90.894922,241.669576,308.000000,75.000000
95.766609,241.669576,308.000000,75.000000
100.638296,239.233733,308.000000,75.000000
100.125865,238.233733,314.000000,77.000000
102.613434,235.746164,314.000000,77.000000
95.150726,230.771026,314.000000,77.000000
90.843196,226.899339,308.000000,75.000000
86.677165,225.010662,302.000000,74.000000
89.065842,222.621985,302.000000,74.000000
81.899811,222.621985,302.000000,74.000000
86.677165,222.621985,302.000000,74.000000
91.454519,217.844631,302.000000,74.000000
84.288488,215.455954,302.000000,74.000000
86.160175,214.955954,308.000000,75.000000
78.852645,217.391797,308.000000,75.000000
80.827783,213.904228,314.000000,77.000000
85.802921,213.904228,314.000000,77.000000
81.495391,212.468385,308.000000,75.000000
84.495391,212.968385,302.000000,74.000000
85.158441,216.305334,296.000000,72.000000
89.832340,213.968385,296.000000,72.000000
97.411908,216.758169,290.000000,71.000000
101.991477,221.337737,290.000000,71.000000
95.122124,221.337737,290.000000,71.000000
102.598234,222.337737,284.000000,69.000000
116.026562,226.813846,284.000000,69.000000
124.978781,224.575792,284.000000,69.000000
131.893423,225.075792,279.000000,68.000000
136.308065,227.283113,279.000000,68.000000
140.722708,225.075792,279.000000,68.000000
145.137350,225.075792,279.000000,68.000000
138.515387,222.868470,279.000000,68.000000
142.930029,229.490434,279.000000,68.000000
136.308065,225.075792,279.000000,68.000000
140.722708,225.075792,279.000000,68.000000
145.137350,225.075792,279.000000,68.000000
138.515387,225.075792,279.000000,68.000000
131.893423,222.868470,279.000000,68.000000
136.308065,222.868470,279.000000,68.000000
138.515387,225.075792,279.000000,68.000000
142.930029,225.075792,279.000000,68.000000
147.344671,229.490434,279.000000,68.000000
151.759314,229.490434,279.000000,68.000000
148.278851,227.830280,273.000000,67.000000
150.439005,225.670125,273.000000,67.000000
157.160727,228.780986,268.000000,65.000000
150.828144,228.780986,268.000000,65.000000
155.049866,228.780986,268.000000,65.000000
159.271587,228.780986,268.000000,65.000000
152.939005,228.780986,268.000000,65.000000
157.160727,230.891847,268.000000,65.000000
150.828144,228.780986,268.000000,65.000000
155.049866,228.780986,268.000000,65.000000
159.271587,228.780986,268.000000,65.000000
152.939005,228.780986,268.000000,65.000000
148.717283,224.559264,268.000000,65.000000
144.495562,224.559264,268.000000,65.000000
144.915433,222.979136,263.000000,64.000000
140.755177,220.899008,263.000000,64.000000
146.995562,220.899008,263.000000,64.000000
151.155818,222.979136,263.000000,64.000000
151.155818,222.979136,263.000000,64.000000
153.235946,220.899008,263.000000,64.000000
146.995562,218.818880,263.000000,64.000000
148.717283,222.540601,268.000000,65.000000
152.939005,222.540601,268.000000,65.000000
146.606422,218.318880,268.000000,65.000000
150.828144,218.318880,268.000000,65.000000
155.049866,218.318880,268.000000,65.000000
159.271587,218.318880,268.000000,65.000000
152.939005,214.097158,268.000000,65.000000
157.160727,211.986297,268.000000,65.000000
150.828144,209.875437,268.000000,65.000000
155.049866,211.986297,268.000000,65.000000
148.717283,207.764576,268.000000,65.000000
150.537592,202.444267,273.000000,67.000000
140.915628,197.529625,279.000000,68.000000
134.293665,197.529625,279.000000,68.000000
136.500986,197.529625,279.000000,68.000000
138.477096,197.029625,284.000000,69.000000
140.056664,198.319409,290.000000,71.000000
130.045815,200.156358,296.000000,72.000000
134.719714,200.156358,296.000000,72.000000
139.393613,200.156358,296.000000,72.000000
132.382765,195.482459,296.000000,72.000000
137.056664,193.145510,296.000000,72.000000
130.045815,188.471611,296.000000,72.000000
134.719714,186.134661,296.000000,72.000000
140.009498,186.634661,290.000000,71.000000
144.589066,188.924445,290.000000,71.000000
128.560578,177.475525,290.000000,71.000000
126.270794,172.895957,290.000000,71.000000
123.981010,170.606172,290.000000,71.000000
117.111657,168.316388,290.000000,71.000000
118.785557,167.816388,296.000000,72.000000
116.448607,165.479439,296.000000,72.000000
114.111657,163.142489,296.000000,72.000000
114.111657,160.805540,296.000000,72.000000
116.448607,163.142489,296.000000,72.000000
109.437758,160.805540,296.000000,72.000000
105.568406,159.015756,290.000000,71.000000
98.699054,156.725972,290.000000,71.000000
82.670565,152.146403,290.000000,71.000000
84.960349,149.856619,290.000000,71.000000
78.090997,149.856619,290.000000,71.000000
82.670565,149.856619,290.000000,71.000000
75.801213,147.566835,290.000000,71.000000
83.277323,148.566835,284.000000,69.000000
79.155359,146.859514,279.000000,68.000000
86.475668,147.359514,273.000000,67.000000
82.643085,144.137792,268.000000,65.000000
83.062957,157.118562,263.000000,64.000000
89.633753,161.689357,258.000000,63.000000
89.633753,165.760153,258.000000,63.000000
85.562957,165.760153,258.000000,63.000000
81.492161,161.689357,258.000000,63.000000
63.173581,155.583164,258.000000,63.000000
46.890398,157.618562,258.000000,63.000000
48.925796,159.653960,258.000000,63.000000
46.425796,159.153960,263.000000,64.000000
42.265539,157.073831,263.000000,64.000000
36.025155,157.073831,263.000000,64.000000
27.192572,150.241249,268.000000,65.000000
31.414294,154.462971,268.000000,65.000000
35.636015,154.462971,268.000000,65.000000
39.857737,154.462971,268.000000,65.000000
33.525155,150.241249,268.000000,65.000000
40.185411,152.821377,263.000000,64.000000
40.185411,152.821377,263.000000,64.000000
33.945026,150.741249,263.000000,64.000000
38.105283,150.741249,263.000000,64.000000
26.357498,145.135055,258.000000,63.000000
12.109713,139.028862,258.000000,63.000000
13.769969,140.608990,263.000000,64.000000
15.491691,137.998129,268.000000,65.000000
9.159108,135.887268,268.000000,65.000000
13.380830,133.776408,268.000000,65.000000
7.048248,154.885016,268.000000,65.000000
7.048248,154.885016,268.000000,65.000000
0.715665,156.995876,268.000000,65.000000
7.375922,161.656133,263.000000,64.000000
13.946717,164.191531,258.000000,63.000000
7.840524,164.191531,258.000000,63.000000
11.911319,164.191531,258.000000,63.000000
13.946717,166.226929,258.000000,63.000000
15.606974,169.887185,263.000000,64.000000
15.217835,169.387185,268.000000,65.000000
1.917063,168.387185,273.000000,67.000000
-0.243091,168.387185,273.000000,67.000000
-0.243091,170.547339,273.000000,67.000000
4.367769,171.547339,268.000000,65.000000
-18.851699,167.325618,268.000000,65.000000
-64.194648,161.585233,263.000000,64.000000
-60.034392,163.665361,263.000000,64.000000
-55.874135,163.665361,263.000000,64.000000
-62.114520,159.505105,263.000000,64.000000
-71.826907,160.005105,258.000000,63.000000
-128.000000,160.005105,258.000000,63.000000
-128.000000,160.005105,258.000000,63.000000
-128.000000,160.005105,258.000000,63.000000
-128.000000,160.005105,258.000000,63.000000
-128.000000,157.969707,258.000000,63.000000
-128.000000,155.934309,258.000000,63.000000
-128.000000,157.969707,258.000000,63.000000
-128.000000,160.005105,258.000000,63.000000
-123.929204,155.934309,258.000000,63.000000
-119.858409,151.863513,258.000000,63.000000
-128.000000,147.792718,258.000000,63.000000
-128.000000,139.651126,258.000000,63.000000
-128.000000,135.580331,258.000000,63.000000
-128.000000,135.580331,258.000000,63.000000
-128.000000,139.651126,258.000000,63.000000
-128.000000,131.509535,258.000000,63.000000
-128.000000,131.509535,258.000000,63.000000
-128.000000,125.403341,258.000000,63.000000
-130.500000,126.983469,263.000000,64.000000
-130.500000,131.143726,263.000000,64.000000
-130.500000,124.903341,263.000000,64.000000
-130.500000,131.143726,263.000000,64.000000
-130.500000,129.063598,263.000000,64.000000
-128.000000,131.598995,258.000000,63.000000
-128.000000,129.563598,258.000000,63.000000
-128.000000,129.563598,258.000000,63.000000
-128.000000,117.351210,258.000000,63.000000
-128.000000,123.457404,258.000000,63.000000
-128.000000,119.386608,258.000000,63.000000
-128.000000,133.634393,258.000000,63.000000
-128.000000,133.634393,258.000000,63.000000
-128.000000,133.634393,258.000000,63.000000
-128.000000,135.669791,258.000000,63.000000
-128.000000,141.775985,258.000000,63.000000
-125.500000,144.280646,253.000000,62.000000
-125.500000,142.275985,253.000000,62.000000
-128.000000,141.775985,258.000000,63.000000
-130.500000,149.596498,263.000000,64.000000
-128.000000,148.061100,258.000000,63.000000
-128.000000,148.061100,258.000000,63.000000
-128.000000,146.025702,258.000000,63.000000
-128.000000,146.025702,258.000000,63.000000
-128.000000,146.025702,258.000000,63.000000
-128.000000,146.025702,258.000000,63.000000
-128.000000,146.025702,258.000000,63.000000
-128.000000,143.990304,258.000000,63.000000
-128.000000,146.025702,258.000000,63.000000
-130.500000,143.445574,263.000000,64.000000
-130.500000,143.445574,263.000000,64.000000
-130.500000,143.445574,263.000000,64.000000
-130.500000,143.445574,263.000000,64.000000
-130.500000,143.445574,263.000000,64.000000
-128.000000,143.945574,258.000000,63.000000
-128.000000,148.016369,258.000000,63.000000
-128.000000,148.016369,258.000000,63.000000
-128.000000,148.016369,258.000000,63.000000
-128.000000,160.228757,258.000000,63.000000
-128.000000,152.087165,258.000000,63.000000
-130.500000,155.747421,263.000000,64.000000
-130.500000,157.827550,263.000000,64.000000
-128.000000,158.327550,258.000000,63.000000
-125.500000,156.822888,253.000000,62.000000
-123.000000,159.778257,248.000000,60.000000
-123.000000,159.778257,248.000000,60.000000
-123.000000,159.778257,248.000000,60.000000
-123.000000,159.778257,248.000000,60.000000
-123.000000,159.778257,248.000000,60.000000
-123.000000,163.688994,248.000000,60.000000
-123.000000,159.778257,248.000000,60.000000
-123.000000,163.688994,248.000000,60.000000
-123.000000,163.688994,248.000000,60.000000
-123.000000,175.421207,248.000000,60.000000
-120.500000,196.938212,243.000000,59.000000
-120.500000,196.938212,243.000000,59.000000
-120.500000,198.848849,243.000000,59.000000
-120.500000,200.759486,243.000000,59.000000
-120.500000,196.938212,243.000000,59.000000
-120.500000,198.848849,243.000000,59.000000
-120.500000,200.759486,243.000000,59.000000
-120.500000,200.759486,243.000000,59.000000
-120.500000,196.938212,243.000000,59.000000
-120.500000,196.938212,243.000000,59.000000
-120.500000,216.044581,243.000000,59.000000
-120.500000,221.776492,243.000000,59.000000
-120.500000,229.419040,243.000000,59.000000
-120.500000,227.508403,243.000000,59.000000
-120.500000,229.419040,243.000000,59.000000
-120.500000,229.419040,243.000000,59.000000
-120.500000,229.419040,243.000000,59.000000
-120.500000,233.240313,243.000000,59.000000
-120.500000,231.329676,243.000000,59.000000
-120.500000,229.419040,243.000000,59.000000
-120.500000,231.329676,243.000000,59.000000
-120.500000,229.419040,243.000000,59.000000
-120.500000,229.419040,243.000000,59.000000
-120.500000,229.419040,243.000000,59.000000
-120.500000,229.419040,243.000000,59.000000
-116.678726,227.508403,243.000000,59.000000
-118.000000,226.128497,238.000000,58.000000
-118.000000,229.888308,238.000000,58.000000
-118.000000,229.888308,238.000000,58.000000
-114.240189,235.528024,238.000000,58.000000
-118.000000,229.888308,238.000000,58.000000
-114.240189,229.888308,238.000000,58.000000
-118.000000,229.888308,238.000000,58.000000
-118.000000,231.768214,238.000000,58.000000
-118.000000,229.888308,238.000000,58.000000
-118.000000,243.047646,238.000000,58.000000
-118.000000,276.885944,238.000000,58.000000
-118.000000,301.324715,238.000000,58.000000
-120.500000,300.824715,243.000000,59.000000
-120.500000,291.271530,243.000000,59.000000
-123.000000,290.771530,248.000000,60.000000
-123.000000,296.637636,248.000000,60.000000
-123.000000,286.860793,248.000000,60.000000
-123.000000,286.860793,248.000000,60.000000
-123.000000,277.083949,248.000000,60.000000
-120.500000,277.583949,243.000000,59.000000
-118.000000,261.164800,238.000000,58.000000
-114.240189,261.164800,238.000000,58.000000
-112.360284,263.044706,238.000000,58.000000
-118.000000,263.044706,238.000000,58.000000
-114.240189,263.044706,238.000000,58.000000
-118.000000,259.284895,238.000000,58.000000
-118.000000,259.284895,238.000000,58.000000
-118.000000,259.284895,238.000000,58.000000
-118.000000,253.645179,238.000000,58.000000
-114.240189,249.885368,238.000000,58.000000
-118.000000,244.245652,238.000000,58.000000
-118.000000,242.365746,238.000000,58.000000
-115.500000,242.865746,233.000000,57.000000
-115.500000,239.195396,233.000000,57.000000
-115.500000,230.019522,233.000000,57.000000
-118.000000,210.720468,238.000000,58.000000
-118.000000,193.801319,238.000000,58.000000
-118.000000,193.801319,238.000000,58.000000
-118.000000,195.681224,238.000000,58.000000
-115.500000,196.181224,233.000000,57.000000
-115.500000,188.840525,233.000000,57.000000
-115.500000,187.005350,233.000000,57.000000
-115.500000,185.170175,233.000000,57.000000
-115.500000,185.170175,233.000000,57.000000
-115.500000,185.170175,233.000000,57.000000
-115.500000,194.346050,233.000000,57.000000
-118.000000,188.206333,238.000000,58.000000
-118.000000,191.966144,238.000000,58.000000
-118.000000,214.525009,238.000000,58.000000
-118.000000,212.645104,238.000000,58.000000
-118.000000,212.645104,238.000000,58.000000
-118.000000,216.404915,238.000000,58.000000
-118.000000,216.404915,238.000000,58.000000
-118.000000,216.404915,238.000000,58.000000
-118.000000,216.404915,238.000000,58.000000
-118.000000,212.645104,238.000000,58.000000
-114.240189,205.125482,238.000000,58.000000
-108.069839,211.131007,233.000000,57.000000
-113.500000,211.631007,229.000000,56.000000
-113.500000,209.824131,229.000000,56.000000
-113.500000,209.824131,229.000000,56.000000
-109.886248,213.437883,229.000000,56.000000
-106.272497,220.665386,229.000000,56.000000
-111.693124,220.665386,229.000000,56.000000
-108.079373,220.665386,229.000000,56.000000
-113.500000,218.858510,229.000000,56.000000
-113.500000,218.858510,229.000000,56.000000
-109.886248,218.858510,229.000000,56.000000
-108.215899,220.193685,233.000000,57.000000
-111.636526,224.307436,229.000000,56.000000
-108.022775,226.114312,229.000000,56.000000
-104.409023,226.114312,229.000000,56.000000
-113.500000,224.307436,229.000000,56.000000
-115.500000,231.148135,233.000000,57.000000
-115.500000,223.807436,233.000000,57.000000
-115.500000,227.477786,233.000000,57.000000
-118.000000,226.977786,238.000000,58.000000
-118.000000,226.977786,238.000000,58.000000
-112.360284,230.737597,238.000000,58.000000
-116.120095,225.097880,238.000000,58.000000
-118.000000,226.977786,238.000000,58.000000
-120.500000,228.388423,243.000000,59.000000
-120.500000,228.388423,243.000000,59.000000
-123.000000,227.888423,248.000000,60.000000
-119.089263,231.799160,248.000000,60.000000
-115.178525,223.977685,248.000000,60.000000
-120.500000,234.030870,243.000000,59.000000
-120.500000,234.030870,243.000000,59.000000
-120.500000,228.298959,243.000000,59.000000
-116.678726,235.941507,243.000000,59.000000
-117.938537,234.561601,238.000000,58.000000
-118.000000,238.321412,238.000000,58.000000
-118.000000,238.321412,238.000000,58.000000
-118.000000,238.321412,238.000000,58.000000
-118.000000,242.081223,238.000000,58.000000
-118.000000,240.201318,238.000000,58.000000
-118.000000,240.201318,238.000000,58.000000
-118.000000,240.201318,238.000000,58.000000
-118.000000,238.321412,238.000000,58.000000
-115.500000,242.491762,233.000000,57.000000
-115.500000,251.667636,233.000000,57.000000
-115.500000,251.667636,233.000000,57.000000
-115.500000,251.667636,233.000000,57.000000
-115.500000,255.337986,233.000000,57.000000
-118.000000,258.597796,238.000000,58.000000
-118.000000,262.357607,238.000000,58.000000
-118.000000,260.477702,238.000000,58.000000
-118.000000,260.477702,238.000000,58.000000
-114.240189,249.198269,238.000000,58.000000
-108.069839,249.698269,233.000000,57.000000
-113.575364,247.863094,233.000000,57.000000
-115.500000,247.863094,233.000000,57.000000
-111.829650,251.533444,233.000000,57.000000
-108.159301,251.533444,233.000000,57.000000
-113.664825,244.192745,233.000000,57.000000
-115.500000,246.027920,233.000000,57.000000
-115.500000,244.192745,233.000000,57.000000
-115.500000,244.192745,233.000000,57.000000
-115.500000,246.027920,233.000000,57.000000
-113.500000,237.493541,229.000000,56.000000
-113.500000,237.493541,229.000000,56.000000
-113.500000,237.493541,229.000000,56.000000
-113.500000,237.493541,229.000000,56.000000
-113.500000,237.493541,229.000000,56.000000
-113.500000,228.459162,229.000000,56.000000
-113.500000,228.459162,229.000000,56.000000
-113.500000,226.652286,229.000000,56.000000
-113.500000,228.459162,229.000000,56.000000
-113.500000,228.459162,229.000000,56.000000
-113.500000,228.459162,229.000000,56.000000
-109.886248,219.424783,229.000000,56.000000
-106.272497,221.231659,229.000000,56.000000
-111.693124,221.231659,229.000000,56.000000
-113.500000,221.231659,229.000000,56.000000
-113.500000,221.231659,229.000000,56.000000
-113.500000,221.231659,229.000000,56.000000
-113.500000,221.231659,229.000000,56.000000
-113.500000,221.231659,229.000000,56.000000
-111.000000,225.283935,224.000000,55.000000
-111.000000,227.060073,224.000000,55.000000
-111.000000,227.060073,224.000000,55.000000
-111.000000,228.836212,224.000000,55.000000
-111.000000,228.836212,224.000000,55.000000
-111.000000,228.836212,224.000000,55.000000
-111.000000,230.612350,224.000000,55.000000
-113.500000,230.112350,229.000000,56.000000
-113.500000,228.305474,229.000000,56.000000
-113.500000,230.112350,229.000000,56.000000
-113.500000,233.726101,229.000000,56.000000
-113.500000,235.532977,229.000000,56.000000
-113.500000,239.146729,229.000000,56.000000
-113.500000,239.146729,229.000000,56.000000
-113.500000,239.146729,229.000000,56.000000
-113.500000,237.339853,229.000000,56.000000
-115.500000,235.004678,233.000000,57.000000
-115.500000,236.839853,233.000000,57.000000
-115.500000,235.004678,233.000000,57.000000
-115.500000,235.004678,233.000000,57.000000
-118.000000,230.744867,238.000000,58.000000
-118.000000,228.864962,238.000000,58.000000
-118.000000,225.105151,238.000000,58.000000
-118.000000,223.225245,238.000000,58.000000
-115.500000,225.560420,233.000000,57.000000
-115.500000,227.395595,233.000000,57.000000
-111.829650,231.065945,233.000000,57.000000
-113.664825,231.065945,233.000000,57.000000
-113.500000,229.759069,229.000000,56.000000
-113.500000,233.372820,229.000000,56.000000
-113.500000,244.214075,229.000000,56.000000
-113.500000,242.407199,229.000000,56.000000
-113.500000,240.600323,229.000000,56.000000
-113.500000,246.020951,229.000000,56.000000
-113.500000,246.020951,229.000000,56.000000
-113.500000,246.020951,229.000000,56.000000
-109.886248,242.407199,229.000000,56.000000
-106.272497,246.020951,229.000000,56.000000
-113.500000,244.214075,229.000000,56.000000
-111.829650,247.384425,233.000000,57.000000
-115.500000,251.054774,233.000000,57.000000
-118.000000,248.674869,238.000000,58.000000
-118.000000,248.674869,238.000000,58.000000
-114.240189,246.794963,238.000000,58.000000
-110.480378,246.794963,238.000000,58.000000
-118.000000,254.314585,238.000000,58.000000
-114.240189,252.434680,238.000000,58.000000
-118.000000,256.194491,238.000000,58.000000
-120.500000,257.605127,243.000000,59.000000
-116.678726,257.605127,243.000000,59.000000
-120.500000,257.605127,243.000000,59.000000
-116.678726,253.783854,243.000000,59.000000
-112.298821,261.803475,238.000000,58.000000
-112.298821,259.923570,238.000000,58.000000
-114.178726,259.923570,238.000000,58.000000
-112.298821,259.923570,238.000000,58.000000
-108.539010,248.644137,238.000000,58.000000
-114.178726,250.524043,238.000000,58.000000
-120.500000,255.755953,243.000000,59.000000
-123.000000,255.255953,248.000000,60.000000
-123.000000,266.988166,248.000000,60.000000
-123.000000,270.898903,248.000000,60.000000
-123.000000,272.854272,248.000000,60.000000
-123.000000,274.809640,248.000000,60.000000
-123.000000,274.809640,248.000000,60.000000
-119.089263,274.809640,248.000000,60.000000
-115.178525,270.898903,248.000000,60.000000
-120.500000,261.845718,243.000000,59.000000
-109.036179,267.577629,243.000000,59.000000
-114.768089,267.577629,243.000000,59.000000
-110.946816,263.756355,243.000000,59.000000
-123.000000,263.256355,248.000000,60.000000
-119.089263,263.256355,248.000000,60.000000
-119.089263,261.300987,248.000000,60.000000
-119.089263,259.345618,248.000000,60.000000
-123.000000,267.167093,248.000000,60.000000
-123.000000,267.167093,248.000000,60.000000
-123.000000,267.167093,248.000000,60.000000
-125.500000,266.167093,253.000000,62.000000
-125.500000,268.171754,253.000000,62.000000
-125.500000,270.176415,253.000000,62.000000
-125.500000,278.195060,253.000000,62.000000
-123.929204,269.553469,258.000000,63.000000
-119.858409,261.411877,258.000000,63.000000
-115.787613,261.411877,258.000000,63.000000
-128.000000,261.411877,258.000000,63.000000
-130.500000,258.831749,263.000000,64.000000
-133.000000,254.110027,268.000000,65.000000
-135.500000,253.110027,273.000000,67.000000
-135.500000,253.110027,273.000000,67.000000
-135.500000,253.110027,273.000000,67.000000
-135.500000,248.789719,273.000000,67.000000
-135.500000,246.629564,273.000000,67.000000
-135.500000,244.469410,273.000000,67.000000
-133.000000,247.580271,268.000000,65.000000
-133.000000,247.580271,268.000000,65.000000
-133.000000,247.580271,268.000000,65.000000
-133.000000,256.023714,268.000000,65.000000
-133.000000,256.023714,268.000000,65.000000
-133.000000,256.023714,268.000000,65.000000
-133.000000,264.467157,268.000000,65.000000
-133.000000,266.578018,268.000000,65.000000
-130.889139,266.578018,268.000000,65.000000
-126.667418,266.578018,268.000000,65.000000
-133.000000,266.578018,268.000000,65.000000
-128.778278,266.578018,268.000000,65.000000
-124.556557,266.578018,268.000000,65.000000
-128.296941,267.078018,263.000000,64.000000
-126.216813,267.078018,263.000000,64.000000
-130.377070,262.917762,263.000000,64.000000
-128.296941,260.837634,263.000000,64.000000
-130.500000,260.837634,263.000000,64.000000
-130.500000,256.677377,263.000000,64.000000
-130.500000,254.597249,263.000000,64.000000
-130.500000,254.597249,263.000000,64.000000
-130.500000,250.436993,263.000000,64.000000
-128.000000,250.936993,258.000000,63.000000
-128.000000,250.936993,258.000000,63.000000
-125.500000,251.436993,253.000000,62.000000
-125.500000,251.436993,253.000000,62.000000
-128.000000,248.901595,258.000000,63.000000
-128.000000,244.830799,258.000000,63.000000
-128.000000,242.795401,258.000000,63.000000
-128.000000,244.830799,258.000000,63.000000
-128.000000,244.830799,258.000000,63.000000
-128.000000,257.043186,258.000000,63.000000
-128.000000,259.078584,258.000000,63.000000
-130.500000,260.658712,263.000000,64.000000
-130.500000,260.658712,263.000000,64.000000
-130.500000,260.658712,263.000000,64.000000
-130.500000,256.498456,263.000000,64.000000
-130.500000,256.498456,263.000000,64.000000
-130.500000,256.498456,263.000000,64.000000
-130.500000,252.338199,263.000000,64.000000
-130.500000,248.177943,263.000000,64.000000
-128.000000,244.607147,258.000000,63.000000
-128.000000,240.536352,258.000000,63.000000
-130.500000,240.036352,263.000000,64.000000
-130.500000,212.994685,263.000000,64.000000
-130.500000,212.994685,263.000000,64.000000
-130.500000,208.834429,263.000000,64.000000
-130.500000,210.914557,263.000000,64.000000
-133.000000,206.192835,268.000000,65.000000
-133.000000,197.749392,268.000000,65.000000
-133.000000,199.860253,268.000000,65.000000
-133.000000,204.081974,268.000000,65.000000
-133.000000,218.858000,268.000000,65.000000
-135.500000,217.858000,273.000000,67.000000
-135.500000,217.858000,273.000000,67.000000
-135.500000,217.858000,273.000000,67.000000
-135.500000,213.537691,273.000000,67.000000
-135.500000,211.377537,273.000000,67.000000
-135.500000,213.537691,273.000000,67.000000
-135.500000,209.217383,273.000000,67.000000
-135.500000,209.217383,273.000000,67.000000
-135.500000,204.897074,273.000000,67.000000
-135.500000,200.576765,273.000000,67.000000
-135.500000,200.576765,273.000000,67.000000
-135.500000,198.416611,273.000000,67.000000
-135.500000,198.416611,273.000000,67.000000
-135.500000,202.736920,273.000000,67.000000
-135.500000,204.897074,273.000000,67.000000
-135.500000,204.897074,273.000000,67.000000
-138.500000,191.153147,279.000000,68.000000
-138.500000,188.945826,279.000000,68.000000
-135.500000,195.926289,273.000000,67.000000
-135.500000,191.605980,273.000000,67.000000
-135.500000,189.445826,273.000000,67.000000
-135.500000,191.605980,273.000000,67.000000
-135.500000,191.605980,273.000000,67.000000
-135.500000,189.445826,273.000000,67.000000
-135.500000,189.445826,273.000000,67.000000
-133.000000,186.224104,268.000000,65.000000
-133.000000,186.224104,268.000000,65.000000
-133.000000,186.224104,268.000000,65.000000
-133.000000,186.224104,268.000000,65.000000
-133.000000,192.556687,268.000000,65.000000
-133.000000,196.778408,268.000000,65.000000
-130.500000,191.038024,263.000000,64.000000
-130.500000,191.038024,263.000000,64.000000
-130.500000,191.038024,263.000000,64.000000
-130.500000,191.038024,263.000000,64.000000
-130.500000,193.118152,263.000000,64.000000
-130.500000,180.637383,263.000000,64.000000
-130.500000,178.557255,263.000000,64.000000
-130.500000,178.557255,263.000000,64.000000
-130.500000,184.797639,263.000000,64.000000
-130.500000,184.797639,263.000000,64.000000
-130.500000,188.957896,263.000000,64.000000
-130.500000,193.118152,263.000000,64.000000
-133.000000,184.174709,268.000000,65.000000
-133.000000,184.174709,268.000000,65.000000
-133.000000,179.952987,268.000000,65.000000
-135.500000,174.632679,273.000000,67.000000
-135.500000,174.632679,273.000000,67.000000
-135.500000,174.632679,273.000000,67.000000
-135.500000,174.632679,273.000000,67.000000
-135.500000,174.632679,273.000000,67.000000
-135.500000,174.632679,273.000000,67.000000
-135.500000,174.632679,273.000000,67.000000
-135.500000,174.632679,273.000000,67.000000
-135.500000,170.312370,273.000000,67.000000
-135.500000,168.152216,273.000000,67.000000
-135.500000,168.152216,273.000000,67.000000
-135.500000,168.152216,273.000000,67.000000
-135.500000,168.152216,273.000000,67.000000
-135.500000,191.913913,273.000000,67.000000
-135.500000,191.913913,273.000000,67.000000
-135.500000,187.593604,273.000000,67.000000
-135.500000,174.632679,273.000000,67.000000
-138.500000,160.888752,279.000000,68.000000
-138.500000,171.925357,279.000000,68.000000
-138.500000,163.096073,279.000000,68.000000
-138.500000,149.852146,279.000000,68.000000
-138.500000,149.852146,279.000000,68.000000
-138.500000,149.852146,279.000000,68.000000
-138.500000,152.059467,279.000000,68.000000
-138.500000,149.852146,279.000000,68.000000
-138.500000,149.852146,279.000000,68.000000
-138.500000,149.852146,279.000000,68.000000
-138.500000,149.852146,279.000000,68.000000
-138.500000,156.474109,279.000000,68.000000
-138.500000,154.266788,279.000000,68.000000
-135.500000,154.766788,273.000000,67.000000
-133.000000,153.655927,268.000000,65.000000
-133.000000,153.655927,268.000000,65.000000
-133.000000,155.766788,268.000000,65.000000
-130.500000,154.186660,263.000000,64.000000
-130.500000,154.186660,263.000000,64.000000
-130.500000,154.186660,263.000000,64.000000
-130.500000,152.106532,263.000000,64.000000
-130.500000,152.106532,263.000000,64.000000
-130.500000,150.026404,263.000000,64.000000
-130.500000,147.946275,263.000000,64.000000
-130.500000,147.946275,263.000000,64.000000
-130.500000,150.026404,263.000000,64.000000
-130.500000,152.106532,263.000000,64.000000
-130.500000,150.026404,263.000000,64.000000
-130.500000,152.106532,263.000000,64.000000
-130.500000,152.106532,263.000000,64.000000
-130.500000,152.106532,263.000000,64.000000
-130.500000,152.106532,263.000000,64.000000
-130.500000,152.106532,263.000000,64.000000
-130.500000,143.786019,263.000000,64.000000
-130.500000,145.866147,263.000000,64.000000
-130.500000,145.866147,263.000000,64.000000
-130.500000,145.866147,263.000000,64.000000
-130.500000,143.786019,263.000000,64.000000
-130.500000,143.786019,263.000000,64.000000
-130.500000,143.786019,263.000000,64.000000
-130.500000,137.545634,263.000000,64.000000
-130.500000,137.545634,263.000000,64.000000
-130.500000,143.786019,263.000000,64.000000
-130.500000,141.705891,263.000000,64.000000
-130.500000,141.705891,263.000000,64.000000
-130.500000,141.705891,263.000000,64.000000
-130.500000,143.786019,263.000000,64.000000
-130.500000,143.786019,263.000000,64.000000
-130.500000,143.786019,263.000000,64.000000
-130.500000,143.786019,263.000000,64.000000
-130.500000,131.305250,263.000000,64.000000
-130.500000,129.225122,263.000000,64.000000
-126.339744,127.144993,263.000000,64.000000
-130.500000,122.984737,263.000000,64.000000
-130.500000,125.064865,263.000000,64.000000
-128.000000,123.529467,258.000000,63.000000
-128.000000,119.458672,258.000000,63.000000
-128.000000,125.564865,258.000000,63.000000
-128.000000,123.529467,258.000000,63.000000
-130.500000,129.269852,263.000000,64.000000
-130.500000,127.189724,263.000000,64.000000
-130.500000,129.269852,263.000000,64.000000
-130.500000,129.269852,263.000000,64.000000
-130.500000,129.269852,263.000000,64.000000
-130.500000,129.269852,263.000000,64.000000
-130.500000,131.349980,263.000000,64.000000
-130.500000,133.430108,263.000000,64.000000
-130.500000,133.430108,263.000000,64.000000
-130.500000,131.349980,263.000000,64.000000
-130.500000,133.430108,263.000000,64.000000
-130.500000,133.430108,263.000000,64.000000
-130.500000,133.430108,263.000000,64.000000
-130.500000,133.430108,263.000000,64.000000
-126.339744,133.430108,263.000000,64.000000
-133.000000,128.708387,268.000000,65.000000
-128.778278,128.708387,268.000000,65.000000
-124.556557,139.262691,268.000000,65.000000
-130.500000,160.563973,263.000000,64.000000
-133.000000,160.063973,268.000000,65.000000
-133.000000,162.174834,268.000000,65.000000
-135.500000,156.854525,273.000000,67.000000
-135.500000,152.534216,273.000000,67.000000
-135.500000,152.534216,273.000000,67.000000
-135.500000,152.534216,273.000000,67.000000
-135.500000,154.694371,273.000000,67.000000
-135.500000,154.694371,273.000000,67.000000
-135.500000,154.694371,273.000000,67.000000
-135.500000,146.053753,273.000000,67.000000
-135.500000,146.053753,273.000000,67.000000
-135.500000,143.893599,273.000000,67.000000
-135.500000,130.932673,273.000000,67.000000
-128.778278,131.932673,268.000000,65.000000
-133.000000,134.043534,268.000000,65.000000
-133.000000,131.932673,268.000000,65.000000
-133.000000,144.597838,268.000000,65.000000
-128.778278,136.154395,268.000000,65.000000
-133.000000,140.376116,268.000000,65.000000
-133.000000,144.597838,268.000000,65.000000
-133.000000,144.597838,268.000000,65.000000
-133.000000,146.708699,268.000000,65.000000
-130.500000,143.048442,263.000000,64.000000
-130.500000,147.208699,263.000000,64.000000
-130.500000,151.368955,263.000000,64.000000
-133.000000,155.090677,268.000000,65.000000
-133.000000,148.758094,268.000000,65.000000
-133.000000,150.868955,268.000000,65.000000
-133.000000,150.868955,268.000000,65.000000
-133.000000,148.758094,268.000000,65.000000
-133.000000,148.758094,268.000000,65.000000
-133.000000,144.536373,268.000000,65.000000
-133.000000,142.425512,268.000000,65.000000
-133.000000,148.758094,268.000000,65.000000
-133.000000,148.758094,268.000000,65.000000
-133.000000,148.758094,268.000000,65.000000
-133.000000,138.203790,268.000000,65.000000
-130.500000,138.703790,263.000000,64.000000
-130.500000,140.783919,263.000000,64.000000
-130.500000,140.783919,263.000000,64.000000
-130.500000,140.783919,263.000000,64.000000
-130.500000,142.864047,263.000000,64.000000
-130.500000,144.944175,263.000000,64.000000
-130.500000,147.024303,263.000000,64.000000
-130.500000,149.104431,263.000000,64.000000
-130.500000,149.104431,263.000000,64.000000
-130.500000,151.184560,263.000000,64.000000
-130.500000,151.184560,263.000000,64.000000
-130.500000,155.344816,263.000000,64.000000
-130.500000,155.344816,263.000000,64.000000
-130.500000,155.344816,263.000000,64.000000
-130.500000,155.344816,263.000000,64.000000
-130.500000,159.505072,263.000000,64.000000
-130.500000,138.703790,263.000000,64.000000
-133.000000,138.203790,268.000000,65.000000
-133.000000,138.203790,268.000000,65.000000
-133.000000,136.092930,268.000000,65.000000
-130.500000,136.592930,263.000000,64.000000
-130.500000,136.592930,263.000000,64.000000
-130.500000,136.592930,263.000000,64.000000
-130.500000,136.592930,263.000000,64.000000
-130.500000,136.592930,263.000000,64.000000
-130.500000,146.993571,263.000000,64.000000
-130.500000,159.474340,263.000000,64.000000
-130.500000,159.474340,263.000000,64.000000
-130.500000,159.474340,263.000000,64.000000
-130.500000,186.516006,263.000000,64.000000
-130.500000,167.794853,263.000000,64.000000
-128.000000,139.799283,258.000000,63.000000
-128.000000,139.799283,258.000000,63.000000
-128.000000,139.799283,258.000000,63.000000
-128.000000,129.622293,258.000000,63.000000
-128.000000,125.551498,258.000000,63.000000
-128.000000,125.551498,258.000000,63.000000
-128.000000,125.551498,258.000000,63.000000
-128.000000,123.516100,258.000000,63.000000
