0.005000
0.022000
0.020000
0.021002
0.021507
0.021505
0.025000
0.022506
0.023002
0.000000
0.022506
0.021998
0.022504
0.022003
0.022011
0.019000
0.019999
0.020505
0.047014
0.000000
0.021001
0.021505
0.021002
0.021506
0.021820
0.021967
0.023002
0.022300
0.022002
0.000000
0.021614
0.023000
0.023009
0.023000
0.022516
0.021989
0.021507
0.022000
0.022504
0.000000
0.022000
0.036011
0.022000
0.022504
0.022000
0.022008
0.022003
0.022000
0.021002
0.000000
0.037508
0.042506
0.041007
0.043000
0.046506
0.022009
0.021999
0.022496
0.027003
0.000000
0.042008
0.022504
0.021000
0.021009
0.022000
0.022510
0.022001
0.021510
0.026507
0.000000
0.025504
0.042506
0.023004
0.021998
0.021000
0.022002
0.020507
0.021000
0.020504
0.000000
0.021002
0.023011
0.024000
0.022504
0.022000
0.020008
0.022001
0.023503
0.038002
0.000000
0.043019
0.030505
0.024504
0.043000
0.043506
0.042008
0.042504
0.042010
0.042504
0.001000
0.043010
0.022001
0.021503
0.023000
0.021008
0.022000
0.022504
0.023000
0.023017
0.000000
0.025763
0.025405
0.024001
0.021540
0.021509
0.027008
0.023002
0.023035
0.030999
0.000000
0.028504
0.043010
0.042506
0.042511
0.041508
0.022508
0.022003
0.022011
0.023000
0.001000
0.022508
0.022005
0.023014
0.021001
0.022507
0.036502
0.042004
0.031502
0.022002
0.000000
0.021504
0.030504
0.021000
0.022503
0.019000
0.022000
0.023118
0.022002
0.022010
0.000000
0.021000
0.019504
0.021000
0.020506
0.019505
0.019999
0.021504
0.020002
0.021010
0.000000
0.022999
0.025508
0.043010
0.042507
0.041990
0.042504
0.042507
0.044508
0.042507
0.001000
0.044009
0.043504
0.042011
0.042504
0.021000
0.020014
0.021000
0.021000
0.020511
0.000000
0.020004
0.021013
0.022001
0.022262
0.038501
0.043000
0.043506
0.043009
0.045507
0.000000
0.045651
0.044534
0.042520
0.043504
0.042508
0.026000
0.022505
0.021998
0.021012
0.000000
0.020000
0.030504
0.025001
0.024010
0.024999
0.025504
0.026002
0.026008
0.024001
0.000000
0.025510
0.025505
0.038504
0.021503
0.022000
0.021506
0.042504
0.043507
0.028008
0.000000
0.021001
0.020506
0.021002
0.021008
0.022002
0.031504
0.043008
0.043504
0.044008
0.000000
0.042504
0.040003
0.021018
0.022001
0.029507
0.042008
0.041504
0.042008
0.042000
0.000000
0.033003
0.021013
0.021000
0.021504
0.022000
0.031012
0.041505
0.042004
0.043008
0.000000
0.039506
0.020506
