0.010000
0.045002
0.033013
0.021504
0.043504
0.022512
0.020508
0.020998
0.021000
0.000000
0.020008
0.021000
0.021504
0.021000
0.022002
0.021008
0.021000
0.020504
0.021000
0.000000
0.020009
0.021000
0.025504
0.025002
0.029013
0.033502
0.021000
0.022002
0.022011
0.000000
0.021002
0.021509
0.021000
0.022501
0.043009
0.043000
0.043506
0.042504
0.042010
0.000000
0.042950
0.043260
0.034009
0.019541
0.041066
0.046504
0.042504
0.042504
0.043504
0.000000
0.044008
0.044505
0.043008
0.043504
0.044010
0.043504
0.042504
0.036504
0.021504
0.000000
0.022000
0.022008
0.022000
0.021000
0.022003
0.022002
0.022008
0.022000
0.021503
0.000000
0.022001
0.022013
0.022000
0.021506
0.025001
0.023507
0.023999
0.021943
0.021789
0.000000
0.021002
0.021506
0.022001
0.021509
0.022998
0.033770
0.040132
0.022000
0.022010
0.000000
0.026000
0.023153
0.021374
0.022527
0.022000
0.034505
0.025505
0.048110
0.022504
0.000000
0.023000
0.028011
0.045159
0.043588
0.042504
0.041505
0.041504
0.041503
0.023504
0.000000
0.021504
0.021504
0.021000
0.021001
0.021020
0.022000
0.022504
0.021750
0.021508
0.000000
