0.005505
0.022000
0.022504
0.023513
0.021503
0.027763
0.043010
0.042504
0.041505
0.000000
0.044008
0.042529
0.042514
0.042552
0.022505
0.023000
0.021002
0.022000
0.021004
0.000000
0.022502
0.023000
0.021502
0.022002
0.019504
0.021002
0.022000
0.024507
0.039010
0.000000
0.022000
0.021504
0.019508
0.024504
0.022004
0.021508
0.030506
0.032504
0.023504
0.000000
0.022002
0.022504
0.041503
0.042886
0.042504
0.041507
0.034013
0.021002
0.021507
0.000000
0.023510
0.020002
0.022508
0.046505
0.026008
0.023000
0.033504
0.042008
0.042504
0.000000
0.041506
0.033504
0.022504
0.022507
0.022506
0.027999
0.022506
0.021504
0.022504
0.000000
0.022000
