1.000000
0.692339
0.664390
0.715539
0.790945
0.705952
0.696802
0.794330
0.728717
0.728717
0.740105
0.745897
0.697229
0.640357
0.738985
0.763984
0.681735
0.770982
0.700201
0.700201
0.730973
0.644730
0.774178
0.725684
0.737853
0.722373
0.687606
0.693627
0.694583
0.694583
0.735410
0.743098
0.706772
0.655548
0.626362
0.635886
0.677746
0.584690
0.593827
0.593827
0.651839
0.584081
0.734473
0.759437
0.737380
0.672151
0.671170
0.666390
0.714541
0.714541
0.621613
0.690583
0.737783
0.732265
0.634431
0.647326
0.767511
0.764721
0.736831
0.736831
0.689175
0.686069
0.762939
0.737548
0.670157
0.793418
0.748780
0.638282
0.766424
0.766424
0.714500
0.800349
0.785952
0.792938
0.783154
0.785406
0.796512
0.766312
0.789857
0.789857
0.638281
0.685815
0.712122
0.638255
0.638813
0.594011
0.658090
0.595326
0.594762
0.594762
0.600963
0.651416
0.682247
0.719650
0.638998
0.604590
0.680574
0.677822
0.669574
0.669574
0.619454
0.597010
0.632269
0.657464
0.589736
0.516234
0.658998
0.558248
0.499290
0.499290
0.570724
0.661066
0.610004
0.665675
0.522640
0.590070
0.686345
0.639420
0.729975
0.729975
0.659680
0.709987
0.743524
0.675127
0.653123
0.728471
0.768062
0.730299
0.673000
0.673000
0.668731
0.705564
0.693958
0.673891
0.644809
0.739822
0.649320
0.701408
0.729983
0.729983
0.808077
0.774375
0.811801
0.768650
0.800185
0.732304
0.658327
0.698074
0.743848
0.743848
0.759628
0.680953
0.735394
0.733900
0.781766
0.788566
0.781572
0.799897
0.766284
0.766284
0.747520
0.698261
0.731031
0.689649
0.740308
0.726883
0.748337
0.717367
0.754739
0.754739
0.576145
0.677199
0.674156
0.598771
0.662309
0.716894
0.703238
0.636708
0.702056
0.702056
0.745401
0.602671
0.692961
0.654727
0.572427
0.617364
0.588331
0.511787
0.529830
0.529830
0.574288
0.589838
0.536294
0.541862
0.641780
0.520847
0.649661
0.501658
0.614088
0.614088
0.670605
0.625264
0.634618
0.654268
0.643903
0.517475
0.697494
0.614341
0.547430
0.547430
0.640707
0.643173
0.658070
0.676072
0.637166
0.574343
0.563176
0.612690
0.574728
0.574728
0.657579
0.679763
0.593528
0.565621
0.541271
0.580929
0.533283
0.543892
0.556461
0.556461
0.620032
0.578774
0.609256
0.513549
0.636348
0.554252
0.632620
0.634932
0.644706
0.644706
0.672578
0.525225
0.586231
0.557273
0.660587
0.618967
0.601141
0.663028
0.609037
0.609037
0.546775
0.663666
0.836454
0.841050
0.846756
0.826020
0.797560
0.791684
0.767563
0.767563
0.724874
0.816352
0.691544
0.733903
0.746445
0.711757
0.653284
0.694507
0.647430
0.647430
0.726445
0.741587
0.716501
0.766323
0.744604
0.764739
0.755909
0.742864
0.708804
0.708804
0.572452
0.592859
0.695838
0.772550
0.767785
0.730098
0.684021
0.691077
0.638359
0.638359
0.765840
0.716442
0.589401
0.708518
0.726000
0.753113
0.669832
0.728386
0.739509
0.739509
0.615242
0.663111
0.694413
0.582584
0.727896
0.785456
0.726613
0.778933
0.715636
0.715636
0.639385
0.752571
0.721591
0.678029
0.677615
0.818125
0.754329
0.746226
0.654783
0.654783
0.583366
0.730651
0.700444
0.751577
0.634310
0.656225
0.590327
0.670239
0.730163
0.730163
0.721816
0.697512
0.695797
0.689219
0.642106
0.742346
0.660726
0.742178
0.764384
0.764384
0.776774
0.762425
0.734584
0.691326
0.722952
0.779433
0.602100
0.677923
0.689096
0.689096
0.688467
0.704854
0.661711
0.656339
0.668687
0.617483
0.648935
0.731921
0.775115
0.775115
0.705515
0.646844
0.590470
0.596816
0.639433
0.627269
0.642699
0.611610
0.585778
0.585778
0.676709
0.710321
0.658284
0.553042
0.625122
0.617696
0.736353
0.717438
0.565199
0.565199
0.768001
0.707640
0.657055
0.755108
0.704597
0.663767
0.691475
0.824064
0.742236
0.742236
0.754471
0.748145
0.750353
0.793536
0.678104
0.725472
0.717453
0.678143
0.597580
0.597580
0.596540
0.594207
0.631003
0.685953
0.702275
0.699016
0.695218
0.682168
0.685832
0.685832
0.685154
0.712545
0.686264
0.711832
0.675230
0.680733
0.688772
0.670316
0.703717
0.703717
0.689175
0.664684
0.654174
0.684728
0.674856
0.657049
0.657556
0.651005
0.568375
0.568375
0.354129
0.575898
0.651417
0.697985
0.704365
0.645805
0.732230
0.719096
0.568658
0.568658
0.416156
0.564043
0.557589
0.586236
0.666273
0.678213
0.681471
0.643856
0.599749
0.599749
0.586247
0.580949
0.472167
0.532843
0.565282
0.705413
0.721709
0.684592
0.617758
0.617758
0.558259
0.532753
0.435919
0.451016
0.543241
0.639771
0.683108
0.651435
0.642287
0.642287
0.599274
0.644717
0.664214
0.667464
0.669852
0.680698
0.674932
0.677817
0.690304
0.690304
0.641560
0.666888
0.654616
0.672062
0.667736
0.657426
0.652882
0.621504
0.621228
0.621228
0.636294
0.671708
0.651745
0.662284
0.651881
0.668449
0.639973
0.674558
0.689182
0.689182
