0.006000
0.021999
0.022662
0.022033
0.022504
0.022000
0.020506
0.021506
0.021000
0.000000
0.021245
0.020628
0.020507
0.022000
0.021506
0.022002
0.022603
0.023000
0.022002
0.000000
0.025002
0.022009
0.022000
0.022504
0.022006
0.021128
0.021394
0.043504
0.043008
0.000000
0.043505
0.043430
0.042008
0.027026
0.027505
0.043504
0.043008
0.044505
0.043010
0.000000
0.043506
0.041017
0.030998
0.043506
0.043010
0.041504
0.044009
0.029504
0.020000
0.001000
0.020010
0.020000
0.021000
0.021002
0.026505
0.021000
0.020505
0.021000
0.021002
0.000000
0.021008
0.020000
0.020504
0.021000
0.022010
0.019999
0.022510
0.023000
0.022010
0.000000
0.022001
0.022504
0.025001
0.021510
0.034509
0.029504
0.024003
0.024010
0.022000
0.000000
0.022000
0.026010
0.042504
0.021000
0.020003
0.022010
0.022000
0.021504
0.023003
0.000000
0.021008
0.020649
0.036257
0.022508
0.022000
0.020502
0.021000
0.021003
0.043009
0.000000
0.042504
0.043008
0.025504
0.022001
0.021510
0.020992
0.021504
0.025002
0.024017
0.000000
0.022001
0.044969
0.043519
0.029010
0.021004
0.027663
0.042505
0.042504
0.042999
0.000000
0.043506
0.042008
0.041504
0.042008
0.025504
0.022000
0.041008
0.021000
0.022504
0.000000
0.043010
0.042504
0.042507
0.042505
0.043009
0.041505
0.042002
0.043008
0.042504
0.000000
0.042008
0.044506
0.042008
0.029504
0.031000
0.022010
0.022000
0.020504
0.023000
0.000000
0.024009
0.045505
0.022999
0.023017
0.046504
0.021000
0.020506
0.041505
0.042506
0.000000
0.042009
0.042506
0.043008
0.023504
0.022000
0.022838
0.022000
0.022502
0.023000
0.000000
0.021008
0.022000
0.020504
0.041003
0.043000
0.025002
0.022506
0.022002
0.023054
0.000000
0.021914
0.043515
0.023545
0.023009
0.022002
0.021012
0.023000
0.044003
0.044008
0.000000
0.044004
0.043008
0.042504
0.043507
0.043504
0.044012
0.043504
0.043010
0.037732
0.000000
0.022003
0.020494
0.020505
0.023000
0.023505
0.022002
0.022505
0.021000
0.023002
0.000000
0.022503
0.035506
0.022510
0.024001
0.023010
0.021998
0.022504
0.022000
0.023011
0.000000
0.021999
0.021504
0.032999
0.045010
0.032503
0.023002
0.043506
0.043507
0.032011
0.000000
0.022504
0.022000
0.022505
0.023000
0.020999
0.022505
0.022002
0.022010
0.022000
0.001000
0.020506
0.023002
0.021010
0.022000
0.022506
0.043007
0.022000
0.021506
0.033002
0.000000
0.044507
0.042506
0.044506
0.043496
0.045378
0.043831
0.020554
0.029507
0.043595
0.000000
0.044008
0.050504
0.043008
0.043504
0.043009
0.043505
0.043508
0.040504
0.044010
0.001000
0.034510
0.023000
0.023002
0.022008
0.032000
0.029001
0.022506
0.023000
0.022505
0.000999
0.022001
0.023008
0.022000
0.022504
0.019001
0.021507
0.022002
0.022000
0.022002
0.000000
0.022508
0.023000
0.022504
0.023000
0.042010
0.043504
0.044011
0.043504
0.025002
0.000000
0.029504
0.042504
0.043010
0.042504
0.026002
0.020008
0.040500
0.031002
0.023506
0.000000
0.022000
0.022504
0.024003
0.027011
0.021502
0.023001
0.022003
0.023009
0.023000
0.000000
0.024504
0.024002
0.023010
0.022997
0.023505
0.022002
0.022505
0.026505
0.021999
0.000000
0.028547
0.023237
0.021504
0.026046
0.042018
0.021503
0.021000
0.021507
0.021002
0.000000
0.023512
0.022001
0.032601
0.043552
0.023002
0.023027
0.022001
0.023834
0.023281
0.000000
0.026008
0.022000
0.021504
0.035411
0.044752
0.043506
0.044009
0.045029
0.038008
0.000000
0.024000
0.023505
0.047068
0.026505
0.022000
0.023012
0.024000
0.023507
0.023001
0.000000
0.051127
0.048002
0.043008
0.043505
0.032809
0.026000
0.034004
0.027014
0.023000
0.000000
0.022506
0.023002
0.022008
0.023000
0.022505
0.031003
0.023012
0.023992
0.023507
0.000000
0.022506
0.043006
0.043002
0.043008
0.043504
0.043010
0.044504
0.043009
0.040505
0.000000
0.023005
0.045008
0.026507
0.023823
0.023335
0.025000
0.024050
0.026504
0.025506
0.000000
0.023002
0.024004
0.020510
0.022001
0.021507
0.044505
0.043506
0.025000
0.024505
0.000000
0.023003
0.023000
0.027506
0.022015
0.023000
0.034504
0.024002
0.022009
0.023000
0.000000
0.025000
0.024511
0.023513
0.022623
0.023204
0.044011
0.043504
0.024000
0.022009
0.000000
0.022502
0.023000
0.044010
0.043505
0.043013
0.043504
0.031000
0.022008
0.023000
0.000000
0.022506
0.023001
0.021022
0.022001
0.021510
0.024000
0.024010
0.023001
0.022506
0.000000
0.023001
0.027014
0.023002
0.022005
0.020999
0.021008
0.020000
0.040504
0.046012
0.000000
0.041504
0.022502
0.044009
0.046002
0.050504
0.042506
0.043007
0.022508
0.023999
0.000000
0.023010
0.022000
0.023003
0.033352
0.044039
0.043009
0.044008
0.043504
0.028009
0.000000
0.021502
0.020992
0.022002
0.021011
0.022001
0.021508
0.023001
0.023011
0.022000
0.000000
0.022504
0.021000
0.023009
0.022000
0.022504
0.023000
0.022506
0.024000
0.030505
0.000000
0.039010
0.043504
0.042504
0.039506
0.023004
0.022506
0.022149
0.022000
0.039505
0.000000
0.023022
0.023001
0.029508
0.031505
0.022506
0.022000
0.022505
0.030508
0.023000
0.000000
0.023503
0.023000
0.023012
0.022000
0.022504
0.021999
0.023006
0.022001
0.020999
0.001002
0.020000
0.021504
0.021000
0.021000
0.021002
0.021000
0.021010
0.021000
0.020504
0.000000
0.023000
0.023011
0.021999
0.022503
0.022000
0.022504
0.021000
0.021504
0.022000
0.000000
0.022762
0.022992
0.022505
0.022000
0.023008
0.018999
0.043505
0.024008
0.022506
0.000000
0.023514
0.021645
0.033011
0.032544
0.023002
0.023010
0.022503
0.023000
0.022504
0.000000
0.022002
0.022009
0.023000
0.021505
0.021000
0.021009
0.022000
0.021505
0.023000
0.000000
0.023009
0.043504
0.043010
0.043504
0.038000
0.040012
0.038503
0.021503
0.022504
0.000000
0.022000
0.021506
0.022002
0.021009
0.021000
0.021504
0.022000
0.021008
0.022000
0.000000
0.021506
0.040008
0.023000
0.022505
0.023000
0.023012
0.021000
0.020502
0.022000
0.000000
0.022504
0.020505
0.019504
0.022000
0.022504
0.022504
0.022000
0.022504
0.021002
0.000000
0.029008
0.022000
0.020003
0.022992
0.024009
0.022000
0.022000
0.022502
0.022504
0.000000
0.028504
0.044002
0.025013
0.021000
0.021002
0.021004
0.023016
0.045504
0.024503
0.000000
0.022505
0.022000
0.022505
0.022002
0.022008
0.023000
0.021506
0.029503
0.022505
0.000000
0.029429
0.021517
0.022008
0.021530
0.022506
0.023504
0.023010
0.022000
0.035504
0.000000
0.042007
0.025500
0.048504
0.044504
0.042506
0.024008
0.022000
0.021504
0.019000
0.000000
0.021008
0.021000
0.022504
0.022000
0.022008
0.022000
0.021502
0.023001
0.023012
0.000000
0.023002
0.022508
0.023000
0.022009
0.024000
0.044504
0.023005
0.023000
0.022000
0.000000
0.023000
0.023010
0.022000
0.022504
0.043503
0.043506
0.022000
0.021504
0.021504
0.000000
0.021504
0.021000
0.022002
0.025504
0.024002
0.027506
0.022002
0.021505
0.022000
0.001002
0.022000
0.021504
0.022991
0.021616
0.022000
0.024002
0.023008
0.023000
0.023240
0.000000
0.023504
0.046009
0.044002
0.036793
0.025501
0.023000
0.023016
0.022002
0.022944
0.000521
0.023244
0.023016
0.023001
0.021512
0.022002
0.022705
0.024088
0.022350
0.021002
0.000000
0.029055
0.022504
0.025505
0.022511
0.022510
0.023085
0.022311
0.023009
0.043005
0.000000
0.041504
0.044758
0.026505
0.022000
0.022508
0.022000
0.021504
0.024000
0.023010
0.000000
0.036505
0.048503
0.043505
0.044504
0.042505
0.042504
0.023008
0.021000
0.021504
0.000000
0.025000
0.023010
0.022000
0.024505
0.041008
0.043504
0.023001
0.022010
0.029999
0.000000
0.019504
0.025000
0.022009
0.022000
0.031506
0.044008
0.042504
0.042010
0.042504
0.000000
0.042504
0.023000
0.020504
0.021000
0.035008
0.031000
0.022503
0.023002
0.024012
0.000000
0.022000
0.022505
0.022002
0.021013
0.018998
0.021507
0.023001
0.023010
0.028002
0.000000
0.022029
0.023132
0.028008
0.027510
0.023000
0.022125
0.023123
0.023507
0.022509
0.000000
0.022006
0.022504
0.020000
0.030999
0.020010
0.041504
0.043503
0.045008
0.027000
0.000000
0.021504
0.023505
0.023000
0.021002
0.021002
0.021504
0.032505
0.042504
0.041503
0.000000
0.043505
0.042504
0.026503
0.025005
0.022506
0.022510
0.026999
0.022504
0.020506
0.001000
0.019504
0.020000
0.029001
0.043002
0.024505
0.022002
0.033506
0.042504
0.043008
0.000000
0.042506
0.042506
0.040503
0.025000
0.019008
0.022000
0.022503
0.028000
0.024015
0.000000
0.024508
0.044505
0.042504
0.019504
0.019999
0.021010
0.042503
0.043503
0.044009
0.001000
0.045504
0.042504
0.043504
0.043009
0.042505
0.024006
0.022000
0.022504
0.022377
0.000000
0.035905
0.043041
0.042514
0.023000
0.022504
0.021000
0.021008
0.022001
0.020504
0.000000
0.021002
0.021003
0.021507
0.021000
0.049006
0.042506
0.044002
0.043008
0.042506
0.000000
0.042010
0.042504
0.042010
0.042504
0.042007
0.043504
0.043004
0.022000
0.024512
0.000000
0.042505
0.043763
0.042000
0.043504
0.043000
0.043014
0.042504
0.034008
0.020000
0.000000
0.020504
0.022000
0.022008
0.021000
0.020504
0.020999
0.029020
0.023001
0.023510
0.000000
0.043007
0.042504
0.042504
0.042008
0.037000
0.044013
0.040503
0.021504
0.022509
0.000000
0.022509
0.022000
0.022503
0.021503
0.023000
0.022504
0.021002
0.022008
0.023000
0.000000
0.040807
0.043030
0.042554
0.042007
0.042503
0.045010
0.042503
0.043007
0.035504
0.000000
0.021000
0.020504
0.020504
0.020000
0.041504
0.042011
0.021513
0.022002
0.021513
0.000000
0.022509
0.021511
0.022001
0.022510
0.020513
0.022002
0.021508
0.020998
0.020008
0.000000
0.021000
0.021504
0.027000
0.043506
0.042002
0.044010
0.042504
0.043008
0.043504
0.000000
0.027503
0.023504
0.047504
0.022004
0.021009
0.024000
0.044002
0.043008
0.042505
0.000000
0.043009
0.042506
0.044010
0.042503
0.045007
0.020000
0.045504
0.049516
0.051003
0.000000
0.033008
0.027503
0.028000
0.028012
0.027504
0.047505
0.029505
0.028417
0.025002
0.000000
0.022062
0.021000
0.026008
0.021001
0.022008
0.031504
0.021000
0.021003
0.044010
0.000000
0.042504
0.043008
0.027504
0.021000
0.021010
0.021001
0.020504
0.021000
0.020503
0.000000
0.021000
0.021504
0.021000
0.024479
0.043873
0.023000
0.027504
0.021505
0.022370
0.000000
0.044727
0.030505
0.021503
0.023000
0.022901
0.021711
0.022504
0.023000
0.045011
0.000000
0.041188
0.038008
0.032504
0.022000
0.021406
0.038008
0.025001
0.022001
0.021008
0.000000
0.020999
0.020504
0.021000
0.021007
0.020000
0.021504
0.020645
0.020504
0.022512
0.000000
0.023000
0.028507
0.024752
0.022000
0.030504
0.022000
0.022008
0.026000
0.025002
0.000000
0.021504
0.022505
0.022000
0.022503
0.021000
0.022006
0.021000
0.037504
0.045008
0.001000
0.043504
0.043826
0.027039
0.021511
0.023062
0.021009
0.022504
0.022504
