0.005999
0.023504
0.044505
0.025506
0.021315
0.022000
0.022505
0.022002
0.021506
0.000000
0.021000
0.021000
0.044015
0.026504
0.024000
0.040506
0.041506
0.042506
0.041320
0.000000
0.041505
0.037506
0.020504
0.020000
0.020504
0.022006
0.020008
0.020000
0.019841
0.000000
0.020000
0.020001
0.020505
0.022000
0.020000
0.019504
0.021003
0.021065
0.029610
0.000000
0.042554
0.041065
0.044008
0.043015
0.042505
0.042009
0.025002
0.022502
0.021001
0.000000
0.019504
0.020003
0.020999
0.020504
0.020000
0.019508
0.019505
0.018999
0.019504
0.000000
0.020002
0.020005
0.020003
0.020000
0.021504
0.024002
0.021505
0.021000
0.021504
0.000000
0.020999
0.020506
0.021505
0.019999
0.019508
0.035503
0.041505
0.041503
0.041006
0.000000
0.041503
0.042011
0.043001
0.042008
0.042508
0.041508
0.042006
0.042504
0.034509
0.000000
0.020505
0.018000
0.017503
0.020002
0.021008
0.021000
0.021000
0.021504
0.024002
0.000000
0.042150
0.042506
0.042010
0.022979
0.019770
0.020004
0.020008
0.020000
0.019000
0.001502
0.019002
0.021004
0.021012
0.021000
0.021512
0.018996
0.021021
0.020998
0.021000
0.000000
0.025504
0.021003
0.022008
0.020999
0.021508
0.022001
0.022311
0.020125
0.020504
0.000000
0.021034
0.021002
0.021515
0.021000
