0.010000
0.030505
0.021504
0.021508
0.025000
0.043009
0.042504
0.043506
0.034008
0.000000
0.020000
0.021000
0.028505
0.046647
0.037505
0.018030
0.020999
0.020504
0.021000
0.000000
0.021506
0.020504
0.019504
0.021001
0.019506
0.022001
0.020504
0.021504
0.042000
0.000000
0.043010
0.041504
0.036011
0.029504
0.021000
0.019503
0.020002
0.021005
0.021002
0.000000
0.022000
0.022504
0.021505
0.021502
0.022002
0.022000
0.020506
0.020504
0.020505
0.000000
0.021000
0.021504
0.021505
0.022000
0.021504
0.021000
0.020505
0.020504
0.021504
0.000000
0.020999
0.037506
0.042011
0.042504
0.042506
0.037214
0.043659
0.042057
0.042012
0.000000
0.043008
0.044000
0.043010
0.041504
0.042012
0.043504
0.043505
0.042008
0.042000
0.000000
0.042011
0.045504
0.021505
0.021504
0.021504
0.020999
0.020505
0.021503
0.022506
0.000000
0.021000
0.022000
0.021506
0.021503
0.020504
0.021000
0.021000
0.020508
0.019507
0.000000
0.020505
0.019999
0.019505
0.019002
0.019506
0.021000
0.020000
0.019503
0.019506
0.000000
0.020000
0.020505
0.020000
0.020505
0.020504
0.020504
0.020000
0.019000
0.022506
0.000000
0.023504
0.022504
0.038000
0.042010
0.041503
0.030506
0.021504
0.021504
0.021001
0.000000
0.023505
0.026512
0.042504
0.041506
0.042007
0.041505
0.043010
0.042000
0.025506
0.000000
0.022505
0.020503
0.021999
0.021503
0.021506
0.020502
0.021001
0.038504
0.020506
0.000000
0.021504
0.034154
0.042009
0.042031
0.042009
0.043010
0.044505
0.043506
0.042504
0.000000
0.022509
0.022506
0.025502
0.022000
0.022505
0.022506
0.021504
0.022000
0.022000
0.000000
0.025506
0.031088
0.021986
0.021504
0.020002
0.020503
0.020504
0.020000
0.020491
0.000000
0.021141
0.021000
0.021504
0.021000
0.021506
0.022505
0.023007
0.031395
0.021067
0.000000
0.041012
0.045001
0.022649
0.022132
0.022509
0.021000
0.031506
0.022504
0.020505
0.000000
0.023141
0.022508
0.032508
0.022505
0.020999
0.021512
0.019498
0.028504
0.025000
0.001000
0.020504
0.020504
0.021003
0.020504
0.021001
0.022510
0.021507
0.028264
0.040506
0.001000
0.029506
0.022504
0.022000
0.021000
0.022506
0.044011
0.042504
0.037012
0.043000
0.000000
0.042010
0.030508
0.033000
0.039013
0.041503
0.019504
0.021003
0.022451
0.046780
0.000000
0.042539
0.038010
0.029504
0.035507
0.042504
0.043505
0.043007
0.043504
0.045007
0.000000
0.041504
0.043010
0.022002
0.033998
0.022507
0.021506
0.019504
0.020000
0.019504
0.000000
0.021508
0.021505
0.042503
0.041506
0.042504
0.042506
0.043008
0.042504
0.039008
0.000000
0.031999
0.027514
0.024507
0.040503
0.042506
0.043008
0.043504
0.042505
0.042506
0.001000
0.042628
0.042504
0.041506
0.020504
0.021002
0.021000
0.021504
0.021508
0.019000
0.000000
0.021506
0.021000
0.020507
0.021503
0.046505
0.043594
0.040507
0.021000
0.020504
0.000000
0.020505
0.020744
0.042002
0.025506
0.021503
0.021504
0.021000
0.030506
0.042008
0.000000
0.037000
0.025499
0.041616
0.042694
0.043511
0.042505
0.043506
0.041504
0.042011
0.000000
0.026504
0.021000
0.020504
0.022002
0.022008
0.022000
0.038505
0.042509
0.041506
0.000000
0.038009
0.026507
0.020999
0.020504
0.021002
0.021009
0.018000
0.020000
0.020504
0.000000
0.024506
0.041503
0.042507
0.042008
0.042000
0.042010
0.042503
0.042010
0.027504
0.000000
0.046505
0.040604
0.030109
0.037506
0.021504
0.020504
0.021000
0.020505
0.022003
0.000000
0.023556
0.021999
0.020502
0.021005
0.019504
0.021504
0.021000
0.021000
0.021506
0.000000
0.043007
0.042504
0.024508
0.021999
0.019506
0.020999
0.020504
0.021504
0.021504
0.001000
0.021000
0.021504
0.022506
0.021503
0.021000
0.021000
0.020505
0.019504
0.020504
0.000000
0.020000
0.019000
0.021506
0.020504
0.021503
0.033962
0.042226
0.038297
0.021007
0.000000
0.021514
0.022252
0.021503
0.021000
0.024506
0.042008
0.041505
0.042505
0.039504
0.000000
0.022504
0.022003
0.022009
0.022000
0.020999
0.021507
0.021504
0.021504
0.020000
0.000000
0.021000
0.021506
0.021505
0.021503
0.021000
0.021504
0.023506
0.021504
0.021000
0.000000
0.021504
0.022002
0.021007
0.020998
0.022000
