1.000000
0.620265
0.706666
0.623108
0.672381
0.568386
0.611215
0.631996
0.610959
0.610959
0.662376
0.498600
0.623311
0.621621
0.558260
0.547816
0.488906
0.610257
0.707838
0.707838
0.667393
0.674616
0.621047
0.632194
0.510628
0.531560
0.592541
0.603137
0.622484
0.622484
0.556497
0.552748
0.479913
0.438522
0.496042
0.517934
0.550380
0.592069
0.639082
0.639082
0.581601
0.371246
0.383635
0.395038
0.534420
0.519155
0.451105
0.534796
0.493519
0.493519
0.431461
0.357742
0.451854
0.638507
0.650908
0.695181
0.720047
0.706539
0.713176
0.713176
0.675085
0.697437
0.643015
0.554059
0.646387
0.678085
0.641961
0.732593
0.696347
0.696347
0.534943
0.677938
0.558489
0.569652
0.563206
0.582212
0.672822
0.611561
0.658037
0.658037
0.551320
0.561673
0.585516
0.608455
0.631593
0.637349
0.583999
0.482315
0.589092
0.589092
0.636985
0.580159
0.652779
0.665440
0.696979
0.726466
0.706473
0.702891
0.681809
0.681809
0.659559
0.638102
0.680120
0.677346
0.661042
0.655344
0.587160
0.619941
0.644077
0.644077
0.651161
0.640761
0.665527
0.694729
0.661651
0.723979
0.698815
0.684101
0.608559
0.608559
0.572376
0.688409
0.643146
0.717525
0.705563
0.750884
0.739366
0.735752
0.675803
0.675803
0.639461
0.630409
0.603607
0.603450
0.655092
0.655026
0.649875
0.684417
0.669104
0.669104
0.539823
0.650532
0.667647
0.636770
0.633972
0.618702
0.656676
0.676966
0.704057
0.704057
0.621708
0.615551
0.597979
0.635052
0.594251
0.545829
0.471132
0.497633
0.533516
0.533516
0.575449
0.520843
0.507315
0.619903
0.482184
0.445596
0.463784
0.543535
0.548136
0.548136
0.605755
0.598899
0.591964
0.511796
0.531276
0.520487
0.510437
0.497189
0.498885
0.498885
0.666018
0.573055
0.519977
0.403463
0.543372
0.565200
0.523905
0.543367
0.507499
0.507499
0.558922
0.578178
0.668995
0.756981
0.756456
0.730291
0.700039
0.702639
0.691283
0.691283
0.589819
0.600989
0.630968
0.608461
0.694909
0.699355
0.745210
0.725286
0.721620
0.721620
0.617976
0.644298
0.636582
0.652636
0.675007
0.670316
0.714846
0.755376
0.731436
0.731436
0.720095
0.713759
0.646348
0.734471
0.738812
0.722722
0.733495
0.725633
0.721415
0.721415
0.701558
0.743994
0.714091
0.642332
0.740429
0.667340
0.701402
0.721038
0.718505
0.718505
0.763379
0.756712
0.740082
0.642946
0.720329
0.593320
0.759207
0.723165
0.704069
0.704069
0.621860
0.700777
0.658347
0.573730
0.589328
0.534977
0.486645
0.540774
0.574192
0.574192
0.465277
0.490663
0.475479
0.443084
0.556174
0.569838
0.500522
0.564096
0.651710
0.651710
0.512615
0.622904
0.684261
0.620164
0.696680
0.707074
0.694338
0.623358
0.664520
0.664520
0.522938
0.696831
0.669791
0.651833
0.691623
0.629230
0.673559
0.656646
0.698746
0.698746
0.503435
0.617983
0.702503
0.731499
0.644203
0.733143
0.774716
0.719734
0.684094
0.684094
0.663246
0.644868
0.700372
0.704749
0.721334
0.626711
0.628834
0.674478
0.668774
0.668774
0.644143
0.566261
0.518235
0.576150
0.674273
0.679164
0.621258
0.525412
0.391132
0.391132
0.488587
0.540681
0.533770
0.610060
0.626537
0.602977
0.661698
0.566767
0.654452
0.654452
0.567003
0.521564
0.563185
0.601104
0.645936
0.574607
0.559968
0.595208
0.561280
0.561280
0.500632
0.605650
0.552638
0.568379
0.587148
0.687753
0.643819
0.607608
0.515005
0.515005
0.546565
0.700859
0.709968
0.666571
0.663877
0.660179
0.645079
0.631866
0.526169
0.526169
0.609839
0.590579
0.666086
0.664818
0.673165
0.662352
0.640958
0.641065
0.719369
0.719369
0.703403
0.719403
0.722289
0.734032
0.701420
0.684151
0.625753
0.608162
0.569935
0.569935
0.620922
0.599546
0.624481
0.631941
0.668978
0.634450
0.559217
0.582390
0.508420
0.508420
0.601147
0.601996
0.507637
0.477529
0.505040
0.513610
0.590762
0.724058
0.702053
0.702053
0.676839
0.704664
0.722648
0.706640
0.708671
0.713740
0.672323
0.699810
0.734050
0.734050
0.566120
0.637670
0.670397
0.662648
0.671537
0.611311
0.650662
0.662091
0.703207
0.703207
0.596601
0.610670
0.608418
0.681103
0.651096
0.621558
0.608594
0.635903
0.567652
0.567652
0.564434
0.559286
0.490570
0.529994
0.535342
0.510784
0.573972
0.496223
0.520112
0.520112
0.504829
0.591564
0.578824
0.703410
0.743132
0.690576
0.701248
0.702165
0.698828
0.698828
0.701450
0.717372
0.709652
0.696758
0.711554
0.726730
0.664546
0.658797
0.678487
0.678487
0.688526
0.669520
0.669811
0.702789
0.710243
0.737797
0.758862
0.735480
0.749763
0.749763
0.675072
0.683284
0.684441
