1.000000
0.782006
0.835479
0.791630
0.804407
0.818348
0.769354
0.730277
0.750620
0.750620
0.751998
0.780651
0.775568
0.745815
0.741460
0.726351
0.728822
0.743381
0.777264
0.777264
0.756264
0.784472
0.787362
0.716011
0.795742
0.756740
0.758658
0.785886
0.718882
0.718882
0.803280
0.809791
0.803529
0.798965
0.772467
0.753966
0.781443
0.773876
0.748659
0.748659
0.745320
0.800004
0.686040
0.789133
0.793950
0.802642
0.791084
0.768120
0.770066
0.770066
0.625729
0.783917
0.806221
0.800615
0.676365
0.692795
0.811640
0.789312
0.776963
0.776963
0.763071
0.709439
0.743661
0.673850
0.769231
0.735325
0.790483
0.781079
0.709359
0.709359
0.751759
0.755580
0.808385
0.797689
0.738619
0.704862
0.717433
0.762254
0.814343
0.814343
0.663947
0.830397
0.745329
0.792881
0.773867
0.765162
0.795508
0.735519
0.709124
0.709124
0.620545
0.807836
0.703871
0.808032
0.716132
0.663608
0.748221
0.815114
0.804077
0.804077
0.747226
0.725102
0.766006
0.739372
0.729864
0.812935
0.750591
0.779630
0.758458
0.758458
0.702594
0.756885
0.788189
0.764379
0.670616
0.784897
0.793478
0.768000
0.765519
0.765519
0.733462
0.791220
0.804160
0.810228
0.807068
0.808741
0.773293
0.696733
0.669275
0.669275
0.751365
0.816004
0.807931
0.758995
0.778339
0.741217
0.787097
0.780777
0.747144
0.747144
0.704582
0.793758
0.754370
0.777482
0.713985
0.764798
0.741652
0.648166
0.654879
0.654879
0.705963
0.770208
0.768846
0.733687
0.652364
0.715119
0.791513
0.750965
0.780286
0.780286
0.717062
0.800823
0.776493
0.777493
0.776531
0.736913
0.710568
0.732535
0.772961
0.772961
0.667999
0.791153
0.721399
0.669021
0.775558
0.755024
0.769223
0.772349
0.786364
0.786364
0.633200
0.729363
0.787539
0.758253
0.777027
0.736358
0.778781
0.758416
0.783353
0.783353
0.682920
0.694662
0.710203
0.741814
0.735919
0.778461
0.754696
0.777349
0.748515
0.748515
0.750635
0.796291
0.763622
0.794496
0.783349
0.758515
0.693650
0.610247
0.813429
0.813429
0.663997
0.818002
0.791255
0.737725
0.788580
0.781899
0.763723
0.726694
0.709776
0.709776
0.752064
0.778225
0.740383
0.587869
0.685597
0.678699
0.640104
0.799019
0.804508
0.804508
0.749275
0.767542
0.767956
0.636573
0.629635
0.789705
0.753997
0.693768
0.741179
0.741179
0.660333
0.788931
0.749558
0.739538
0.704087
0.673571
0.672486
0.771996
0.770661
0.770661
0.679528
0.730466
0.703515
0.805077
0.765168
0.732260
0.740348
0.734334
0.670236
0.670236
0.687762
0.773456
0.747651
0.734753
0.692063
0.657509
0.667868
0.674664
0.690510
0.690510
0.554337
0.803657
0.745954
0.767321
0.739018
0.752968
0.716465
0.720775
0.711096
0.711096
0.732049
0.781431
0.765818
0.754338
0.665215
0.629421
0.654305
0.695491
0.753301
0.753301
0.639490
0.688113
0.752962
0.763325
0.758723
0.765962
0.736282
0.698286
0.714575
0.714575
0.575846
0.740340
0.718014
0.730245
0.675772
0.713487
0.782100
0.772726
0.777873
0.777873
0.654983
0.686042
0.696087
0.704289
0.712214
0.721212
0.763596
0.774893
0.774763
0.774763
0.732794
0.721604
0.691839
0.791883
0.700021
0.745655
0.760449
0.751166
0.788776
0.788776
0.633843
0.718216
0.757846
0.785219
0.760159
0.771787
0.755080
0.757188
0.680190
0.680190
0.640394
0.814566
0.790918
0.809687
0.823543
0.806765
0.784138
0.813605
0.701559
0.701559
0.642425
0.672664
0.777989
0.764099
0.772502
0.806475
0.777941
0.756202
0.717437
0.717437
0.705639
0.730992
0.745831
0.751478
0.784352
0.732435
0.654426
0.759347
0.758105
0.758105
0.710083
0.795077
0.805119
0.772273
0.776721
0.787193
0.744198
0.724863
0.736570
0.736570
0.634147
0.749084
0.801811
0.751222
0.752131
0.732234
0.747466
0.750068
0.743076
0.743076
0.750612
0.707853
0.651715
0.701145
0.768405
0.717691
0.705861
0.800181
0.796966
0.796966
0.626769
0.777424
0.768553
0.736880
0.676949
0.773783
0.749546
0.792616
0.784477
0.784477
0.692048
0.728369
