1.117822
0.011029
0.009415
0.013588
0.009837
0.010509
0.012977
0.009057
0.008963
0.012714
0.010986
0.008382
0.009046
0.007036
0.007038
0.009291
0.010304
0.009030
0.011555
0.007027
0.006817
0.010003
0.012019
0.009521
0.063280
0.010212
0.009026
0.012571
0.011536
0.010026
0.014128
0.010587
0.009039
0.012582
0.012029
0.010302
0.011347
0.011455
0.010560
0.043307
0.012049
0.011532
0.016614
0.011336
0.011184
0.014371
0.011045
0.009500
0.020133
0.012967
0.011029
0.051512
0.011512
0.011432
0.015015
0.012059
0.007034
0.010023
0.007009
0.006030
0.015070
0.010583
0.010044
0.029481
0.008125
0.005001
0.010850
0.006515
0.010274
0.013976
0.007505
0.006239
0.010083
0.005543
0.005512
0.009529
0.006006
0.006536
0.070858
0.009020
0.009983
0.012989
0.010027
0.008544
0.012029
0.011564
0.011008
0.011578
0.009430
0.012568
0.031402
0.006002
0.005992
0.011018
0.009457
0.011038
0.013150
0.010509
0.011546
0.012120
0.008035
0.006011
0.042779
0.009039
0.017051
0.012022
0.006253
0.006008
0.010104
0.005518
0.007019
0.009615
0.005513
0.006002
0.009512
0.007036
0.005644
0.028158
0.008028
0.006002
0.011553
0.010033
0.009080
0.011514
0.005712
0.006505
0.012967
0.010589
0.010351
0.037867
0.009514
0.012144
0.011324
0.009065
0.009517
0.012222
0.011624
0.009031
0.011507
0.010022
0.009002
0.012043
0.008528
0.012072
0.016539
0.010022
0.010020
0.014710
0.010509
0.011027
0.052510
0.014052
0.010031
0.011429
0.009553
0.009018
0.010027
0.006008
0.006032
0.009036
0.010063
0.007059
0.029651
0.006078
0.005999
0.013613
0.011578
0.007067
0.009016
0.005078
0.009566
0.009035
0.006072
0.007028
0.049650
0.010924
0.006863
0.013151
0.011858
0.009785
0.011499
0.006019
0.007594
0.010045
0.007550
0.007035
0.031544
0.009218
0.005510
0.014072
0.009186
0.010511
0.011426
0.009018
0.006507
0.012033
0.005708
0.006157
0.030078
0.008025
0.004922
0.011406
0.011183
0.011186
0.012197
0.007035
0.007504
0.013096
0.010929
0.010521
0.055173
0.009073
0.008638
0.011364
0.005894
0.010512
0.011057
0.016052
0.015025
0.015543
0.008529
0.007116
0.047810
0.008020
0.011357
0.013551
0.007028
0.007038
0.013556
0.011066
0.012021
0.009541
0.007037
0.005514
0.011089
0.007040
0.009512
0.011036
0.009552
0.010027
0.043922
0.006000
0.008006
0.012064
0.006027
0.006262
0.029644
0.009553
0.011579
0.010147
0.006012
0.012041
0.010871
0.011631
0.009609
0.037764
0.006455
0.007505
0.012427
0.010554
0.011550
0.012544
0.011091
0.010032
0.012531
0.009008
0.010508
0.011717
0.009026
0.010566
0.012032
0.010095
0.010033
0.012773
0.006665
0.006020
0.051065
0.015051
0.012043
0.012036
0.007555
0.005514
0.014038
0.009103
0.008081
0.013523
0.010910
0.009020
0.012587
0.007008
0.009027
0.011122
0.011562
0.011076
0.011969
0.006007
0.006869
0.009569
0.005018
0.008025
0.029644
0.005999
0.007027
0.011043
0.005556
0.006509
0.010631
0.011687
0.009197
0.011521
0.006043
0.007181
0.059463
0.009569
0.009049
0.014050
0.009510
0.007072
0.009010
0.006030
0.005922
0.009088
0.005998
0.005601
0.049256
0.009945
0.011551
0.013033
0.010991
0.010561
0.012180
0.012190
0.009024
0.011940
0.008521
0.007050
0.011040
0.007030
0.006082
0.047168
0.011700
0.011341
0.013514
0.008031
0.008028
0.010557
0.007519
0.009619
0.014637
0.010033
0.012015
0.012074
0.009517
0.011519
0.049535
0.011070
0.009799
0.010513
0.006368
0.009032
0.014544
0.011115
0.009039
0.014027
0.009325
0.009005
0.038247
0.006068
0.006515
0.012498
0.009512
0.006031
0.014310
0.011026
0.012021
0.012544
0.011508
0.013543
0.013045
0.010571
0.011003
0.046940
0.012118
0.006051
0.012520
0.006030
0.006026
0.012475
0.012031
0.012946
0.012511
0.010030
0.012068
0.060944
0.011524
0.011029
0.014042
0.010027
0.009029
0.011027
0.011027
0.012899
0.015028
0.010391
0.007056
0.017035
0.006492
0.005999
0.030214
0.012627
0.013024
0.015062
0.006009
0.010922
0.011541
0.009531
0.011323
0.013547
0.010995
0.012028
0.031687
0.007154
0.006113
0.013512
0.009008
0.009007
0.012239
0.009029
0.009644
0.012051
0.009675
0.009553
0.012029
0.009027
0.005514
0.047649
0.010044
0.009682
0.013086
0.009024
0.007528
0.013535
0.013032
0.011030
0.011031
0.005634
0.006034
0.009033
0.011032
0.009525
0.032336
0.006521
0.006092
0.012765
0.010545
0.009018
0.011597
0.010942
0.009020
0.012016
0.007520
0.005418
0.009598
0.006034
0.007125
0.030277
0.006050
0.007025
0.011019
0.006536
0.007619
0.012846
0.007060
0.007953
0.012487
0.005007
0.006603
0.030816
0.007019
0.005008
0.015939
0.011023
0.016582
0.017132
0.005002
0.007175
0.014648
0.008560
0.009666
0.012062
0.011849
0.010025
0.051788
0.010016
0.010107
0.013574
0.009028
0.010026
0.012565
0.011530
0.009116
0.015043
0.008049
0.004975
0.044454
0.010470
0.009654
0.012572
0.009570
0.010017
0.014076
0.009515
0.010038
0.021167
0.008486
0.006046
0.049136
0.010050
0.011156
0.012542
0.010029
0.010632
0.014114
0.011972
0.009006
0.012035
0.009928
0.009104
0.041119
0.005927
0.005999
0.012047
0.009033
0.011010
0.010114
0.005015
0.006780
0.010031
0.006079
0.006032
0.039235
0.008025
0.006040
0.011029
0.006093
0.006000
0.010039
0.006018
0.007029
0.013032
0.006048
0.009019
0.008658
0.005591
0.010037
0.037663
0.007000
0.006669
0.016568
0.010451
0.009533
0.012114
0.008006
0.009514
0.013946
0.010031
0.010036
0.050293
0.011129
0.009059
0.012386
0.009518
0.009030
0.009036
0.005947
0.006512
0.010621
0.005512
0.005641
0.031697
0.011047
0.011065
0.013056
0.005265
0.007603
0.010560
0.010550
0.009990
0.011126
0.009345
0.009512
0.033210
0.006568
0.007027
0.010025
0.009763
0.007025
0.009566
0.005114
0.006001
0.008512
0.005026
0.006973
0.010861
0.005514
0.006999
0.030099
0.006057
0.006016
0.014565
0.010926
0.009023
0.013027
0.009535
0.006556
0.010017
0.005045
0.006002
0.051968
0.010020
0.012447
0.012531
0.009515
0.011557
0.014026
0.010000
0.009520
0.011073
0.011057
0.009087
0.012317
0.010599
0.011049
0.034415
0.005545
0.006500
0.011372
0.007012
0.006065
0.010049
0.005042
0.006018
0.009550
0.007022
0.005999
0.008031
0.006031
0.006024
0.013955
0.010031
0.010030
0.013088
0.008008
0.006535
0.036124
0.006028
0.006006
0.010033
0.006031
0.006017
0.012983
0.009356
0.010035
0.011539
0.010752
0.008677
0.009065
0.005003
0.006006
0.010138
0.008018
0.011027
0.011535
0.011022
0.009088
0.013201
0.009522
0.012043
0.039978
0.011454
0.009512
0.012060
0.005999
0.007637
0.009559
0.010982
0.011158
0.013031
0.006538
0.005506
0.030024
0.006005
0.007080
0.024078
0.010261
0.011910
0.012777
0.011018
0.010798
0.011559
0.010552
0.009540
0.012209
0.009031
0.009536
0.049871
0.007039
0.005512
0.011010
0.010093
0.010457
0.011025
0.005992
0.009660
0.011547
0.011554
0.008520
0.012029
0.009031
0.006002
0.009894
0.006005
0.008513
0.013005
0.009034
0.011350
0.013049
0.015030
0.011528
0.033125
0.012434
0.007540
0.009398
0.007024
0.006792
0.010763
0.006000
0.007010
0.008512
0.007100
0.005438
0.029576
0.006001
0.006012
0.013714
0.010026
0.011204
0.010376
0.011028
0.009517
0.013117
0.009008
0.011020
0.047078
0.009101
0.009539
0.010680
0.005687
0.005581
0.009021
0.005000
0.005529
0.009572
0.010127
0.010527
0.048586
0.010022
0.009022
0.013016
0.009031
0.011626
0.012552
0.009028
0.009500
0.010514
0.007011
0.004997
0.029579
0.006541
0.006023
0.010638
0.006147
0.007000
0.009513
0.006522
0.005510
0.009048
0.006066
0.005565
0.010034
0.010046
0.010679
0.011042
0.009317
0.010219
0.011530
0.010509
0.011685
0.011671
0.012567
0.009027
0.020049
0.011020
0.010031
0.018057
0.011985
0.011537
0.013024
0.009557
0.005514
0.009520
0.005001
0.006568
0.008968
0.007018
0.007032
0.040358
0.007023
0.007166
0.010015
0.006507
0.006306
0.013539
0.009910
0.006020
0.014022
0.007001
0.010104
0.043638
0.012549
0.006516
0.013915
0.009116
0.010996
0.011039
0.010035
0.009035
0.019086
0.009532
0.012812
0.046972
0.007016
0.006218
0.009892
0.006275
0.006113
0.008520
0.006006
0.006044
0.012084
0.009020
0.009218
0.014058
0.009850
0.009572
0.048234
0.008363
0.009513
0.014826
0.011037
0.009571
0.013036
0.012098
0.012050
0.012028
0.021576
0.013681
0.014249
0.007045
0.011763
0.015416
0.011471
0.011065
0.012751
0.007514
0.006975
0.010012
0.007029
0.006574
0.030136
0.006838
0.014581
0.014119
0.011570
0.011050
0.012029
0.011035
0.009036
0.010039
0.008636
0.008518
0.048446
