0.007002
0.049520
0.027528
0.037536
0.046519
0.046505
0.021505
0.047008
0.023000
0.027010
0.000000
0.042511
0.040510
0.027000
0.048010
0.048505
0.048008
0.046506
0.024504
0.027999
0.035507
0.000000
0.037504
0.047014
0.046505
0.036518
0.027511
0.035509
0.026506
0.028507
0.026509
0.032013
0.000000
0.022002
0.047018
0.032000
0.046009
0.024514
0.046510
0.049505
0.046013
0.032510
0.021000
0.000000
0.025509
0.048102
0.025504
0.024968
0.043503
0.022114
0.026509
0.039503
0.023507
0.026566
0.000000
0.023000
0.023000
0.048615
0.028514
0.023520
0.047513
0.028506
0.046511
0.037020
0.024002
0.000000
0.049015
0.026998
0.045508
0.025507
0.047010
0.036504
0.028503
0.030009
0.046001
0.026386
0.000000
0.046507
0.021004
0.022866
0.044475
0.038505
0.024999
0.024506
0.047009
0.024503
0.029507
0.000000
0.030000
0.036506
0.045507
0.047012
0.039505
0.022507
0.042011
0.020003
0.024508
0.037008
0.000000
0.021006
0.027506
0.030508
0.047511
0.026505
0.044505
0.046012
0.024000
0.022034
0.046508
0.000000
0.046014
0.022508
0.041510
0.031020
0.050402
0.021975
0.023525
0.029515
0.047053
0.025001
0.000999
0.046010
0.021000
0.046010
0.021513
0.047513
0.035010
0.028504
0.032504
0.026504
0.041509
0.000000
0.020518
0.045762
0.044014
0.045505
0.026504
0.048509
0.046012
0.032001
0.045012
0.030507
0.001000
0.048010
0.025000
0.045510
0.040505
0.045725
0.044506
0.046016
0.030505
0.046509
0.023799
0.000000
0.045506
0.045517
0.035509
0.038508
0.047012
0.031509
0.045010
0.023508
0.045509
0.036010
0.000000
0.045581
0.031011
0.030501
0.027213
0.047011
0.046521
0.046500
0.027508
0.048000
0.039016
0.000000
0.049070
0.025509
0.048491
0.033012
0.047219
0.035014
0.024505
0.029504
0.048337
0.025830
0.001000
0.047642
0.023000
0.037508
0.031635
0.025000
0.045551
0.024506
0.046008
0.036504
0.047503
0.001000
0.022517
0.046506
0.043010
0.044507
0.045010
0.045573
0.021000
0.046505
0.050564
0.038503
0.000000
0.050010
0.042507
0.050504
0.042009
0.053007
0.049509
0.050511
0.031507
0.026000
0.041121
0.000000
0.047624
0.021074
0.042012
0.023999
0.047008
0.054510
0.045699
0.027504
0.047011
0.031503
0.000000
0.042013
0.020003
0.026517
0.046011
0.026000
0.047016
0.036503
0.047421
0.033999
0.046016
0.000000
0.029000
0.022011
0.026023
0.047502
0.022514
0.043503
0.024504
0.046016
0.033508
0.024511
0.000000
0.029509
0.046011
0.035506
0.029515
0.026020
0.050507
0.040020
0.045503
0.023516
0.046505
0.000000
0.024524
0.027510
0.033503
0.029509
0.024509
0.022501
0.022507
0.046504
0.041508
0.049506
0.001000
0.049634
0.027595
0.046028
0.021517
0.024507
0.023515
0.042507
0.028513
0.046010
0.020509
0.000000
0.022514
0.045507
0.035011
0.027503
0.046514
0.023025
0.045505
0.024508
0.022507
0.028312
0.000000
0.047011
0.043429
0.045617
0.029001
0.047012
0.024998
0.030970
0.023509
0.024000
0.034006
0.000000
0.045508
0.032512
0.045502
0.041507
0.045506
0.025503
0.047010
0.036508
0.027020
0.021004
0.000000
0.044014
0.024516
0.046509
0.035009
0.037505
0.022514
0.034508
0.046508
0.040768
0.046414
0.000000
0.037002
0.037506
0.046734
0.024509
0.045513
0.048011
0.037010
0.021999
0.024015
0.046509
0.000000
0.029512
0.024013
0.038000
0.033509
0.025505
0.024520
0.046015
0.031511
0.025012
0.029504
0.000000
0.026507
0.047017
0.031501
0.022005
0.033433
0.025505
0.027507
0.031504
0.031507
0.046013
0.000000
0.034505
0.029009
0.022000
0.029504
0.023505
0.030508
0.022505
0.046011
0.036503
0.042012
0.000000
0.046505
0.024446
0.046507
0.030509
0.034003
0.022510
0.031511
0.024000
0.032516
0.019544
0.001000
0.046507
0.032507
0.025506
0.045509
0.027505
0.046509
0.027562
0.022379
0.045460
0.044576
0.000000
0.025509
0.025015
0.040999
0.046025
0.039506
0.032506
0.040000
0.045009
0.022997
0.031510
0.000000
0.034012
0.033507
0.022001
0.045507
0.047020
0.045505
0.030510
0.046503
0.025507
0.047012
0.000000
0.046232
0.034506
0.027511
0.046010
0.038999
0.031507
0.046589
0.032506
0.047506
0.026003
0.001001
0.049066
0.024513
0.048010
0.031388
0.036010
0.024553
0.048010
0.035504
0.048010
0.047220
0.000000
0.048557
0.034000
0.024005
0.046307
0.044513
0.029505
0.039178
0.023504
0.023638
0.025505
0.000000
0.043556
0.025522
0.045509
0.043001
0.023007
0.046505
0.022426
0.039013
0.045504
0.027509
0.001000
0.045505
0.027085
0.047001
0.034013
0.047508
0.026507
0.023010
0.045505
0.021514
0.034999
0.000000
0.027511
0.025022
0.020001
0.023505
0.040702
0.024998
0.025505
0.047010
0.023504
0.024507
0.000000
0.027000
0.046510
0.040508
0.046506
0.023505
0.045508
0.035009
0.023000
0.046505
0.030504
0.000000
0.046016
0.033005
0.046016
0.038505
0.025504
0.048013
0.022000
0.046010
0.028585
0.046703
0.000000
0.030139
0.021505
0.025297
0.046505
0.035509
0.045504
0.020507
0.047567
0.042510
0.040011
0.000000
0.020510
0.025506
0.048504
0.045771
0.045507
0.024002
0.026507
0.046504
0.026012
0.026998
0.000000
0.046016
0.035000
0.022507
0.046010
0.038507
0.047009
0.035504
0.046010
0.029502
0.046011
0.000000
0.036504
0.044017
0.046504
0.035012
0.046504
0.035011
0.045503
0.026506
0.024000
0.025507
0.000000
0.037507
0.046562
0.037013
0.047882
0.031011
0.044000
0.026011
0.029507
0.049085
0.028449
0.000000
0.048516
0.025007
0.053505
0.034019
0.046503
0.025513
0.024505
0.047507
0.028010
0.045504
0.001004
0.024008
0.046504
0.027512
0.031509
0.046507
0.046504
0.031508
0.048010
0.030509
0.024013
0.000000
0.047844
0.039010
0.041502
0.023517
0.021511
0.046507
0.042013
0.046507
0.041009
0.020997
0.001002
0.042017
0.047505
0.022513
0.022002
0.032506
0.037009
0.027000
0.028006
0.046505
0.047017
0.000000
0.028000
0.049013
0.031504
0.028511
0.032894
0.035503
0.046010
0.026000
0.025072
0.025671
0.000000
0.023002
0.036555
0.048009
0.034515
0.047010
0.033508
0.037009
0.046509
0.030522
0.047504
0.000000
0.040009
0.046509
0.045014
0.027507
