0.011001
0.025010
0.045000
0.024504
0.028524
0.044501
0.045010
0.030189
0.032503
0.047013
0.000000
0.045505
0.032003
0.021505
0.036507
0.040014
0.045505
0.028000
0.045588
0.032511
0.044534
0.000000
0.029999
0.023507
0.044663
0.042509
0.045526
0.039511
0.023999
0.024014
0.049510
0.032999
0.000000
0.030509
0.042507
0.039922
0.027000
0.037163
0.046026
0.027080
0.029004
0.029015
0.040503
0.001000
0.046011
0.038504
0.029999
0.031559
0.030001
0.045508
0.029014
0.048506
0.035011
0.034001
0.000000
0.022506
0.024002
0.039012
0.044507
0.046205
0.045504
0.034009
0.046504
0.050507
0.045507
0.000000
0.047950
0.044507
0.046012
0.040504
0.050091
0.046506
0.045579
0.036507
0.045593
0.046462
0.001000
0.026505
0.046017
0.027999
0.025361
0.025991
0.046010
0.047509
0.046014
0.024985
0.035009
0.001000
0.044504
0.044020
0.033998
0.044505
0.033012
0.046504
0.038508
0.048503
0.048553
0.045010
0.000000
0.043502
0.028504
0.028508
0.047012
0.036506
0.048504
0.044505
0.046507
0.031506
0.046505
0.000000
0.034010
0.044505
0.039002
0.045504
0.031504
0.042037
0.044507
0.022001
0.033504
0.041508
0.001000
0.022002
0.043008
0.023501
0.047016
0.049507
0.046016
0.045504
0.049011
0.045507
0.048509
0.000000
0.044505
0.043017
0.027999
0.034504
0.033009
0.045505
0.031001
0.046013
0.043506
0.032812
0.001000
0.038506
0.048017
0.039999
0.025003
0.046026
0.039508
0.023999
0.045528
0.045505
0.036011
0.000000
0.047506
0.046844
0.028506
0.044702
0.029190
0.031503
0.038009
0.048505
0.045052
0.022998
0.000000
0.028504
0.042010
0.045506
0.048001
0.047506
0.036005
0.044516
0.046504
0.045008
0.031505
0.000000
0.035507
0.045000
0.043003
0.045011
0.047511
0.045843
0.044506
0.046013
0.042504
0.043012
0.000000
0.046503
0.024004
0.024008
0.045505
0.038009
0.045504
0.036505
0.045064
0.038718
0.042540
0.000000
0.036505
0.021000
0.022560
0.045504
0.037506
0.036506
0.037505
0.045145
0.027508
0.038506
0.001000
0.028509
0.044504
0.035032
0.028000
0.035505
0.032718
0.026494
0.045008
0.031512
0.029507
0.000000
0.044548
0.022999
0.044505
0.038554
0.044505
