0.008000
0.032001
0.046013
0.020002
0.026010
0.045506
0.040003
0.025009
0.032506
0.045434
0.000000
0.024000
0.021506
0.022999
0.022506
0.029997
0.023506
0.022002
0.021507
0.031509
0.030502
0.000000
0.051017
0.028995
0.028017
0.052973
0.039065
0.046011
0.030005
0.036510
0.034516
0.051011
0.000000
0.036506
0.049304
0.028504
0.028006
0.027010
0.032507
0.046266
0.029504
0.029001
0.048224
0.000000
0.048437
0.030884
0.027509
0.045507
0.045505
0.042895
0.048014
0.047504
0.026508
0.028857
0.001000
0.045014
0.023998
0.032505
0.046016
0.022507
0.020003
0.045012
0.028518
0.021999
0.026012
0.000000
0.048512
0.025508
0.035000
0.046529
0.028565
0.040509
0.038013
0.037508
0.048020
0.032001
0.000000
0.036008
0.022033
0.033507
0.046504
0.045509
0.025001
0.032017
0.024373
0.024529
0.045052
0.000000
0.031551
0.049010
0.045505
0.043551
0.033505
0.028001
0.020503
0.029002
0.045505
0.023034
0.000000
0.046508
0.027505
0.046007
0.029002
0.047010
0.023518
0.021999
0.040012
0.046505
0.034012
0.000000
0.023522
0.045002
0.027010
0.045504
0.036010
0.049503
0.048009
0.045504
0.033034
0.021001
0.001000
0.045505
0.026020
0.032515
0.037504
0.046507
0.021504
0.046608
0.026519
0.024002
0.022517
0.000000
0.045502
0.044008
0.025000
0.047502
0.024019
0.046506
0.022000
0.045009
0.033000
0.025008
0.000000
0.024999
0.044506
0.024009
0.021994
0.046673
0.048015
0.040015
0.022039
0.045505
0.038503
0.000000
0.025509
0.045504
0.044011
0.021505
0.046504
0.024510
0.048504
0.027026
0.023000
0.031505
0.000000
0.046010
0.023504
0.045504
0.039504
0.045503
0.033506
0.023504
0.022645
0.038011
0.033513
0.001000
0.046009
0.027000
0.045509
0.044508
0.029000
0.046017
0.021514
0.045507
0.033999
0.030504
0.000000
0.045012
0.029505
0.024000
0.025507
0.045503
0.025002
0.046016
0.026002
0.027008
0.047501
0.000000
0.048010
0.045915
0.029000
0.023519
0.030519
0.024002
0.047014
0.027506
0.022000
0.047008
0.000000
0.036200
0.030963
0.022578
0.041179
0.023019
0.034504
0.045508
0.038999
0.039000
0.023008
0.000000
0.045504
0.031005
0.046504
0.046008
0.023000
0.045505
0.049009
0.040506
0.045012
0.030506
0.000000
0.024000
0.048012
0.035542
0.045015
0.035506
0.041006
0.044506
0.037014
0.025997
0.047506
0.000000
0.046008
0.044509
0.040012
0.032508
0.044015
0.043505
0.046012
0.027999
0.046509
0.040510
0.000000
0.034000
0.027015
0.037507
0.024997
0.026022
0.035509
0.026998
0.024013
0.022999
0.046478
0.000000
0.034007
0.028521
0.045539
0.036505
0.028549
0.044518
0.027052
0.023136
0.045010
0.026509
0.000000
0.046010
0.045506
0.046010
0.025002
0.046004
0.025507
0.024506
0.036519
0.045505
0.034506
0.000000
0.022018
0.046505
0.043334
0.044508
0.023999
0.038012
0.046504
0.028018
0.027002
0.047505
0.001000
0.023504
0.019521
0.046000
0.035007
0.033509
0.020999
0.052112
0.029999
0.025010
0.023996
0.000000
0.023506
0.025000
0.030575
0.045516
0.040624
0.046508
0.021004
0.048010
0.048445
0.046572
0.000000
0.026791
0.028435
0.025001
0.046707
0.031509
0.046507
0.028009
0.047220
0.025541
0.047010
0.000000
0.048393
0.040009
0.033066
0.025011
0.029999
0.041010
0.024011
0.045506
0.021999
0.046016
0.000000
0.024504
0.024001
0.044012
0.023508
0.036512
0.023003
0.035509
0.023376
0.046506
0.023002
0.000000
0.022521
0.022997
0.044506
0.049009
0.027016
0.029001
0.024019
0.029504
0.032998
0.027139
0.000000
0.024506
0.046506
0.045505
0.029999
0.036010
0.023507
0.045506
0.031002
0.045504
0.032008
0.001004
0.046505
0.032007
0.024997
0.045505
0.024503
0.023000
0.039506
0.022018
0.035508
0.025000
0.000000
0.046010
0.020007
0.025997
0.029840
0.033507
0.029999
0.030509
0.024506
0.045506
0.032001
0.000000
0.046352
0.031805
0.046514
0.041515
0.045506
0.031029
0.038505
0.044506
0.045015
0.042507
0.001000
0.025506
0.045506
0.025517
0.039505
0.021999
0.024499
0.045015
0.039001
0.045009
0.035505
0.000000
0.024009
0.030505
0.023999
0.025505
0.024003
0.030507
0.035507
0.041893
0.045504
0.027510
0.001000
0.045505
0.028021
0.046505
0.043008
0.045506
0.045006
0.038502
0.025999
0.047012
0.027504
0.000000
0.045010
0.026515
0.045510
0.038504
0.029512
0.030522
0.043502
0.034000
0.023506
0.046505
0.000000
0.033022
0.036502
0.024262
0.044010
0.037508
0.048897
0.028013
0.047546
0.049522
0.024654
0.000000
0.036016
0.046506
0.039012
0.022999
0.034001
0.026016
0.031511
0.027000
0.020014
0.024508
0.000000
0.043508
0.020521
0.040511
0.045504
0.020504
0.046508
0.027504
0.038572
0.022001
0.026506
0.000000
0.030506
0.046002
0.032507
0.045506
0.047013
0.042509
0.041873
0.035521
0.023998
0.044015
0.001000
0.023510
0.046008
0.033504
0.025005
0.021520
0.045010
0.029001
0.021016
0.029000
0.024003
0.001000
0.028518
0.045505
0.044508
0.020997
0.045508
0.034029
0.025512
0.047520
0.025512
0.047035
0.000000
0.024018
0.046509
0.035504
0.023268
0.034092
0.026016
0.020517
0.025512
0.036507
0.033015
0.000000
0.026517
0.045506
0.031503
0.044999
0.048010
0.045507
0.024026
0.023503
0.045507
0.032507
0.000000
0.019521
0.023000
0.046011
0.035505
0.046009
0.027518
0.025999
0.045018
0.034503
0.023160
0.000000
0.031507
0.050505
0.041508
0.024508
0.035513
0.045012
0.034999
0.045009
0.022005
0.025520
0.000000
0.045506
0.033511
0.021022
0.046512
0.021999
0.030013
0.023504
0.046003
0.029010
0.044504
0.001000
0.040015
0.028512
0.036505
0.028937
0.045504
0.045012
0.035509
0.047014
0.034505
0.036000
0.000000
0.035185
0.043281
0.045079
0.032012
0.045094
0.032511
0.022000
0.046012
0.030506
0.046009
0.001000
0.025505
0.047019
0.029015
0.035504
0.047012
0.033504
0.030582
0.027511
0.047504
0.038433
0.000000
0.035507
0.047263
0.040505
0.023000
0.048011
0.024439
0.046508
0.024000
0.046004
0.025511
0.000000
0.032776
0.048014
0.026000
0.025505
0.023514
0.045015
0.034999
0.046013
0.034506
0.030516
0.001000
0.032512
0.046506
0.046505
0.036449
0.045740
0.025507
0.021500
0.022516
0.023003
0.046506
0.000000
0.029509
0.046504
0.028012
0.045504
0.027504
0.028511
0.045588
0.029508
0.033021
0.047010
0.000000
0.019506
0.030502
0.044507
0.024003
0.045505
0.046009
0.026506
0.047014
0.045511
0.043007
0.001000
0.045504
0.029506
0.045507
0.039507
0.028021
0.021003
0.045506
0.022501
0.044507
0.034505
0.000000
0.027000
0.038506
0.025018
0.021999
0.033506
0.020526
0.046013
0.028001
0.046014
0.043505
0.000000
0.046012
0.046506
0.047010
0.029503
0.030000
0.046011
0.049014
0.046008
0.020999
0.022507
0.001000
0.043505
0.027505
0.046011
0.037506
0.025506
0.045016
0.045000
0.021023
0.019999
0.024511
0.000000
0.022511
0.048776
0.051796
0.023510
0.048013
0.029026
0.035508
0.028001
0.047016
0.022999
0.000000
0.022002
0.022014
0.045506
0.039010
0.033503
0.045511
0.034506
0.045504
0.022021
0.045509
0.000000
0.034515
0.038012
0.037001
0.046012
0.031505
0.029505
0.046008
0.022002
0.045716
0.037508
0.001002
0.022507
0.025504
0.040507
0.021528
0.024503
0.024503
0.021999
0.046007
0.028512
0.046506
0.001000
0.030509
0.038504
0.024518
0.044506
0.023001
0.024022
0.027503
0.038505
0.021507
0.045507
0.000000
0.049609
0.045503
0.022506
0.022519
0.033515
0.046014
0.041508
0.020001
0.044017
0.033778
0.000000
0.029516
0.041606
0.030510
0.045983
0.035510
0.024504
0.046014
0.021000
0.024509
0.046013
0.000000
0.025501
0.034514
0.025510
0.034999
0.049013
0.025999
0.049018
0.037507
0.025501
0.025206
0.000000
0.026505
0.048019
0.027509
0.047001
0.045513
0.041948
0.028513
0.039506
0.035506
0.042013
0.000000
0.042505
0.048016
0.025999
0.046016
0.025511
0.045503
0.029001
0.026507
0.042017
0.045507
0.000000
0.043777
0.023005
0.024513
0.045014
0.029505
0.025002
0.043020
0.034505
0.022999
0.049021
0.000000
0.046509
0.028505
0.030000
0.036159
0.035506
0.025275
0.034225
0.048585
0.039015
0.046504
0.000000
0.036504
0.047012
0.027000
0.048013
0.032505
0.019999
0.046570
0.041999
0.029506
0.035506
0.000000
0.023000
0.044011
0.046508
0.035518
0.046507
0.039016
0.023220
0.048505
0.027029
0.027506
0.000000
0.046013
0.029505
0.045503
0.039505
0.044000
0.045548
0.046506
0.040028
0.033001
0.045012
0.000000
0.042507
0.033507
0.038504
0.035068
0.031106
0.047505
0.027505
0.047009
0.030314
0.038509
0.000000
0.035505
0.024137
0.039016
0.028754
0.047708
0.039506
0.048013
0.026505
0.048680
0.047012
0.001000
0.028508
0.048577
0.032760
0.045567
0.039504
0.046011
0.037505
0.046011
0.023000
0.046504
0.000000
0.023504
0.024504
0.037505
0.041015
0.046000
0.037044
0.024507
0.046508
0.040506
0.050507
0.000997
0.039504
0.024999
0.052012
0.045506
0.046632
0.049505
0.048514
0.049504
0.033504
0.050504
0.001502
0.038516
0.045507
0.019513
0.046009
0.048506
0.029005
0.028505
0.021507
0.027509
0.034506
0.000000
0.032014
0.042505
0.045509
0.044012
0.049507
0.045013
0.023999
0.045010
0.022512
0.046115
0.000000
0.036028
0.043011
0.038514
0.047002
0.031013
0.045504
0.030508
0.029508
0.039000
0.048008
0.000000
0.030505
0.046009
0.036505
0.035506
0.026505
0.024507
0.047010
0.033520
0.045517
0.045013
0.000000
0.025000
0.033012
0.045505
0.042506
0.046506
0.033511
0.045006
0.047000
0.026506
0.028508
0.000000
0.022000
0.031507
0.027507
0.026503
0.028048
0.048505
0.027504
0.036012
0.036000
0.026020
0.000000
0.024503
0.045504
0.026506
0.048506
0.032013
0.048510
0.025504
0.029112
0.027507
0.033512
0.001000
0.038503
0.030004
0.030010
0.023999
0.040756
0.048436
0.022001
0.047451
0.049012
0.037510
0.000000
0.036506
0.047602
0.023516
0.030501
0.047018
0.045503
0.045011
0.021000
0.029505
0.046007
0.000000
0.035505
0.027504
0.027506
0.046504
0.024504
0.034507
0.046505
0.046573
0.049110
0.030512
0.000000
0.024999
0.047008
0.040513
0.026002
0.026515
0.046011
0.046990
0.024498
0.047507
0.028507
0.000000
0.028506
0.048015
0.034508
0.029001
0.044012
0.044507
0.047012
0.030000
0.050015
0.046506
0.000000
0.023510
0.021517
0.047513
0.036911
0.038507
0.048015
0.034508
0.027098
0.025452
0.027220
0.000000
0.048013
0.042016
0.051508
0.047009
0.023999
0.024508
0.047506
0.037504
0.048010
0.023000
0.000000
0.046014
0.024505
0.046009
0.039507
0.035000
0.044006
0.035002
0.046697
0.049002
0.036007
0.001000
0.026507
0.033504
0.042010
0.027002
0.032346
0.038653
0.042504
0.038506
0.043000
0.025508
0.000000
0.030504
0.046504
0.020516
0.046503
0.020516
0.024522
0.047505
0.024007
0.036506
0.032000
0.000000
0.028513
0.047504
0.022509
0.047009
0.035000
0.047015
0.026002
0.035508
0.047779
0.029510
0.000999
0.047630
0.032999
0.047380
0.025479
0.032509
0.027014
0.050508
0.022013
0.022501
0.025000
0.000000
0.046635
0.038504
0.047548
0.032507
0.039505
0.046808
0.038976
0.048012
0.036001
0.048010
0.000000
0.048005
