0.013003
0.028510
0.047515
0.027000
0.047505
0.028507
0.047011
0.031508
0.023506
0.047011
0.000000
0.033999
0.047010
0.046506
0.033505
0.030002
0.046654
0.031505
0.024629
0.045563
0.024999
0.000000
0.044510
0.046505
0.033009
0.047504
0.029081
0.028505
0.028504
0.047515
0.035509
0.027019
0.000999
0.035507
0.030513
0.041019
0.039997
0.047011
0.040505
0.046009
0.036505
0.045505
0.022003
0.000000
0.047011
0.024507
0.046011
0.038504
0.046504
0.025001
0.045504
0.027505
0.031507
0.023601
0.000515
0.031885
0.045578
0.041530
0.046531
0.048015
0.045504
0.021022
0.047507
0.027014
0.025504
0.000000
0.021999
0.025507
0.046503
0.031507
0.048011
0.027504
0.033504
0.023000
0.024002
0.046011
0.001000
0.046505
0.033012
0.046504
0.032505
0.047505
0.032012
0.046506
0.047014
0.047505
0.023010
0.000000
0.033508
0.046507
0.026504
0.048000
0.033505
0.049013
0.044010
0.055505
0.024507
0.039503
0.000000
0.048012
0.046505
0.047013
0.024001
0.042011
0.047504
0.046517
0.044509
0.034218
0.035798
0.000000
0.041520
0.038016
0.045373
0.046507
0.047008
0.033505
0.051773
0.038506
0.050460
0.050044
0.000520
0.028649
0.051504
0.033505
0.050504
0.031642
0.051013
0.026506
0.051011
0.038676
0.053011
0.001000
0.033510
0.049011
0.038504
0.042503
0.046504
0.039010
0.046510
0.050558
0.029444
0.035073
0.000000
0.049509
0.049015
0.050512
0.047507
0.024001
0.022512
0.025505
0.038507
0.044010
0.028000
0.000000
0.040008
0.046504
0.031012
0.029508
0.049506
0.044089
0.023998
0.045623
0.053015
0.044014
0.000000
0.046508
0.024001
0.045001
0.044010
0.025001
0.037537
0.020504
0.033001
0.046628
0.051015
0.000000
0.044009
0.040997
0.043006
0.042503
0.047596
0.042507
0.053010
0.046506
0.022506
0.049015
0.000000
0.023505
0.023504
0.022000
0.046010
0.030507
0.029509
0.027015
0.047504
0.033508
0.024504
0.000000
0.045644
0.028506
0.046507
0.035509
0.028998
0.031015
0.032505
0.040511
0.046011
0.022505
0.001000
0.045504
0.025000
0.046548
0.034504
0.033510
0.025595
0.024787
0.046180
0.042521
0.027684
0.000000
0.040555
0.027505
0.023000
0.046504
0.031510
0.034017
0.034001
0.035014
0.033504
0.046509
0.000000
0.034509
0.047509
0.027010
0.046877
0.034009
0.024501
0.046508
0.039506
0.044508
0.048506
0.000000
0.024764
0.034049
0.027508
0.032512
0.031011
0.029999
0.033010
0.046504
0.039507
0.024506
0.000000
0.028001
0.033508
0.031505
0.029999
0.032507
0.042507
0.023506
0.028014
0.047001
0.020597
0.000000
0.044507
0.048016
0.028504
0.047507
0.027002
0.047364
0.038512
0.042000
0.024000
0.030506
0.000000
0.033942
0.030514
0.026321
0.033581
0.026093
0.046506
0.032009
0.030505
0.045506
0.023504
0.000000
0.025997
0.047011
0.032505
0.045507
0.039505
0.047505
0.029011
0.047000
0.032507
0.025505
0.000000
0.031508
0.039558
0.036508
0.043507
0.025507
0.031511
0.027505
0.023999
0.046557
0.033504
0.000000
0.026504
0.048008
0.030523
0.048517
0.027000
0.025507
0.025505
0.047003
0.030007
0.046506
0.000000
0.026506
0.048012
0.030508
0.035504
0.024506
0.047010
0.043506
0.046012
0.035504
0.037513
0.000000
0.043506
0.046509
0.027509
0.047485
0.034507
0.026012
0.037553
0.047504
0.028508
0.047161
0.000000
0.026001
0.037011
0.047502
0.036017
0.047508
0.028521
0.049506
0.047008
0.031505
0.046508
0.000000
0.028507
0.046505
0.025045
0.024503
0.032505
0.045993
0.029999
0.024009
0.026143
0.046505
0.000000
0.035492
0.026000
0.025509
0.047013
0.048129
0.033503
0.025001
0.048515
0.049402
0.034507
0.000000
0.024507
0.048058
0.047155
0.048019
0.045504
0.025508
0.027011
0.025964
0.046721
0.052505
0.000000
0.037012
0.024706
0.028504
0.047010
0.041347
0.046917
0.049047
0.041517
0.047508
0.037009
0.000000
0.048510
0.048014
0.033415
0.046012
0.045511
0.048010
0.042512
0.032011
0.046503
0.036507
0.000000
0.025000
0.046748
0.049505
0.047015
0.030001
0.048012
0.045506
0.048012
0.038510
0.036011
0.001000
0.048504
0.024506
0.049011
0.025506
0.048014
0.046505
0.047011
0.040504
0.047012
0.025000
0.000000
0.038507
0.025506
0.033505
0.049010
0.045506
0.028012
0.044505
0.047015
0.037000
0.033770
0.000000
0.046505
0.046932
0.025001
0.048571
0.050504
0.044010
0.048508
0.045548
0.034000
0.047012
0.000000
0.028504
0.047510
0.034503
0.046506
0.048625
0.046508
0.028508
0.042504
0.048012
0.032000
0.001000
0.047012
0.036502
0.032508
0.048505
0.025506
0.024505
0.029003
0.042015
0.046505
0.047011
0.000000
0.026504
0.033509
0.050015
0.038504
0.028507
0.036503
0.043011
0.023505
0.024000
0.047014
0.000000
0.035001
0.046012
0.031251
0.028512
0.047013
0.044508
0.039504
0.029504
0.037510
0.030003
0.001005
0.032359
0.028606
0.046111
0.029849
0.046505
0.027508
0.023503
0.031507
0.046508
0.028000
0.000000
0.045012
0.023509
0.046508
0.033011
0.032999
0.046012
0.037000
0.036016
0.045506
0.046011
0.000000
0.032502
0.035508
0.048014
0.048485
0.027506
0.026000
0.024506
0.047009
0.030504
0.046876
0.000000
0.028504
0.046506
0.044002
0.045580
0.025000
0.027507
0.046536
0.038504
0.040006
0.046504
0.000000
0.046010
0.025000
0.047010
0.031002
0.034509
0.047507
0.049011
0.027506
0.022998
0.039507
0.000000
0.024505
0.047508
0.028124
0.045662
0.037564
0.027507
0.046579
0.027504
0.027999
0.025509
0.000000
0.047505
0.038058
0.046505
0.025507
0.041011
0.035502
0.048010
0.025002
0.038509
0.046504
0.000000
0.025507
0.026507
0.025000
0.024506
0.035508
0.045507
0.038012
0.032498
0.022505
0.031506
0.000000
0.024997
0.027503
0.046010
0.037504
0.031046
0.045507
0.041509
0.032105
0.035510
0.029505
0.000000
0.027000
0.048009
0.043506
0.025001
0.042507
0.031506
0.034036
0.030003
0.028513
0.047006
0.000000
0.023505
0.046506
0.025000
0.046548
0.032506
0.044011
0.024215
0.047310
0.023604
0.041534
0.000000
0.047018
0.049101
0.047091
0.039505
0.049009
0.051869
0.037100
0.047441
0.049873
0.048814
0.000000
0.030016
0.043506
0.037038
0.032976
0.052133
0.046506
0.048011
0.027437
0.033506
0.042005
0.000000
0.045508
0.047011
0.037506
0.041004
0.047504
0.030504
0.047505
0.022004
0.030505
0.037447
0.000000
0.026505
0.027506
0.047012
0.022504
0.046504
0.047919
0.029001
0.047021
0.023000
0.047016
0.000000
0.024506
0.046511
0.035539
0.033998
0.030318
0.024463
0.029154
0.047242
0.035509
0.047010
0.000000
0.026000
0.045723
0.037504
0.046511
0.046502
0.029504
0.027506
0.029001
0.047015
0.023503
0.000000
0.046509
0.033008
0.046505
0.033013
0.045502
0.046511
0.047505
0.046710
0.044507
0.027507
0.000000
0.025001
0.047507
0.029505
0.050507
0.047013
0.032507
0.048013
0.040502
0.048017
0.027999
0.000000
0.049015
0.043504
0.045508
0.044505
0.047014
0.045507
0.051015
0.046504
0.022505
0.041505
0.000000
0.046545
0.035505
0.035507
0.051533
0.036999
0.046074
0.043548
0.048012
0.023504
0.047019
0.000000
0.026001
0.023002
0.048012
0.047506
0.039507
0.046504
0.033010
0.045505
0.039708
0.040501
0.000000
0.044016
0.027487
0.049719
0.040505
0.040010
0.028503
0.046509
0.026017
0.026000
0.045538
0.000000
0.031506
0.047009
0.028504
0.025000
0.029006
0.032505
0.025001
0.046012
0.024000
0.037506
0.000000
0.031508
0.025000
0.040096
0.029002
0.046506
0.030010
0.046505
0.023508
0.045001
0.027506
0.000000
0.049503
0.033512
0.050012
0.026505
0.050816
0.051072
0.032023
0.027724
0.052041
0.048074
0.001003
0.026507
0.026504
0.025504
0.026506
0.050010
0.037509
0.026504
0.027505
0.046014
0.035000
0.000000
