1.000000
0.792545
0.801190
0.736148
0.723263
0.718339
0.789337
0.792203
0.748924
0.775922
0.775922
0.583707
0.772668
0.774651
0.782748
0.673337
0.748711
0.669769
0.778771
0.774185
0.709836
0.709836
0.595149
0.726068
0.754755
0.689482
0.724988
0.703983
0.736608
0.429501
0.550186
0.651130
0.651130
0.438347
0.616050
0.606757
0.670707
0.720926
0.567158
0.664389
0.700755
0.586888
0.674649
0.674649
0.605916
0.602355
0.728147
0.732228
0.699793
0.660901
0.666984
0.666686
0.691787
0.611022
0.611022
0.736837
0.665183
0.624574
0.636005
0.475020
0.318971
0.053328
0.038895
0.051370
0.144011
0.144011
0.316001
0.156322
0.385118
0.162230
0.077433
0.109980
0.123432
0.181084
0.152380
0.151831
0.151831
0.055813
0.159901
0.065405
0.078618
0.317224
0.139181
0.203510
0.130274
0.226888
0.108395
0.108395
0.158201
0.148680
0.108988
0.213312
0.237372
0.148340
0.251217
0.568371
0.643335
0.521542
0.521542
0.546764
0.617919
0.631932
0.652077
0.501851
0.519696
0.606934
0.541060
0.583864
0.663781
0.663781
0.490832
0.659212
0.554942
0.594483
0.499786
0.515876
0.533492
0.536818
0.543387
0.492470
0.492470
0.498488
0.268741
0.497741
0.531443
0.329371
0.171463
0.422178
0.480401
0.654069
0.647824
0.647824
0.677609
0.731978
0.675779
0.674052
0.588579
0.667019
0.681453
0.585934
0.373844
0.283338
0.283338
0.202620
0.245532
0.170644
0.180207
0.137663
0.352321
0.626655
0.637460
0.692704
0.493306
0.493306
0.617648
0.461771
0.317191
0.360700
0.384017
0.414079
0.146764
0.312168
0.106098
0.385759
0.385759
0.606176
0.586287
0.604969
0.498032
0.568081
0.258138
0.266415
0.254324
0.270417
0.267996
0.267996
0.334596
0.172927
0.374015
0.310469
0.326476
0.355862
0.367112
0.314931
0.382424
0.468561
0.468561
0.456290
0.317023
0.354957
0.347843
0.436020
0.394268
0.392974
0.543739
0.330683
0.445075
0.445075
0.402657
0.357048
0.265873
0.268576
0.295146
0.400966
0.277274
0.327754
0.267541
0.367092
0.367092
0.397359
0.374040
0.256185
0.447408
0.336413
0.252546
0.154973
0.118885
0.193130
0.131697
0.131697
0.106700
0.369751
0.327782
0.527976
0.431907
0.414678
0.338386
0.141675
0.187279
0.124603
0.124603
0.156713
0.232607
0.186972
0.143171
0.137329
0.394784
0.254765
0.365977
0.594429
0.597992
0.597992
0.444302
0.263603
0.336572
0.471594
0.430418
0.582292
0.620187
0.484978
0.567172
0.623055
0.623055
0.494320
0.589287
0.517586
0.505503
0.546749
0.594361
0.530697
0.560046
0.491408
0.545660
0.545660
0.421356
0.429972
0.398468
0.221840
0.205342
0.361287
0.235517
0.354494
0.257684
0.136948
0.136948
0.152110
0.324638
0.190017
0.087525
0.115415
0.144788
0.359931
0.433463
0.357470
0.204236
0.204236
0.097341
0.215987
0.170673
0.124624
0.118218
0.081130
0.082327
0.136203
0.100658
0.053460
0.053460
0.153144
0.203552
0.102432
0.107742
0.118948
0.128766
0.081329
0.316909
0.046688
0.153688
0.153688
0.168303
0.228684
0.345470
0.340834
0.310353
0.306107
0.328286
0.339648
0.286963
0.419744
0.419744
0.355866
0.261830
0.262950
0.346557
0.266882
0.323880
0.334879
0.342630
0.230975
0.162390
0.162390
0.424589
0.532800
0.433113
0.549845
0.508722
0.386790
0.454918
0.440167
0.434707
0.335217
0.335217
0.527670
0.411931
0.346732
0.139231
0.213518
0.206576
0.407120
0.408415
0.367236
0.472356
0.472356
0.425806
0.454129
0.467205
0.309804
0.488999
0.432437
0.274525
0.306986
0.496297
0.461114
0.461114
0.441899
0.434223
0.241045
0.267000
0.098907
0.448515
0.363089
0.179113
0.212459
0.341939
0.341939
0.382221
0.302880
0.369344
0.332753
0.397030
0.360810
0.258453
0.317692
0.404095
0.300517
0.300517
0.373514
0.277581
0.377302
0.352563
0.423901
0.302310
0.317520
0.368840
0.373258
0.336665
0.336665
0.340778
0.416573
0.282552
0.349172
0.355335
0.370390
0.355487
0.447701
0.391832
0.374477
0.374477
0.321464
0.320047
0.222719
0.269179
0.156338
0.318964
0.518976
0.267164
0.534244
0.357955
0.357955
0.070254
0.481176
0.640478
0.498508
0.546479
0.632253
0.585930
0.605376
0.525471
0.587177
0.587177
0.534349
0.555839
0.579948
0.585413
0.464297
0.549013
0.387614
0.583945
0.499324
0.569570
0.569570
0.426338
0.638505
0.582465
0.232285
0.097197
0.056517
0.137970
0.067084
0.034292
0.028447
0.028447
0.068150
0.056484
0.032253
0.425077
0.376967
0.427936
0.328701
0.087475
0.410913
0.502745
0.502745
0.360705
0.241532
0.219544
0.261540
0.120789
0.379512
0.222716
0.409263
0.122195
0.273831
0.273831
0.043807
0.102593
0.166740
0.045626
0.057267
0.110523
0.022567
0.316335
0.038779
0.294346
0.294346
0.287465
0.303779
0.349982
0.276469
0.277475
0.422088
0.379875
0.304583
0.372768
0.409804
0.409804
0.068319
0.133695
0.123516
0.175899
0.126072
0.123575
0.183353
0.165263
0.068051
0.085078
0.085078
0.054068
0.089934
0.172403
0.154360
0.146842
0.171570
0.162518
0.185680
0.101787
0.084100
0.084100
0.057406
0.043549
0.057999
0.058735
0.059854
0.056841
0.083403
0.115445
0.039187
0.045256
0.045256
0.041104
0.049396
0.065204
0.030225
0.107671
0.091293
0.207592
0.092435
0.213019
0.192775
0.192775
0.172006
0.113456
0.072588
0.050084
0.134238
0.088208
0.058172
0.085389
0.081048
0.080857
0.080857
0.047026
0.064764
0.067964
0.176945
0.095357
0.081353
0.054479
0.063689
0.085397
0.062948
0.062948
0.071624
0.133125
0.048298
0.051245
0.129220
0.183863
0.145348
0.307338
0.286587
0.230466
0.230466
0.260297
0.339702
0.131518
0.422953
0.057229
0.132298
0.123832
0.075316
0.098438
0.042160
0.042160
0.071370
0.478422
0.141797
0.117079
0.242153
0.208497
0.254516
0.377185
0.126066
0.356356
0.356356
0.446415
0.231504
0.159659
0.130304
0.233863
0.260338
0.408587
0.256529
0.290666
0.121338
0.121338
0.315604
0.078807
0.241663
0.228719
0.142113
0.233770
0.421115
0.306005
0.314624
0.082654
0.082654
0.212494
0.281802
0.350168
0.184995
0.223016
0.253036
0.230387
0.164343
0.348157
0.330823
0.330823
0.266266
0.174005
0.290819
0.203056
0.150324
0.117489
0.280281
0.140395
0.280083
0.327501
0.327501
0.152014
0.163043
0.160570
0.090535
0.048218
0.055940
0.128204
0.074072
0.047404
0.067931
0.067931
0.339532
0.359035
0.297570
0.350822
0.247002
0.369962
0.139039
0.086312
0.180872
0.199189
0.199189
0.075569
0.080736
0.070386
0.201005
0.107683
0.039974
0.084806
0.082423
0.053278
0.074359
0.074359
0.100219
0.049839
0.200000
0.047198
0.067079
0.074962
0.068508
0.098131
0.070312
0.063284
0.063284
0.060662
0.092527
0.208988
0.165474
0.078747
0.109113
0.104607
0.068640
0.227502
0.122715
0.122715
0.088889
0.066363
0.095414
0.197776
0.044553
0.205846
0.063048
0.126209
0.120830
0.236183
0.236183
0.267017
0.087938
0.078558
0.189568
0.158352
0.086907
0.085474
0.233941
0.083172
0.082241
0.082241
0.339351
0.289299
0.381499
0.315176
0.407137
0.218860
0.430722
0.375375
0.066983
0.049800
0.049800
0.286909
0.505746
0.363718
0.027686
0.040721
0.035825
0.492098
0.031518
0.024566
0.084011
0.084011
0.040373
0.026443
0.082654
0.034375
0.029389
0.045345
0.086676
0.159291
0.074362
0.030569
0.030569
0.079084
0.032846
0.089226
0.036354
0.046326
0.045670
0.028648
0.051705
0.057119
0.042103
0.042103
0.039324
0.045432
0.043199
0.080390
0.102153
0.052973
0.075926
0.036728
0.040426
0.036360
0.036360
0.082285
0.035680
0.034163
0.063608
0.038370
0.030806
0.043483
0.084614
0.031024
0.037787
0.037787
0.035830
0.046912
0.028036
0.044520
0.078941
0.056867
0.095752
0.046959
0.120886
0.169104
0.169104
0.048718
0.109586
0.125769
0.106699
0.064656
0.084342
0.103965
0.089178
0.102979
0.050734
0.050734
0.115226
0.055552
0.113133
0.027984
0.110145
0.054246
0.041855
0.044467
0.031299
0.171407
0.171407
0.116509
0.165726
0.053914
0.078868
0.183297
0.032295
0.215243
0.046869
0.176726
0.064847
0.064847
0.132952
0.092736
0.030651
0.099454
0.166262
0.134705
0.034464
0.161121
0.032150
0.070641
0.070641
0.136601
0.055104
0.049817
0.090275
0.036877
0.046272
0.029853
0.045341
0.093425
0.099046
0.099046
0.093060
0.505126
0.248074
0.039773
0.314816
0.162960
0.029487
0.047214
0.044455
0.031559
0.031559
0.033226
0.179247
0.080955
0.143997
0.038309
0.047898
0.085015
0.100945
0.050533
0.045137
0.045137
0.030411
0.030581
0.029226
0.084322
0.075581
0.035852
0.073841
0.050009
0.045222
0.046042
0.046042
0.052823
0.042839
0.045890
0.106024
0.124307
0.082024
0.229144
0.102565
0.071276
0.045393
0.045393
0.075914
0.027385
0.083275
0.125082
0.028158
0.082221
0.070482
0.223281
0.041422
0.042730
0.042730
0.079123
0.175700
0.057196
0.089693
0.140540
0.296952
0.119218
0.045878
0.052190
0.373646
0.373646
0.098129
0.119778
0.165736
0.124098
0.030902
0.030452
0.041731
0.071458
0.118106
0.104471
0.104471
0.027297
0.055259
0.026766
0.037488
0.068044
0.026370
0.043561
0.050892
0.034709
0.130884
0.130884
0.114001
0.048868
0.028941
0.155757
0.033854
0.080984
0.027432
0.040386
0.066356
0.026726
0.026726
0.040507
0.072764
0.033632
0.038378
0.081838
0.072960
0.037701
0.048667
0.030770
0.089764
0.089764
0.028809
0.056303
0.131873
0.037694
0.161808
0.032130
0.033967
0.042149
0.023393
0.053888
0.053888
0.035623
0.118663
0.059017
0.040579
0.078970
0.114103
0.151102
0.032931
0.115363
0.154932
0.154932
0.041689
0.071576
0.036219
0.096108
0.112747
0.035370
0.063942
0.036613
0.052055
0.031261
0.031261
0.046999
0.033022
0.035022
0.052388
0.037058
0.043438
0.095276
0.251129
0.120729
0.067813
0.067813
0.051593
0.041089
0.105394
0.176420
0.074724
0.028643
0.052331
0.055442
0.058377
0.026027
0.026027
0.045213
0.036172
0.058525
0.258967
0.025715
0.041472
0.099457
0.419800
0.392088
0.072019
0.072019
0.060124
0.072234
0.110739
0.042973
0.083001
0.037749
0.108520
0.113360
0.068411
0.035189
0.035189
0.266899
0.068366
0.029878
0.036472
0.035337
0.041353
0.052322
0.034538
0.116556
0.039657
0.039657
0.081500
0.027561
0.066442
0.139840
0.239559
0.041208
0.072249
0.032970
0.029520
0.154872
0.154872
0.069978
0.351281
0.243327
0.045918
0.135012
0.048808
0.075564
0.055146
0.123809
0.065995
0.065995
0.072244
0.038487
0.141756
0.029711
0.084513
0.069327
0.060281
0.051938
0.052446
0.068612
0.068612
0.078023
0.098433
0.107128
0.087417
0.066100
0.159137
0.053999
0.055431
0.059797
0.139945
0.139945
0.073879
0.067490
0.081031
0.060175
0.195840
0.190683
0.189350
0.033052
0.058777
0.150883
0.150883
0.097496
0.042893
0.082486
0.050582
0.038106
0.068455
0.220008
0.249418
0.212646
0.399416
0.399416
0.105316
0.085975
0.066991
0.139440
0.142760
0.112197
0.255816
0.328703
0.092117
0.228967
0.228967
0.127388
0.078106
0.066910
0.296010
0.288449
0.158612
0.356726
0.232492
0.147293
0.032611
0.032611
0.036906
0.045760
0.044865
0.040331
0.215863
0.044986
0.040855
0.028097
0.081016
0.104990
0.104990
0.048795
0.032052
0.054729
0.041536
0.045229
0.031072
0.155779
0.190231
0.034853
0.122028
0.122028
0.073800
0.044773
0.034971
0.069701
0.110799
0.105467
0.094932
0.291833
0.071490
0.105619
0.105619
0.116458
0.066575
0.226554
0.406265
0.037752
0.109939
0.465565
0.085906
0.485738
0.062399
0.062399
0.068001
0.035724
0.033114
0.050248
0.039014
0.032188
0.053932
0.033861
0.033133
0.104268
0.104268
0.028096
0.033500
0.285591
0.077153
0.036378
0.033766
0.051298
0.043371
0.137797
0.032381
0.032381
0.045389
0.040268
0.029152
0.040803
0.246507
0.062984
0.029942
0.079026
0.041271
0.041786
0.041786
0.091000
0.034372
0.167414
0.515623
0.373808
0.370517
0.667832
0.528061
0.576019
0.381745
0.381745
0.456129
0.407879
0.489240
0.600675
0.546963
0.464725
0.567413
0.480329
0.524404
0.609671
0.609671
0.521005
0.493733
0.538897
0.400713
0.514908
0.476882
0.517594
0.376805
0.447444
0.491895
0.491895
0.602077
0.176336
0.295863
0.210210
0.166645
0.439914
0.164972
0.180381
0.277026
0.241014
0.241014
0.056688
0.031599
0.050722
0.050175
0.050941
0.031961
0.042183
0.061469
0.038110
0.135376
0.135376
0.047594
0.176975
0.036875
0.096190
0.446504
0.176642
0.232760
0.289462
0.218699
0.324562
0.324562
0.223456
0.135888
0.291068
0.260980
0.095307
0.105306
0.251645
0.245945
0.114543
0.195003
0.195003
0.119618
0.236790
0.230553
0.178529
0.073545
0.098310
0.113761
0.146053
0.218189
0.158197
0.158197
0.219269
0.329061
0.174704
0.211678
0.132989
0.106713
0.073722
0.100422
0.143653
0.077651
0.077651
0.145567
0.228600
0.464125
0.153625
0.275003
0.234017
0.356033
0.222792
0.301372
0.189168
0.189168
0.135600
0.129437
0.101642
0.091810
0.170163
0.149784
0.226467
0.119560
0.055407
0.094882
0.094882
0.265438
0.238326
0.131018
0.265556
0.383306
0.207712
0.370297
0.372341
0.190293
0.439602
0.439602
0.365057
0.168704
0.260217
0.187305
0.332736
0.138519
0.374863
0.291921
0.247671
0.144077
0.144077
0.323007
0.145615
0.106074
0.217186
0.306256
0.239033
0.178556
0.167428
0.139600
0.204778
0.204778
0.366555
0.191416
0.191806
0.107123
0.126950
0.107980
0.185140
0.101744
0.385927
0.060836
0.060836
0.330206
0.365838
0.278289
0.365155
0.077556
0.139110
0.452978
0.405162
0.371558
0.251246
0.251246
0.219993
0.242072
0.070078
0.114677
0.321741
0.220185
0.038668
0.112760
0.147058
0.074842
0.074842
0.303776
0.074112
0.164072
0.173117
0.064566
0.165828
0.131310
0.215789
0.274163
0.042087
0.042087
0.128611
0.138051
0.118348
0.150629
0.051450
0.175419
0.173464
0.361354
0.363734
0.189782
0.189782
0.176575
0.076475
0.452420
0.093574
0.177073
0.240780
0.157435
0.034264
0.047888
0.176787
0.176787
0.081489
0.030075
0.076197
0.045316
0.075115
0.037420
0.241500
0.281377
0.378822
0.340227
0.340227
0.255611
0.282587
0.459848
0.305500
0.341248
0.497805
0.376516
0.393358
0.213686
0.542222
0.542222
0.395180
0.070042
0.227394
0.054313
0.075522
0.332298
0.172934
0.146109
0.062364
0.111350
0.111350
0.113600
0.362686
0.031218
0.288848
0.030122
0.057860
0.039430
0.040414
0.050289
0.182906
0.182906
0.067303
0.036351
0.125346
0.109235
0.079958
0.054681
0.048395
0.041026
0.044942
0.055315
0.055315
0.040586
0.089051
0.066544
0.033452
0.053681
0.044125
0.091831
0.080261
0.091969
0.038050
0.038050
0.039303
0.056118
0.123709
0.037808
0.053656
0.040775
0.044780
0.117828
0.042651
0.078643
0.078643
0.055694
0.048902
0.086384
0.195651
0.042759
0.045978
0.047544
0.030463
0.132904
0.045840
0.045840
0.410148
0.036431
0.177247
0.076449
0.046584
0.072172
0.095494
0.038229
0.077340
0.049762
0.049762
0.034464
0.053727
0.104238
0.062183
0.034430
0.112693
0.211740
0.356127
0.053154
0.089706
0.089706
0.091309
0.211552
0.074974
0.192438
0.163644
0.046196
0.084906
0.050304
0.306765
0.040428
0.040428
0.053719
0.125990
0.086971
0.034501
0.205834
0.057814
0.088408
0.043698
0.040427
0.041067
0.041067
0.043486
0.043363
0.442862
0.519550
0.361139
0.489405
0.118195
0.393058
0.460478
0.376411
0.376411
0.288170
0.244611
0.541977
0.314935
0.214688
0.233582
0.244445
0.089826
0.103818
0.352765
0.352765
0.075954
0.237986
0.043576
0.038813
0.086148
0.030770
0.081416
0.054396
0.065702
0.048787
0.048787
0.029725
0.051329
0.035000
0.048721
0.101597
0.080065
0.046841
0.066808
0.033501
0.049206
0.049206
0.028590
0.030874
0.034978
0.040307
0.043615
0.059881
0.034621
0.038533
0.037526
0.090769
0.090769
0.058624
0.090944
0.050297
0.067251
0.052436
0.107315
0.040078
0.046983
0.206341
0.041816
0.041816
0.056693
0.147991
0.161761
0.041246
0.098008
0.089735
0.069976
0.035723
0.052953
0.055482
0.055482
0.029629
0.067119
0.044152
0.037009
0.032890
0.030903
0.040738
0.034076
0.040808
0.048914
0.048914
0.043292
0.028782
0.046143
0.063443
0.034164
0.030211
0.090139
0.072069
0.078172
0.076499
0.076499
0.159566
0.046522
0.038474
0.050646
0.039686
0.071792
0.068365
0.034187
0.043432
0.028491
0.028491
0.030337
0.063473
0.103718
0.037638
0.046966
0.038481
0.052125
0.043571
0.062716
0.050058
0.050058
0.045521
0.044964
0.037939
0.043243
0.036716
0.078201
0.031525
0.033115
0.055013
0.031268
0.031268
0.105379
0.027752
0.056834
0.147602
