1.000000
0.757296
0.801222
0.790031
0.773911
0.764252
0.768929
0.763171
0.756592
0.756374
0.756374
0.735807
0.731515
0.735935
0.601581
0.670434
0.710846
0.758020
0.779263
0.774977
0.772743
0.772743
0.715209
0.734537
0.571853
0.667188
0.584218
0.652016
0.653848
0.565718
0.528402
0.538139
0.538139
0.588914
0.665496
0.678931
0.709570
0.696215
0.748553
0.727754
0.518135
0.534221
0.506064
0.506064
0.686677
0.590105
0.538679
0.561520
0.652412
0.732398
0.711622
0.718700
0.705676
0.736733
0.736733
0.708211
0.734168
0.760527
0.770947
0.772328
0.767514
0.782672
0.713933
0.666641
0.637577
0.637577
0.558118
0.695324
0.560892
0.542971
0.632072
0.659485
0.609060
0.643471
0.569849
0.542527
0.542527
0.557595
0.574045
0.525664
0.540764
0.545692
0.660263
0.627416
0.605314
0.580521
0.515656
0.515656
0.509978
0.534211
0.619848
0.636338
0.643020
0.611610
0.609642
0.668427
0.631392
0.636284
0.636284
0.572700
0.667988
0.724666
0.736761
0.620141
0.461174
0.466114
0.504746
0.561319
0.642462
0.642462
0.582744
0.647891
0.534748
0.596568
0.624874
0.674359
0.679524
0.708843
0.674319
0.691763
0.691763
0.627082
0.687591
0.695595
0.685064
0.698299
0.612632
0.668021
0.701543
0.697248
0.727571
0.727571
0.730943
0.750772
0.708408
0.710467
0.596924
0.639240
0.552091
0.608490
0.571702
0.522450
0.522450
0.565648
0.583278
0.658060
0.670257
0.699836
0.739377
0.738562
0.728047
0.718508
0.672534
0.672534
0.629218
0.692626
0.608188
0.622654
0.648862
0.644515
0.709654
0.740548
0.685838
0.698778
0.698778
0.641169
0.570503
0.605326
0.627725
0.704883
0.715830
0.687494
0.670971
0.686811
0.662128
0.662128
0.605766
0.616541
0.696188
0.671894
0.613924
0.673971
0.616471
0.524786
0.629421
0.561626
0.561626
0.533932
0.660531
0.685320
0.725677
0.713858
0.737982
0.733166
0.760279
0.778764
0.788955
0.788955
0.782608
0.751467
0.767929
0.763914
0.773865
0.704573
0.774509
0.783709
0.791675
0.710679
0.710679
0.740658
0.744807
0.725677
0.756524
0.603498
0.778620
0.768499
0.772283
0.751555
0.693372
0.693372
0.787798
0.767256
0.707955
0.725259
0.772276
0.731265
0.706604
0.752103
0.760436
0.766107
0.766107
0.796219
0.771237
0.766436
0.766606
0.687718
0.675770
0.747162
0.789652
0.787720
0.754981
0.754981
0.738870
0.723795
0.700877
0.743936
0.740047
0.754453
0.804068
0.711557
0.624971
0.598511
0.598511
0.728082
0.737008
0.675856
0.709313
0.679582
0.695482
0.611600
0.532588
0.602670
0.760487
0.760487
0.620698
0.629717
0.647634
0.698828
0.736398
0.657770
0.776924
0.773319
0.712231
0.693717
0.693717
0.701547
0.661832
0.763624
0.676399
0.707004
0.770597
0.760096
0.782315
0.788156
0.691175
0.691175
0.531727
0.621210
0.709884
0.731420
0.730185
0.610584
0.780086
0.720126
0.726919
0.762889
0.762889
0.712239
0.693109
0.766354
0.693296
0.709052
0.667944
0.585861
0.617362
0.573152
0.539686
0.539686
0.600544
0.707952
0.721494
0.673464
0.678983
0.552145
0.740641
0.784824
0.753790
0.737076
0.737076
0.739757
0.605779
0.578476
0.656822
0.665383
0.674954
0.672289
0.735016
0.646212
0.640182
0.640182
0.692860
0.589169
0.597809
0.532122
0.664430
0.616224
0.671271
0.709790
0.687843
0.599639
0.599639
0.660667
0.497977
0.694723
0.609137
0.687827
0.726846
0.706049
0.607297
0.700591
0.670161
0.670161
0.671533
0.619488
0.562116
0.560322
0.511608
0.568568
0.627558
0.704288
0.732851
0.766741
0.766741
0.641703
0.688787
0.685269
0.647274
0.608505
0.459714
0.504068
0.422737
0.631028
0.706956
0.706956
0.658642
0.677020
0.690166
0.708934
0.636952
0.654350
0.661873
0.674228
0.664184
0.679495
0.679495
0.696238
0.713675
0.690284
0.647979
0.619355
0.597760
0.598761
0.556583
0.497044
0.584371
0.584371
0.614391
0.717286
0.642144
0.656481
0.709690
0.662746
0.662415
0.712666
0.672390
0.689725
0.689725
0.626452
0.631922
0.724782
0.657648
0.786822
0.647133
0.661551
0.707291
0.722843
0.611811
0.611811
0.635173
0.669649
0.670020
0.661939
0.674678
0.749363
0.657769
0.770800
0.768834
0.724943
0.724943
0.543204
0.707039
0.580657
0.725226
0.747198
0.724864
0.619126
0.746428
0.630079
0.667870
0.667870
0.592053
0.672476
0.715287
0.698766
0.746556
0.763498
0.759680
0.774742
0.695484
0.706351
0.706351
0.618345
0.565180
0.647099
0.658732
0.660030
0.711512
0.662213
0.581551
0.672617
0.699141
0.699141
0.731994
0.724507
0.749751
0.736729
0.721339
0.699630
0.678226
0.698426
0.756102
0.701804
0.701804
