0.010999
0.042506
0.027997
0.025018
0.048503
0.048526
0.046507
0.022999
0.028014
0.029999
0.000000
0.024001
0.035009
0.046504
0.024501
0.024506
0.026506
0.046001
0.046026
0.046505
0.023423
0.000000
0.030504
0.024001
0.030019
0.024001
0.039504
0.024011
0.027001
0.049008
0.035044
0.029507
0.000000
0.055078
0.048504
0.026506
0.050507
0.045509
0.046507
0.024999
0.025012
0.024000
0.046506
0.000000
0.045556
0.045002
0.025010
0.023000
0.044505
0.035011
0.046504
0.032011
0.046505
0.038502
0.000000
0.047026
0.029001
0.049009
0.030508
0.023999
0.023012
0.032507
0.035504
0.042503
0.046002
0.000000
0.030507
0.040504
0.021000
0.046010
0.045508
0.033506
0.032502
0.024998
0.023533
0.035506
0.000000
0.050506
0.024999
0.052506
0.032013
0.046503
0.023504
0.023009
0.046505
0.036016
0.046504
0.001000
0.045011
0.039507
0.027999
0.040765
0.049571
0.022007
0.024503
0.046504
0.026013
0.038071
0.000000
0.023999
0.024013
0.024000
0.028508
0.023001
0.023030
0.023506
0.046993
0.024009
0.025181
0.000000
0.048507
0.023505
0.023505
0.024000
0.023506
0.045495
0.025999
0.041560
0.027508
0.046504
0.000000
0.048505
0.046011
0.023998
0.026505
0.023000
0.047560
0.047506
0.045507
0.026000
0.023000
0.000000
0.024011
0.024502
0.027999
0.023509
0.023508
0.023505
0.045507
0.045417
0.023000
0.022505
0.001000
0.046504
0.035509
0.030506
0.047505
0.035737
0.045503
0.023000
0.023537
0.051505
0.045517
0.001000
0.025000
0.024507
0.046011
0.034506
0.047072
0.047579
0.041821
0.023510
0.046504
0.046011
0.000000
0.022503
0.023000
0.022507
0.048501
0.045503
0.037507
0.024000
0.046009
0.036505
0.045830
0.000000
0.024000
0.041970
0.024013
0.024000
0.022505
0.022001
0.023013
0.023000
0.048505
0.046007
0.000000
0.023506
0.030508
0.049505
0.026511
0.026507
0.024997
0.022507
0.022000
0.030011
0.047504
0.000000
0.045012
0.025001
0.042506
0.023539
0.046507
0.030508
0.022139
0.032501
0.023999
0.024623
0.001000
0.023999
0.028506
0.025505
0.023505
0.023503
0.038510
0.042060
0.040504
0.022503
0.039506
0.000000
0.046507
0.030505
0.025001
0.041007
0.039507
0.048051
0.022507
0.023598
0.024001
0.023635
0.000999
0.037504
0.047505
0.023506
0.023507
0.024001
0.036017
0.046507
0.024001
0.024010
0.025502
0.000000
0.024002
0.045523
0.034504
0.029503
0.023109
0.023000
0.047505
0.023374
0.022508
0.040000
0.000000
0.030211
0.048552
0.046707
0.024508
0.022999
0.044805
0.031194
0.039999
0.043422
0.048507
0.000000
0.026355
0.046280
0.048015
0.024504
0.025998
0.030776
0.047423
0.024508
0.037507
0.023000
0.000000
0.047388
0.046506
0.038450
0.044010
0.036503
0.045510
0.026507
0.027508
0.030504
0.025508
0.001003
0.024999
0.025510
0.026992
0.045515
0.027010
0.047750
0.024507
0.033606
0.043091
0.027013
0.000000
0.025001
0.028509
0.023505
0.027509
0.028506
0.022502
0.024274
0.027000
0.023504
0.025504
0.000000
0.046010
0.024000
0.028511
0.023000
0.023505
0.024000
0.046009
0.046502
0.029013
0.023505
0.000000
0.042506
0.050509
0.028506
0.021503
0.045011
0.026999
0.022507
0.052010
0.038999
0.023508
0.000000
0.023505
0.047499
0.024003
0.045504
0.025015
0.046506
0.026000
0.041015
0.027507
0.046014
0.000000
0.046504
0.025000
0.048542
0.023506
0.046010
0.044504
0.024510
0.045506
0.025508
0.029507
0.000000
0.028000
0.023507
0.026507
0.045016
0.032991
0.048012
0.031356
0.024029
0.031582
0.022505
0.000000
0.027503
0.045009
0.046506
0.027887
0.046497
0.045016
0.045504
0.046009
0.026002
0.023507
0.000000
0.027512
0.023505
0.045506
0.048535
0.046504
0.026507
0.023507
0.030505
0.048016
0.023505
0.000000
0.046000
0.035524
0.041505
0.048921
0.029506
0.029504
0.049514
0.029516
0.024504
0.047009
0.000000
0.041510
0.022506
0.046505
0.031506
0.023785
0.038505
0.023504
0.024506
0.024506
0.024000
0.000000
0.046014
0.023998
0.049548
0.022327
0.023507
0.033504
0.023025
0.023504
0.031506
0.045011
0.000000
0.023999
0.030506
0.023511
0.046495
0.024506
0.024044
0.030906
0.023424
0.023508
0.036581
0.000000
0.047011
0.040506
0.023999
0.025509
0.023505
0.037504
0.024508
0.026507
0.034506
0.046008
0.000000
0.029505
0.028999
0.024011
0.023000
0.024057
0.024000
0.024544
0.050506
0.025504
0.023506
0.000000
0.036507
0.043014
0.036504
0.050504
0.039507
0.046506
0.025509
0.023504
0.045499
0.033506
0.001003
0.024504
0.025502
0.022506
0.027502
0.046499
0.036011
0.031002
0.024505
0.039507
0.026003
0.000000
0.023504
0.024505
0.030508
0.050013
0.036504
0.024999
0.039527
0.037505
0.025506
0.032505
0.000000
0.042402
0.047539
0.028507
0.023000
0.047009
0.038506
0.026010
0.026000
0.026578
0.022504
0.000000
0.023598
0.048013
0.025508
0.047013
0.044508
0.046007
0.024999
0.045015
0.028506
0.029507
0.000000
0.041011
0.039998
0.021508
0.022000
0.024503
0.023000
0.025010
0.046507
0.023505
0.045506
0.000999
0.046504
0.030766
0.022661
0.045506
0.047008
0.046000
0.048010
0.023001
0.047539
0.031504
0.000000
0.046010
0.044504
0.023000
0.045007
0.023504
0.051013
0.045506
0.044508
0.024002
0.023507
0.000000
0.023000
0.036010
0.041505
0.034009
0.045496
0.045628
0.035505
0.023000
0.047982
0.023505
0.000000
0.045505
0.046734
0.025000
0.028508
0.047776
0.047797
0.023919
0.024489
0.025001
0.025011
0.001000
0.042752
0.047015
0.047552
0.045013
0.046504
0.047016
0.048707
0.028000
