1.000000
0.805566
0.813982
0.734020
0.747439
0.782530
0.748655
0.854847
0.797723
0.753386
0.753386
0.629141
0.831415
0.732783
0.739320
0.741959
0.692261
0.713327
0.853154
0.748266
0.682020
0.682020
0.639999
0.672370
0.796674
0.779003
0.622935
0.670761
0.795218
0.767001
0.708464
0.857438
0.857438
0.642882
0.785296
0.716287
0.768676
0.640575
0.760638
0.642038
0.809507
0.574362
0.751507
0.751507
0.699118
0.798649
0.763853
0.742880
0.756774
0.857765
0.812651
0.764093
0.732004
0.767099
0.767099
0.829954
0.667466
0.788208
0.613864
0.714022
0.708442
0.768322
0.804512
0.761365
0.748414
0.748414
0.711243
0.806481
0.738333
0.646926
0.794677
0.655472
0.752376
0.826131
0.736657
0.778769
0.778769
0.778804
0.773203
0.718974
0.715241
0.698432
0.775767
0.756084
0.635772
0.763075
0.669493
0.669493
0.653519
0.761450
0.727440
0.621705
0.735874
0.676008
0.833489
0.726326
0.816662
0.780601
0.780601
0.783617
0.741799
0.654719
0.735390
0.736451
0.560800
0.634757
0.638018
0.672317
0.777568
0.777568
0.821030
0.799190
0.737846
0.658545
0.728460
0.692917
0.594637
0.541999
0.702951
0.769337
0.769337
0.727104
0.800184
0.696448
0.731291
0.747196
0.653169
0.687766
0.756312
0.736899
0.747763
0.747763
0.782253
0.773229
0.751475
0.637377
0.782585
0.779854
0.735543
0.696110
0.775102
0.815685
0.815685
0.812346
0.788407
0.391285
0.710763
0.731223
0.802935
0.689472
0.613104
0.713223
0.747676
0.747676
0.868459
0.680956
0.770146
0.824890
0.573566
0.773444
0.689578
0.608940
0.818862
0.661593
0.661593
0.755706
0.615888
0.804307
0.808590
0.709010
0.804880
0.805948
0.695476
0.740712
0.793760
0.793760
0.768275
0.635699
0.776233
0.791900
0.856345
0.596369
0.733508
0.821412
0.737740
0.626526
0.626526
0.750596
0.671381
0.702087
0.683812
0.782334
0.748525
0.730267
0.746572
0.798089
0.738045
0.738045
0.753186
0.710189
0.655563
0.794395
0.703142
0.716247
0.865270
0.831568
0.685336
0.782327
0.782327
0.804225
0.667262
0.725355
0.690235
0.836835
0.817832
0.667846
0.808442
0.760141
0.765178
0.765178
0.754562
0.742236
0.787749
0.708678
0.772140
0.772229
0.673031
0.605967
0.743076
0.806824
0.806824
0.681947
0.644250
0.689202
0.824337
0.811239
0.749403
0.731924
0.737310
0.805310
0.713868
0.713868
0.658327
0.725818
0.671966
0.746280
0.836111
0.869590
0.619013
0.599677
0.641839
0.656434
0.656434
0.793987
0.790298
0.727445
0.762010
0.649041
0.750491
0.791792
0.772162
0.753426
0.825211
0.825211
0.731601
0.763199
0.767817
0.736114
0.751083
0.727543
0.813248
0.715127
0.584964
0.630785
0.630785
0.754958
0.827422
0.790142
0.645249
0.644488
0.654686
0.727851
0.776791
0.775464
0.762225
0.762225
0.656003
0.679519
0.705862
0.779100
0.736189
0.788424
0.769575
0.706997
0.799933
0.710464
0.710464
0.760450
0.616677
0.753907
0.753151
0.777470
0.701525
0.711554
0.670515
0.700530
0.680476
0.680476
0.750032
0.766357
0.653418
0.751531
0.696686
0.691677
0.750620
0.683125
0.634074
0.687146
0.687146
0.751000
0.630999
0.695467
0.794527
0.717981
0.726129
0.760673
0.763117
0.754771
0.796667
0.796667
0.733329
0.588499
0.772137
0.636657
0.726864
0.670845
0.630195
0.721159
0.624873
0.641002
0.641002
0.741668
0.798483
0.716824
0.714925
0.713728
0.779707
0.733627
0.634687
0.629509
0.624701
0.624701
0.697689
0.684489
0.766163
0.646797
0.684898
