1.000000
0.833332
0.795089
0.798844
0.798093
0.765532
0.812084
0.720189
0.805785
0.781064
0.781064
0.585026
0.731940
0.761958
0.742497
0.797357
0.769309
0.804701
0.788038
0.754345
0.735043
0.735043
0.748501
0.787382
0.764942
0.730310
0.755278
0.751385
0.770394
0.652283
0.623529
0.712587
0.712587
0.616827
0.654409
0.694396
0.722269
0.763949
0.622834
0.529975
0.483024
0.614915
0.713811
0.713811
0.616348
0.781621
0.730683
0.747969
0.773974
0.737262
0.674590
0.705553
0.636873
0.744067
0.744067
0.696177
0.714689
0.689994
0.747005
0.730102
0.588672
0.680668
0.724219
0.744082
0.721026
0.721026
0.655135
0.682144
0.692839
0.607008
0.767505
0.755075
0.708474
0.615995
0.741620
0.761489
0.761489
0.561440
0.721705
0.698621
0.738015
0.642541
0.694416
0.675339
0.695666
0.612223
0.685609
0.685609
0.667812
0.637287
0.780200
0.765861
0.589530
0.595234
0.755785
0.763728
0.605176
0.741812
0.741812
0.634884
0.563037
0.682486
0.675589
0.599389
0.754688
0.680721
0.589883
0.603179
0.586731
0.586731
0.702588
0.633874
0.659557
0.585135
0.636052
0.596354
0.614662
0.642260
0.754786
0.606995
