0.326966
0.038141
0.039124
0.035854
0.035393
0.033958
0.035353
0.033938
0.035309
0.035801
0.035287
0.032978
0.035541
0.033324
0.032758
0.033281
0.035841
0.033334
0.034690
0.033857
0.036599
0.028735
0.029032
0.029226
0.029412
0.062682
0.031582
0.034801
0.028558
0.033523
0.037984
0.035515
0.029840
0.033973
0.033114
0.034686
0.033897
0.033661
0.028141
0.028654
0.035671
0.034243
0.036422
0.035118
0.037914
0.032971
0.028426
0.033308
0.033189
0.033492
0.066041
0.035319
0.036118
0.034640
0.035668
0.035222
0.034531
0.036056
0.029038
0.034995
0.034433
0.028433
0.030226
0.034305
0.029607
0.034640
0.029118
0.033955
0.029006
0.033648
0.034872
0.034149
0.035435
0.034059
0.028217
0.066082
0.035615
0.036319
0.035011
0.035601
0.034494
0.028320
0.036217
0.030472
0.034455
0.037020
0.034266
0.033497
0.036932
0.034299
0.037024
0.036630
0.034432
0.036514
0.034270
0.035326
0.033791
0.035017
0.034224
0.028390
0.066558
0.039935
0.035299
0.039673
0.036444
0.037111
0.038033
0.035014
0.035585
0.038502
0.031750
0.034797
0.039082
0.035172
0.037167
0.036412
0.039084
0.037791
0.041456
0.037269
0.035785
0.037383
0.041851
0.036458
0.036793
0.068177
0.040175
0.036149
0.037270
0.037798
0.041245
0.038615
0.032115
0.040163
0.032608
0.037329
0.037961
0.035595
0.040978
0.040173
0.040898
0.038352
0.038164
0.037514
0.037813
0.037918
0.038782
0.038006
0.037374
0.040706
0.066719
0.040360
0.039233
0.037345
0.037270
0.037104
0.038018
0.039042
0.040841
0.041872
0.040290
0.038867
0.037733
0.037185
0.040487
0.040260
0.039653
0.039901
0.038116
0.036856
0.032321
0.039440
0.037725
0.038212
0.038991
0.070159
0.041418
0.038879
0.037695
0.040133
0.038848
0.037544
0.039052
0.037745
0.039453
0.039426
0.038751
0.040558
0.038068
0.038840
0.034170
0.037318
0.037963
0.039643
0.037463
0.033881
0.038668
0.038818
0.038414
0.036214
0.071078
0.037673
0.039623
0.037158
0.042672
0.038037
0.036901
0.040371
0.038127
0.037707
0.038458
0.037964
0.039420
0.037982
0.037997
0.041596
0.038016
0.038146
0.038921
0.037946
0.038233
0.035321
0.038624
0.043198
0.032480
0.069284
0.041044
0.040882
0.042247
0.039922
0.041156
0.042913
0.039667
0.040652
0.040725
0.040220
0.043811
0.043088
0.039271
0.041173
0.039312
0.036187
0.039233
0.040964
0.043854
0.041722
0.040533
0.035026
0.043331
0.042039
0.073124
0.040556
0.048006
0.048662
0.057325
0.048996
0.046689
0.042470
0.041377
0.042531
0.039574
0.041756
0.043732
0.036053
0.044410
0.041680
0.041806
0.039606
0.040298
0.041634
0.041991
0.042818
0.042744
0.040961
0.040524
0.072992
0.039717
0.039025
0.040919
0.044327
0.051240
0.046792
0.038757
0.043615
0.042008
0.039024
0.042119
0.043337
0.042218
0.042041
0.039819
0.042037
0.040684
0.043142
0.041469
0.037241
0.044977
0.041511
0.041371
0.044648
0.075133
0.044264
0.040879
0.041563
0.043590
0.043315
0.039259
0.042339
0.040383
0.041242
0.043612
0.041132
0.036936
0.040740
0.039994
0.042755
0.040134
0.038927
0.041207
0.043746
0.041392
0.040279
0.041932
0.039319
0.039399
0.072461
0.039736
0.040859
0.041507
0.040415
0.046653
0.040179
0.042037
0.040117
0.043892
0.041775
0.040688
0.041344
0.040618
0.040777
0.039079
0.040523
0.041857
0.045592
0.040781
0.040731
0.041048
0.040466
0.046115
0.041414
0.073771
0.041704
0.035899
0.042361
0.037928
0.040681
0.042170
0.041479
0.041541
0.040502
0.040524
0.039617
0.040358
0.041244
0.042785
0.042275
0.041884
0.042397
0.042359
0.044413
0.042320
0.041508
0.042402
0.040736
0.045149
0.076528
0.044170
0.046169
0.042925
0.041775
0.039206
0.044016
0.041618
0.042065
0.041676
0.040801
0.040911
0.041217
0.039799
0.041504
0.040477
0.036648
0.040637
0.042104
0.040409
0.041182
0.041414
0.035909
0.041299
0.043641
0.074929
0.037061
0.041722
0.039836
0.039909
0.040654
0.041992
0.039616
0.042782
0.045201
0.042960
0.040637
0.036448
0.039252
0.040837
0.043139
0.036515
0.041134
0.040255
0.043003
0.041207
0.035494
0.036432
0.040765
0.044744
0.078543
0.042694
0.042151
0.039939
0.045209
0.040877
0.039281
0.040552
0.042803
0.041623
0.041019
0.036083
0.040629
0.040865
0.041378
0.044801
0.043916
0.044115
0.043667
0.039897
0.046442
0.039741
0.042047
0.038465
0.038332
0.084842
0.045982
0.045421
0.046089
0.043150
0.049574
0.039883
0.043770
0.038934
0.046195
0.045823
0.044565
0.044064
0.042826
0.044776
0.043404
0.043665
0.041465
0.045169
0.044155
0.043519
0.046247
0.042280
0.043674
0.046179
0.080425
0.045366
0.043241
0.045537
0.043185
0.043883
0.040448
0.043354
0.048748
0.042076
0.046732
0.039436
0.045635
0.046362
0.044276
0.043292
0.045080
0.044556
0.043555
0.044937
0.045159
0.044188
0.043319
0.047540
0.045001
0.069803
0.036646
0.040586
0.038932
0.040071
0.043736
0.041029
0.044286
0.041084
0.042579
0.041208
0.040819
0.043370
0.040374
0.041230
0.047291
0.041605
0.041043
0.041828
0.040614
0.045639
0.041773
0.040849
0.035977
0.040916
0.081900
0.040396
0.043376
0.041586
0.039221
0.040649
0.040351
0.043299
0.047070
0.041002
0.042046
0.040502
0.042058
0.040768
0.036933
0.041316
0.040564
0.040566
0.040742
0.043110
0.041215
0.042024
0.036057
0.041886
0.040938
0.077374
0.035887
0.041084
0.034636
0.044637
0.040748
0.039790
0.038656
0.041299
0.047314
0.043572
0.041210
0.041025
0.047316
0.043009
0.039995
0.038626
0.036782
0.039739
0.035233
0.036622
0.035450
0.044833
0.042051
0.040874
0.077425
0.040775
0.039664
0.035888
0.041006
0.041313
0.040853
0.045748
0.046384
0.046885
0.050350
0.040367
0.044840
0.042555
0.035106
0.042371
0.041164
0.042364
0.042982
0.039606
0.043494
0.039302
0.043879
0.039424
0.039820
0.073235
0.041878
0.048814
0.041180
0.041593
0.036894
0.038970
0.041889
0.039380
0.042688
0.038891
0.050559
0.041782
0.040220
0.042594
0.040208
0.041886
0.036956
0.041601
0.041474
0.034746
0.040787
0.040637
0.041276
0.039340
0.077807
0.041821
0.036108
0.045444
0.040166
0.039141
0.039110
0.041663
0.046996
0.042759
0.039361
0.040475
0.046259
0.040298
0.040065
0.039614
0.038898
0.039550
0.042218
0.040412
0.040890
0.040626
0.040311
0.045809
0.041245
0.072047
0.040730
0.042447
0.040148
0.047234
0.041422
0.047841
0.041965
0.039688
0.043895
0.042223
0.041744
0.044006
0.041877
0.040847
0.039082
0.040539
0.042222
0.040902
0.040518
0.040333
0.041345
0.044855
0.042286
0.040763
0.074909
0.041618
0.043237
0.041409
0.035986
0.041565
0.043050
0.040742
0.041709
0.040897
0.040292
0.040759
0.040179
0.040832
0.043623
0.039303
0.040872
0.043611
0.039765
0.040943
0.043766
0.041911
0.041904
0.041222
0.039738
0.080549
0.036245
0.036872
0.036133
0.040730
0.042943
0.034666
0.040037
0.039606
0.039685
0.041658
0.037002
0.040275
0.038906
0.034170
0.043475
0.040793
0.039753
0.037757
0.040863
0.042209
0.040370
0.039244
0.037799
0.040128
0.076710
0.037145
0.042700
0.042160
0.038916
0.040634
0.047527
0.039851
0.039399
0.041543
0.041233
0.040597
0.045515
0.042522
0.042433
0.045001
0.043002
0.047487
0.043348
0.044012
0.039351
0.038063
0.048004
0.040400
0.042191
0.076103
0.040047
0.041645
0.039644
0.040905
0.041969
0.042670
0.039888
0.043651
0.041863
0.043492
0.041751
0.041734
0.042149
0.040984
0.047456
0.041946
0.042876
0.041901
0.042723
0.036591
0.039500
0.035277
0.042896
0.041164
0.074554
0.042426
0.039053
0.041665
0.041990
0.040905
0.040967
0.044297
0.042522
0.040647
0.040684
0.040140
0.044565
0.041694
0.041269
0.042492
0.046808
0.042542
0.040864
0.042102
0.042091
0.040782
0.041436
0.044247
0.041587
0.072228
0.036848
0.041056
0.040615
0.040678
0.042052
0.041106
0.041970
0.042562
0.041378
0.044754
0.042992
0.040893
0.046542
0.039521
0.041657
0.043719
0.042339
0.040931
0.039000
0.043412
0.035001
0.034600
0.039155
0.040272
0.072907
0.041420
0.039441
0.040813
0.044347
0.041656
0.041976
0.040049
0.041405
0.043439
0.040076
0.039693
0.043967
0.042769
0.040148
0.039567
0.040691
0.043454
0.043329
0.041055
0.044562
0.042352
0.041538
0.041168
0.042688
0.075401
0.043803
0.040727
0.044600
0.042053
0.042188
0.041681
0.041825
0.040935
0.041404
0.036358
0.039653
0.040227
0.041152
0.036888
0.040900
0.039546
0.044674
0.048207
0.041257
0.040532
0.039713
0.042195
0.040223
0.039683
0.073348
0.036176
0.036566
0.041373
0.040303
0.043698
0.040156
0.034018
0.041177
0.040434
0.041779
0.042609
0.044467
0.035147
0.045183
0.041874
0.040935
0.043237
0.041173
0.048981
0.043581
0.041137
0.041185
0.041042
0.042117
0.073638
0.041472
0.040650
0.035098
0.040009
0.039294
0.040256
0.041067
0.035685
0.040410
0.040149
0.048280
0.040814
0.041000
0.040847
0.043905
0.036994
0.039998
0.042176
0.041281
0.040757
0.041808
0.040504
0.034481
0.040520
0.068285
0.035600
0.041351
0.040639
0.040362
0.034866
0.040815
0.035112
0.041119
0.042446
0.041036
0.041647
0.044459
0.035355
0.043675
0.040895
0.044691
0.046140
0.045714
0.054892
0.048776
0.045913
0.044770
0.045051
0.043077
0.066535
0.043481
0.041564
0.040624
0.040796
0.043359
0.040890
0.043329
0.043244
0.041946
0.043096
0.041523
0.042487
0.040763
0.037052
0.040897
0.042112
0.039703
0.036710
0.045275
0.041715
0.041155
0.042498
0.041839
0.041176
0.074312
0.038919
0.041048
0.041345
0.039217
0.038970
0.038707
0.043567
0.041065
0.039851
0.041612
0.039265
0.041624
0.034113
0.038775
0.040028
0.041643
0.041786
0.039264
0.040114
0.041427
0.045483
0.041205
0.045679
0.036811
0.072569
0.039755
0.041993
0.041116
0.044497
0.041167
0.041187
0.045513
0.044272
0.039752
0.040898
0.040446
0.048578
0.041179
0.041423
0.039454
0.038980
0.041552
0.042022
0.047602
0.039800
0.042358
0.040452
0.043641
0.040244
0.077129
0.040211
0.043271
0.042304
0.041478
0.040951
0.039733
0.041205
0.040058
0.041193
0.043367
0.039697
0.042086
0.046278
0.041548
0.038821
0.040576
0.041059
0.040515
0.042669
0.040756
0.042777
0.041142
0.040635
0.040246
0.071723
0.038874
0.038889
0.040378
0.040095
0.041451
0.041175
0.035579
0.040446
0.034819
0.041086
0.042251
0.040259
0.037465
0.044970
0.040906
0.040886
0.039248
0.042268
0.041723
0.046261
0.039795
0.039484
0.043982
0.039797
0.071799
0.035802
0.041189
0.040194
0.039971
0.039649
0.040690
0.041720
0.041260
0.041222
0.040794
0.042257
0.039403
0.041803
0.041134
0.045579
0.042703
0.040946
0.043326
0.042697
0.042942
0.034837
0.037618
0.041173
0.041850
0.072668
0.039428
0.039840
0.041365
0.039301
0.039928
0.036381
0.040651
0.039387
0.040567
0.039597
0.042960
0.046121
0.040154
0.043859
0.041811
0.045825
0.042525
0.044268
0.041508
0.041388
0.043398
0.039376
0.041130
0.043342
0.079986
0.040959
0.039874
0.036839
0.041681
0.041117
0.040605
0.040713
0.041619
0.041137
0.043740
0.046165
0.044247
0.036502
0.041807
0.041528
0.041931
0.045906
0.040840
0.042126
0.043188
0.042179
0.035302
0.042409
0.044690
0.080171
0.045510
0.040727
0.041217
0.035453
0.039909
0.042476
0.042222
0.039788
0.041003
0.040797
0.041316
0.039806
0.039615
0.041668
0.043849
0.045375
0.043434
0.041226
0.041410
0.041878
0.041300
0.041716
0.041518
0.041207
0.076588
0.043632
0.043742
0.041777
0.038859
0.043622
0.035811
0.044219
0.035944
0.034545
0.041340
0.043592
0.040732
0.043772
0.041758
0.039196
0.040771
0.041214
0.044763
0.039764
0.042695
0.040559
0.040306
0.034398
0.041276
0.070488
0.047729
0.042383
0.040848
0.040238
0.039478
0.040520
0.040527
0.042488
0.042393
0.042557
0.044108
0.038844
0.041349
0.042788
0.038777
0.040337
0.040106
0.039060
0.033706
0.042133
0.039850
0.043540
0.039305
0.041710
0.067871
0.043075
0.043476
0.044337
0.045387
0.040252
0.038719
0.037398
0.035670
0.042866
0.042001
0.040973
0.042067
0.039976
0.041389
0.039451
0.034797
0.035704
0.041970
0.041744
0.040344
0.042410
0.040495
0.039094
0.040073
0.071323
0.039350
0.039725
0.040620
0.039838
0.043228
0.042951
0.041007
0.043106
0.040768
0.036287
0.040634
0.038964
0.042617
0.041899
0.041424
0.040361
0.040028
0.042208
0.039434
0.041210
0.037183
0.040724
0.045800
0.040385
0.073064
0.041608
0.041077
0.039037
0.041371
0.039582
0.047105
0.042519
0.041728
0.044498
0.036091
0.034338
0.039405
0.041401
0.046498
0.043671
0.041518
0.044736
0.036034
0.039371
0.039822
0.040539
0.040530
0.040944
0.044701
0.072387
0.043571
0.044799
0.041346
0.042512
0.040610
0.043559
0.042795
0.034180
0.034580
0.042185
0.038921
0.039979
0.035135
0.042077
0.042594
0.043298
0.042268
0.041109
0.043012
0.042529
0.041280
0.038249
0.040495
0.041981
0.078081
0.041601
0.040269
0.039675
0.044803
0.041500
0.043682
0.045994
0.050086
0.040408
0.039410
0.040837
0.042439
0.043475
0.039418
0.040112
0.042304
0.040750
0.039130
0.040167
0.039914
0.040370
0.041995
0.041068
0.035853
0.078635
0.037299
0.044603
0.039948
0.042818
0.041113
0.043456
0.040661
0.040012
0.048031
0.043180
0.040906
0.040961
0.040861
0.039858
0.040946
0.041319
0.044009
0.039087
0.039797
0.039458
0.039934
0.041313
0.042683
0.039683
0.072965
0.044110
0.040338
0.042405
0.042610
0.039003
0.043921
0.042130
0.038933
0.040588
0.042714
0.041478
0.048579
0.040319
0.045248
0.040105
0.039969
0.041507
0.041414
0.041548
0.043442
0.042154
0.039870
0.041933
0.041348
0.074751
0.045482
0.041094
0.039416
0.037823
0.038011
0.037199
0.039916
0.038516
0.037959
0.040570
0.038134
0.033583
0.038585
0.032277
0.032047
0.039169
0.038518
0.039093
0.039630
0.039977
0.038445
0.039472
0.040455
0.037156
0.071873
0.041817
0.038380
0.039775
0.044488
0.038951
0.038426
0.037147
0.037415
0.040716
0.038857
0.037248
0.038465
0.045796
0.044628
0.038542
0.039403
0.037765
0.041445
0.037799
0.038089
0.039168
0.037920
0.041896
0.033961
0.073176
0.041271
0.041435
0.038813
0.041008
0.041950
0.047281
0.039637
0.039513
0.037338
0.036541
0.039062
0.036053
0.041784
0.038941
0.038425
0.039430
0.040716
0.041226
0.038565
0.041346
0.039872
0.038584
0.038107
0.039769
0.070725
0.039428
0.041627
0.042297
0.039796
0.041196
0.038419
0.040711
0.041822
0.038836
0.036813
0.040747
0.040475
0.039016
0.038573
0.038543
0.038568
0.039486
0.038505
0.036943
0.035629
0.041596
0.038088
0.038710
0.037269
0.070292
0.041972
0.038873
0.038252
0.037153
0.035703
0.040509
0.037952
0.039093
0.038368
0.040484
0.039124
0.039074
0.039263
0.038722
0.038991
0.039246
0.038965
0.040151
0.047177
0.038787
0.038745
0.039249
0.037848
0.038367
0.070976
0.039441
0.037603
0.039998
0.041902
0.038901
0.039708
0.039231
0.037755
0.041179
0.041263
0.041513
0.035558
0.041948
0.040773
0.041924
0.041434
0.039062
0.038362
0.038519
0.038485
0.038903
0.040061
0.032965
0.038812
0.075896
0.040708
0.040451
0.037719
0.037924
0.039517
0.038240
0.036803
0.041126
0.043098
0.041627
0.041018
0.038930
0.045547
0.042335
0.042146
0.044427
0.043864
0.041027
0.036319
0.041958
0.036515
0.041083
0.044044
0.041510
0.073622
0.043159
0.041067
0.040195
0.039024
0.041410
0.041020
0.040669
0.035890
0.040951
0.039806
0.038441
0.041451
0.041842
0.039386
0.043016
0.042584
0.038668
0.040498
0.038807
0.042020
0.034698
0.038565
0.036273
0.039732
0.078826
0.041639
0.035025
0.035199
0.041835
0.036016
0.043094
0.043690
0.039936
0.040466
0.042657
0.040226
0.040816
0.039131
0.040039
0.044556
0.045327
0.046970
0.041759
0.038943
0.040945
0.044039
0.040817
0.041020
0.041559
0.076371
0.045332
0.039254
0.046176
0.041669
0.045189
0.040830
0.039015
0.040655
0.040089
0.035952
0.035934
0.041133
0.041273
0.040858
0.041449
0.039790
0.042104
0.041151
0.045587
0.040490
0.039403
0.042679
0.040180
0.041010
0.066450
0.046073
0.035374
0.033883
0.040789
0.041173
0.040620
0.043752
0.041920
0.040896
0.043341
0.042221
0.041419
0.037855
0.034955
0.043437
0.041125
0.040112
0.043004
0.044747
0.041877
0.040011
0.046646
0.044933
0.042388
0.072406
0.039968
0.044792
0.040711
0.043539
0.044313
0.040654
0.040406
0.044118
0.042248
0.042109
0.043162
0.042729
0.041418
0.041298
0.044489
0.041605
0.043201
0.040895
0.045949
0.043020
0.038932
0.041724
0.039192
0.041284
0.073557
0.041526
0.047935
0.034145
0.046574
0.039252
0.040059
0.040433
0.040317
0.038723
0.045364
0.041926
0.039859
0.042712
0.041058
0.043116
0.042653
0.042240
0.043819
0.040455
0.044261
0.040533
0.043388
0.044965
0.035976
0.069559
0.037499
0.042266
0.045646
0.035944
0.044098
0.036811
0.039898
0.041781
0.042120
0.044667
0.035971
0.042960
0.041935
0.043149
0.043332
0.039882
0.040263
0.034782
0.039294
0.040031
0.047250
0.041724
0.036241
0.042261
0.072947
0.038916
0.045804
0.043676
0.043354
0.045907
0.041467
0.041809
0.040132
0.042289
0.046546
0.042428
0.044176
0.041031
0.043313
0.047957
0.042922
0.041357
0.041224
0.045775
0.044511
0.045915
0.046687
0.045925
0.046890
0.077847
0.040878
0.043023
0.043875
0.044017
0.045509
0.044575
0.042827
0.045057
0.043709
0.043686
0.043419
0.042826
0.039912
0.043775
0.042110
0.043792
0.043442
0.046553
0.042497
0.043712
0.049794
0.042876
0.044476
0.045336
0.078855
0.044834
0.039171
0.055037
0.043742
0.043117
0.046519
0.047286
0.042165
0.040789
0.044111
0.042392
0.044093
0.040658
0.047530
0.044374
0.043582
0.042191
0.048262
0.043101
0.054266
0.044288
0.047913
0.045197
0.044233
0.075682
0.044888
0.050083
0.043859
0.045902
0.043426
0.048102
0.044718
0.044262
0.042292
0.044666
0.051106
0.044664
0.043313
0.042319
0.047025
0.042708
0.045340
0.043185
0.045642
0.041904
0.044688
0.045924
0.042101
0.038202
0.077636
0.047830
0.044723
0.045010
0.045768
0.041115
0.038216
0.044345
0.046444
0.043602
0.043642
0.047409
0.049267
0.046434
0.043835
0.043811
0.044415
0.043773
0.042591
0.044181
0.044728
0.044427
0.043729
0.043396
0.038851
0.087419
0.045651
0.045288
0.036478
0.040700
0.041862
0.040444
0.044074
0.040635
0.040228
0.042854
0.047973
0.042441
0.044475
0.051860
0.046186
0.047207
0.054166
0.044909
0.041281
0.041745
0.040344
0.040211
0.040692
0.039721
0.077466
0.041857
0.039034
0.038570
0.038919
0.040142
0.040694
0.038803
0.034348
0.038513
0.036413
0.038239
0.038989
0.038345
0.040540
0.038910
0.034217
0.033657
0.040904
0.041111
0.042320
0.037428
0.034732
0.040095
0.038490
0.073595
0.036833
0.037688
0.041207
0.042496
0.040111
0.038345
0.038456
0.038675
0.039748
0.039517
0.039984
0.035089
0.037710
0.040685
0.041326
0.038165
0.039332
0.037370
0.040061
0.041400
0.037375
0.044399
0.037975
0.037947
0.066878
0.039505
0.042481
0.040144
0.038465
0.038079
0.038833
0.037229
0.039510
0.039596
0.038270
0.042395
0.046487
0.033909
0.038880
0.040063
0.037683
0.042632
0.041055
0.039335
0.038064
0.042657
0.039577
0.037530
0.047408
0.070406
0.040668
0.038375
0.038637
0.037154
0.038217
0.037866
0.041178
0.038319
0.041691
0.038674
0.037554
0.040003
0.037058
0.039860
0.039181
0.038512
0.041785
0.040140
0.038450
0.038348
0.037377
0.037341
0.042915
0.039321
0.072427
0.038053
0.037734
0.040390
0.041469
0.038743
0.043087
0.039353
0.040596
0.045815
0.038268
0.041654
0.038188
0.038487
0.039439
0.039582
0.042182
0.038130
0.037161
0.039317
0.037655
0.037234
0.040584
0.039605
0.041370
0.071560
0.040480
0.039584
0.039598
0.040601
0.038472
0.039053
0.038859
0.039944
0.033417
0.037052
0.039385
0.039521
0.039194
0.034328
0.042441
0.039716
0.043371
0.037579
0.033691
0.037798
0.037483
0.038740
0.037136
0.037400
0.071827
0.039339
0.039252
0.037300
0.042123
0.041110
0.035532
0.040543
0.042660
0.043616
0.037982
0.041103
0.033280
0.038544
0.038523
0.038248
0.039353
0.037137
0.037261
0.039230
0.040306
0.038098
0.032247
0.037128
0.041653
0.069810
0.038990
0.039861
0.040498
0.037222
0.032828
0.033439
0.041097
0.040090
0.033753
0.039541
0.038753
0.041043
0.039665
0.038884
0.041209
0.041249
0.042583
0.037792
0.039910
0.039891
0.037224
0.034420
0.035371
0.039185
0.073391
0.033144
0.037709
0.037788
0.040251
0.033391
0.037146
0.039426
0.039815
0.039691
0.045908
0.039079
0.044151
0.038632
0.040448
0.038850
0.040933
0.040551
0.038445
0.042090
0.037748
0.038778
0.044715
0.043215
0.044333
0.077404
0.044620
0.043979
0.043705
0.045666
0.044085
0.043442
0.043336
0.040431
0.043523
0.040042
0.046453
0.038624
0.038413
0.038258
0.037454
0.037221
0.038938
0.039047
0.041283
0.039239
0.039257
0.041079
0.037752
0.038722
0.073148
0.039388
0.042888
0.039254
0.040610
0.038562
0.041830
0.039758
0.037005
0.040946
0.031821
0.038150
0.038383
0.040669
0.037510
0.038971
0.037458
0.038128
0.033109
0.037452
0.038270
0.037694
0.039257
0.043203
0.039156
0.070463
0.045377
0.041821
0.038249
0.038931
0.038063
0.037989
0.039095
0.042231
0.038762
0.037000
0.040217
0.038715
0.036768
0.039352
0.037194
0.042062
0.041330
0.040532
0.038798
0.041123
0.040551
0.037518
0.038779
0.039125
0.074937
0.045031
0.040375
0.039279
0.039005
0.038404
0.038365
0.038771
0.040824
0.037793
0.037447
0.040512
0.040123
0.037449
0.038563
0.038882
0.043641
0.046827
0.038119
0.038809
0.043155
0.037499
0.044122
0.038680
0.037859
0.070476
0.051181
0.041111
0.039333
0.038836
0.038623
0.039133
0.038168
0.038316
0.037473
0.038909
0.041154
0.042219
0.040946
0.040294
0.040838
0.041049
0.043540
0.040885
0.046041
0.040506
0.043072
0.038908
0.040909
0.041610
0.073569
0.041156
0.037192
0.041145
0.041001
0.038798
0.036768
0.039749
0.040993
0.040656
0.036316
0.036185
0.037552
0.035935
0.043200
0.042058
0.040501
0.047558
0.042309
0.045634
0.044611
0.045462
0.042493
0.042454
0.038976
0.081873
0.042371
0.047842
0.047300
0.039284
0.043278
0.043254
0.045069
0.044851
0.041184
0.044789
0.048588
0.038273
0.042055
0.044881
0.047773
0.041578
0.045923
0.043005
0.043022
0.046432
0.043709
0.043511
0.042845
0.041209
0.078363
0.041707
0.042920
0.037600
0.041250
0.040613
0.041062
0.041219
0.041576
0.040215
0.041408
0.040982
0.042311
0.040295
0.040360
0.038964
0.039779
0.040540
0.043244
0.039517
0.041761
0.043290
0.040039
0.040394
0.040096
0.073961
0.042361
0.040176
0.040143
0.046475
0.046730
0.041698
0.046609
0.044380
0.042176
0.041795
0.045430
0.040802
0.041263
0.038984
0.039904
0.040532
0.039623
0.040383
0.042292
0.042163
0.045805
0.044262
0.044805
0.040217
0.076563
0.041868
0.041184
0.039746
0.043655
0.045315
0.041166
0.042250
0.042025
0.035455
0.041990
0.040916
0.043879
0.039265
0.040070
0.043510
0.040319
0.040684
0.041264
0.041822
0.039128
0.040187
0.043148
0.041065
0.043633
0.074800
0.046679
0.041672
0.044798
0.043136
0.046578
0.043735
0.039483
0.039003
0.042077
0.039774
0.041813
0.038971
0.040461
0.044232
0.043028
0.040952
0.041959
0.043759
0.034334
0.043268
0.041075
0.044115
0.044899
0.044403
0.073412
0.048922
0.036870
0.042734
0.039739
0.040795
0.045542
0.040644
0.040466
0.040238
0.040747
0.040563
0.033653
0.039627
0.041525
0.034890
0.039861
0.038861
0.041949
0.040808
0.040388
0.039885
0.039488
0.042470
0.048380
0.073786
0.041430
0.042558
0.040769
0.038702
0.043482
0.041471
0.045417
0.041363
0.040025
0.040235
0.033798
0.040333
0.041040
0.044792
0.039369
0.042122
0.057858
0.041428
0.045634
0.039968
0.041851
0.036640
0.040675
0.041208
0.069637
0.039288
0.035843
0.042175
0.036090
0.040784
0.042318
0.040329
0.043049
0.039475
0.039780
0.039338
0.041409
0.041261
0.043558
0.040741
0.039305
0.044575
0.039102
0.041193
0.045238
0.042487
0.053538
0.046309
0.041168
0.080462
0.042553
0.041574
0.039742
0.040314
0.039042
0.042977
0.042992
0.041017
0.039819
0.042873
0.042460
0.041019
0.040808
0.041275
0.040914
0.040385
0.039393
0.041378
0.041901
0.042894
0.037030
0.040676
0.041058
0.042038
0.076051
0.043031
0.039434
0.040508
0.042259
0.039847
0.043863
0.046187
0.041954
0.039722
0.041341
0.042741
0.040431
0.043042
0.038987
0.040393
0.042206
0.041892
0.040301
0.040531
0.039829
0.044531
0.034950
0.043176
0.039938
0.074221
0.043878
0.040532
0.041741
0.042009
0.040846
0.041206
0.040880
0.046823
0.044635
0.044417
0.044799
0.046377
0.042868
0.047175
0.041448
0.044715
0.046111
0.044908
0.043782
0.042812
0.043179
0.044107
0.042827
0.044219
0.079327
0.048205
0.042771
0.043434
0.043016
0.044966
0.042900
0.045770
0.047254
0.045961
0.042509
0.042563
0.044177
0.045799
0.042861
0.041217
0.042850
0.042985
0.045812
0.046936
0.039343
0.046823
0.044185
0.045323
0.046074
0.079916
0.038767
0.041766
0.043080
0.043664
0.043890
0.044122
0.043134
0.044494
0.043406
0.047485
0.047786
0.037179
0.042425
0.045358
0.043165
0.042358
0.043532
0.043808
0.044693
0.042801
0.044263
0.042296
0.046809
0.049058
0.079492
0.044984
0.041329
0.041951
0.045198
0.042067
0.045966
0.044743
0.046687
0.048846
0.044604
0.045344
0.046490
0.042310
0.041457
0.042728
0.047103
0.042208
0.045275
0.043179
0.045797
0.043519
0.043597
0.046842
0.045372
0.077412
0.044404
0.049127
0.043077
0.043731
0.049408
0.046190
0.046235
0.045552
0.043723
0.045085
0.043618
0.038267
0.041490
0.041499
0.047159
0.044717
0.042489
0.043339
0.044288
0.043015
0.042519
0.049422
0.045280
0.043791
0.075158
0.043784
0.042731
0.048824
0.043694
0.051995
0.046270
0.044633
0.044795
0.042730
0.045875
0.042686
0.044949
0.044186
0.043610
0.042886
0.045354
0.042462
0.042722
0.045253
0.042486
0.053543
0.041545
0.045673
0.043083
0.074191
0.050824
0.044439
0.045576
0.042274
0.043833
0.039711
0.041947
0.041450
0.045279
0.044671
0.040049
0.041180
0.043331
0.036681
0.042947
0.043035
0.041563
0.040223
0.041038
0.042119
0.047011
0.043403
0.042522
0.040410
0.071780
0.041914
0.040981
0.041684
0.046464
0.041648
0.041144
0.039184
0.042058
0.039275
0.033713
0.040525
0.041625
0.040174
0.042985
0.036957
0.041544
0.034492
0.042346
0.044383
0.042277
0.043726
0.044676
0.044237
0.041061
0.073955
0.040885
0.044576
0.041543
0.043005
0.050263
0.040015
0.040885
0.040090
0.040293
0.041677
0.043181
0.039376
0.042199
0.040371
0.039914
0.043335
0.042506
0.041599
0.039398
0.042477
0.040873
0.041232
0.045337
0.040305
0.075382
0.041640
0.040237
0.042935
0.040692
0.041254
0.046124
0.041553
0.034713
0.038991
0.040927
0.037853
0.041020
0.044280
0.043617
0.041477
0.039422
0.040660
0.044126
0.044111
0.039067
0.042048
0.044732
0.041196
0.042612
0.072428
0.035514
0.038934
0.041721
0.041118
0.041095
0.040530
0.048290
0.041793
0.041443
0.040930
0.041092
0.042629
0.041455
0.041288
0.039851
0.043020
0.040604
0.041758
0.040335
0.042031
0.045391
0.043695
0.039918
0.043486
0.072520
0.040139
0.040506
0.040302
0.040183
0.039981
0.036519
0.042173
0.046865
0.039994
0.039891
0.040475
0.040163
0.045473
0.042335
0.041460
0.041399
0.043858
0.046719
0.043132
0.040004
0.040018
0.039565
0.042924
0.042735
0.073156
0.039966
0.043816
0.045011
0.042534
0.041543
0.035563
0.041201
0.037024
0.041821
0.040549
0.041402
0.042377
0.041151
0.044515
0.040582
0.046731
0.041347
0.041230
0.040668
0.039801
0.044837
0.040763
0.040754
0.042499
0.082060
0.041006
0.040046
0.035284
0.040019
0.045600
0.035735
0.042999
0.041190
0.046083
0.039835
0.042694
0.034651
0.044087
0.043044
0.044390
0.043123
0.040858
0.040637
0.037266
0.042338
0.039522
0.041967
0.040585
0.042369
0.068091
0.045152
0.042843
0.040437
0.040868
0.041106
0.041807
0.040655
0.040620
0.040701
0.041511
0.041287
0.043137
0.042176
0.041996
0.041561
0.040425
0.041817
0.040924
0.040212
0.038972
0.040864
0.040549
0.041685
0.040434
0.079755
0.043651
0.040860
0.041164
0.040517
0.041063
0.040047
0.042306
0.041285
0.040628
0.046215
0.040882
0.040962
0.042259
0.043364
0.042328
0.040710
0.039091
0.041277
0.044253
0.041849
0.040750
0.042934
0.045243
0.044805
0.078039
0.037971
0.041331
0.043965
0.041129
0.041664
0.041425
0.041492
0.044861
0.042715
0.047116
0.042481
0.041946
0.040700
0.042207
0.045677
0.042577
0.044028
0.040949
0.040256
0.040426
0.042658
0.043949
0.042542
0.042651
0.075808
0.046745
0.043979
0.041950
0.040451
0.040266
0.043435
0.045667
0.042359
0.040577
0.046242
0.042603
0.042369
0.041751
0.039998
0.042948
0.041984
0.036121
0.041272
0.040910
0.039808
0.040091
0.041109
0.041088
0.041175
0.073495
0.042698
0.045843
0.041520
0.043162
0.041616
0.040743
0.034400
0.041159
0.043668
0.041123
0.041820
0.040779
0.041848
0.041206
0.040814
0.040103
0.042510
0.041246
0.043709
0.043044
0.035599
0.043883
0.044299
0.041822
0.074748
0.041823
0.047657
0.040482
0.041196
0.042132
0.040641
0.041239
0.040761
0.040923
0.041069
0.041477
0.041160
0.041235
0.041402
0.040072
0.037344
0.040616
0.041012
0.040506
0.036515
0.042603
0.041844
0.043878
0.040855
0.073032
0.042170
0.042054
0.045015
0.040342
0.041639
0.042287
0.040868
0.043775
0.041731
0.039408
0.040475
0.043043
0.040807
0.041204
0.040855
0.038070
0.043092
0.046393
0.042491
0.040691
0.033760
0.042737
0.041276
0.039343
0.074694
0.041711
0.041887
0.047270
0.041051
0.041030
0.039185
0.039640
0.040971
