0.334853
0.040962
0.036954
0.040334
0.039257
0.039667
0.040355
0.037108
0.037770
0.043418
0.037333
0.037831
0.041104
0.037676
0.039955
0.040014
0.037141
0.038694
0.039272
0.039013
0.041751
0.037270
0.038270
0.037396
0.038866
0.073874
0.040218
0.039029
0.041670
0.039444
0.038323
0.037123
0.037129
0.039784
0.038911
0.038531
0.041286
0.039517
0.040246
0.040699
0.037408
0.040769
0.038871
0.039087
0.039026
0.036819
0.040522
0.040638
0.037767
0.036890
0.074456
0.043995
0.038294
0.036828
0.039382
0.041024
0.037787
0.041036
0.041199
0.037214
0.038497
0.039012
0.041740
0.038328
0.037223
0.038121
0.041829
0.037367
0.041938
0.039289
0.040568
0.039132
0.038950
0.042465
0.041015
0.070576
0.040780
0.039321
0.040239
0.037884
0.037779
0.037263
0.040499
0.037211
0.039644
0.037112
0.039758
0.041319
0.037745
0.038933
0.037716
0.038054
0.042876
0.041018
0.037581
0.042555
0.039205
0.037971
0.037096
0.039582
0.072648
0.039331
0.038903
0.037880
0.038094
0.039095
0.040024
0.040355
0.040046
0.041332
0.041953
0.045933
0.043048
0.044466
0.039671
0.041921
0.041697
0.042178
0.043638
0.041531
0.038067
0.040437
0.043316
0.039399
0.043269
0.077070
0.043038
0.042363
0.043017
0.039822
0.041613
0.039295
0.039909
0.041953
0.041079
0.036301
0.044333
0.036857
0.043168
0.038883
0.040630
0.038649
0.040833
0.034447
0.041137
0.038191
0.041795
0.039199
0.041017
0.044009
0.077310
0.043439
0.039746
0.039243
0.039268
0.042424
0.040262
0.039923
0.039757
0.039596
0.044114
0.041825
0.041272
0.043335
0.043373
0.042041
0.040982
0.040069
0.041363
0.043443
0.043023
0.041087
0.040966
0.044527
0.041394
0.076991
0.041149
0.044101
0.043444
0.044602
0.042398
0.040545
0.039933
0.039649
0.039770
0.039767
0.048673
0.040920
0.042046
0.039960
0.041362
0.040910
0.040146
0.041980
0.042287
0.045871
0.042308
0.040738
0.042152
0.041447
0.077743
0.048275
0.045317
0.045934
0.043967
0.043790
0.048163
0.049307
0.049372
0.048587
0.050843
0.046741
0.050277
0.041196
0.041848
