0.364458
0.041863
0.038018
0.035609
0.035398
0.033761
0.034885
0.036176
0.036190
0.033035
0.032056
0.046069
0.039129
0.038804
0.038729
0.034269
0.039409
0.038671
0.039473
0.042612
0.038284
0.039111
0.038022
0.040810
0.038652
0.072529
0.043254
0.037183
0.037229
0.038681
0.037278
0.037883
0.039625
0.038797
0.037985
0.039896
0.038742
0.041176
0.039853
0.039867
0.041255
0.038641
0.040402
0.038111
0.038499
0.034864
0.037750
0.034261
0.037602
0.033997
0.074379
0.039052
0.042329
0.037119
0.037814
0.037627
0.039497
0.039370
0.037819
0.041904
0.037421
0.040007
0.038464
0.041337
0.039768
0.034524
0.038666
0.042306
0.040218
0.040287
0.037180
0.038497
0.041200
0.037956
0.040340
0.073931
0.039313
0.037879
0.041503
0.038744
0.038290
0.039685
0.039156
0.040190
0.038880
0.045204
0.037534
0.041214
0.037296
0.039120
0.037105
0.037055
0.037267
0.039215
0.041546
0.041559
0.038717
0.038925
0.039717
0.041844
0.074677
0.040062
0.040143
0.038937
0.042807
0.035707
0.040669
0.038537
0.043178
0.042982
0.039386
0.040249
0.044401
0.044710
0.041648
0.040976
0.040767
0.040694
0.042244
0.042179
0.041554
0.041898
0.041116
0.046914
0.041024
0.075199
0.040832
0.041633
0.042313
0.042312
0.040663
0.042711
0.040424
0.041790
0.044311
0.041645
0.043791
0.039313
0.045218
0.041363
0.041955
0.041585
0.040858
0.040723
0.039331
0.041086
0.040748
0.046334
0.042336
0.042590
0.076282
0.041450
0.039582
0.043136
0.041093
0.039761
0.041779
0.043858
0.041464
0.041607
0.040655
0.043129
0.041188
0.039823
0.047980
0.039435
0.041707
0.041905
0.040835
0.041475
0.043994
0.043037
0.040414
0.046777
0.042328
0.076341
0.041539
0.041075
0.040819
0.042370
0.040541
0.041209
0.041804
0.042577
0.041868
0.037435
0.041232
0.040080
0.044279
0.039566
0.046025
0.043485
0.042117
0.043330
0.040496
0.044314
0.044814
0.039658
0.040539
0.049377
0.082530
0.041435
0.043433
0.041288
0.050914
0.043419
0.041169
0.040892
0.039937
0.040038
0.039497
0.039459
0.039517
0.041265
0.039124
0.039616
0.043737
0.040353
0.043131
0.041188
0.043744
0.039327
0.041690
0.042195
0.042312
0.077865
0.041339
0.040759
0.042552
0.041292
0.041715
0.041219
0.040489
0.041653
0.041544
0.041797
0.044075
0.043490
0.041073
0.040765
0.041914
0.040779
0.040989
0.044033
0.044751
0.046502
0.043340
0.043766
0.047492
0.047098
0.079600
0.041502
0.040340
0.040646
0.040252
0.043709
0.040998
0.039966
0.042007
0.039802
0.041886
0.043585
0.042001
0.040266
0.045225
0.039646
0.044431
0.039457
0.046113
0.041591
0.035384
0.040952
0.040576
0.039935
0.036587
0.075135
0.040846
0.044051
0.041338
0.042157
0.041545
0.039488
0.041019
0.044230
0.044968
0.043004
0.042746
0.042520
0.042046
0.047215
0.045900
0.042542
0.039239
0.036606
0.037472
0.043178
0.039608
0.039572
0.042062
0.041565
0.075220
0.040935
0.041009
0.044717
0.040785
0.043382
0.040922
0.041786
0.046331
0.041828
0.045854
0.040541
0.043177
0.042677
0.040814
0.043286
0.040945
0.043979
0.039882
0.040123
0.040786
0.049042
0.039874
0.040657
0.040987
0.072904
0.041426
0.040183
0.041545
0.047772
0.044039
0.041276
0.040614
0.042681
0.041243
0.045940
0.044875
0.041784
0.040041
0.040882
0.044154
0.040818
0.042031
0.042930
0.040608
0.039457
0.043084
0.042627
0.040141
0.040245
0.073679
0.037401
0.047659
0.041311
0.045310
0.044865
0.041932
0.040287
0.042277
0.041207
0.040104
0.039302
0.041114
0.043654
0.040045
0.041316
0.044836
0.040349
0.046623
0.042884
0.042119
0.040758
0.042762
0.047255
0.044828
0.077614
0.044520
0.045672
0.039260
0.040749
0.043165
0.041162
0.041404
0.041832
0.040497
0.040291
0.040725
0.041525
0.039647
0.042678
0.041259
0.042531
0.044865
0.040838
0.041762
0.041199
0.039857
0.043004
0.045016
0.041110
0.071622
0.041892
0.041127
0.042244
0.035689
0.046375
0.041337
0.043676
0.040764
0.043133
0.041217
0.041239
0.041240
0.040697
0.041644
0.039620
0.041163
0.045670
0.040019
0.040940
0.044461
0.041444
0.039777
0.040607
0.042934
0.075838
0.042737
0.041768
0.042469
0.041434
0.035107
0.042861
0.042604
0.043600
0.047885
0.039593
0.040510
0.039739
0.043428
0.035792
0.041446
0.037541
0.040017
0.036562
0.039896
0.034387
0.035358
0.042534
0.039240
0.041547
0.070637
0.045313
0.041704
0.043028
0.038084
0.039515
0.039553
0.036306
0.035425
0.037347
0.041537
0.040011
0.035523
0.039695
0.035078
0.035774
0.034408
0.034372
0.045640
0.041097
0.039663
0.039981
0.042440
0.043989
0.040383
0.079227
