125	86	15	16
126	85	14	16
127	84	14	16
130	83	14	16
132	82	14	16
132	81	14	16
133	80	14	16
134	80	14	16
137	81	14	16
139	82	14	16
141	81	14	16
143	81	14	16
145	82	14	16
147	83	14	16
147	83	14	16
148	82	14	16
149	81	14	16
151	81	14	16
153	80	14	16
153	78	14	16
154	76	14	16
155	75	14	16
156	75	14	16
157	73	14	16
158	73	14	16
159	73	14	16
159	73	14	16
160	74	14	16
161	74	14	16
162	74	14	16
164	74	14	16
165	73	14	16
166	72	14	16
167	72	14	16
166	71	14	16
166	72	14	16
168	71	14	16
167	71	14	16
168	71	14	16
169	73	14	16
168	75	14	16
169	75	14	16
171	76	14	16
169	76	14	16
171	77	14	16
173	82	14	16
171	77	14	16
172	78	14	16
170	78	14	16
167	72	14	16
167	79	14	16
175	77	14	16
175	76	14	16
176	76	14	16
177	77	14	16
178	77	14	16
179	78	14	16
179	79	14	16
181	80	14	16
181	81	14	16
182	83	14	16
181	85	14	16
183	83	14	16
184	84	14	16
185	85	14	16
186	84	14	16
187	84	14	16
188	84	14	16
181	79	14	16
191	84	14	16
192	86	14	16
192	85	14	16
193	84	14	16
193	83	14	16
192	77	14	16
192	75	14	16
190	74	14	16
191	72	14	16
191	70	14	16
191	70	14	16
189	69	14	16
190	69	14	16
188	69	14	16
189	68	14	16
187	69	14	16
187	70	14	16
184	72	14	16
183	73	14	16
181	74	14	16
178	75	14	16
176	75	14	16
173	75	14	16
170	76	14	16
168	77	14	16
167	77	14	16
165	77	14	16
163	76	14	16
163	75	14	16
161	74	14	16
161	74	14	16
159	73	14	16
160	73	14	16
159	72	14	16
159	71	14	16
159	71	14	16
157	71	14	16
157	71	14	16
156	70	14	16
155	71	14	16
154	72	14	16
153	72	14	16
151	73	14	16
150	74	14	16
147	75	14	16
146	76	14	16
144	78	14	16
142	80	14	16
142	82	14	16
141	85	14	16
138	88	14	16
135	90	14	16
133	94	14	16
131	98	14	16
130	102	14	16
129	106	14	16
127	110	14	16
127	113	14	16
125	114	14	16
123	116	14	16
124	118	14	16
122	120	14	16
121	121	14	16
120	120	14	16
120	119	14	16
123	118	14	16
121	114	14	16
120	110	14	16
119	105	14	16
118	99	14	16
115	94	14	16
112	87	14	16
110	83	14	16
112	84	14	16
111	82	14	16
113	83	14	16
112	80	14	16
108	72	14	16
107	68	14	16
105	67	14	16
106	66	14	16
104	67	14	16
102	66	14	16
101	66	14	16
100	66	14	16
98	65	14	16
97	66	14	16
94	66	14	16
93	65	14	16
89	69	14	16
97	67	14	16
96	63	14	16
96	63	14	16
96	63	14	16
96	63	14	16
98	64	14	16
100	65	14	16
101	65	14	16
102	64	14	16
101	66	14	16
104	67	14	16
107	66	14	16
108	66	14	16
109	64	14	16
112	63	14	16
115	63	14	16
116	64	14	16
118	65	14	16
123	65	14	16
125	67	14	16
130	70	14	16
132	73	14	16
137	77	14	16
139	81	14	16
141	85	14	16
144	90	14	16
146	94	14	16
150	97	14	16
145	97	14	16
147	96	14	16
155	110	14	16
156	115	14	16
161	105	14	16
163	104	14	16
161	104	14	16
164	104	14	16
161	103	14	16
161	104	14	16
161	103	14	16
163	104	14	16
163	105	14	16
162	103	14	16
163	103	14	16
162	103	14	16
163	103	14	16
165	104	14	16
163	103	14	16
164	103	14	16
164	104	14	16
164	103	14	16
163	104	14	16
164	104	14	16
164	105	14	16
164	105	14	16
166	106	14	16
168	106	14	16
165	106	14	16
166	107	14	16
167	109	14	16
164	105	14	16
163	103	14	16
161	103	14	16
163	103	14	16
161	103	14	16
163	102	14	16
164	104	14	16
163	103	14	16
163	103	14	16
163	103	14	16
163	103	14	16
163	103	14	16
163	103	14	16
163	102	14	16
162	102	14	16
163	102	14	16
162	102	14	16
158	103	14	16
166	105	14	16
167	106	14	16
161	102	14	16
163	102	14	16
162	102	14	16
163	101	14	16
162	101	14	16
163	101	14	16
164	102	14	16
168	106	14	16
166	104	14	16
164	102	14	16
164	101	14	16
164	102	14	16
164	102	14	16
164	102	14	16
164	102	14	16
164	102	14	16
165	103	14	16
166	104	14	16
166	104	14	16
166	104	14	16
170	106	14	16
171	108	14	16
174	104	14	16
181	107	14	16
184	109	14	16
195	112	14	16
196	111	14	16
198	110	14	16
196	110	14	16
197	111	14	16
195	112	14	16
196	112	14	16
195	111	14	16
195	110	14	16
203	110	14	16
205	109	14	16
208	108	14	16
205	108	14	16
203	108	14	16
205	108	14	16
203	109	14	16
199	109	14	16
198	109	14	16
199	109	14	16
198	109	14	16
