0.383337
0.042406
0.037987
0.034053
0.037413
0.037550
0.038828
0.038033
0.037744
0.041803
0.039022
0.037721
0.037564
0.039764
0.037984
0.038895
0.033231
0.038535
0.032918
0.037987
0.037927
0.037505
0.038902
0.042593
0.038047
0.074030
0.038171
0.038967
0.038809
0.038936
0.044318
0.040877
0.041026
0.038605
0.037189
0.038796
0.037484
0.037933
0.037913
0.039313
0.045050
0.039165
0.040383
0.040009
0.040259
0.037837
0.038171
0.037653
0.037886
0.038922
0.071395
0.038086
0.038580
0.039025
0.040184
0.040421
0.037801
0.038294
0.038501
0.040441
0.038683
0.041495
0.037857
0.038881
0.037557
0.038260
0.037958
0.044154
0.040355
0.037992
0.038855
0.039711
0.037624
0.038181
0.037424
0.071128
0.045506
0.040777
0.040060
0.038692
0.040043
0.040684
0.040236
0.038154
0.037836
0.039744
0.038215
0.039342
0.038171
0.037996
0.038849
0.033488
0.038496
0.041401
0.041072
0.040942
0.040967
0.040952
0.038078
0.041321
0.070160
0.038879
0.041111
0.041447
0.038653
0.040348
0.038579
0.045959
0.042908
0.038194
0.041510
0.040915
0.038630
0.044358
0.045626
0.041503
0.040624
0.040742
0.042397
0.041224
0.042170
0.042290
0.040596
0.040773
0.041771
0.072506
0.038697
0.042455
0.041402
0.040371
0.038510
0.038277
0.040567
0.039547
0.041710
0.043640
0.042197
0.041557
0.042047
0.040992
0.040980
0.041143
0.040819
0.038108
0.038704
0.039069
0.045447
0.044361
0.041994
0.041424
0.074542
0.040199
0.041230
0.038434
0.042560
0.038381
0.038977
0.044558
0.039865
0.039406
0.039360
0.039115
0.038833
0.041653
0.039392
0.041639
0.038396
0.042858
0.041647
0.039360
0.042986
0.038776
0.042978
0.042139
0.045114
0.083234
0.045832
0.045413
0.045062
0.043884
0.041814
0.038330
0.039667
0.038841
0.040980
0.040161
0.039935
0.040086
0.039525
0.038139
0.039717
0.040956
0.038614
0.039824
0.040171
0.044907
0.041288
0.041641
0.043578
0.040732
0.071490
0.040880
0.041025
0.040819
0.038580
0.044760
0.043059
0.039773
0.043610
0.042288
0.039294
0.039917
0.039805
0.044210
0.039322
0.041767
0.040413
0.043265
0.044934
0.040018
0.039873
0.041222
0.042204
0.042894
0.042030
0.074227
0.041073
0.039945
0.040938
0.041408
0.040831
0.044234
0.042058
0.040322
0.042189
0.040861
0.039322
0.040271
0.040970
0.045527
0.039860
0.041800
0.040385
0.041680
0.038894
0.042917
0.040509
0.041680
0.040756
0.047435
