0.342803
0.038751
0.036274
0.034385
0.034689
0.035584
0.033237
0.035040
0.037595
0.034484
0.033267
0.035368
0.036413
0.035450
0.034582
0.033023
0.035540
0.033043
0.034360
0.027945
0.035258
0.035385
0.028890
0.035026
0.034827
0.066829
0.039043
0.034882
0.035920
0.035681
0.037067
0.034325
0.034312
0.035382
0.034746
0.033854
0.035202
0.035960
0.033437
0.033249
0.034163
0.033763
0.033272
0.033236
0.033538
0.034832
0.034404
0.033764
0.033667
0.033710
0.068133
0.035498
0.033619
0.037500
0.037503
0.034091
0.033852
0.033135
0.033264
0.035182
0.034710
0.037286
0.034587
0.036377
0.033814
0.034149
0.033731
0.035752
0.033380
0.033638
0.033265
0.033402
0.034436
0.034346
0.035721
0.068203
0.038247
0.034096
0.033489
0.033856
0.033807
0.037013
0.033224
0.034667
0.035197
0.036113
0.035819
0.040301
0.035276
0.038553
0.033726
0.035207
0.034719
0.035461
0.036953
0.035796
0.033233
0.034971
0.034077
0.035514
0.070892
0.041495
0.038552
0.036861
0.035875
0.035848
0.036121
0.037361
0.035812
0.038311
0.041502
0.033159
0.037098
0.037745
0.037256
0.037111
0.036125
0.037509
0.036964
0.036093
0.042360
0.040355
0.036924
0.036478
0.037215
0.064480
0.041872
0.040193
0.041583
0.036853
0.040017
0.038343
0.039852
0.040158
0.040097
0.039909
0.040245
0.039349
0.040579
0.037751
0.036856
0.039221
0.039573
0.038551
0.038032
0.038897
0.038761
0.039172
0.041105
0.037819
0.071202
0.038543
0.037721
0.039665
0.037467
0.039856
0.039910
0.037213
0.041172
0.039693
0.040918
0.040562
0.040559
0.039640
0.041189
0.039443
0.038710
0.039912
0.038751
0.040190
0.039399
0.038411
0.039237
0.038066
0.042272
0.074881
0.040043
0.039941
0.040505
0.040233
0.042787
0.038257
0.040312
0.041298
0.039069
0.039026
0.039300
0.037064
0.037154
0.038923
0.040465
0.039926
0.044250
0.038603
0.037476
0.032119
0.039076
0.037947
0.038110
0.038417
0.074655
0.046082
0.039717
0.038342
0.039281
0.037590
0.040854
0.039947
0.037566
0.037510
0.039526
0.039572
0.041288
0.037447
0.041360
0.040148
0.037756
0.041649
0.038082
0.042083
0.041373
0.036745
0.039272
0.044539
0.039558
0.072640
0.037226
0.033820
0.040710
0.039474
0.045079
0.039141
0.038337
0.037668
0.040584
0.036043
0.042822
0.032203
0.040457
0.039074
0.039688
0.038729
0.033779
0.038611
0.038893
0.041768
0.040298
0.047753
0.036952
0.033733
0.069975
0.041546
0.042545
0.039186
0.037429
0.043634
0.038153
0.036032
0.041222
0.041005
0.033630
0.037945
0.038018
0.037202
0.040590
0.041472
0.043411
0.037594
0.044235
0.040379
0.038859
0.040946
0.042363
0.043784
0.040899
0.076649
0.040030
0.044430
0.042018
0.045093
0.044725
0.041989
0.042532
0.040087
0.042971
0.037752
0.043772
0.040761
0.043839
0.041574
0.043058
0.040880
0.043013
0.040241
0.042018
0.041455
0.042553
0.040902
0.039696
0.045462
0.078017
0.039997
0.042114
0.041940
0.039713
0.042840
0.046466
0.046484
0.041736
0.042152
0.043759
0.042999
0.046034
0.043983
0.043417
0.042943
0.041932
0.041099
0.042416
0.041183
0.034424
0.039630
0.035720
0.041052
0.040305
0.071903
0.041564
0.039953
0.038794
0.042172
0.046147
0.040313
0.048216
0.043046
0.042446
0.040496
0.048892
0.044599
0.043326
0.041659
0.040767
0.040183
0.041957
0.036559
0.042298
0.040463
0.043884
0.040125
0.039291
0.042935
0.078243
0.042053
0.040950
0.041865
0.037795
0.042818
0.039952
0.034782
0.044035
0.041650
0.040314
0.045942
0.040806
0.042045
0.043227
0.040834
0.040609
0.040318
0.036330
0.041308
0.041622
0.045543
0.041503
0.041620
0.042967
0.080386
0.047398
0.041068
0.041203
0.040861
0.041692
0.042378
0.040000
0.039171
0.043666
0.043430
0.040270
0.037210
0.040265
0.040809
0.039979
0.040557
0.039320
0.035347
0.037167
0.037553
0.041710
0.040779
0.040277
0.041075
0.076867
0.045325
0.046304
0.042833
0.046326
0.048023
0.041485
0.045909
0.039071
0.040231
0.042002
0.040665
0.040712
0.039565
0.042339
0.040992
0.040547
0.043394
0.042894
0.041744
0.042804
0.042245
0.042246
0.042309
0.040365
0.072954
0.036035
0.041174
0.041962
0.046723
0.044829
0.044210
0.041372
0.036653
0.035807
0.043268
0.043530
0.043306
0.044074
0.046483
0.043858
0.042971
0.042477
0.043508
0.040058
0.040796
0.041214
0.040370
0.044141
0.041850
0.073167
0.039110
0.044148
0.042562
0.041043
0.042939
0.044152
0.041820
0.045629
0.040669
0.045210
0.041428
0.044335
0.039080
0.043090
0.040881
0.040707
0.040191
0.041149
0.042077
0.042489
0.039888
0.040532
0.046957
0.041796
0.073978
0.042339
0.046308
0.041655
0.042371
0.040936
0.039386
0.043343
0.045474
0.042582
0.042806
0.042814
0.039325
0.042223
0.046200
0.042402
0.040089
0.039430
0.034185
0.040760
0.041161
0.041385
0.041696
0.040687
0.042169
0.073583
0.042343
0.040752
0.044333
0.040598
0.042123
0.044441
0.040648
0.043401
0.041530
0.039066
0.041972
0.040889
0.044130
0.038985
0.040928
0.038804
0.046160
0.038990
0.043641
0.041427
0.041956
0.040375
0.040265
0.039682
0.076093
0.044464
0.044279
0.040775
0.043784
0.040848
0.044168
0.043207
0.048080
0.042494
0.039100
0.042371
0.043474
0.042876
0.040239
0.038916
0.039392
0.042015
0.043317
0.040603
0.042826
0.039576
0.048733
0.040979
0.041512
0.072559
0.044010
0.041327
0.040488
0.044040
0.034130
0.042585
0.040894
0.044583
0.039503
0.042898
0.042694
0.040892
0.043476
0.039652
0.040865
0.039181
0.043385
0.040048
0.039109
0.038226
0.035664
0.041301
0.042334
0.043617
0.072185
0.047452
0.039672
0.039860
0.041952
0.055861
0.038284
0.038857
0.037872
0.039083
0.036833
0.039626
0.034214
0.036063
0.038132
0.043123
0.038524
0.037727
0.038775
0.041899
0.041357
0.038569
0.040306
0.040509
0.038617
0.070910
0.041559
0.042665
0.042934
0.038656
0.038749
0.037155
0.038888
0.037647
0.037828
0.039706
0.038482
0.032195
0.037819
0.042007
0.037539
0.039509
0.043807
0.042882
0.042456
0.038946
0.038025
0.038702
0.035046
0.042847
0.086609
0.045926
0.040612
0.037576
0.040493
0.038963
0.037428
0.039110
0.038135
0.042503
0.037289
0.038987
0.038251
0.039744
0.033239
0.037977
0.041121
0.038665
0.040701
0.040865
0.038190
0.038266
0.037689
0.039596
0.038562
0.071645
0.037265
0.038624
0.032538
0.038885
0.040532
0.039602
0.037697
0.037444
0.038341
0.041867
0.043241
0.043774
0.038852
0.040872
0.041032
0.042152
0.038445
0.041238
0.043966
0.035703
0.044833
0.041586
0.043013
0.046303
0.077439
0.039645
0.043241
0.043382
0.042434
0.041461
0.042370
0.041973
0.043390
0.042195
0.040609
0.041093
0.048347
0.046055
0.047639
0.041702
0.046534
0.042400
0.040493
0.045429
0.036519
0.043986
0.036744
0.038271
0.043012
0.074184
0.040436
0.040461
0.037332
0.040783
0.040382
0.042882
0.040377
0.042169
0.044757
0.043888
0.044389
0.045127
0.047407
0.044636
0.039232
0.041176
0.042071
0.040222
0.041854
0.036972
0.040217
0.042957
0.040979
0.044600
0.072746
0.042077
0.042950
0.042552
0.037444
0.041867
0.045987
0.041520
0.043675
0.041561
0.042373
0.040345
0.035381
0.039685
0.044608
0.039346
0.042089
0.040180
0.044103
0.040139
0.043772
0.044178
0.044954
0.043495
0.041260
0.073429
0.047092
0.042726
0.041506
0.040387
0.042492
0.041394
0.045437
0.040884
0.037152
0.040275
0.043464
0.042868
0.043900
0.038537
0.037656
0.042670
0.042420
0.042040
0.044834
0.040942
0.040775
0.039374
0.042451
0.040804
0.078844
0.041848
0.039816
0.042186
0.039954
0.042282
0.039957
0.042762
0.041370
0.044199
0.040317
0.041539
0.040290
0.041757
0.041233
0.045054
0.040444
0.042411
0.040899
0.044333
0.043360
0.041455
0.039572
0.042897
0.043478
0.072337
0.045918
0.046529
0.043062
0.042493
0.046380
0.040902
0.041563
0.041442
0.041560
0.043210
0.043986
0.042592
0.043326
0.039285
0.039962
0.042759
0.038910
0.039833
0.041198
0.044895
0.041907
0.040654
0.041358
0.038215
0.070801
0.040483
0.041914
0.041564
0.040323
0.042655
0.040922
0.039227
0.034830
0.040260
0.040362
0.040876
0.041066
0.041691
0.041094
0.044850
0.042637
0.036903
0.042927
0.040077
0.040483
0.040344
0.042434
0.042247
0.040542
0.074324
0.041093
0.039499
0.040699
0.043890
0.040759
0.041103
0.042677
0.041299
0.040890
0.041008
0.042481
0.041238
0.041216
0.041167
0.039409
0.038921
0.042957
0.039000
0.040570
0.040203
0.040948
0.044136
0.041712
0.040261
0.080650
0.041105
0.044124
0.040243
0.041543
0.041997
0.039991
0.044614
0.040102
0.043861
0.041058
0.045140
0.041399
0.041193
0.043596
0.042987
0.042457
0.040856
0.045694
0.040919
0.042019
0.043808
0.040268
0.039944
0.040319
0.076820
0.046460
0.041414
0.039924
0.043997
0.040233
0.044566
0.040857
0.046815
0.040878
0.043104
0.043436
0.043164
0.039674
0.040081
0.041557
0.043264
0.040087
0.049328
0.044086
0.041965
0.042102
0.041691
0.039831
0.040345
0.073164
0.043581
0.040137
0.040940
0.039014
0.043287
0.040996
0.039128
0.041625
0.044324
0.039743
0.044261
0.040672
0.042162
0.041969
0.043961
0.040945
0.039147
0.040892
0.040073
0.045500
0.040661
0.039997
0.042743
0.039744
0.071820
0.042691
0.043613
0.039529
0.042560
0.041735
0.043457
0.042139
0.042434
0.041399
0.040455
0.041393
0.039287
0.036631
0.041274
0.040776
0.040837
0.042777
0.042771
0.041535
0.046056
0.045041
0.041904
0.042830
0.041934
0.073210
0.042311
0.041613
0.047056
0.041992
0.043339
0.040485
0.041057
0.044761
0.042693
0.042370
0.044476
0.047182
0.040184
0.041709
0.042435
0.040107
0.040611
0.040692
0.039729
0.050195
0.043339
0.045166
0.043618
0.041171
